1000
474.59790659807567 51.613599081397915 45.774607321313724
469.7297483037115 48.116253018670754 42.262356057836755
463.27393844499016 42.42166911370352 41.398041703983246
472.4691403172235 42.03930721885356 31.993051643423264
470.5485699015423 37.33016051438447 34.70390891196812
470.9780486025692 45.738411404521614 30.215551418816396
470.32589225273125 51.63759268356369 38.966960063565374
471.83792595533305 59.50407966145932 45.195604406153784
475.74314318610254 63.67969142798942 52.5749018634332
481.87283399378924 64.37326225678912 49.00990197043309
474.8674645971847 58.81548995350322 53.66023430581848
478.6315952227962 56.69743994729794 58.37052656378626
475.58762496809146 58.59347897831003 54.90230000219388
475.6762295197012 51.37325600904474 54.1274617963706
478.5434690175507 42.9225427404626 59.66183693843277
468.79371864522636 41.94990415835785 58.99508526725831
476.7019049219954 47.97041720968734 65.07512175305119
472.8221549771157 38.746011001132956 58.21582472851436
463.90985701838326 45.031732935055814 66.07599288647351
463.50031032351023 51.80315529299441 73.47963865075111
456.83707181815805 41.86438690030502 75.66040425063262
450.95061579047615 35.00930349347533 79.89828822995177
446.8936512564743 28.61325876988939 85.6899017891584
450.491304138874 23.35227698937713 90.57595759327589
443.8192797884228 18.72642091720209 91.60015052751994
447.0584751085454 20.168162488373934 95.72949216638541
441.23147214635463 17.91131370012801 103.74445263335467
446.127110231675 14.47212978771017 103.70345170148968
446.9822852315291 7.028564035076425 109.96658658717313
449.5113100898777 9.561180313891334 108.07919060434904
451.49406516037493 4.293855525084322 98.36675049682974
450.37645887023046 10.14046440596412 103.16593707775877
454.12257146637063 3.0194872864989657 103.99872692446982
452.04786342232165 10.92747525196928 111.68099902927464
448.9260889489313 10.595610960582809 115.02657816394237
450.1419484241981 14.521967485135585 116.9764082809368
455.0663474247445 19.55692116056653 111.04602962109543
449.4382699394546 12.771042066148402 107.85724140850301
456.2224670227768 21.818576477094147 104.80766170280712
460.20006412360493 26.775882287501737 100.82715184674483
450.5845447628922 34.78122514316988 107.16003346263366
457.15821615498766 26.61228897457561 97.99231772616822
450.4339313792177 31.406006326971955 101.24437966292193
456.6854277097023 35.190598866961764 98.17534788510497
455.00194968017354 44.168478316877376 107.05344426661702
460.8835715245625 48.88502485141322 116.19068660012037
457.8626436736554 52.29429266442522 111.26812375013105
452.989747938216 45.23442030525782 105.76636614254089
461.9602593004609 48.900282579936764 111.15163421974412
467.5537403136987 49.587863282449135 111.31908369961891
472.18082575506463 55.16988569913373 103.26695073519701
467.52453597478257 52.981794559777256 105.58000145209773
473.72709636277835 45.73859515474369 114.60890989164211
472.4745623717214 37.224994550237454 120.49297539206057
466.90816924750794 44.51714351032942 124.45703296694664
464.49948584854707 38.35136169014333 122.41079390707063
454.61375584345893 33.01252086380377 129.95763937231024
463.45831455711414 27.22008738985739 125.9371735394473
453.69080502703804 19.697730467329247 121.7915212229766
462.1648105231532 16.820221137449522 123.59645627094471
468.80630921078676 24.813286314517377 124.69354280343582
463.5611249955622 24.285218275477884 117.24353023492661
458.1720020546522 27.458968597063578 121.68206637656812
455.6918995805644 32.28334909405577 121.02646677226251
453.1365789678098 32.26697777808153 129.67456060029733
453.0211781524322 32.17882768287246 126.49108482719458
462.47477178963044 35.92411671401585 130.3429745551444
460.0886349731795 39.171747331093435 138.12525144205236
469.44060066533217 30.45383189207472 144.07006900706375
478.5371371083229 31.145944387113296 137.9216785785359
479.0868110680381 29.05378570858958 144.5054015590299
483.716147435378 29.606773239040194 142.70310260552873
476.52274296250545 20.21697290076461 148.86326660812404
474.7500213528297 21.78815824200229 155.78554805248982
468.1194605179464 24.128510634647636 150.4935451411675
475.71435569489034 20.92459807228989 154.33045223746603
482.6611217064486 18.516500436020717 146.31616879548943
487.97904483992556 25.70983268642397 137.7139116112753
497.7076097961943 24.094322312453954 130.13336740738058
496.27103030118775 26.57478612327305 135.34144834542215
496.6929652064397 17.73573456295403 144.0323926564589
490.1533299450152 11.011674553614679 152.32275400901244
495.96767139169657 15.009551691032833 144.46911373011068
494.5299098870157 6.64713778312251 145.5125000460317
500.28400187568184 -0.7520013784516033 146.78033693932474
499.91315871080644 -6.783559836007957 139.34054124042936
499.7824932666556 -5.011258152786819 147.3013614643098
492.1924651553049 1.8828091366218764 153.83251353068442
497.3176372029456 2.3133983325914493 151.49878285142574
493.08181040227254 7.862211783653882 150.11630121501864
487.4268813755319 8.207407879306986 153.79970966611987
495.09324174667256 0.35117611742793997 160.22008867595773
500.7922223115811 7.08349865351715 160.90327142398252
502.5861879779521 15.176562670754294 168.7022568729442
497.67241805355457 8.345999312875794 170.12926831874248
490.85105272461857 5.995070302100574 171.3040075894569
486.8987113490074 8.683240042469285 172.22324134590474
496.8646706048178 0.664190940840987 173.96168253242448
502.656358014213 -9.28623075536129 179.9801826956638
504.84573520570007 -18.01367912385947 180.88286125073736
504.11438935961064 -10.67598019194984 180.588661720806
503.33428292679525 -14.28902777288468 188.4509152838332
500.44870915136613 -20.02701949202671 188.24975582565395
507.53271681497114 -26.795839601537672 194.30437848460562
514.7616671001624 -34.98833393339719 190.73969493719449
517.2401750903678 -39.01369417713399 195.17930546213785
520.5356169854575 -29.05868055958473 187.35586502163483
522.3396383811493 -35.44574601014446 190.52189092702542
528.2057464992331 -33.60276603210198 195.79141929558463
527.6459895825625 -40.95823883491731 201.17104464249192
536.6497272121155 -39.84021250202641 209.1786689651957
531.808400419608 -39.03964694950938 212.09298516072712
531.5726687245782 -44.80440500842628 213.9334438102643
530.9963729587888 -40.779832745855764 213.04831848409705
526.5540748175089 -47.2199682602874 213.39764734556437
534.578012495113 -55.55475839868757 204.69478799499115
539.0169816493933 -60.05891986402963 211.2627563678029
544.2618613356476 -52.86364434137616 211.688351157972
535.4034072934687 -57.733978398865965 207.36113703643892
533.7962534043409 -48.749116173939 204.42196564924305
527.0835405022113 -49.140233921708365 199.69354612498293
520.556331043225 -55.2912536559962 201.06355312081703
510.92348211293057 -47.956694453419075 210.80354129779062
510.3499529936016 -38.13035590640262 206.34714505681035
517.1715015127161 -45.66173520592347 206.72926010443373
514.1202889458079 -45.089432576649436 202.8603592876168
504.6178609749952 -54.239639402800876 208.1509067802159
497.78309101609125 -54.10329829625593 211.77112693868307
495.7398197871112 -45.44018981415999 210.85225373490184
505.6256619526295 -50.20978315233706 203.9774535017874
505.81712944264166 -46.84577446526158 206.16434807907402
497.4863850541735 -44.495383312072356 200.08176748230176
499.7401359771216 -43.86368546565543 190.27252117646432
508.6634729374259 -47.212161369499704 186.8194842053688
517.7895583797311 -54.036858786793665 186.536134244871
517.139708137877 -55.573210794125636 189.108855259534
510.044401983872 -63.3634245707934 179.84345120590413
506.2986794026114 -69.98842201935223 178.76297305239905
506.0360493687018 -73.70106463415281 184.9373512101652
501.24601193665745 -77.43533571415117 177.9244526320595
509.0550038536903 -76.13624615889113 184.63520208285243
516.0871621611062 -85.21237346722388 175.58281999221984
511.1488367568808 -85.38290861777205 183.46103056128624
519.6390542350453 -86.02258006948648 184.534345739533
510.3062079152282 -76.36107349821219 191.58339358108393
520.0171627533663 -69.72633116244826 191.84967737644317
526.2073622031684 -63.821164570477514 183.37937956946067
530.2174693852252 -69.74045579666857 178.9159994859911
538.7665277975265 -79.51689580608712 182.60790980365388
546.7625586745877 -84.68049047095943 175.3339283352269
543.2774049539456 -92.71048054833028 167.91603437683733
538.2653194832254 -89.61014958016924 175.1853885005469
538.7178084052802 -86.70604900505457 175.93156709108257
539.0360562662327 -91.27044166782997 169.96834413241285
539.4207173825954 -95.19026011251334 160.0081533075441
548.1702584069095 -90.26341192749504 156.18187118071637
555.217714759803 -95.1238469551192 154.8802311033505
562.3229236815419 -97.38408642958385 157.72314169356343
560.3448035131979 -94.62670775720159 156.0099332305531
569.8921710070971 -91.8224370261705 164.22899779248024
561.0614776615066 -85.06451546803346 170.73939765110768
559.323917233529 -77.53640712107082 173.54917887961747
561.7559080225556 -84.74199578577836 171.5673816905307
553.4705511627109 -89.20948193013714 172.28277440491019
545.630191872777 -96.19387232020601 176.8678985352299
548.4742541427048 -98.68893588494059 181.65333164547351
557.8365810272381 -90.96586989466573 173.33817915763623
551.9427506106886 -98.66922481299962 169.12639213046842
548.5774239029206 -105.39024031803874 170.6406387686705
543.8876927142815 -98.69854934258515 169.92068480624158
535.9270045790031 -104.71130468339557 176.1763367355196
526.9265215084657 -103.54322617226828 171.85317652409452
534.8996177607316 -100.5566223307363 162.23330440698112
531.4223264349296 -93.16777319151389 156.20058176163232
528.5113276143502 -85.04165399970948 164.50261385753657
522.8816229587449 -92.84316939960692 161.43254315645322
519.5253822562688 -101.71696326309666 164.34726217191314
514.0788159400628 -110.77632492270183 156.82129931558953
516.4053179218251 -106.24718555194349 164.05196631080673
511.5982024566698 -114.60835463171614 154.7845021720366
503.2303389917646 -122.43952535510383 144.96918107293354
495.6591878874616 -125.71660844201469 150.00963532570339
494.9936019818294 -132.6508831550927 155.54098154988344
493.7039063399788 -122.65133843024067 164.20972185564278
485.4850090751249 -125.23431800606791 165.34985410177003
485.71348426309737 -133.23628834065354 167.65080122021226
488.707751749554 -124.70810057982209 164.2039124384402
485.95654471015064 -119.9345964360013 158.90237519404167
482.28511500760857 -123.73706656550227 166.54548827615864
486.3275079645436 -130.33888530177154 167.32462317674353
489.70896891014075 -130.6897213013337 174.40109114972253
480.0734214527981 -123.2836065237211 183.54520664694965
486.03528552622555 -123.44414814387335 192.37325553095536
495.040429208084 -113.45732255181487 186.1757882953607
485.50351145926277 -108.14837580707888 180.96948609954595
476.0188329833876 -104.49570934442903 182.6232744241926
483.1162664535443 -112.6416631422592 184.03580893823963
492.19747865398847 -111.01183173310568 193.86319120303165
492.80212664899545 -120.61198382169742 201.90284887274748
492.19590090692884 -125.00382569475522 202.88515705595958
487.9887207646244 -129.1571299751234 193.277989674909
496.90900186198274 -133.95031536680779 184.12730547794496
486.9804554761124 -141.68556177137313 190.32956686737364
495.5791292160183 -148.7339623046298 195.4047770782738
494.8165878555907 -140.33488321910494 202.9408233364722
488.78675008839195 -145.53757337975892 200.4147992486055
496.357028473997 -144.10565875205626 192.60647118212998
501.134082661805 -148.51737167762286 201.0804466449161
507.982666982274 -151.72881706042196 208.7713162258267
512.0848367880969 -152.87808381366 212.5348831443464
519.0558916725373 -161.2093967981578 212.76597975207696
514.0729793122961 -152.6280418926319 206.8467619595834
519.6936158214502 -156.88052828956367 214.54603212510304
525.3999550886059 -160.91614026550405 221.157597780179
520.0907086342045 -165.56252738594645 227.20254830163762
528.1675789781104 -160.40083451139506 217.41795771290492
520.1730599003672 -162.99881953238088 207.46601987781753
524.3629829583706 -168.87988552767004 206.664763625874
531.4172819428177 -169.79620852226395 207.2435897505274
541.0682259738632 -165.76506718230902 197.74927464985467
544.244400547462 -171.32655064387652 201.34364226175785
537.604669758472 -162.39311120132862 207.80722427841042
541.6914273735864 -172.0657195584928 209.40474756147097
548.6923074438412 -181.31575366686332 202.4932990629253
543.8545185187992 -180.60792677001268 194.07202034764103
552.3451290902751 -185.34765621531324 190.71677503638995
559.6954217367229 -178.5454513908269 189.91471360604788
556.7043672705598 -181.85857238217255 197.40535578586832
564.6060653801813 -188.73690700687135 191.95262706640847
571.0851113628947 -184.04888957176348 196.02610147747427
564.5549635693745 -193.33886982360838 192.6345881180262
567.7621269796173 -201.94005078649147 184.2526213879983
570.5782246875693 -206.1527587305864 186.22751911508365
577.6986208168493 -214.562765787278 194.91190209445318
578.1254176057334 -210.04934832085135 188.58626129830367
571.9579467056371 -216.59044101117044 190.03384837107052
579.9649903403854 -223.54624705086954 196.81279138037885
577.1608921611079 -214.965161699032 200.3999473128653
578.2098635630433 -208.0955271727295 209.41792082359936
569.6825306612378 -217.67082291032253 211.67012129085205
567.0446301406015 -222.15833418307218 218.8192585860932
565.6940778957191 -220.8749422205081 222.2796716975928
557.9595257597723 -217.3595789987109 216.04180554050345
558.9925968317991 -211.33811296729536 217.9152274048434
549.6245812054957 -205.49820339583624 208.09575498626904
547.2504533704157 -201.1163785206593 213.0324685119622
551.251514944453 -192.90963209347902 218.39582435574562
545.4086865898018 -185.06162969397244 222.81562088992044
547.38870942211 -184.6238438085572 216.31305492339223
543.7116441035193 -189.7436325550769 214.50713616358954
543.752913524012 -192.64547696177402 205.0626092502868
541.3824449707544 -187.19617288580017 200.29308014890378
536.0865403615556 -186.52124417288832 205.55360147479294
533.9890890266632 -191.34217888221502 200.4172940633711
541.8475188071019 -200.0542903975816 201.61041896112263
549.4176984935764 -206.62161856637067 202.39529698400315
543.2080626781592 -207.0882573285124 208.9093884104181
551.3504167022586 -198.00404358593158 201.754856942658
545.8560679807026 -203.2506018870326 196.01365102213236
541.7449313414786 -211.70609182776627 186.69273633428185
545.3515647922965 -220.23266035326816 192.93389956666616
539.9898762646168 -214.77275470575972 187.93432560280826
530.7451574321152 -223.78162869312152 195.92502429466768
522.2460466874899 -233.2625877504515 202.4496158243266
531.4336877192351 -239.2837216110983 200.3246907488309
523.8560678121529 -232.3709910722228 198.07838318140617
530.9893183386913 -242.29816742137837 195.24912507351283
522.2333229275199 -246.89373122026572 186.07220713134456
523.0753437418199 -247.87188348170935 182.2734124691896
529.6239318758761 -255.6219744950151 181.23430308769719
534.3470503054915 -251.84432307534064 176.07616545459035
541.8065162946909 -257.0576610383632 167.71733268259018
546.4032647244297 -251.25975816797487 177.26612181697274
552.4674525437173 -254.97468772295676 184.53996290758369
550.583222595712 -254.390354584198 184.63538283950174
554.2552740376466 -245.4867916258546 180.11833559035662
563.960248389564 -253.79540316748242 187.62604900867345
557.859336559341 -258.8536991835748 185.47768198335797
559.7226194902343 -259.01662934266295 194.46049356270947
556.7132288763343 -261.75540992482286 186.32859584132112
550.2205745907739 -266.8819050231423 190.15110842961394
541.6520268242717 -263.8667836741179 191.65148027576257
535.5754591921522 -267.73605304816317 187.92396380465252
542.9251210930585 -275.1520489823221 182.78404518892359
539.9703914095337 -267.500194929458 174.20026439038108
536.3311846510071 -275.8671680340702 182.89331472858697
530.1413648737473 -284.95693386878287 179.25157841294822
524.1457157594141 -294.8620624884969 174.74603534937913
527.4071644089829 -295.42593418292205 168.9470089360617
518.8598500274956 -290.03760507908174 161.30165894376202
523.8538266269798 -280.51586230801973 152.15175798895132
531.4960766302717 -278.6853963810279 150.01211756300128
530.7121786239474 -287.11413143712883 142.35953929247464
523.3788952145578 -278.51501711731356 144.75165789101783
527.773049119093 -277.10247124853123 140.24662386075642
524.0385692089553 -284.7943897310548 148.42440303498944
515.4969492627055 -279.59688601893686 154.8778324138776
522.8844374176807 -275.3477177848029 150.01415557525243
531.8078519233 -280.7580047311533 142.33237140396903
524.9594048724684 -290.61043798756003 142.44608934421217
531.3452735839236 -290.74591557436537 136.99806681608638
530.5370317781972 -295.60950844573597 130.26930392365233
523.115684536641 -293.748037230945 136.80216416901428
522.1602805317594 -303.0305093809296 132.39835646492028
519.3180942550769 -312.5513402610203 128.32738314974907
525.1693640928589 -321.4404253870519 124.64224467885876
515.8975265681777 -323.14691721606533 132.89777957919455
509.61383802443163 -316.1231575136867 128.92609360506313
500.56876279795796 -318.34817235261266 131.06221756031437
494.1151899274683 -320.1377136495005 133.27356497153363
502.41441325014875 -316.5744975684728 139.0629019824886
511.93153372540905 -308.09080801980264 135.74089049161557
518.4548943804157 -304.53033753180733 137.13122559405858
515.5115613347714 -302.6277806903571 138.5209168159038
522.9378866824886 -302.0304507641719 146.15415148209155
516.2990489866704 -298.5203731698383 150.86869308024137
514.6380852743843 -298.42436010939366 141.12761464564366
513.9109897613096 -297.12602296410364 143.13341000700484
512.6580886629288 -287.4540112861369 152.1087092576983
503.4736029831382 -286.18092928914615 148.3507307470568
505.49218215829603 -277.6957871290607 140.30997306598002
498.3782639132516 -270.3773093861008 150.20656163258718
495.2698473256868 -263.9857576177028 160.1053782918363
490.1279447773716 -268.169592866831 154.4097031760767
491.8245591067179 -267.32757268968095 153.23840341975452
495.3960637300634 -260.68098445749604 158.41757363444006
496.88301588018163 -259.0737011248014 151.98518511320907
505.85500951368306 -256.5563977355826 160.98655096193815
499.31789284179507 -263.92374752866306 156.19826331602002
503.4948028471156 -263.87500011198324 165.30594657205518
505.8889583431386 -271.2724971657739 162.03094288967537
496.653974201228 -264.1387179000359 166.71417398180245
503.8429613041905 -268.2235194421854 159.22867173344696
505.7552496115196 -267.4555456325684 154.98384035484457
510.63412019559917 -269.1199013864658 164.04923359539015
508.04201569066214 -270.9260494767795 169.9750176861454
516.2045523596075 -274.5742988893648 163.89886762632537
520.9597058126116 -280.1984244616061 165.82730765983422
515.4971141036327 -279.1954018024132 167.6921205982416
522.9922653274463 -276.81923140106977 175.88574376111615
521.661326994399 -274.1819232995292 175.4418965480899
531.5693323602177 -283.0348946398949 184.85364796923523
538.8253227112932 -292.5142670265131 185.67914941166364
529.430766691764 -290.7466353005457 191.82788424102944
527.4246499618467 -281.3414365864501 198.75213276852836
528.8349345311311 -272.75791612437155 196.1474774764901
527.3705440443274 -268.65620311809766 194.0595787520942
522.0527132486235 -259.21112349574656 188.18004905115063
514.9080447470644 -254.211640787629 192.85704887304084
520.6211177296839 -260.27537044733054 186.24558889112555
523.1006436525234 -256.71483372489837 187.80166698761457
521.9681918270408 -257.31111673906577 195.2587904951527
513.7645134650369 -255.13053204257173 188.70869203285355
521.8858321794859 -262.6321803761244 183.09626533589557
526.6521102117979 -260.83880057122997 187.29319270465803
528.8205577181252 -267.44502614068193 189.62528342797506
536.2456622957731 -268.13204201961173 193.35258670958572
541.7149055955397 -273.14489077334383 196.38695215799325
532.5226011149748 -263.4857623985721 205.19069192011352
522.5855659783264 -263.77024019364666 214.13589644728324
517.3682686756523 -256.56647423968394 212.5394902891823
517.7803893289829 -262.81688861595427 215.76988236957834
515.4066036716029 -267.95527283326527 218.56051746704856
516.4699863402453 -269.5255586588152 219.09948060435752
508.3244100622901 -270.14662021412886 221.3560622034598
498.6792269134665 -272.5931802698625 221.5250676366274
505.63899293767037 -263.29593933418323 221.65565016271788
498.6451905991406 -254.33967624666928 219.7375893464842
494.1496092060428 -247.40573285835043 217.8633703573403
485.5138966502863 -251.54199522065997 223.01178123175544
493.16130527525206 -255.5787184789942 215.03700375577327
499.10178950864946 -253.68968147876055 215.4697454279976
496.8059256528441 -254.02603261404593 214.24034446836384
491.6902056759245 -256.6870732804568 214.42924483007067
490.071167039337 -254.80840764365703 223.40011491621885
491.03600577589253 -257.444467993129 221.15182572558336
492.99884985603524 -260.8567744579578 230.89754903283733
498.40778624411996 -264.38322023402503 223.82219201326168
497.9052750495935 -264.5053857216165 226.2533609974484
491.09269699563055 -255.64765171737227 230.77684606774392
497.93769248233843 -261.5180070743705 232.9007277609941
495.09171653879787 -262.29866519489104 232.02373442033755
493.273887666359 -269.553724616527 234.41077498083214
492.5077822405611 -269.7466021776808 228.90151483735696
498.74653077856885 -274.9892297178569 234.08178984123302
500.17649163193136 -268.86479037735904 225.23164985931643
494.510311307018 -262.13516087209166 219.89870786432516
501.3672428353402 -259.9143915681318 216.0850141702022
510.68816984114824 -253.6841145016107 210.03444631521432
516.9511992336671 -254.53916610755843 208.67394743424353
518.0388913456233 -255.9734943579154 216.23620337482433
517.999101113732 -256.82788303530435 225.8708076828292
526.5346456601221 -249.34361363314895 235.76778741452208
525.5740619623066 -253.1672248643863 231.3196395617123
524.334439158473 -259.7200515231705 223.93946767746291
518.9549193709857 -269.2875665668784 217.55857601829993
528.913278863559 -263.25161864857847 210.20906477110105
531.5019798958707 -255.85607335896003 210.04756558768455
525.9767434033256 -262.1664215317381 213.1771133315559
527.7948491058211 -272.136521083228 207.38248535597808
521.2605438462693 -275.2113655687259 216.4604014689307
529.8818109274035 -267.9344187640519 207.06802180774415
539.2577017956717 -272.62903096217275 207.310439407196
537.0410806776111 -272.39864188509483 208.69074281580225
538.9974954129524 -269.93672939233915 209.6527316819215
531.0234613970093 -277.7897650291491 208.9387777478758
536.3578900348433 -286.02081625453144 210.43409200092685
533.5105684889729 -279.99681308774825 214.2490741471902
526.650668477302 -273.23811631838174 221.4471311891357
534.7384678075017 -263.5776487424026 211.84187238876098
541.4867742538518 -258.2153934506395 221.49413273366108
534.6476314501531 -253.89804187381654 218.02633802621128
538.1834946526913 -253.72016874464862 214.5060747884084
539.4223934905949 -256.0175957748464 214.34133581298607
546.490472634496 -260.29323220860823 218.4478782759581
546.8711080126909 -255.3561226767676 213.38587619325838
547.0117358266691 -251.58861088368764 216.96199495254024
542.9276800272703 -253.8382761826312 222.76555312071275
549.7647567956216 -254.21159840403362 217.34839722314138
559.161717936374 -252.17621129550346 210.02414568270854
564.5198833016469 -253.83852930680786 201.26129840010427
568.6342528081234 -252.53304418653062 209.85351659509135
559.6104278558063 -253.6552433060083 215.65396452691203
565.8139906632025 -253.86694685464278 212.4451643325877
573.9733816607721 -253.7080929058159 216.23710485218976
580.3949774168734 -256.973167063477 219.88556709870173
584.9477093570656 -264.8488647888904 229.41943680310706
581.3435848189208 -274.6311575203312 238.93974980765643
573.1028139181093 -275.0613324556283 240.04917198076694
583.0752394762831 -280.4897878982557 237.9911753551655
591.4682369984936 -270.99551069803994 242.46585222261322
587.1083163426125 -263.54351605766306 249.36104154200584
588.4634904728442 -261.73469073543316 249.926852758602
594.5944395159755 -258.197566405486 247.24061020415826
597.3635575166949 -265.8349556510217 238.3340427101005
588.8706513985917 -270.9899547355945 231.0645684035362
598.490663563077 -272.06600778884797 221.73378309257177
590.5827243953677 -279.571028241964 219.56813642124314
592.4130520807219 -284.61619032515 227.03271549568723
597.956872023337 -279.0573556349573 235.0505402104316
594.26473412906 -272.59486738273847 241.19832606125408
592.4959537422138 -264.2223947793645 238.9050414338977
602.214358022861 -270.8629055107417 232.71634939336732
594.4226969319279 -263.6839900545638 232.17504220904178
604.076926218839 -273.5870780295459 234.09207083811555
600.7489622230404 -263.75888799077956 233.31429651937697
606.8398140979999 -258.8891783583473 238.58299412667537
616.1844815762328 -266.4602907602427 243.058663351246
617.3737302737189 -275.53713861446647 249.80916183762193
619.5277021462125 -270.34382344047754 253.73252004701382
617.5082501592858 -277.6167811504492 260.3945088591087
615.193406711332 -283.51593516968563 267.7739629293155
620.4464590657719 -277.3378309520753 260.73720873624984
626.3438896067207 -283.55042774200695 264.70856522302984
633.0857356835556 -291.7415259584318 270.40061044591135
632.2235889560554 -282.64614455830093 275.8841333744582
624.0863797253734 -289.59882812607185 268.1685841613455
618.4492162303799 -298.2433571654016 262.39124724928416
628.1920152505826 -302.2759796784719 263.1388732947578
625.4699761072293 -303.41769190797015 258.67143415752395
621.7263338811218 -297.29532132865904 266.2085559182512
614.4996533473964 -295.2114638719823 272.4193519108305
612.9550368895585 -297.5815627768495 264.1144573501095
613.4445479522104 -288.0166629395534 264.8571137054502
615.6658239417993 -283.163597753483 272.331866850379
622.8828878438442 -283.0389752826 274.07347610708115
631.6740461480778 -289.16240842255905 267.72130301733154
638.225227522016 -290.8261177287883 258.8332522071225
641.6071721047018 -298.0434944660091 252.76284608605872
639.0709633998969 -293.3151058410239 258.67763639003095
643.0558372242572 -301.2828439852759 251.05118165272003
644.7885212529828 -302.689560968687 242.9407941933396
636.5077362748656 -308.6304828945748 238.651818716769
628.9814812317015 -306.3670901225542 230.0146236814131
623.142622913024 -310.56520341722495 229.40576563449045
618.7411336237827 -308.11211548076676 222.35611864973086
615.523121237091 -317.42511560526486 231.43837384870494
621.0602004506363 -318.04590387848 222.35425004605239
617.4930949855111 -313.09863065479925 226.91049052477362
614.1093059060778 -303.3931052527401 217.8076572516474
611.8326144039797 -294.72767252419067 210.8428327483947
608.8816554868612 -296.61634892363486 218.1132384093855
615.5744488796192 -294.2244690581785 222.56383110284622
621.3485691704084 -287.68584247859013 219.32948821752538
620.877090216992 -294.62434131921293 214.64078887485363
615.1564675488205 -301.08868230878716 218.432812943537
616.9106543496698 -304.65197438420006 223.8853674531448
614.4504040338504 -313.02503663467496 229.8281799204713
622.6461194667525 -321.68691869636984 224.17655393944153
617.2939177426498 -324.4669998465524 232.1019449317291
616.3935275422526 -327.8700836956471 239.82526819452565
610.3152036625326 -328.4258330056239 242.34942567136872
607.6382469023381 -335.30541494852815 246.36713797843407
606.2744334364922 -334.4591424676702 249.73098814811107
608.0075169624747 -333.0355560544847 249.44628003018937
611.6412356469064 -329.1003567114819 255.10848891501868
605.6818863188053 -338.68322725719753 260.1213698036555
602.0840624445964 -348.5350995558315 268.621296759396
611.2029630618015 -340.57206256308876 267.8346155154221
609.3998351385006 -342.93976651258157 269.3338363707985
618.7108795481547 -351.8274006431868 273.3019130946595
623.6410898477614 -342.71582425844144 265.11006815571193
617.792887025167 -349.38230061221697 267.04413762438696
616.9264577082728 -341.5740375252317 276.532249865611
613.6475578631008 -334.68149382938844 284.3898329747757
615.7440427537136 -333.6303099638393 275.4930765691782
608.7816177883049 -328.69574917818727 284.0797607952178
609.6518601118753 -338.285619761764 291.5331174609084
607.8469228125882 -332.3201227146728 286.94836575299746
600.9825269044968 -340.24860690499963 288.66833082968236
610.7440566816255 -346.26009413881036 285.3041160405508
603.6510950881211 -344.54160966637073 284.35396437532506
612.7325482468243 -336.1860255996986 291.0288396967411
621.9480080564227 -345.6455630216847 300.05338081925737
624.123506026808 -351.34483494927736 301.91871585083067
629.4756717410861 -352.97645611878465 305.0636194071442
621.2539732600372 -361.9640203252932 310.53946958862736
622.159798584929 -368.55009238024365 308.7584018683647
622.9393967060137 -364.6600772947078 303.97704197837254
624.1183106264616 -355.0912900343723 306.8023837333084
615.5939713657694 -354.0642959437796 307.7202300443652
623.9573245382129 -360.4454332907945 298.24818710507066
631.5651461934741 -369.4401965563958 307.0772833664642
625.8109842376988 -372.4394433256515 297.6311068236212
621.196500638713 -365.32441380790993 299.45642551790456
617.4390350402263 -370.72210999938824 292.00271652498225
614.4052798284907 -362.3486920101958 301.1985066082454
606.5738922258847 -361.60139216355725 302.1382586985172
607.089765992532 -358.8258184183712 309.24259689176046
599.7841803920336 -364.1693707442599 301.11265363796224
593.9475665698791 -357.3046210483775 296.2515679582136
594.9125021523706 -366.94252541654714 293.8969713541816
593.8192593404386 -374.22896090270876 290.5384826295003
598.5780410849478 -375.08527659480364 291.25737162400844
605.0593324677761 -379.07601769467556 289.95509824281163
595.1133131880613 -388.2947907429114 291.6251508853585
594.2146744861093 -379.19498175368796 294.18811226347094
584.466049032847 -377.5856995713531 302.6523775967586
592.7085910936316 -385.6119540688815 303.7546369976883
585.5578712277395 -387.83738612746845 299.1510373268145
582.5691586334608 -385.3508344242306 298.20994295503834
583.2268352281197 -384.1990104630939 296.3345234873214
578.0883597023253 -392.7386033461472 294.77462092109585
571.3545515574968 -400.4650874415099 304.4208246670503
569.4817956149461 -397.69348425686604 296.1799097956907
577.2943977070728 -406.08095587825227 294.866391205223
577.4671378405279 -406.7169860453864 286.0735965049296
567.8888659250277 -406.7297709831397 296.02753457925235
566.9428697237288 -407.03836429168604 294.1459348942444
562.721128917826 -405.4042851950678 295.86677959230104
561.7507355421305 -408.60392800758177 289.3720423824066
562.0705781663183 -407.76634469343804 280.35255633000116
557.2884847187257 -408.1188723449389 274.0935832247188
552.3222933625981 -400.45176640491525 267.8482519101158
551.2345301086674 -397.36814071330804 267.8970777036091
544.0622270314525 -387.83327388239246 258.9799163698717
552.1102846720963 -381.0430424334774 262.3752407859046
557.3288114374158 -374.3299102174111 265.1239060981589
559.8364302928368 -378.50099752006366 261.16549761569576
560.2980425261579 -380.13823925596495 268.11393119337544
552.4229656145488 -380.33775807453543 262.96876521735754
551.392950022347 -383.75960042899095 269.11641307443
549.2074157404837 -384.8467712337353 266.9289525880984
540.2885196431001 -382.4175483108828 268.954282647574
532.0446673281765 -378.24943291556343 273.9441162724644
522.3317660186183 -374.0497904698499 276.8218840913418
528.8846246645579 -369.6920771115413 279.070006818964
528.4227682644837 -377.32875764161486 283.33528392622196
537.6191645036295 -378.82216976665734 274.9525019508402
536.0771363099999 -376.776231445077 281.42498617272554
541.5019300052518 -380.53187244516914 287.23063763432793
542.3477323314354 -388.5416529195384 296.707321079815
535.8631222584246 -390.39725713908666 303.99336968148407
533.7502291093464 -394.5936332570777 309.24511842723774
534.7769504989452 -394.3587386904513 305.29925347632894
538.5683313668105 -392.6842867528293 311.7585548609419
534.9304941898461 -399.5263719599874 319.1899230189978
536.7274798592368 -399.9073967259676 311.7276249515572
540.6684321188084 -404.7929633019812 320.0046664539208
545.3112724987294 -400.2916499717397 317.2629914421621
554.6758313111686 -406.71038973042664 311.6417317590682
564.655155962471 -402.9405347485461 310.02397090572543
570.5569614066379 -394.8535342872486 306.89473230132694
565.2842064006547 -404.6927389042988 303.60162603347726
564.0114465094093 -402.01416543490996 306.2746730598688
556.8784494848239 -397.6091399234995 301.65314223652683
560.0921322873074 -388.5666031784738 303.0929702058197
550.306982438135 -397.3363914633854 300.14774433873106
545.5575210677821 -406.988658342084 307.81275194544946
543.1240692621419 -413.58533849324033 308.1807755796604
551.3870847484407 -410.63577096120696 298.8192532063841
552.1024968565897 -412.29719592065845 304.1940902543053
558.4593275661383 -412.29208979424476 311.2712292474624
548.7180294107625 -408.4806570616763 314.07194122327024
545.5279886122225 -411.71751566380675 308.6113864535009
540.9225027667326 -404.958295936005 316.9145977952816
541.0274879522791 -400.49478936388266 315.36663168900316
540.1559439912875 -404.3774742822635 316.71432328349397
542.9058520528354 -402.7020666587544 322.40755339094966
535.5207637170311 -403.75548684368215 317.74913377722453
529.4976241629514 -401.2239136035211 324.00299203897725
531.6071112885263 -401.1177073806128 322.8244537410176
525.8170237713383 -401.81998829747096 330.47398879923884
523.6314810078864 -402.72742714429125 334.5706256449108
514.2401688223799 -405.14639998818006 327.23678040962506
514.2384179987715 -399.9517435970357 337.15228344617196
509.7462388737075 -400.72428165121335 346.23707957783665
509.1482129295715 -393.2662234065348 354.5007829736992
512.8625668022687 -396.41180044628584 349.8167766660952
503.1602020076758 -391.5125407594371 350.54813749833573
506.1070396550635 -400.5164751233103 355.51666852716255
505.19976212686134 -399.3845551551057 360.17495543951264
508.0112910383665 -391.0202700107223 352.44096224203525
516.3903705847658 -383.04226503720633 359.83706225871515
525.3126805668824 -385.39450191180185 360.3237531697899
525.470185712901 -379.1312469656821 358.3099880026786
524.311651575201 -376.8457262598883 350.8792378012068
530.9516863620888 -374.3827732752134 351.8242614802208
533.6074034935108 -375.4269566784321 351.3051193942978
537.8905939709149 -382.2735153307569 357.5946368243419
544.9907751740129 -376.45765718289294 353.6571263560545
553.6920694383911 -384.76727247035745 362.4638581740668
558.9553122123358 -383.3807355447282 359.04655982465914
566.7480690112552 -391.64977373879094 367.89459653525023
575.8798258999286 -387.1965154358777 360.68823177279955
573.4638101242257 -378.29840281648444 361.16359291805134
565.8972162241597 -385.3638025448174 353.8332956391772
572.0493697061509 -380.8176320446894 352.3650656742739
579.3871096296921 -390.17999852736943 360.8717907184472
574.021688255742 -385.17340434297 366.8896497920832
573.0853720252279 -388.32145955823796 361.0393211762655
582.5449324178616 -384.8487643499083 364.5747417752102
588.6827970172498 -383.4341869625823 373.17560834696826
590.0632763099197 -385.5540275782622 367.07470377129357
599.1261476861448 -382.3695823584776 362.14489188676134
607.0219516103916 -386.6722539439574 365.26477049470725
615.9058711239012 -395.4406095287893 360.4942315502166
620.7573805068092 -390.9633697096887 353.72998243881875
615.4246479622823 -396.56827605506396 355.15649075979496
609.4333882513897 -387.08331377165933 351.58737216099365
609.3170988434522 -396.37329992893837 361.1528116853481
602.9206369628123 -396.4674317978061 358.58467484917855
593.3911774160307 -404.1804027682806 353.8494993574574
591.1390449463959 -401.3441229730452 346.0918711479119
595.9903363264582 -406.9814977661205 336.38205092047275
593.8162342529116 -404.52438025738513 328.93389437413543
591.3024374367642 -397.76037398620133 328.44509982488245
593.6069526582877 -389.386343954214 336.32778927837586
590.4902784824759 -393.66014525479045 346.2676193273736
592.3910759851527 -391.9381418517893 347.16193820664813
592.8765159260876 -389.0002316666867 341.97498677470867
584.2643202374979 -381.1890846979446 348.0423474246574
577.0440534711572 -373.1189703262774 340.91583904530233
581.8412069836905 -365.0786814673849 342.3858807263796
573.1013197019196 -362.8430611182996 348.90064672899274
573.6905677931596 -367.8207409515153 344.270829298734
572.9489775541147 -369.22551530473794 335.9349333872577
568.8565650888536 -366.5656415380016 334.13358677733714
578.6448749743453 -358.2118383233094 334.26327385070033
582.1449819195959 -352.2597064467786 337.42439026283625
587.2052518676153 -359.3865486968671 341.16586955115787
586.0952426309793 -353.60024618721627 336.4052159011622
585.9011174123995 -362.9002326534579 337.102621112736
585.2065521014827 -361.27107621053 335.415932452938
584.1044671719866 -364.08246233376275 328.5123459646611
586.2671642583081 -363.11588563500914 329.89981927702235
592.5663936723951 -369.873155235244 333.8050362110939
583.4107065417384 -364.1229454212556 326.7827963774841
577.8577858172847 -371.73658774786054 320.52380863964424
584.2462716664824 -381.22381558500064 324.487974309029
581.1956060134788 -372.03397112855316 318.00998757031687
582.0290427462776 -367.6059350970118 325.575271690063
573.9874389847063 -363.2006068230856 316.55524555253317
578.1730164251102 -356.69489478538696 316.55921289796265
586.2801070128494 -358.6100304084822 322.0664239117924
596.0778841417297 -351.00618187207084 331.6203924161058
589.7051501678557 -351.5091684472559 329.30125521474133
582.4793822168564 -360.21580167654355 336.7239787611322
576.0795520356625 -354.9122686410801 331.4079129718476
568.6177931193735 -349.5564462085813 337.2747238248606
568.1525409325235 -352.99089266766276 331.7746791001946
573.9375240781646 -360.6643610014205 331.38817934923895
576.4524039159879 -369.0460697716581 325.2682227255961
569.1209021028619 -370.0418979877571 317.29309551141955
559.6363755675334 -369.0929600059803 318.2756142600657
554.2207708417795 -376.85145968360257 322.661206484442
552.6789369097079 -374.3461917929998 314.4990211574728
553.9356707106746 -380.03380942795377 310.3187476908209
560.9306710679907 -387.5454312944558 318.8552238622425
557.4357671213381 -383.5940229237223 317.3233559332677
556.9452830332035 -393.5503514565647 319.13379487778474
555.3975658976735 -401.43764683908944 328.5211011622075
546.9329020840439 -406.32842653889503 334.31193580751597
547.0017846990573 -405.94196490560364 341.8068377665774
555.822710600614 -401.79953886007723 336.3859293929894
565.3210043161888 -405.6313218180322 327.9193173332708
563.568589313099 -407.2867487495571 328.75428721850705
569.5709059478957 -400.1817940322319 322.19738904753
575.3939713458927 -408.02332404688303 313.5774174379074
579.8705298120158 -410.29023089101315 323.01756940059147
577.0633688586909 -417.8151829828088 321.60678367077577
580.5568843542763 -423.98304416534046 313.23724614400436
584.7942842351858 -421.40546116752625 313.4122856809959
589.7080881402193 -417.1927674671371 308.36092788242814
594.6409470895521 -425.35049768711696 314.3429427532143
600.5133855833259 -426.8769068814726 323.9725281157303
597.573693862672 -424.98259929036715 323.731248013221
591.6516410654378 -431.3670965344055 314.92385998651713
600.031031394356 -439.1078562516501 307.3975847865349
591.8806624192728 -446.88331525585596 312.5038995701264
588.9604828945567 -438.9515924615579 307.8292053034913
591.0886248729097 -430.46448675955037 300.0995645821728
597.5923006200097 -431.53187921950195 301.899831616646
603.1291792835143 -440.06086993915636 298.5569412481454
608.3568461090308 -447.3758913682623 296.72862068471716
604.2783322641936 -446.8821696223972 304.6337974926641
598.3146355785162 -446.38063405221544 299.2193570463763
598.4293200431812 -440.8843678384176 300.86670509002454
598.676713685155 -446.1227620307577 303.02748247287553
605.8117866665364 -442.1802682308163 293.1443763812155
599.268295380797 -440.25538010367086 284.2704714253403
594.428716868755 -443.3821033228149 281.96666783230927
597.9535588202305 -445.693314282116 273.8873653990392
595.9411088851402 -450.41100716975836 274.8790142912776
605.375557327924 -458.71913148861313 276.5431533912799
609.3788738635702 -458.940607395191 267.82930450161564
605.9848513400425 -467.76891541201 270.2296421984663
596.9880260903429 -458.5561573062542 263.9622943788455
606.8572461575058 -455.5242817609973 256.0769117180382
614.2734557558217 -454.0527101664966 264.3806086295623
616.2841962996729 -448.7511720691645 273.856763752697
620.0217782494631 -448.52073380076973 269.04396986676653
618.4816199946131 -455.4032909025049 273.75943269446634
615.0197863715571 -462.4939203945325 264.05188786717946
617.2806587768855 -455.69802914685386 272.07653699903875
627.2454314485253 -446.8179255217611 281.26695945727556
620.8595896588781 -444.35232596418825 278.00385146417904
617.5056918732307 -451.6324847659956 283.9588053352456
620.9311221850796 -459.3530622948286 280.5188435240192
621.4660201642666 -454.0472268152328 280.9857260954373
630.0370203174654 -461.75232479156665 286.16533651755
620.0456337626501 -452.0098631963129 279.3760300024309
614.200986928577 -460.65240699933315 277.90356463288407
620.7349447903156 -468.67599344761487 268.73323791346473
627.1907840583073 -468.3806122034588 269.59952723139065
627.7464125591857 -463.5769328025909 264.3761470216811
621.2195568462059 -465.6646217304522 267.45391674719053
620.2278495243205 -472.7071823820446 269.23355960276916
612.279065530307 -481.91838300299804 275.4551877260154
611.7010144569363 -480.2506757380109 279.80906759636315
618.6583547310858 -476.561874486561 276.927094850106
609.8525950322638 -485.0243367049061 270.22682683653994
606.6541794966688 -486.08332274847714 273.4509187074258
604.8450659672429 -488.96463944096797 264.9766764044348
614.3305788481056 -483.1162934876373 272.18539733194245
605.8697577610569 -485.54148089808854 277.6255403258439
603.3614987115989 -478.3316970696918 279.0990491922896
599.3504064987851 -482.7203638126044 278.4281943781526
600.7724112010208 -476.78214138835654 288.30651566745314
610.2818754953711 -474.9030849449518 287.3364410756248
605.2117357378145 -477.84076546090154 284.9817169244541
614.3971085703279 -486.6496558726918 278.3854536443719
612.9895487751662 -495.7939121524333 268.3960708739059
604.5629534579019 -494.1620659300405 259.409078591878
612.6726423048871 -501.84232141892335 263.2182836210757
616.4584611591155 -506.5098062234911 272.26118148699027
607.4824186439245 -513.9675938886534 271.44232005246494
610.9757726777235 -522.8825206863565 274.24983862594786
615.0845963597286 -515.4088523771994 284.22176584755096
623.9685738550638 -520.4939655977761 290.89023217111225
626.2167634937142 -510.66732475535014 291.17722328283253
632.4433212643311 -505.6238803325025 288.567818856958
626.2945625575162 -506.98045763881913 288.8451668918791
617.9232623967715 -512.6555138402845 287.21826546234814
615.4760011666635 -509.31024750756126 280.6260438835447
619.5744870438963 -514.7979665446281 279.9611645726998
624.0053564310393 -515.0529497082244 286.95407467449854
633.2959007943242 -514.8017570291008 279.17531747982866
630.7709951951537 -513.4651656216173 271.5704292078767
637.7991532067507 -504.90663172685265 262.2796693458903
639.896057018529 -510.2913652131844 263.4511845659463
645.9876570373432 -513.9152075496243 257.8110017905884
640.5174703573798 -521.7236493541615 254.52133141233296
637.4833952661381 -531.2689027451828 262.83354157769566
628.0603253484653 -531.5014811605542 255.91386133138113
633.5632848887926 -541.4595945731504 253.3789360772186
642.0571721372462 -549.5525857797182 261.653503488281
643.386863862856 -542.6550331590546 255.2443521726719
640.5017457712036 -544.7191909243512 254.5525427579151
637.2121447531214 -545.266374847179 246.89412700721633
638.1198443882433 -549.8927114696288 252.87783673420668
639.6309754324225 -544.7612120372959 260.746589448337
648.496329854019 -547.0575096500903 255.71305514065264
657.679354240029 -547.3596351824017 246.90756414929774
658.6968459926602 -541.441453527557 237.02721997212072
666.284518343482 -541.6741943584094 245.60749257404797
673.8811725651601 -546.0233032710771 247.12812067539193
670.3666756968753 -538.2876338478808 255.35442896048016
664.5266085992084 -528.4956100913638 246.21672216227321
668.299287399805 -519.8182723849822 240.9061696823365
667.2964317617 -529.6091071590207 240.10081179187634
663.115026126181 -537.2097553435331 234.26382587006165
662.2979578125739 -536.9276899211933 238.64498656742097
656.7478087715635 -536.2849904133947 247.6341513161746
652.2139458851393 -533.5049389461251 251.38346333874605
661.2735651990545 -538.3714267074581 257.51137298376557
665.0086783118552 -543.119840698595 250.9025672026631
660.6512089210125 -541.2931060677934 241.83632031791524
660.6683242062909 -542.9169479429742 237.42838616151687
654.3120134059202 -537.6606984336398 241.0936805948103
663.7704587848351 -545.3784674579088 234.73380947888413
655.4461216509796 -549.0155578285205 237.117102155718
658.4065492146191 -541.0933970398194 229.81392857007154
651.1500941472079 -548.1346903888486 221.7239642102155
650.0380706383564 -547.8597028305375 221.4559205839202
642.0943342256556 -542.9909260086795 218.32638005177776
649.9563458723662 -549.3005992790751 215.29290344088838
654.5182540908622 -552.8332504912236 224.33600498670586
656.9763809287851 -555.1957830083705 218.6324283403039
666.4534255450579 -547.5213462215563 209.28747685239202
674.422091615087 -539.4995170214106 206.95499237932833
681.6823436359299 -542.663989443304 213.22017722314322
684.9196370436761 -543.9162376112795 206.3731213000884
692.2945262682935 -536.5228662904303 210.79450291348763
689.1425891241227 -543.754735200075 217.16546807953793
682.2470353962016 -536.0543411461266 220.2243469613537
689.8346066358234 -528.1856828483368 228.76565728083057
693.3894490249984 -531.7395280628706 221.8736501584505
694.4369171006408 -529.1162985032032 215.21638420372074
688.3243410583276 -522.5751400692792 224.89550413788064
695.1725975959839 -513.700605468847 231.54051750008153
689.8643512209104 -513.3591030862544 237.30870994806367
686.5758156965785 -511.25217905380345 237.1320550105205
689.0797384341956 -516.1230009897034 245.7369769090535
680.5578367090271 -520.0869517851445 245.75684002170013
677.4262039985825 -527.9033468490658 242.81280187501673
684.5391563741862 -525.5897040852051 238.47311107122164
688.1716873443871 -521.6727157970037 235.55770261289447
689.2608516674132 -519.4352998884431 227.38300565672992
686.1885100500537 -515.4349804212366 236.0222938864899
684.5275372584946 -511.9779413748318 227.4434408697876
693.353226586802 -506.2980413772788 219.70160111921126
686.0344080224531 -514.7547777245826 228.27075616648852
677.455621838466 -505.48822085736583 237.61131203624888
683.4158644341753 -501.1461266092004 230.9386333983525
681.7937892353374 -495.23170882561277 222.99700283858638
686.1241811015201 -487.3485800467135 219.90485968545616
695.532936259076 -494.3578928580054 215.44703431534535
699.5462431232679 -491.9430365975383 216.73686635688424
709.3868431302304 -482.2524185963299 222.65208975030708
707.281663158803 -490.0579991932123 217.6125946244787
707.6079071436868 -497.6806104794329 213.15863735023945
717.3544700945533 -501.1190134771384 218.7619541098135
715.6556232039495 -496.4713989608828 214.16032031722537
722.4594157651527 -506.1772069036653 220.54796928399355
722.3104113870942 -508.4943415738453 224.3776793241435
715.7954169630239 -517.9808639221524 221.3083652331564
719.0004441126596 -516.199355344171 218.7971357782607
724.314245786026 -513.5726072010053 224.00037775646615
726.142108522884 -523.0396416425722 229.85439704870637
726.4058710486127 -517.4841454162962 221.43914817305478
725.4678706190849 -513.4923949586685 228.7211808122376
728.6426791273635 -522.5606556525113 219.3306053031636
733.8086860229242 -523.1094432003912 212.67218218412708
725.1369852179006 -528.4038136642731 203.89017096713408
729.2468385291195 -519.7972889459402 198.6289300104947
721.3489726272903 -527.6004287119799 196.66604879187477
714.908964316911 -526.8623409504141 197.25111376681588
715.0971675226406 -536.0601726700562 190.77999630169495
718.4507255798827 -537.2936247639783 190.3784208955723
711.4177763755561 -540.3637521540312 199.7616683721832
704.4043404295275 -543.0381857974169 190.8799682842954
704.7462229772322 -536.344684487908 183.05627674747467
705.9916414866511 -538.2812258471791 177.82412198198364
712.8983566422646 -546.0365856742239 177.94534597289828
716.8538796366626 -551.3900229799524 170.80623396615343
724.3105840552284 -549.3603591155668 162.56501782803082
720.942039387177 -544.9736626927607 166.86224121311142
728.4454875498465 -543.093925973595 172.6043508818469
731.3322990720596 -543.2273047438338 168.1387705436939
732.613248037283 -544.0654399765053 176.88537457091624
741.1979123798408 -545.1734193545545 170.06426807910384
737.0641365790759 -554.9335382400859 177.11598166678618
734.2072763863667 -548.1660993449515 182.54647792147634
733.0827267966902 -541.0882964974095 189.78056647339594
725.2201086467254 -542.0465654362217 194.59944077135626
734.3907103245816 -537.1920451263697 199.13716572365348
726.5439809573792 -542.3063406123794 195.1274089931419
725.2611735090786 -540.2153460931318 192.6026197441213
732.7325816723041 -531.1843360489814 188.97941310246807
734.9079232508599 -536.5137807379158 183.22615141220788
732.7749848577162 -534.7084698093452 177.3226023796935
731.5138443693222 -537.9456695460046 181.84290919825946
732.4283508661774 -537.3440907807606 172.76334235734714
732.4207795458968 -529.0993966830423 174.21749280824432
725.8751477915093 -522.1029837107855 166.57241748388302
728.2662862929286 -525.3977698213083 176.09620486555272
734.7040297720293 -524.7244396258673 179.95823866890208
742.5467625553576 -525.9327722619412 185.40138475494936
748.7810287428306 -519.1987700659547 181.31630532793068
756.8582035111673 -517.3980298447891 181.84018920587593
748.2405030844644 -527.3196070675268 189.99218848929132
741.0832216060988 -523.2888418360118 197.42256898777518
750.07056148994 -528.1865514131947 194.15551437561444
755.4851447974395 -529.7563049008718 198.21121161642856
755.8433431199477 -530.7912635024973 193.8545747333187
762.8084879577275 -527.7246519962691 193.8579070790574
767.096637663282 -530.7188050286817 199.3476599146532
766.6176177948857 -540.5050596950069 192.9135728938832
761.444590603741 -540.3797314652575 189.6963304605829
770.1161167285214 -533.3881889888252 197.82090116210603
772.797564537456 -539.4835865556067 197.5428833386369
767.3458656038957 -547.9105995324953 204.9714699921418
764.3576028874818 -539.921649820243 212.49395955346677
761.3513111808606 -540.1571821232242 218.51854193031653
770.067414425034 -539.6198327880866 220.62289175215847
765.3602979727921 -547.1931533684462 213.50126913158664
759.1717448041297 -541.5440614981087 214.94401064698184
753.3098692669887 -533.869339859505 221.670903404079
745.5445786746756 -536.4378809492587 213.84021836923176
748.802753672077 -536.9763253122175 208.24310223013435
748.529286575967 -546.4543873369081 207.8986898219623
741.4934156981625 -544.1407043032345 217.68688001452972
748.7196384743264 -540.6275778697025 226.83826257900944
748.5283407685369 -536.4904880214282 229.81764927981408
738.5856663636505 -541.9120975642977 220.62547071494362
744.6417841451754 -538.4942932151932 213.47844655922535
746.5749887838659 -539.8197438185035 211.4683788307332
747.4944061058727 -533.8495710703726 205.41257531376755
746.7453431516884 -539.2142079924195 214.3717701090813
743.2483241990653 -533.1516664596073 221.9765884916962
742.5016342401823 -530.7312721584075 230.5623087175083
745.6686829482879 -524.8838747557501 237.61237839281614
749.4344686114 -521.3222287977728 245.77631033217494
739.541583589869 -516.6986074759851 237.67821349382982
738.6335236758539 -524.4821656411012 232.049370737285
736.7394690150909 -529.5836696327548 234.24692463914099
743.9291743311624 -520.3784499183905 224.4394750366509
743.1827981575881 -522.9540864519536 219.93068648367117
736.7557750271898 -530.745400595776 211.20687964139444
731.5255629598339 -523.4288829646931 214.93090523344998
737.1120387222973 -514.9123894125572 205.4345342318948
738.6590379346444 -506.413173380375 212.96068904059547
742.9057339697424 -515.1653844958156 214.61627440137138
738.9634301822624 -516.4325844994456 220.80249926600425
735.1894634874177 -520.1207534342991 212.60963604291567
743.8376654648288 -523.1393902737489 220.59715513084325
748.2097212358045 -531.0695983199524 223.69951532068407
753.9289873729468 -538.148457055735 215.89589085346717
752.3230070046222 -534.5687227833645 221.99779587698995
752.8424262875454 -530.1617561620147 223.29094293014884
744.2814978900416 -526.1232601799222 225.1473671542576
741.7123295586359 -529.546320023629 223.68224197515383
736.475836274389 -524.0495152412606 229.30737158648813
726.5871951054426 -529.8518904370993 221.92568875009167
725.6699334283956 -522.2284828984567 219.33726514723753
732.8464583011886 -514.0843096816084 227.53583469474918
725.3635391138305 -504.9536781107752 225.69723020125227
720.3742988242714 -495.14479138308576 227.68273620812562
726.537552782071 -486.9218039773824 233.60153026445312
717.4294537976945 -492.85262626430597 239.54017505348858
712.4867693333175 -499.25569046882896 241.22921975817363
708.3280122735113 -495.1701493169401 238.41828573796022
700.0670374282764 -498.94796312982623 239.80718402770353
692.2475922703538 -496.3309435954894 236.1545899784461
695.010762989042 -489.60204954863485 240.70051692680013
694.7119795878683 -499.1784131803586 246.48958702216504
687.735666641202 -494.84531250029863 237.91205964182424
682.4723638173613 -504.37797893242254 234.26855316479396
685.7654625468077 -498.45095227783366 235.19536951036503
695.4273188281244 -491.1834916708493 226.54330113075264
697.174022982162 -491.9577629327716 227.27629840825412
697.3653132412169 -484.42614354138675 219.35730305342125
691.361824785323 -485.750513815089 221.17684953243776
685.5977734890419 -492.63566089383227 218.56786174958285
685.3956566438211 -489.0878132111503 221.75557054903916
684.6342900786268 -498.55893360814207 224.5714002958465
683.5950822635466 -501.9074442806005 214.9548966153554
681.7543680362826 -499.01414033181135 222.81652071903034
684.8015771965556 -494.6663682439111 227.69162290508444
676.2203472729808 -489.5457467037805 219.74648643275958
676.1329295691021 -496.1527077888092 211.93098829002284
678.3999426897838 -495.8823204608477 211.5026696883578
687.7824326594276 -503.40780946893005 210.47621409669486
696.3049338031836 -499.78265434954073 216.8368327638306
687.3523885597858 -494.74362080726274 217.8791209494835
680.9743620873875 -494.2101636343424 225.01114467417577
685.2061026368629 -496.68621646716537 225.9474814379989
681.320469753969 -488.3485579646288 224.8221342740491
683.1791137090503 -489.13397516404103 231.8624980961767
676.4694148981143 -492.93289812436427 234.90993087847005
676.3098571814317 -484.1418989464024 231.73209846853206
685.0897582937718 -493.83583754678574 224.06472548686045
688.5586066594343 -489.9709708869449 227.50934585422598
689.3627180765891 -489.0646757177918 229.74171905009266
681.6342498356018 -491.939280466253 230.4146118546736
680.3005385315047 -501.3830137697086 224.83836511695284
685.1940395362168 -507.87843519833535 217.72869213294246
688.2336642440675 -506.6021942860738 208.23863093691773
682.9098143621095 -497.84522336413556 210.7383828470829
40
596.848318221047 -273.02324969893766 237.0587856465849
609.5662786589406 -264.33648625388315 247.8110782758591
606.2326015191079 -264.8731167377824 243.8976840622889
623.7981806870422 -267.70287007586984 243.16473548947826
629.2705150613867 -266.28191378730446 263.3534755890367
620.3568709512413 -276.7809155481225 255.18782316630254
616.8658620491495 -278.39927102758514 265.9527765662084
617.0826197050616 -280.4721653253069 268.24313567391766
626.051115528911 -274.821692455424 262.77955715576365
637.9358658659644 -288.8982513307404 273.84710952233746
624.729815528998 -284.67463974136155 279.95299352348707
622.6355194585543 -290.09243452756436 270.3233854088473
623.5344265971362 -305.7174214714942 263.681004728557
627.5852498045581 -306.81592715348455 256.59484783288286
616.0132641624364 -312.4705541527456 263.17048124378294
625.1685792513529 -300.23534789344586 258.1604464990893
604.5256300403164 -302.896196667531 269.6888011159154
618.8581713779048 -289.14400967537597 256.44967030944304
611.3347127508773 -278.7476309795687 273.66394940655687
616.1183951567126 -277.44589661178367 277.4623385988963
617.8153046966671 -276.7949327780474 264.79136545851435
630.7770156468197 -281.45184449413347 275.77028904943535
640.8335227497078 -293.2997186389925 267.09631392818073
637.2235121458194 -303.37367901573015 253.5285692892314
633.9057881503927 -290.0117709405476 263.9823469214526
649.4024985562991 -295.1366455710708 256.3401711633944
652.1509020788882 -298.097191109577 247.49680480766168
637.4818086917345 -300.22809753630435 237.97920610459863
633.390011000011 -300.6905230590473 236.7139182662518
624.9347905318909 -317.99528851113814 234.85394124374093
621.2299410853353 -314.6742942266264 230.5731225700531
615.5814628902207 -307.9547430555797 238.98809557416763
624.440997322336 -324.6317900703979 228.6075001102976
611.3347037885429 -310.756383182559 221.54263473208982
608.88701700025 -307.86780736881605 216.7253326447237
621.5589590749465 -291.3540479955098 204.91367523769375
615.98807668496 -289.3875226877717 210.55566094553618
614.3368287768116 -299.42502744366055 217.50932521306308
628.7319753061832 -283.94371538055947 229.0042349695657
618.3895078295968 -301.760246127491 220.47480473969364
