1000
493.7283269008111 43.1720380354895 461.74402333864526
499.77765628986674 40.86832786913732 462.6317403873444
498.69073948600976 30.90971091237288 472.1784311964651
496.98237216164716 33.63601851199252 465.82676479432286
489.2361093557348 35.41768527291419 457.80516790743707
492.60324297461193 43.98559582057239 460.7313923385449
490.751885913305 52.7918198613098 454.6685296623375
494.55509670316496 50.45151836138746 444.91411252354976
490.17677030063106 48.339720221855934 448.3827947527152
486.721911605483 53.826652895309465 444.32639096754144
485.41395913969086 57.40855155419089 437.11040925584336
488.9457131267594 65.65168207211622 441.40218664204394
482.12622876652614 59.199960281676354 444.6483772619682
491.9030566936197 56.475881367233235 443.82463881113756
490.3382224538152 56.83373277051462 445.90910495536474
496.56680021393373 53.021636763228464 437.6872405187456
491.5903773684144 59.00475059133626 434.9652082979019
490.4664415151856 66.51898332960187 442.3624995590486
482.2296891744869 69.56064143756888 449.86221675871195
491.26927586179704 73.7936858670756 459.1839287066478
488.7494207989869 74.88745354942557 456.2474652452135
483.85497427861077 76.48970633018348 451.2516900983214
479.93113340025593 83.26839485788152 454.4064095490499
471.5610483667831 83.207055728056 452.8400400602441
471.4820732109749 92.78262213202717 445.6747173926374
464.92181283863823 90.70319048934344 445.41821293763786
471.59391174860264 98.30810953769452 445.00064609876637
471.8916685887524 100.67096769888636 452.07983119051164
467.78621725481713 92.18697187737695 447.85747270056265
472.5089778995411 95.80271427761173 439.45666976171657
470.9640058455022 89.68871594118669 433.02613839687973
475.56807883630063 94.32875237132811 424.43353879364514
473.97249953508333 90.11994691196657 426.73121026311156
480.1906986862774 81.32307348825587 435.5199669569813
482.48874407502353 73.27331449019682 440.9529196442846
488.92027096730885 72.63216831578355 434.9641396745332
488.63265528256386 80.74267725006241 425.75162948025525
490.73012985901386 80.53084867882674 433.04871644643106
493.07649406877016 72.50057188427965 428.5425249282294
501.6999788604836 68.07783158967817 423.5278011992723
507.54561931667325 67.07131328282156 417.05922291938566
515.5145921476501 68.68797724150636 409.4821176805175
505.63160974805385 66.30026905060284 402.72678324628265
498.99624306950966 71.76242509737533 408.71857697940806
506.9840566229844 72.14667835423084 402.7738011887862
504.46857086975183 72.22822354997788 403.3561494614698
497.3740007736696 69.51970080445605 406.2651055614144
490.39309174079676 65.35859980917253 398.27096828315115
490.6344059284228 57.668502859087944 397.8424913609836
493.43911658839437 61.87020764466901 407.76918186369244
491.74699900075325 63.91190446943352 408.0392203175215
488.65290912223423 71.90307653892391 408.3902164569573
486.3629483339815 69.62727159903714 398.5155215774436
486.87468277741607 62.02214191377471 393.77278165563314
479.0321696116681 66.50688228486715 392.9313884739407
469.65130886075747 59.09051133047413 387.29068696960024
474.54658774614404 59.08268729427805 377.88389918654485
476.0580881150796 63.053133501876395 383.3221076007121
474.5153983464973 60.920382134272984 387.02873170907765
472.9552606534889 63.10295121239413 395.19969946219715
476.1787603246131 56.411498472673486 391.54814272287587
481.40504283196395 48.0923432248971 399.0954071050307
475.4965467588698 51.36577906572374 404.90144987261976
477.93852059043695 46.77347514543843 414.5989326058093
485.5401715106124 52.27565953647648 417.3886752754471
475.8775449311892 55.66853901292649 421.84926869293366
469.9020501871428 46.895418828525536 414.9950115254509
478.283165812532 52.15748801439255 411.22372325258436
483.59331199988526 45.52462181510267 416.5631503254274
474.9271858993665 38.86231860615324 424.3122019572879
465.0734432520629 30.41746939381759 428.05958638225655
457.3960472763771 30.10252142607822 419.452377758309
459.0818828700739 30.997808292878815 417.41531409708057
457.32410311894665 25.173894635850996 419.8892220571176
451.8888617765579 15.760978564014692 422.8981596763865
455.6030527361399 15.107558899635361 413.78553699304297
460.6115289818503 20.96465283898516 417.1596245525392
453.87289400506853 26.635167281460355 413.30003134590527
454.4974849061744 31.987519360148802 420.08596132478954
445.30996294204965 27.494129016086966 414.45205634565843
437.35391076836197 32.318259613036844 420.3505015200008
431.9752639533045 33.13301419407546 418.1520580171157
437.177647336224 25.766079548195055 414.0615447393886
440.2978171759149 19.515152377974527 423.24716923658616
431.4472697838227 20.69500553766173 422.46737664763253
435.39682086007446 17.35334451100281 423.98537388809274
436.845477318783 23.19696356299734 430.53454301464484
442.2834387007157 20.18838401679993 425.88404537734124
435.36515418547197 29.54514773293568 429.99743379226095
433.47913986000594 33.427073790593674 433.2503236913118
425.7750776075375 34.25765218245989 429.5076670592078
418.45219560841394 36.19262276861736 435.8593032262388
411.9501368969814 45.21775563157273 426.3466681409902
402.57987556228045 41.577936471550686 432.4200008159327
410.14228636384377 32.73700797250922 426.90608887514617
405.76354599878607 35.908815692502856 417.46214740667443
415.34398663157 31.50393781630957 425.4467766768147
422.2080566900683 23.603045752436408 419.3158949337545
431.4069963480779 16.354749731749546 424.35246060487657
426.02039603516107 16.00004070696068 431.428580494221
428.2263667570708 8.380619697140272 427.46887305471
432.11361026030437 13.090761542190247 433.2125649002948
442.0231892592516 18.81712334028231 432.515553762298
438.66212607334984 17.299816292105362 437.69060789914573
439.20799201158815 8.498772316017936 446.95161266966005
447.19031996350225 16.66404348588695 449.92215665076145
440.17274815322367 26.141913568891024 456.52561323698666
435.57485049782287 25.266685200041557 463.25135974097367
438.65597480235766 21.7391491381991 472.95554601675366
444.1754214656959 23.035908668531277 471.9904105016035
447.3380372417427 32.97533839779398 478.32615835797935
440.39044368295777 36.484472757878315 480.79405324468024
438.5383066586535 40.0985865443565 483.8367605355812
434.10791397164326 30.355406765540508 493.23887307215335
430.57942164651814 21.951766836111442 486.3418809401891
429.8872142622461 21.636992834440715 479.4365214332504
422.86395648076154 27.842429084072883 487.1436999980879
430.1433627940794 19.411938762254145 496.7456866591316
429.2736525929651 16.46504505790438 504.35015619856796
432.73254546974414 23.48522937585017 505.79939122078224
423.8571996953228 31.43707809363731 496.5819903517637
423.35632827486637 24.98756056808893 505.19236944490336
417.16145874405584 18.49041563042779 511.53440387630224
424.99402516834533 17.37573236455682 505.62054142663715
427.62629202188117 19.523530394391273 499.96281840970124
436.63711575771276 11.447109827649095 496.01845662294147
431.1100130973604 18.75913948922277 502.7960498521351
422.7905053213903 19.834204031982292 509.4217730677457
416.50885185630904 20.722595089757817 515.3954683096995
412.7534269948185 22.59554988371959 507.77483640884293
419.7018924327306 21.48781561680302 515.2760554100427
413.20996283805323 11.875404005195811 517.4425205424753
416.3347757455141 2.265519209077695 522.0305771561027
413.6365898208091 -1.3377429856969352 529.1523600950362
416.4795644931645 7.446891309727971 533.495865558163
423.54529355263327 10.623283120327962 531.7097034518474
423.2721278740753 18.092512059886445 526.3307060461558
423.9145166022597 14.63916395990939 530.6198705284901
423.4440190415255 14.815975306635794 525.7873814493985
415.36005994550897 18.059116461879473 517.2416615072265
414.9056012984379 19.588802643425357 510.6118098316497
420.4099096975536 10.111301337641903 513.0292875633407
420.337696979737 3.48112307312595 504.36073152922125
419.239024013293 -0.37630687114451966 501.3075508772718
417.50779657318674 9.479118840417058 500.62626708273746
413.32037534016797 1.946218208747755 500.99937350173656
415.0539773271628 5.964692245061846 507.1125141056666
420.92084571645063 -0.8177109302856937 506.4317620901415
418.5368559328246 -6.35872438842023 503.3813967163544
419.2855870943712 -8.586642173471668 507.0629495365152
413.63217736370103 -3.9159036615752 503.8629076843138
417.8196592883135 -10.379856561771481 512.9299756611938
415.1844535144015 -10.389206576163248 510.4109903177756
424.66419321259775 -7.335886367750559 512.6678747293416
434.1240311887721 -7.442609432899829 518.6697616964855
435.0098461688942 -13.515229819213584 523.4510323131449
435.9545765729835 -22.767720016151596 532.5843087313912
430.75377020148636 -25.203288954535125 529.4527554916818
425.30976304932756 -24.13431176662308 520.1535492341711
430.9270914366291 -29.721038648267324 519.5122307436933
423.48435953953964 -32.63412282003391 517.3616344404014
415.25080432084366 -30.376984228802378 522.1754640660098
406.1821529897422 -22.428005553368486 528.4744250547061
415.20637548992227 -23.534164842065113 519.1336940905103
414.8602417471527 -13.756295464450846 509.776422164917
408.9715062644316 -7.644013231140219 501.6815242703793
410.32848791444275 -14.126851007643609 507.15729773906907
401.19800901008665 -14.587864661289142 497.89109993030394
391.52911238603104 -24.194064037273574 490.3328274186257
397.67512147425185 -19.661509999388617 496.5686472198021
388.6843821314518 -24.853392202038776 492.69190573693055
391.04761712202276 -30.720762001994505 493.2741458471045
383.22769853288787 -31.842204191769795 500.63858519944193
390.63008997997184 -32.743173995757196 505.7913270601035
388.2636936614026 -23.34739226369443 496.2739784190363
395.00598127004935 -26.909613415853578 499.66642957191925
402.13558402810605 -31.627937109855093 503.0869875784218
398.04705156660907 -30.122520568075018 495.2865730772318
406.01163724409923 -30.554353641279253 492.78496062909306
400.70249632588633 -20.66508752121612 483.355546552314
395.7815729991038 -27.78720020258114 492.09496159720646
398.7989888724692 -27.142170728283645 490.16997041870775
398.59661318539634 -25.746180538657168 494.96398274754193
405.1656178441378 -24.3861000569553 490.96901198153904
402.61752524354233 -22.019780243148904 494.27462591568343
395.3275734287417 -31.384296567025494 495.96371698149994
399.2468719606164 -30.793762700137183 503.36725169769574
391.89320154695156 -27.16332051235356 496.26246494151945
389.6126447368242 -33.194320955021 498.4110495762135
395.0447489993625 -42.77234755807643 504.08094987291605
397.12673255132717 -33.229611735871565 495.1327392563598
394.8554493010852 -28.87367799371274 488.4376791565484
387.196014796903 -28.99540213161361 480.0490190392635
378.9808520727543 -32.98324531178339 475.70187604019185
374.0946206243712 -39.30087942449166 474.47441254066393
372.8819238447715 -29.59794890062186 467.66402362507904
373.5383760421684 -38.59374347482169 472.0429094586648
379.2722178131751 -48.33843280758846 475.7122821740857
389.0842855530714 -50.21443486539123 476.1960903725272
388.9641908357288 -44.10379239532741 467.366084346418
383.8474117132032 -50.988215342301174 459.22929754438155
378.4033381476281 -56.839321276074486 459.02254238432096
373.2327726482322 -51.90477202921433 464.5023639071664
371.6278441425009 -47.02992779848318 456.6096863078133
363.078473263303 -39.40163906730056 452.178269161832
366.8697566312018 -45.282564357022814 451.82802087503444
363.99422854938956 -36.3599553345788 446.70765000793114
356.5130918539389 -31.400992603909188 444.1129227513638
361.45500399627934 -28.86644574049848 448.49744268798065
364.6024750098654 -18.920881741518986 452.79112121556733
360.0783918478339 -26.39926395124435 454.06018350201896
364.0551700708711 -25.799971946201417 452.27337298275245
366.5216717024308 -19.694374809244238 458.02849295676896
367.97307762854217 -20.200685361259104 452.87493924237725
374.82378060562525 -11.789247501177961 452.9949806628985
371.1424352283844 -8.290426283706534 449.6444622462389
379.86151338452527 -10.399795761353596 455.1417065534944
373.6051546819828 -16.462536970675814 464.46686093888627
370.316554313384 -17.530338097895825 472.3629375995809
373.71637047546403 -23.29003995949357 472.5858884548823
365.17177651317036 -26.536924910497618 474.32438234282984
360.52694004193273 -27.186088200345687 476.6154776540758
367.4275082703102 -29.891323240685445 471.30292717300546
375.7619207463726 -20.480455714899563 461.72999326784327
369.52237245727275 -25.95385296041311 466.4408889413927
369.6144938002781 -35.28466190731099 461.98937707897755
379.1622049099354 -36.53798184005575 471.16059070112
371.87113057811683 -40.54814232088257 475.0835266156745
373.62615855486314 -47.671665748265916 472.43314186795976
372.20479649018705 -42.44104346836555 465.3060937247985
373.9008716413921 -38.28435785726552 469.24560998784693
365.87726296064614 -31.997948696617705 463.9467905750549
358.97104657653426 -36.23502160477353 455.2003558818501
353.9102831752447 -32.460546947317916 446.63797209766057
350.0789600095491 -37.28751540285306 455.24757320083046
357.44741067514644 -45.742460395036204 462.07896249862415
356.05637553708146 -53.319848617922034 469.1585270337669
347.62049168110394 -48.63475167777149 476.2568378117518
354.334287820228 -42.0941537980901 484.2717394118308
362.7775704587853 -44.4444998448823 474.7272080031985
358.71922437855915 -44.820320500059225 475.09349804122024
358.68550382250805 -41.0562966978502 470.9964799336212
362.60818865366315 -35.39027188515429 474.7630963413822
372.18062909176996 -27.673489764414633 473.4035441702935
365.5717732626363 -19.466328680934957 467.02951644297127
360.26896288951264 -14.839157250966355 470.42814488672695
369.94685114799347 -7.424194622046626 475.1082549633655
375.91220911739816 1.6808932425538945 475.33828034696927
376.17499117085185 1.1333407171667895 482.6407129174593
369.41776035655465 -5.252025246980378 487.20183608772254
378.6876804858904 -11.447669191421072 482.0456028722909
369.2458666198343 -3.69685593431982 477.0686390277774
379.0539311826406 -4.02221873027847 472.4473583249143
382.1240694963585 -9.107181956374426 477.5494393160342
379.13222644624614 -17.535541644545027 476.98843572679147
385.59014075694813 -16.956950040071398 471.19976657004963
386.89520604636886 -19.843900556461527 474.3068003231899
381.7168493518609 -23.28869965157271 472.5261194762479
375.04099808745667 -23.05304123363075 467.90589898007147
381.6284268775498 -32.99304282229804 467.9764834601683
379.50978855201026 -28.86540074638829 472.4201849681466
387.0030260659872 -31.448925281413107 481.6235021978454
384.0276641710917 -26.870966929605594 487.35835180607535
387.9296116322345 -28.072446393736048 483.8029653865925
390.86591055960895 -23.189543935716262 482.08184723587374
385.66433999365273 -32.46714123511789 473.8920521510572
393.0148463409245 -32.99039924122639 476.3641080297797
384.52329066929394 -27.979516660653854 482.79693933346243
376.5950209424147 -20.714392430765933 481.8779217871204
372.8846417182588 -27.166131462888714 475.8557639957851
382.15262344434825 -29.104741054170912 470.2078985455279
372.9913500876492 -32.29960376234233 471.81132749439263
381.6508137192879 -25.766035724219897 468.5473118346976
376.70510855619614 -22.47361658856356 475.1859477820661
382.12221495799986 -14.115313670290647 481.41146097793575
375.7630643887462 -13.471876116523521 482.88354144362114
369.08460553309345 -6.203261739768081 485.2444719024826
374.2215851042726 -0.11807259362029221 482.2949834804767
370.8710077484783 -8.389947883875214 488.9675624810149
373.074080466721 -5.064257747176536 498.5189151514864
365.66462656175645 -14.291438602410324 499.84635726509396
363.93236185204785 -4.621160769782572 493.57807578637596
367.9228813755307 -1.1609704063659763 503.37057197768746
370.1694845224173 -5.231882438843486 511.08506043072134
367.4784114485858 4.302774574652537 514.9137400484966
370.335347772378 12.770632577770684 515.1074196719201
374.92201538985205 14.088835504441537 516.0899351002472
376.68298011745264 20.13273653052346 520.9290462508477
385.1686734652083 27.911560011198066 515.1031068184831
383.6455448675169 37.202985611405495 518.6488341656806
385.8020827841436 39.950439287095826 526.0237399655882
387.0626164851514 33.70174080729106 523.9663613154956
391.21360124967276 23.820554682126456 525.6966122782454
387.75148517447565 22.327788585576968 533.8484425640886
390.52217539410856 19.15027197579634 529.6505149820125
397.7755829807978 17.74796841865555 523.2382531534288
399.1763375992322 18.9033019641166 530.547397259532
390.2761475340164 16.46778120835007 527.5291048766484
391.54648198479447 17.55104192404721 528.9864520403311
389.07039623151695 8.945889136918575 520.2843279811603
395.1283033363036 15.86265222612824 522.1746412100862
386.7233993617061 23.687816216713323 515.3891295639028
385.2774218237397 29.298765493721227 507.5051927434499
380.5928403954666 33.380312960131704 515.8019802637325
389.18006705129835 31.41695239590736 507.49935460790266
386.09613064601956 26.78568167424988 506.77158668837967
384.5211171298126 33.95904496698226 509.6954863535511
385.33662276924065 27.438311627975082 499.8893754487349
393.85237770966614 22.00405117989318 497.37221673386665
392.8590372466423 21.482259016391215 489.23704248592526
388.0529533482493 11.487462593942615 481.995328529008
379.9520655473259 8.474243172863615 486.99182720443025
371.5594493214427 7.406646473634137 478.34543902862885
362.0368728904982 3.91846661321721 475.06076568885607
359.42625799124494 13.450783187296018 475.19918651934387
364.35854692780225 7.098127943599762 468.4371258738019
365.0861674057069 8.100324162070184 475.21453643951094
374.1800128590337 1.3601196591702855 479.15018984358437
378.7275257649906 8.744307979139741 477.28405428500287
384.173377927447 4.82490155579564 469.6634321936464
383.9376068941073 12.07914825648625 479.0227127213063
382.6882436315017 3.4875140377625407 485.85786676921026
391.778782725842 7.641777559522265 486.37086125184777
382.8568321663692 7.38623175345535 490.545462610699
388.23908945182444 3.1784210779512527 497.8222499447074
379.1968108002229 10.809049029884296 497.46110003221315
384.8632627244951 12.759499565935155 498.2152615024839
385.7847846284883 8.412071829755433 489.8452602626202
377.8697283571956 17.67700220401798 485.843231277775
387.64038743649746 19.35611977713025 480.5254667934854
380.90049216986995 29.14780834572969 484.2931605649038
382.08342585737864 20.223776935182563 491.8439554761483
390.63227095686665 23.360088727051117 489.22026487525585
391.6087262347385 28.577108213298168 493.9756744724943
391.03142052006257 24.841918954555574 498.07399007681715
388.02855788705165 23.003602252581075 489.7409865644041
396.63359274146 31.27545946132043 495.23531360270823
403.61957774871104 35.75606288111807 491.8339658448966
402.20392420366124 40.072868207530604 501.76354068440605
399.07714887409196 37.784570313311335 496.4273201811715
390.40090396971124 46.44929348361664 490.8915435570878
393.40192532409884 45.18597297397675 496.30964899069687
393.5395123344751 51.130448723071325 501.15311572197027
389.9932534048985 59.08166687505988 495.23822145203303
383.8839385977719 55.19373182893104 498.4395985341172
377.62902302248074 56.16451799008273 499.93308933104936
383.1890021494552 51.19083568493558 507.11575838394396
389.3002040674661 55.92620474241881 505.27466901690417
383.4523838073401 58.27829750221346 497.3564362175714
377.83012257817035 54.95347322349736 495.134279724136
368.41553085505836 60.07980403948149 497.99227441164965
365.11802859623856 59.889182943533505 503.0359721683556
362.29490314217156 57.51133509008465 501.0372311343961
353.79525999060365 64.74487446996281 495.01898577621165
362.66730444379215 61.261422011292126 493.6109227515461
359.9454803268783 60.08161126888697 500.1636105247867
351.6199315173639 68.3459989246298 496.70000973511645
359.0704649180955 69.56275867657895 501.1878761892597
353.8430321484279 75.94368861372931 498.0684423627318
346.50157304161246 81.465210509377 493.4265088580464
345.79350755237465 72.3322281843928 492.0945682609486
351.5433090204202 70.62799964118014 499.00105154781016
358.8172294630438 72.82211498667141 508.2227649149143
360.5810536494815 65.16714546114876 510.51739557267587
365.66426109679935 60.88191414324722 510.1340591846121
375.1401068326397 68.49706946217363 501.79158624156815
372.7523500958474 62.93453036705429 493.7899591089453
364.49834654072663 67.77039816365749 486.08762519291423
365.87879579792207 71.504167221585 484.2479713465758
372.31278827794716 73.79156532919374 492.3523227358476
375.26446314725877 71.42772329055461 489.7767769430115
371.0044929629334 72.95642148242565 486.9878453268254
377.2977726168307 68.93378593897094 484.30527314585777
381.95729419395263 69.57706280325606 474.5398550583417
375.34819145853146 65.0371330262958 482.05943227707405
367.3069446958539 60.70542417377571 473.03823329765214
366.4471694143976 58.132448920437845 474.20696300880667
369.40344967300507 60.20464278218053 476.0748368734887
363.5746298242146 64.31037431218553 479.1155332661259
354.95225348978465 72.50335498975797 481.82820581730437
360.78784469392764 74.01280258973534 490.2203828053904
357.0583599829727 64.62823541983568 497.18594134963286
364.7105516554479 74.03207179663708 501.61507207406993
367.4538925907928 80.75173544166655 497.0831607457769
373.75699630894286 87.81766663074188 493.80524182044786
381.3296198146846 78.70909449441893 486.5014350921934
373.1988962995933 85.13536059770524 484.024877586792
376.9246027422002 77.97764468171769 478.6751710124653
374.2482719495688 85.13131320363784 486.4240533249131
370.46191332592974 77.60013230114834 496.3098789758891
366.36190162181873 70.56688226751288 500.1763119163319
363.11876648941956 69.11090237853301 493.0993598677216
358.3922722355525 65.25383974118732 484.03863935359254
354.19836395926325 57.304573636586454 479.77144674737355
362.83393099176226 57.16614709967516 473.27276606346203
361.82776446962544 58.08656106344248 476.57647314562803
365.2380285004308 62.90776708383036 476.9516471048311
364.53795527596805 55.71547955041274 481.16593496351175
356.50486316674153 62.690655192815804 473.4892610846758
353.6288270513 53.16629090355504 467.3006947911748
351.62729329673726 48.55269853163151 470.24664219223604
351.2333355099663 53.339426111682855 475.65518500323884
355.3894105087861 45.39585190053175 477.97801256643146
361.6739986627281 54.755810134668266 472.16462958920306
371.4921047898929 55.95649763182173 476.64515250546606
363.5555365050425 47.295460021361606 483.96213917095537
370.85475403303326 38.27602610203388 474.66436851858475
375.7124668241696 36.6817724835624 477.3328332388701
379.4311395671723 45.03582005957113 486.1702173812009
372.8410446765861 54.774564522347845 477.61449390390686
371.2384761620138 57.961321102690235 483.98736951973024
368.8218847261462 53.057060405877166 492.5541814596791
373.8649605729702 57.686353048735974 501.8250914633323
375.42260737925596 55.94742598397208 498.4355724346564
377.760995232087 55.08474438179408 506.7630561368239
372.8211164942436 46.144373226743134 512.1768641069397
371.7670068840091 42.18521198819978 516.3851937583174
381.07230331660355 46.12479571334835 519.5662292044407
390.4804065033361 52.08902254437545 519.4878294307349
389.5728346585318 46.12937847227873 526.6060703848003
390.3810518116565 53.401597042710144 524.6814295301043
396.58119866084337 49.86097343553598 524.4651466310621
386.73898131438557 45.99906420203192 527.8327873423686
390.3035038793827 53.53575177612729 520.0400230882367
385.3409460401162 57.134138547124934 511.28602478255885
391.2838513576152 54.46148617404943 512.6010408371488
387.38731318438477 55.69184102767881 522.2635161096614
388.16669042905613 47.06357597828727 521.1745664420079
380.4540380704701 37.67900365343741 511.19345006380325
385.07720253733214 36.89759160307556 513.1356129061179
377.64685796286057 34.68993909107208 515.805403678635
381.1048031875162 39.51454251777324 516.1541100944158
387.6675326576668 30.257137700745332 510.89607552667525
394.30271184641697 20.67169647046822 507.542745517145
393.9947757510084 25.633950243327238 505.0058097690794
396.3355860767504 30.151579901712303 499.1415384966359
404.46183705078204 29.944896886854515 500.36574237583795
394.60501858618073 33.74584812749743 490.60214770916923
392.16014845944267 35.99619584411805 494.97505224410617
384.8041837412571 41.964744285890355 491.30408694688566
386.2061280996614 41.727200958027105 498.761991394554
384.91529570194126 38.965392494800575 497.61078136981644
389.74423599645075 29.10040728216536 498.0857979793035
396.679285301493 20.574768026457264 489.24865070003204
403.30832923287096 19.757612107734715 499.2320663907263
400.8812358293296 17.132367029367987 493.23608117647905
405.7261377655939 22.04120372340836 496.31025232957387
405.33188185492867 14.684157699783123 502.4297023768248
413.1557358979454 19.780011467539723 508.70952490023757
419.4541094579923 29.562247762700146 507.1232723593178
416.41358080421946 26.55780175404082 506.78422433120824
416.27201074242896 27.37396309319485 503.8014085447794
413.9724433389094 19.827012430519478 494.82579944152764
420.50042611024816 16.05836786738569 487.2895254025877
426.919170243962 13.905743852468689 481.101167628765
436.105010194159 22.579145102000282 484.75238794123044
443.2012895394063 28.6641423683008 484.14814654352745
444.1230101874287 35.39290301983209 493.38803754727513
447.60421891974295 27.052990770730293 500.46830975132923
455.549489491948 26.578319553298588 492.767798156357
448.18258926701486 30.641405523655603 501.51106844872
451.44386372935134 23.691154306185958 497.9490255955583
459.38679750306414 25.367671985709524 497.3071050272079
467.4650579139703 16.765042419091948 491.09081252936056
474.84655172946543 9.025624466376192 492.47128022859516
476.5271215857382 10.423044192480662 495.7497207715078
476.6808148800678 7.000483394420383 504.944804985664
474.5648552471779 3.5868291760104465 501.45437727476326
482.2650121254056 12.719733757310632 504.513661115826
492.18494332779835 10.809194408392566 509.0082156119377
497.9122786987535 12.120854970922387 503.75134091123545
501.9557447530653 13.293302469371785 505.0998908674948
505.37798496923006 17.46226136130401 512.1410528056182
506.03700278940204 20.036065463121854 513.1711103258481
511.48959315014156 15.486077990537328 508.4220405309609
510.1075161847231 19.96412268596549 513.9144649902886
502.17109108918714 20.348378827878093 522.7825787835878
506.2955602744501 24.541356296335813 516.3173622068514
514.9781844840985 26.12014679490833 513.7142670550837
521.1384399366758 17.553175559767585 505.4364660409475
526.6882083692806 8.063491205324521 509.0924599770803
525.6502064753091 -0.9890143858882485 504.7042745026176
528.9198553370046 -5.121022817438811 499.11703093604774
519.1381243908579 3.4320458521029407 492.97986534938764
511.2679045283912 9.974350864663467 485.34372753998076
519.1928050623688 18.908592225185934 492.4527934158961
527.1873354192904 23.471976674753844 482.8203016956027
520.8560236923101 22.045041028090324 490.7061217139511
530.2645458110729 16.29756980489783 496.3478062214541
538.1746241322685 16.697965622729456 501.44743297549047
540.0976453490282 14.60395958486543 508.03421368044167
542.5743209726066 13.211819347461937 516.6739505966711
532.699068102098 8.700575141505887 522.8055319243848
529.417230217217 10.750041410461565 515.640958963087
536.4745818269218 19.018427896537233 516.1235636126721
535.4662428886277 13.726556036958462 526.0358045617065
536.6010132317393 18.28308801904258 518.8953326184795
539.3138506109437 8.836886114727255 514.2684614591543
538.1372998049341 15.81671694234647 521.5953786376928
544.5166783573744 15.984263736319791 515.5413266616454
549.0893187111485 16.014296349968067 517.2842297146309
557.4564963538511 20.423843702460122 515.133327725036
567.0153150808312 18.195944060412177 521.4913504466379
572.8364547659287 18.769066824494683 522.8388184923687
571.7140548338791 11.087365593481685 520.0699454170942
571.9698884433782 5.510061260365732 525.0923465761115
570.9816732740743 13.800198491914337 518.9330065769349
568.5364642543599 15.340834967813416 526.8242319077187
562.2962193190189 10.73341433262429 519.2024486883435
567.8221435576065 10.583976414978581 525.6501200972758
566.0577118352275 5.3529084155037 524.1717255108919
565.8341440604161 -3.5610985761783596 518.4034524358527
558.2483876712006 4.790818881876001 520.7667985912775
549.1254048003465 -3.767086013652454 529.8506541034623
539.3375454763644 -12.465635526849654 525.0236701987048
530.8554890186178 -3.33217200691446 526.3942887447699
539.8662439689834 -0.3528444718881296 530.4758867961407
532.5816541902022 -3.8566157833562142 528.2650613932811
539.0260107412124 -12.948568698197633 532.8596418007381
535.0626690373574 -15.498988991987039 528.3442502097369
539.4272409009029 -17.37593159622975 530.5780764642817
545.563818256674 -17.57158262417132 522.5834694522532
537.9189871206353 -26.866326987496663 521.2108713562907
547.7992018896429 -21.05405209408407 520.1899405431508
554.6627337834676 -31.02184085540872 517.5800920325341
554.4682513009458 -39.17944511510565 515.6655818411956
545.2026555537534 -39.78810616884739 513.1228360588773
552.3300602652228 -35.955890543449854 510.712956274768
549.2179092675369 -36.65920167475739 502.01086993897474
546.3697340667138 -35.80513366076915 493.0192317197601
550.9654709737017 -41.022183795976765 490.9766534009376
552.2153724641825 -47.69922415873695 485.9161120819538
553.8720105198679 -52.02457806510073 488.14466673369174
563.2135299770646 -48.08258344247834 493.2494328711684
572.265946274059 -56.24694960555114 486.97090161423466
580.9810751104307 -52.20724595328242 496.03186350444514
584.8048216981134 -52.79879674054181 492.5532162558443
589.9231740957257 -55.304713507626566 483.55241983417426
596.7215894645811 -47.76942932289187 480.12953504076376
590.2940725743789 -57.43833684454805 475.63388300743503
592.5756435156674 -63.31523815308156 485.4270076958312
592.2336118830917 -57.06000279949049 495.3173772068388
596.2071407749798 -47.28807949931278 497.81923681714255
591.2422979796764 -37.925308713107455 498.7505957948473
586.6005964546347 -36.39971871035308 491.76832232110485
582.7171716079142 -31.854477612387527 486.18816551316115
583.0949248023878 -32.6013645701513 482.91126765717513
574.3586458535094 -35.6086270101423 480.8686953599709
583.5995630430505 -26.329165956099004 481.72740601974283
583.6114125420057 -25.80559928935537 473.23285179814246
587.8893802563649 -28.03814725273095 467.00172530460924
588.9556014328638 -24.91625057891224 476.1159502677204
589.8599639239147 -34.30399760900532 469.1605600512095
593.2363580458202 -42.139560369827194 471.73863646636494
588.0709805630366 -32.324471498578085 466.7152412922726
592.9725358162607 -29.757950954069422 458.6825467197905
585.0394001546545 -36.31702852421286 466.3821715109059
584.3552536746646 -43.995457655497454 456.3944775236662
587.3063585842859 -52.369419746999185 461.9023287677324
597.1332961942235 -46.03637675570269 465.4866030316512
588.4359188243207 -55.41785340546441 472.4801691849861
585.8297794595866 -52.62527919965582 472.5910551448475
582.4867779082795 -62.50602680419743 478.22242614682676
589.223436745738 -55.084095231273025 468.30987251098276
585.2623532863878 -64.20798440231779 464.7147948703594
581.7205426385524 -62.07876294244025 473.96161618792826
582.1952413434998 -56.24873976951849 477.11764373751674
587.4957559936311 -60.81766234090596 485.73996398984735
592.8904197193629 -60.566736000132686 484.92772345120414
589.6535509059981 -68.20409237333888 490.9507684947121
581.5555962754406 -74.02520067990082 493.5467626107892
578.5784066369952 -84.01862304677603 490.7464626837124
571.2572382794049 -76.59115033959877 492.49504132351956
566.6303630079045 -67.3284973784393 485.9202103469575
571.7857663203754 -64.5090501978962 488.07748319996415
576.2402784255062 -66.8423763142822 492.46681763645876
571.2951166148789 -76.79675464793651 490.99152976041194
562.4175125236285 -78.87236675856313 493.53902128725133
563.7974979106085 -85.88931428611369 496.56484886226167
559.9308065213464 -84.89005120724343 488.7694843629065
555.9996745453502 -93.71747615298301 480.2696232021884
549.6588603853669 -93.58980005515885 483.9958603477529
548.5594780447535 -84.64740333993075 490.1408629275373
556.9011933134611 -84.31089217617698 488.4205186265276
547.0194566462817 -90.79982738780626 486.52712987464906
546.6384811081545 -88.51725997639741 481.19167517428616
547.770023176624 -95.90215696069893 484.7114395097372
540.014425899886 -101.42638255744299 492.26561521356314
530.7220332536493 -91.80848158339894 487.863709849671
528.4613964203604 -87.46107821571624 489.2912244720535
536.573479676064 -97.04855974110323 489.4175103560578
527.6533502914762 -87.87685368658575 482.0008299786958
523.4625139672878 -81.04549477574388 491.49326796076457
514.9874144951705 -72.44486522022164 481.8503846708215
515.1569274478919 -79.16754886028718 481.3771912118749
524.1584266635814 -84.78699988100696 475.32051680120526
518.3171787508221 -87.41018095591629 485.1862390411493
513.1276203600718 -79.35323491798846 484.66352094799635
511.44365714352216 -88.72085377381585 479.3698505131468
519.5760426131166 -93.24550557705362 485.48363460084164
522.9055705531293 -87.42631595684949 488.3442116537322
519.1275815713589 -80.6504512973467 494.0441471548744
520.0656011764137 -83.65738136157941 502.07033438248254
523.6058659826141 -83.31709205385937 511.05830710220073
519.6951845498346 -89.89565612307118 503.9212619075167
520.748668262436 -84.60098549551286 496.4747382368952
514.2506509048346 -78.00971140005404 498.5542935010936
509.5789646085828 -69.37480046535026 498.13270106021014
503.54006685333997 -77.77059525394239 488.1929379882071
500.57859222568607 -85.67685594311654 485.86963314111534
510.12975354330973 -83.65339990268164 477.7866774683699
514.748882515176 -93.5025223045591 479.8442101164551
518.817143177524 -102.80326824539986 477.35555364999937
511.3832676308554 -108.9094770913875 483.3987226005792
519.1528916067484 -111.05556346675365 490.28547521754547
511.76382955773914 -118.80109026532044 491.4971163984235
506.39761420334884 -122.85169243366406 491.0605759552855
503.11893036889927 -115.00677260447284 491.45570894602355
512.9854116081083 -113.33236733592497 499.36597157442577
519.8487684103213 -111.87353757211379 502.6121816123177
515.0233922191236 -108.259359558064 499.23076064912715
505.2992926481708 -100.35744068395014 496.08255301543966
499.90684798784935 -106.51992580809872 487.5285993573549
493.06499361293726 -98.36396252366725 481.21342706471927
502.837977628976 -89.57568780474361 471.9013898213929
493.63841650603683 -87.65703485268911 481.1569974276087
488.71938099998215 -89.24322979728534 477.76855252809736
485.0972389431104 -86.14738908862044 480.9683711891472
484.93438109837905 -76.78948748837209 473.0731172762457
486.33333795100486 -79.3773936558657 482.0540430406255
480.7609655116807 -86.69542557316305 486.1416325897692
479.50869029285786 -82.52574094423439 495.5430995845381
482.194409823168 -81.21606612845994 492.77022409377435
476.0453497966022 -89.91485328339851 499.3720193459047
482.86699986015435 -98.05117090707522 508.9173095924697
477.6943548607581 -92.64861393970406 502.6346406268935
479.5230541809147 -102.02573601211174 493.3159921969138
483.41028180813674 -97.32160181838333 489.9865755818456
473.5462985620865 -99.38349746625285 490.60349151941773
464.8198330358667 -105.25670571958923 482.54730320060753
459.8598338894985 -114.42666474597694 473.5516994267337
461.6341364510534 -107.97423379051597 471.3351038763453
465.6644464689903 -108.45826900103893 469.6278231324343
464.4330698419234 -117.6860830625414 461.325080091512
468.32454597446804 -124.19604676731863 464.4359147424246
468.1718140594067 -121.32336031117413 461.7447782870581
459.8307758804631 -123.01380795687707 469.8323319479148
458.6166774030644 -121.45512653944493 463.3649978509127
453.99642772681074 -127.60301978384553 462.7533413273079
452.28567782457776 -125.56997959181845 461.89567130644497
454.7188703209404 -123.66076981157065 467.9620780778418
459.36642344747224 -126.36131993671768 459.6485540021147
461.8169181998622 -119.16013215266312 469.51474358686716
451.9374140278688 -119.75899571891343 470.1810556625651
459.5990684096267 -126.87473593107573 470.44909584642545
457.2367978193188 -130.50718088794545 475.4466911279841
459.40535227293753 -137.24061834240834 474.5209614176321
464.7254366905369 -135.22654571708213 468.83819836298983
466.10192205036594 -141.35537796201533 459.9892768658885
473.13093402190503 -143.6493300118521 463.03531562354556
472.1650645304946 -135.50586719042371 471.4012021433006
464.3982804758075 -127.62021092707637 467.2377156445323
467.49665912876856 -132.87570590960183 476.5706232821685
459.84809756987033 -133.3971785169984 481.6768377624155
461.7910580321485 -142.63385349136814 476.5331333065607
468.5324456471405 -150.1585603512288 475.4027808669619
459.9097884986093 -153.62639552223257 468.6465059925415
451.30309413617334 -154.211986073865 461.97679623341133
448.97914706624823 -148.895248554789 452.84723145189423
450.8051824159601 -156.08449365953868 455.12329196255735
444.6057276391472 -157.03534344329304 445.8906831956644
446.6635028382054 -148.37374346785882 448.22732051848266
437.61285365557853 -143.80197238841316 439.956423690016
441.8732646164141 -139.51084174267413 439.0704387706763
437.05042732196864 -142.02740562379063 436.7608721266608
436.6043727157708 -148.97551384702382 442.37390614814717
427.299505530212 -157.72793657669598 438.83277144065505
419.4928785138417 -157.8603504534781 443.3472942215261
425.50340301900815 -157.08079653760845 434.5407532944704
431.32590688094996 -150.9896770751641 436.0423345650424
430.341219545811 -157.4059842433289 428.7418245320464
429.18437657557234 -162.81800279376085 432.1109387725958
431.6915263947149 -172.66048298293256 426.41163705667185
434.07246588077754 -173.38964567067427 424.2697839563135
437.51653414758243 -172.88599624837113 414.78630776077057
436.9582872461992 -165.52198952640356 411.654977085135
444.56477167344485 -168.35210876781022 407.679589139882
446.14137739771377 -169.85749471831173 416.98521709899745
440.9427949617154 -174.28321449824065 416.6107924463431
447.1661394637051 -166.92200890980322 412.1811725503308
452.75352703952024 -175.12145872190078 404.6930954711859
450.99947671387355 -170.7306128208075 404.91546774939013
447.92805161755524 -174.99554993200746 408.7884009267152
439.8427840673885 -179.44766991427053 405.0248364480528
432.3967366881332 -174.25037197228775 412.02311380714315
423.0330759602752 -170.86180245023607 404.8783623475672
428.39548862914535 -175.2056041269216 403.2021817911451
432.5264291850966 -179.58529480280774 397.799453467257
427.61695167159036 -173.6908623213099 404.4189702410698
426.4582265621883 -176.79645041207095 405.73240903653414
426.31646308093616 -168.25824075657033 400.45467841511254
432.3927809204039 -164.16307389454178 398.4851480783954
426.2178477526071 -170.5808714600349 394.27960066152116
423.6125579826525 -162.0242339487678 398.5169573531647
431.9371443314277 -156.2722070535402 407.17328515380837
431.17901754617077 -162.55931051214182 411.45517446419746
432.7668575995343 -167.0548739516098 414.98548492119943
425.5292621357661 -171.88378658829836 415.94423295242
421.98647216167154 -162.1729731279415 425.52715908800036
422.7902730186298 -166.37874930465395 423.944749048249
429.7619280336931 -173.10519470825662 421.55979741809386
424.12050470907934 -181.55201019983934 423.05884042348146
418.4037854684101 -179.62225318198202 430.3606146423469
408.8313812575327 -187.6027655994839 428.0001810309276
409.2241114261599 -184.644162188484 432.10854182141463
402.7025519432239 -194.14580783920115 426.30470774579766
410.3128099835307 -191.1952968635773 421.8212660206965
411.32599459979343 -187.67969114314013 416.0107786544413
403.06705647770997 -180.02954177451443 414.06119922678846
395.1008115073078 -188.98570995745612 406.786596113889
390.80370814181896 -180.1129934405943 405.70054025946706
395.0463773332026 -174.4801415932333 409.44502998443943
386.89371695137044 -165.562074035276 413.63202266975486
389.83600494674283 -172.80569027898756 414.5202830502897
380.24414248999767 -165.30617899890586 410.234963685871
373.9778487414181 -156.8389943628948 408.2398082218272
368.0510931718063 -152.5889529002878 400.5889285773563
369.0688050517483 -142.7714625803908 405.6443732609066
364.76990620439574 -137.7144755500585 408.17845229072447
363.7613257063783 -137.50335426656375 406.9378476358486
370.95697184716124 -136.9020619407048 414.4842325336701
379.36341664676445 -140.89541433432512 408.6791267153241
383.84693690309354 -139.41593084289443 412.07472417834464
380.4263017919031 -130.3750270493278 408.62687693901375
384.9025689211658 -137.4907425796909 411.15812843339495
385.27154875936185 -144.66428649683144 420.13654874732595
376.11154908047496 -135.60176439129452 422.81323692438457
366.27005188273586 -126.70354755477679 429.7405141251378
375.84518037703435 -119.19341921733371 439.37687130735287
372.29957861888454 -118.85963413353781 447.4928613628549
367.62891156278795 -111.8573533524633 442.89236246613467
373.09999964622415 -105.14625427282118 440.4966242437186
369.2548085687812 -110.17809122127996 439.60837283198106
366.40094023381414 -119.49753706532843 435.99022641708893
363.235119161202 -113.49014964804829 429.2422747535706
362.59957309357634 -106.39917553802205 438.6728538083196
358.20585276835243 -113.30844113250613 447.90739278114876
350.6920793377645 -114.72431486381427 443.21808503795575
357.150429163771 -114.09875464746969 445.21296157957903
356.5427802544889 -106.22993537272653 437.275656691542
349.74340455245954 -112.96278868535475 447.1822667287617
350.26254876971035 -107.02445609441871 437.83023332352013
346.1760305616933 -115.28098769903886 440.3514248811798
343.75804147850965 -108.23406687423089 443.9381180430879
335.35857774832175 -101.96680861447857 441.8966246773747
341.621354987282 -98.09754682651005 432.3440267773578
339.1679448177786 -103.9827790305042 436.91907034160386
329.39303487219587 -101.11008349843148 430.03470721312476
330.6912893159525 -99.57921733228443 434.493314605877
336.1003446031704 -96.47881360641966 435.73119503459066
337.33211448280247 -106.07600305592811 443.3859601759612
337.25858755346366 -103.53030131953915 445.2433135296639
333.16244532367654 -111.37873729334613 443.2288051388015
328.52058404747726 -111.34152840576118 448.0604311552978
322.6034909803927 -109.73450151857442 456.57353466950826
321.8661275816328 -101.14237432545549 448.546230752106
317.5852205127938 -99.43960631140827 455.80774400942397
313.2583805142686 -102.01280250862673 456.4008332360297
307.1512259668298 -96.81162454499471 464.0152965210018
302.98538655410215 -98.97667666025174 461.2352876537374
296.103610403669 -89.58647193439265 455.63387698652167
300.25703525790175 -79.88399260193145 459.02057390983674
297.4157786026444 -75.75400229181513 456.44930605492874
292.8610145570055 -70.55966349809889 454.038445333018
301.52055374049723 -75.90334227068327 449.44224646076316
311.1662750826302 -69.0903438064523 442.20208189542467
308.4465184912435 -70.05777975854961 435.5543996677221
312.77596747677785 -73.17670513842795 437.7729312942362
312.7665024396561 -66.39666240263864 431.0940524238026
304.65178702395554 -66.24069864918759 421.4667621314708
296.5767032155308 -62.53635881762154 413.4661975319769
294.91418584795395 -57.57160555057755 413.73705686557827
286.538184453501 -62.75788712179954 408.39204975536757
283.0140410971634 -64.9129976669436 403.1953128705698
283.7985413960345 -58.68560072602318 398.93801528041365
291.7602848704047 -65.21529747636181 394.3603644984738
292.9019009442744 -63.01868062776938 404.2014279445444
284.11875296088306 -64.99393379823394 400.0910623873525
274.82120668931657 -59.67111754174553 393.48704950930954
281.2673846844865 -54.70775004398831 383.6423460969991
280.8921681715556 -54.40837911123476 378.29040162577286
277.0301532610509 -53.39489328366373 370.69175597354734
275.4724791376147 -46.81989601715947 365.6063840514188
266.21449423706815 -55.890097567936614 372.14005599024097
275.18867160615497 -51.604111166919 373.4873681611106
275.9250875894337 -48.68637187008878 366.39972866674134
266.8209398448222 -53.77110740656111 371.2445939449417
274.8450894495824 -48.63728289674579 369.8814342113837
277.6409611607286 -57.11690013876239 371.6205380335752
285.1682025316599 -66.50263398862856 380.1472268137278
290.6683936112765 -59.78021783458932 376.16716812625475
284.29802927836226 -66.02453720103907 374.0418258839043
279.46058338668513 -67.4675503975453 370.11318743239406
270.0375374281311 -74.90818572109421 378.2528308978352
277.7206862178912 -67.14892644834867 383.0746430526473
287.16376334836565 -69.9135860700874 375.5072645171452
291.77446134907876 -64.75608741094132 372.7271200636147
299.1482907457156 -57.6824808735505 371.764481706215
307.11838122685606 -49.49627210313551 366.3269606434338
309.4531759426039 -45.71041169612212 374.0400960932776
300.1831868604498 -46.54246799681686 382.46596280548073
306.0405232292279 -40.15830737648577 374.89165812722587
310.2276124410267 -45.63518732658325 369.51801427245175
300.38521554424705 -41.7932517631549 369.28355564029675
292.9966944826891 -36.01537708814572 368.1678299019428
293.20033543563 -38.92425112298898 371.6808461060234
285.58391795602904 -46.69674434748679 379.60194972026113
291.7338504990627 -44.51254459825347 373.9942093039464
298.7056206987749 -39.74059992383184 382.66956949965515
301.32338373365 -49.2922808239687 389.91107313088503
296.5651497943225 -39.93582854667396 389.95308243890537
299.4980819983759 -48.39142343849353 394.6322426624493
295.39110820108027 -55.269490806400505 404.17344769736405
286.49802613747863 -53.81473677715981 410.2293570741883
293.2446643883164 -51.82654585470459 400.7417634572061
296.3158971755897 -49.63512028294349 407.67542153490496
289.83944701966857 -50.87342850265964 403.45642595576993
289.4319901383724 -45.22275008878028 411.32178370550923
279.97248976315694 -41.46051526211496 416.92016051357683
271.10801267340287 -44.467352245261004 417.7390425399544
263.4198749307696 -44.135678302778295 426.9546332976975
253.8385470504643 -35.83858624382309 424.7107416929308
262.7710348772835 -41.878508128990845 430.7036471141371
260.7145451045124 -39.16572113199434 428.4823908685254
262.61787336164525 -36.8356012493216 428.92903181985184
269.34178974947315 -39.36439655300844 425.21320882066544
261.76543532217426 -40.44189866539382 433.2181160510622
252.8049530534412 -35.01698459572772 440.63441135126754
246.0264282572853 -29.847464540647906 433.4305057042481
251.14772204577258 -37.037541149034546 430.7981349004317
259.8537341059059 -29.22305704807127 426.98081695998485
252.99533967270116 -35.2097357179411 431.6769068945498
255.22840330446238 -28.3354018253213 426.4916044133896
253.90721568228943 -32.726199874099784 431.11257229241136
256.192425771016 -38.91262180993191 425.6418526007397
254.96050242883098 -48.367539264421055 424.3675822757676
247.8860070030759 -40.87477598653031 431.2697984152307
244.6597795491936 -40.441641608657285 432.08222791759533
240.92717284319926 -45.09796687522257 425.1960077426163
242.8846503989073 -42.78999362458046 430.6730450648522
243.7639477868458 -46.346881978784 437.79565077777426
248.80789328213996 -39.71818131414501 431.862740154692
250.50866535690517 -41.80459800226889 430.9498580199585
253.53335230783546 -35.65215953537164 437.7749683714954
243.7870375625888 -40.34668773738026 437.38201309993093
246.65623343800561 -50.27103495267532 429.9681782383099
252.87422576322214 -52.991281846516344 428.4842682513365
243.4278961871364 -48.09362806281593 432.7820509081716
243.09284861058157 -43.2305713046947 427.63773318382727
235.57212103639833 -39.73793590281376 420.78301861929606
235.78064495985845 -33.49847073704044 411.66156450814947
225.8709046791575 -26.294030477291834 412.8350961160106
233.85494716255292 -23.312864995954335 422.1474727644747
243.68209942831328 -17.522970497167982 424.2813682668496
238.03310341890094 -26.692794385940722 426.7715862301753
236.06722094923245 -21.55317845887957 428.0832429791215
227.57421494491757 -17.73080577944353 427.9435024400172
229.23389137724914 -19.75715300394497 436.75382665399655
220.36169857366792 -11.370030117843065 430.2671123488831
229.38819394958108 -6.32936297308618 432.9367532504412
224.4310173655497 -4.156258390116637 439.43707728450244
216.52991307518224 0.05342062169558037 445.9164452385058
222.36295513422615 -6.236000101408284 440.93359395209393
216.4311562388067 -13.361338733597073 438.3897109953304
216.7399732635432 -22.04540683381247 443.78724179046884
223.71902373136012 -17.747806610997387 445.6610875707918
214.51655700327302 -20.131318410603885 445.8370230162535
215.79743716366568 -23.45989822906508 454.66643774212713
217.5780261463462 -20.98103281984779 456.7232065588868
213.79371769904017 -20.45853485429187 465.1154238455507
218.63746582278804 -13.53710190004902 458.5159985792261
226.1822305419005 -19.412310891129536 464.9863070218747
219.93246349968356 -16.222715624435036 457.1435167828222
228.89205260236844 -9.8938494381165 450.4341243387489
228.03037774050972 -2.7415376607820283 460.32059529035877
237.21452388635015 -9.142868097523131 462.65388047408
246.65130298041734 -3.148443560816636 470.177995989506
241.10852206496585 -9.176255312834423 461.14064873247696
232.52866184967903 -4.243113846694044 461.48217136331255
241.57971686317495 1.9004380269022203 459.60901167325414
235.23070366644936 7.272421416178673 456.25591794780627
227.73256294315732 6.284336279461102 454.9847678519949
232.09472333854464 14.31282100353998 454.22221828464995
223.3979770353362 19.538788973740235 449.4834622752319
225.63064080369278 27.522998407537525 450.03098876668173
226.79837377816543 32.24010867594679 452.4595359079069
217.63444582777618 41.211796015901356 450.61883477405144
221.66803923254716 44.29634804624724 455.8488163945163
229.85608607183048 52.71298165177668 453.81860112904786
221.75608965305284 54.79677572268773 461.6295354297458
224.48172688893314 50.65025318842909 464.81015876466114
221.53684345650905 53.923214419862774 463.1737478894897
225.19814421537208 57.25267049090218 463.48143516310216
221.91563748798492 47.99709164364735 453.58205930671306
216.47397127281278 42.72476850404007 449.4999367863764
220.19799432544 40.34071893814036 447.10918885982034
225.0744687402779 38.00375091281602 448.73428291597156
234.41424900145574 34.24125331076572 444.9256175664958
232.0654541610221 42.10186244785029 447.9870027732804
231.96634630979096 42.55543486485549 453.6641001265665
233.5073448671717 39.14414442325349 444.8282487615522
233.77110643162024 33.44744748426369 449.1958148880605
236.9393843296735 38.17232647039945 442.0576661420404
235.20099751147634 39.146865134053414 439.5242272477045
226.07562779228846 35.05947569000329 446.3768017730126
226.7332122009407 40.85459834798399 448.1514415002531
217.83023322093615 50.62857623667236 449.45473563038314
226.87277495117303 47.40545865693836 455.0735456830844
219.56809998381388 50.13389274015243 446.507857864018
215.74523809662668 41.500119722980905 450.0517712223999
208.7385725550697 42.42377421987591 449.9948383213429
212.96564833905896 39.427923622603565 444.51967749872256
208.72617104979503 49.39943415603062 441.0573195456273
200.56596293135078 57.30075475484679 450.14135674437176
207.5526160242024 63.84079351018801 445.6382310448833
208.7029715723989 68.14894636467966 454.86363776383376
216.85322189193153 64.45924256954098 452.02410250655646
212.6851677278745 65.64442057518836 461.42454150771096
211.8803848693136 71.2516720886447 454.6471100062234
221.67987359395605 67.05962618932479 459.832086735204
224.8357493266635 59.550545533998616 463.7603257914628
229.20299723590765 61.827326677364475 464.9211415570206
233.24511011527255 55.02439836024907 467.84321368151853
231.771362004335 52.362681535444906 469.57674585822247
236.46302550181665 44.39436742018095 470.5019177745658
229.4011697119849 36.96938540131239 466.69123775097626
229.5878964313956 27.467176982403856 457.26331885056993
224.40123348706257 18.62545984361247 450.2491774773079
224.30854973433424 26.82751527798047 450.95764332628886
230.21553075985602 34.231826913825586 444.74904391528815
233.28141759178175 34.14460351145922 448.49401074013707
225.90556105744645 30.116408423220832 447.282429394209
231.22376087477517 27.393188709568328 440.12067100297065
228.71114680852338 34.022191258240866 430.692023877994
237.53452823959427 25.948438787643802 427.9643276927532
247.47765951762003 29.36433211093376 423.7874521359096
240.53932625183452 26.037805101900563 414.3158145793392
231.5906827914643 27.517389231921648 420.79581277000415
224.44461361853334 30.024520626185502 418.0825078554159
230.30213306471737 33.997660031983365 423.7078853467626
221.43286064022143 39.816725559406606 427.5195827205116
218.6467096652118 47.124278785391546 417.9513526072353
208.8313324824138 44.47060759973134 412.49305812744797
199.1059954560171 47.98727057850706 414.029491282784
202.63467904693226 50.110362035364965 416.4820487968058
192.66778998294538 53.93399768383351 417.5069261498413
199.50803194485093 48.08255262600287 414.4085252243192
197.3861285478774 57.299740811168746 413.1974297729491
199.68420349996805 62.58186547196693 422.9202133168207
207.4292610401027 68.0647486827924 432.3673910620152
215.5578511207616 62.306692145110766 437.2435485231211
214.3904079403056 60.960327464817134 432.72959434643826
216.9396165397718 66.44619075941593 442.1256459905983
211.9364602320989 72.24247372216989 440.339654939463
210.02257444225316 68.04821503250308 439.825335102255
216.45313428567354 60.38863371310812 448.5230405665661
219.1612543745971 70.35522299747856 451.4941469503943
221.11258029527352 79.92540694355736 459.0187055599377
216.0789843834752 81.14410910039706 456.284565274861
213.00547151129825 82.82049928016859 460.27003667100774
207.1620519361912 81.40805442950264 458.1630863422549
198.130238649302 86.67074729341287 457.912111631278
188.401211777365 82.10738753178403 450.5651116242183
196.80708002262975 75.19919534852983 451.73768417090406
189.04029743591244 74.9423991606232 447.99845589594594
183.92487835441887 69.42923840727852 455.1485816947608
173.9731399324341 70.85245528402938 463.15472969284565
172.72416716196636 76.38488335418509 462.2553959916747
171.361526033685 80.92107726351269 460.79951182965556
171.05608162790176 89.87561215669227 454.66098981273956
169.21790119128272 94.67941601531128 452.6275757560736
175.96309092022264 90.31721103837096 446.01454619160535
169.11328916312831 95.08055329899024 450.35538488734727
171.20238617278312 104.84692067727657 440.7180973845893
177.4422512020058 113.1792831605353 438.44892291422275
175.53980124038355 122.48282744779802 447.8692244936753
181.78322339361583 128.44778032824405 455.28125701822904
180.959033498369 130.7415418800242 457.9651135724368
182.3936553102026 138.5058715375092 449.9772017208848
173.09159573014315 133.72303061018366 455.3238469875145
163.93826604791178 136.91213884929888 464.3720965215047
167.23789356418064 135.12117617412696 462.45483232504216
162.3683910120254 129.70659295307536 459.0403463864227
156.22692097062674 134.79733618471332 452.496452985171
151.30744442837238 130.40417185314826 454.02098091747433
143.43513337043612 121.20123332071665 456.72342372106584
134.0447678207712 118.17139250995304 447.8602121648199
125.44143424830673 126.29765761748291 447.7925541031548
134.1070067233654 128.12378051665334 454.18046287330816
136.61805393413846 124.15468990738901 446.1886827541096
40
215.49525210606365 71.75156831061497 458.953365033169
217.8509286038015 56.07168535882036 463.8904150134082
222.84870153553274 68.98797297285678 459.5105552080287
235.81022153621012 57.955927633529896 469.4800431913788
235.5445956097868 51.1027974226605 467.93615302831773
235.66950321800155 34.73038015890738 467.7250006499878
231.89071169939103 43.138476884694875 463.2035580425948
229.93983426235022 31.16953215573619 453.7005214247744
219.9838339377367 18.08480634614983 453.69480424334614
229.2371829386313 24.08122172564192 452.88831472066084
229.10084995622864 27.254524480705648 443.4144738011999
226.1610493513554 39.021815501142854 454.77346719865216
220.253445858016 34.118165956036236 441.304651744547
228.51049898620875 36.47058685074853 439.36765305728653
230.54222032746407 26.202260667696798 431.30025518487895
235.0099761557281 25.44260989749945 435.02789370391065
237.8704112065527 28.47079572874972 430.8960603449939
247.39414009619716 22.624201895853545 405.14656229234635
241.0506528686046 27.020533274236534 412.778351958004
223.7250061833058 37.2911018626924 421.7311785186755
237.0424244260372 27.85582683090972 429.39377580124363
219.26020144415781 47.535640985238786 430.2006066250718
224.04066095027494 52.56076871049159 419.62053788781355
208.58645266038022 41.24792534845513 409.94960496767806
193.42299725151824 49.04499184493243 409.56163689485237
207.34282186144745 50.484128891396516 418.31222601786345
186.95688595253293 46.77822259358366 424.4931355709565
190.96258560932284 39.84396712425667 405.5275693441779
193.08805819108713 61.32808610624117 404.0616425249441
193.93366322718498 66.60290564752849 419.2564955365814
197.79168728153482 65.03484932777526 430.97499442970275
213.42722767375582 65.34871951157591 435.93269888424913
209.1898213682615 54.8793109382605 439.1642549394177
210.71238113274177 75.36348150845085 436.4520898263803
203.94892496384975 79.29070689438724 449.11321802853564
211.01012420243273 60.97214501217712 441.6811146262682
214.24187183281742 69.29600717549745 440.7758105160465
226.72585980734118 61.53384984596859 441.9801678026834
211.9730318623967 72.37681041418628 450.09746318504887
226.05099916169027 86.03253813612105 459.7656280040438
