1000
314.93715091953663 311.66213908465835 147.58740039330195
315.13533109967125 306.45742271179216 141.49698184674745
320.31322627793605 303.13182999318406 143.9609838489044
327.2676807453027 311.7668541786578 134.80092299068295
321.5725159080985 317.45849230194824 144.118446038347
313.45079548794524 323.99019560993116 151.4123130067034
312.34949336890065 331.6624999827473 142.30117008084068
311.22251446968767 337.1061460991795 148.99537881853507
302.509524971767 345.7364199773289 141.13242287340464
301.42401925080844 351.92823629547576 147.4438215365053
293.5763831198606 345.117707998818 144.0268566617194
287.8496044307688 343.44140948707815 147.55216164647314
279.87562189805703 338.3375985319116 150.97834247567826
270.9031257771821 336.8060431621773 145.51520161820906
274.5853898786898 344.8642064833148 136.4833387660812
265.5324001532014 345.7911037207376 140.0543104899835
259.98309584668357 348.73846334008596 140.09492122460358
261.11741000275987 348.7896762309015 137.13059926603088
270.65521471447784 344.18916858235434 142.39292121630572
272.6647111059864 342.0897267221279 144.70702958789096
274.33772964530084 345.39365665478675 135.2267580217033
280.13277169512423 348.20160245197934 139.08421216694282
288.66161092648844 355.27802445968376 141.98728100095258
298.4108085016608 357.18073970611107 147.87452283590898
302.49975876618 348.5776126956698 148.82564851918528
309.0720036955739 340.8950935230964 154.87016027711982
311.38523146872564 334.4709254820105 157.82270816589298
304.29993015130987 335.26465093927965 164.91524881323676
307.0741703328715 330.29384842409013 174.04219267540213
303.4392301480685 325.17610101504977 172.1815389635037
309.8338372057711 329.08487195798125 172.68536193347325
304.43327190088456 326.3388905375375 178.0183271583614
297.1141923850574 328.1501404375094 182.97937606711275
298.64438298940956 326.13353525003595 179.0223585127922
292.95599054066844 324.6807083905056 175.92874321284273
286.52127577266526 315.0534762266411 168.36836735358213
286.1793449624827 315.5789725299033 175.6018827445754
289.48973919653474 313.78359974787185 174.4257240544246
288.521883622933 322.83205490631946 175.87094385246922
282.0579107882904 328.91657920208536 182.56357764834758
273.63799667472375 338.2425254285009 173.6719480105406
275.9542317651692 347.1447344659887 183.00706681235607
284.3443086350198 340.82100991499146 186.75027367681122
275.0541640079782 339.50866737174437 196.72626207354676
278.0094710892311 336.0103650584518 196.31907339678216
272.2564694754679 330.67029908702483 190.06244314382982
276.8761650163923 338.67448495029356 193.88864191870823
280.161143536304 343.16163004882753 184.87892079845554
275.2816192782077 347.49543141347885 178.79028348274386
282.18519214012997 356.6215548944861 179.68922394153475
277.0871863082423 364.79770282941615 180.35577445711618
286.39609690194897 362.8543270700048 190.2565155275488
287.1133048357981 360.8796509993726 188.57462512301166
281.82794625309396 366.4832591683335 196.37126412792
278.295571023604 369.8229237832026 194.71884188025783
274.193164764691 364.60928206061334 204.41084781019603
280.0777108998091 373.84259690494736 202.0979110913586
276.60530114352173 381.64847735020203 207.07845687414599
270.23838198958356 387.4894835167952 213.04648369495914
270.42222072688327 393.7941098206394 219.02018553774275
279.7509280596657 398.78096779395827 224.99423411368218
280.8376437357346 399.64209144090137 221.35487247335672
290.6564318285116 404.44270142203743 220.70056647876098
283.47826417053267 396.7875002174343 214.83814043841625
293.1127713916834 391.0963649220742 217.5081613090907
296.13319540003215 381.94553937054263 224.31267222696846
296.1622023531501 391.3098180267395 224.48257483893755
296.3911821795111 395.6129707986952 219.20031332531227
301.82670985211814 397.290068485884 225.43135224120414
309.16440335183586 389.9301823432228 232.89784536084963
315.2104429577901 385.49519806448353 227.51817037539
310.89469665812976 382.2501770567747 222.92091962000538
318.88706091408653 374.2921890496894 224.26541249491177
315.6142776921356 382.90985889233355 229.8852500671991
318.2076142925005 375.32376636024514 238.94782575642643
320.0239057403658 366.813316190778 234.78082285282798
323.9871949871403 368.2075036504989 230.6865179705099
317.7215731342087 358.2587934869332 235.95674705920968
325.8102915685635 359.64099690508226 227.1054442230785
331.9261041058099 356.33224731895393 236.14238213823884
334.558110929061 364.83021589434406 234.97279389845343
339.03978428611504 373.1842362472996 239.59663418106965
336.5471640054912 369.9579405628251 230.93222326391674
334.71150790487167 373.9838307702874 227.68341096232027
332.0585187267129 373.33030665041724 232.14930008914232
340.82454555399164 378.8538650670006 240.12025627707715
334.08186703757684 374.5236404299516 248.83902107666972
341.41911393099326 367.008617090875 257.8647435336078
335.27635264958303 361.72742540251363 265.34301023622646
335.6554553554944 354.34394181181904 256.39930126021625
343.56835863497633 353.78153641489644 247.21184141841294
352.4885784698931 356.84380969421204 250.53178651697635
358.20744866868296 358.9415920061688 242.8927229085533
357.1391661423663 361.62371542238253 240.43902751029026
353.7224583419416 351.63703025561716 231.30212233123945
358.34340849763277 345.0999536435769 238.72340517719684
353.837891635415 340.5259721434015 239.247026148491
361.7680994157805 338.39171247314295 230.54032181379765
368.5402942798251 338.0915799659769 233.75891128550109
363.74372975783706 346.2860548899975 226.3529307627155
356.58124086033996 354.64335804326726 219.83718862133932
358.5220047505644 355.8395976949907 217.88480193115345
367.8226322405091 355.9319679954544 223.88904188286295
365.82656177187357 357.9470495131472 224.80083626334596
369.9490292974206 363.69371984114304 231.78716116776604
364.5693286816529 358.892326463931 238.0777951661553
367.3764756460298 355.772263647979 228.52392367298245
364.5257207593545 348.3136032241456 230.97992229666548
364.75659977059564 349.99954988863976 240.5677559431669
359.8519811832487 359.3183606235679 235.97412130693823
359.6338478750104 364.1625152579144 240.56997332749106
355.563577673034 362.2707652126493 234.0667064846746
352.2640763917727 367.49652822822384 235.24231876992275
351.96705981611245 361.0865659291119 232.78025026762518
354.0790495047049 351.4046687327903 241.8165008512242
354.7724653161992 348.300058735018 239.98501685365864
344.8867655239235 349.3113182735055 240.01785116396007
338.5972488073019 348.2284165001845 244.1292536238069
332.7185299251785 344.62683868329236 247.23894854110685
341.7299793688335 339.6636680797836 255.42289077889987
332.00868596242856 343.22435605269686 250.62844544662568
325.2189560892475 345.15702425187845 259.8588530985106
319.6180749317971 347.377464212816 265.1490339456667
323.507564632717 341.04364678227006 272.56147074893494
317.4656937428546 345.24019086280015 266.26239122269516
322.86716612169613 340.6612070637553 275.67571122254975
321.0533424920709 349.58968532187714 269.5591861390622
312.848522709662 340.2795891842731 272.49785062758036
316.09902814601145 341.0868258641679 269.43198878723996
324.6240365771101 349.1077034858012 273.66210173820355
322.4216759761588 339.9132967023555 275.7265279748254
316.981704994405 330.76409259671243 274.8565318443682
311.9135786491318 322.0784247336492 276.95520599761693
321.1386431543375 328.7403075062988 279.46283431909643
330.05325341732123 338.1587508962289 282.41832816391104
320.89345101578806 340.7499173719367 284.15608262955027
316.12382651873344 337.9268317690752 277.9342590065374
318.14286733992975 332.87903524122885 270.1464643166247
318.9366922110622 333.6810039027845 263.1285716529846
310.8703339550019 340.85803658001527 259.8326931637619
318.8990254628884 347.9700343286343 256.47669557093496
319.9402717409102 344.26711401410773 263.7839957895744
320.82721472477306 340.95468476013866 269.6015477996957
316.08571058725266 349.3142295634439 273.91444981351276
312.01389430556384 344.2869577335118 272.4534668831006
302.5255410805737 337.12157359582505 281.1090132051986
306.9447024159126 336.9502292692924 275.50682588504134
315.82719622268064 342.6880547250976 269.0548050440373
310.1498257846227 344.69459880378525 273.2740356101249
318.3818975824343 339.58158504656996 277.05536334931264
322.4016760068476 332.417349889948 284.42585177609874
323.08706467680946 335.23261142950304 286.7157336796383
321.9346133769523 336.4173546180076 286.2644199156169
329.4171053862011 336.2093722986871 280.56769886461916
319.462064790771 337.4428749467338 285.5869844278185
323.9756923662123 328.4982127398574 280.23973271512017
325.2689013376723 334.95963994840486 277.3595114446538
325.6788781900304 344.2844599901342 283.2343879429119
329.75345512765546 353.66614511674715 284.9076851842989
326.19230442572604 347.5173643175696 278.03800048848797
318.72426315906955 352.49587552850966 270.44105043431324
320.4277495905582 359.3284709444801 266.8184964257914
323.10857124594247 359.8231974399248 258.0366937048072
322.2139498993925 357.3794396920929 254.50063116296383
329.352227916351 361.14743089074057 251.78925795024196
339.3267858541263 358.1774656895784 249.6846278825156
340.2657759105247 352.06643804833453 245.66376169476698
344.5895596903247 345.1287000545943 254.5256488178391
348.0477714775797 353.3741828586244 260.8030429383506
354.0623323718754 351.31246646173696 251.39621208110913
358.7762099119145 357.43767302049855 259.27381276906266
351.0740867997281 347.7380815927475 265.89960778001534
347.5551245789736 347.8112236822383 258.40843831257195
342.0612876376802 345.8108474275672 255.41424023231218
349.4010886549478 339.77179595475934 255.17421194237238
343.24300790494596 343.3081067751746 256.25818542988526
346.21508343435346 344.1660417008084 258.8916942108118
346.60634064582257 344.27780700547316 251.794076686187
339.718206185195 339.54155254621975 257.5407844497903
336.090296989361 337.6059931052945 260.86705265892607
343.44954982722385 347.5905367436896 255.8368792221814
346.0773758339085 350.51546263152915 254.3229374255443
350.0079987984487 346.36454178314546 251.96676644481462
351.01694222079755 352.0159375621691 252.8149519369612
346.19022813445207 359.80806769625053 248.2294414102444
345.03159759411756 355.21902209834946 257.16654211908997
336.24626901228544 358.83527967227565 258.15103367736117
342.2336070092955 366.6929506412314 254.18920800166794
351.1835851912676 359.326588128465 246.39946912036237
360.8557281397615 367.0629492387585 246.44669179693864
368.08773555002193 366.25906773604356 254.79339288765098
374.32156585346627 366.1287740489602 264.6349849519455
375.145136683493 358.7842193616656 269.51382297328627
372.4758564799991 367.163822561877 268.07409231332406
369.28981357080335 365.10369666570307 261.6358350854858
372.673103505623 364.3701381299129 252.4319699948178
369.6794090638103 364.16356599173065 245.38865195362106
371.50559941402594 373.14989178390624 251.64693912860739
369.59018453949705 382.4731444854134 258.3517979287799
373.6673791784253 382.62640262866296 262.64434036056485
378.4015802731532 388.8776327580935 254.72391335787185
368.596728644094 386.13787364382443 254.62264739457862
363.6612465739483 377.57163142201796 252.11452618194963
360.3784394752481 387.2819831849415 260.9968079128508
360.42796598380556 382.91724484973184 258.18810481271134
369.7957731921312 390.5250376571772 249.89891052730826
378.6224718350854 393.0402474651808 254.863685732802
372.94995878939824 402.1294526076753 256.23905943358113
382.7065763097584 395.63370685859525 259.48261289341787
374.5694575990766 388.36966615822564 259.2703619590705
383.6215771654738 393.6119366603178 254.95509410940502
378.85389475043706 388.4671928941517 259.87591358303973
375.6343131370552 380.6535365664791 254.520605516626
384.62374176311494 384.00005804399876 248.91120199102136
391.8576292525755 379.10136742257686 249.8465070760726
400.26335099530115 369.49129285777616 242.22796695373336
399.98711948479337 377.3261725287422 251.73385384115196
396.24454367030273 374.5735404362308 251.49719656938743
392.2008434155679 379.0631090174949 244.2493782478065
387.24010447569907 384.0584951564367 235.28724212348723
380.2331540201293 374.807042346806 241.37084576041968
372.9144724122954 369.6992505524028 243.53070499344528
365.1371359189679 361.57543173405594 242.97798277017438
367.50947549766835 362.0001323944534 247.38794536903202
362.0007067341567 355.29752023865 238.63965568057085
361.66875467531094 353.7917470362138 233.8979662359303
371.13913018539864 356.22839919246104 235.00278940342295
371.93112341939894 355.7729888488604 241.1976359034828
380.65964895316705 362.3962236340849 238.9804142910508
373.48097739275113 369.6681893430985 236.21340239847524
372.4911432199685 367.12817348329344 234.48206339883228
367.3476436812916 368.4353236376423 232.62083358362202
373.8076098015895 360.74188591511904 237.77345133021177
383.61410047887273 359.89276218970946 247.39103233123964
392.2607700182374 360.53908822299513 256.45089088915546
392.5753298017955 353.0926519962152 265.1653080314148
392.8601260913665 355.7714632306774 257.79634238190334
386.5121297815643 360.2843134005469 266.2860057021119
395.6955743740231 350.8809969859559 271.8000669929063
399.591027329173 342.14986790576415 270.6183350783711
404.48442328467445 335.4851699323385 279.6779158039189
404.55044049794014 327.26623492646206 283.6942553937538
402.7284355681102 325.842698802526 287.7304522236156
396.0201930981187 333.95968072121315 285.2909735696834
402.0278507625197 343.7355085294204 295.0015951143605
405.7636289966424 343.4521017180875 299.24957815565205
402.05432759190745 341.72595572593343 307.76174407523956
392.1320302985504 351.3444661958363 313.56460598862765
386.58616645684964 357.1403517296625 306.59077891537396
377.74988273335106 349.110748020272 304.0964337309873
386.8919719411026 339.1228280514598 299.8571492592817
396.1923513133821 329.19892042138787 290.206843080189
392.56198970590543 325.01616638097175 293.48974067747497
395.0176790876383 328.38720140633177 301.3651763218755
403.77271559693565 326.7051045785693 292.2595714165041
398.8034718840342 321.8744925437271 288.8932812276417
406.69534341300965 314.45996577837155 290.9982989236449
406.495316877954 312.3035677474973 299.8137378715532
412.1629112399452 304.6282520353476 308.3095496018837
419.9832990317897 310.40002256261124 313.91310728747845
410.9552521538267 318.617783500215 315.39456860180564
418.89533431710123 326.8817247486608 322.5966470160659
410.85454748625494 327.43352703704767 325.3865853477434
413.57226224357333 325.7988041151307 316.92280298730077
407.5788635864546 329.6859855504962 307.2699878488149
398.01547721833316 325.2917097471007 302.23574763018837
389.75213151105015 315.87867062752963 302.45930776068286
398.4331777181487 315.46535472439865 309.0511622435331
388.46399739100224 317.2730137676118 299.6855854100277
385.67578931052543 315.0974029212988 298.7395856604392
395.41238968539653 314.1673759277444 305.2343967853025
386.5647486793606 314.5674602850963 315.17401946040854
382.3495211872327 317.53661080043355 305.43660179292
380.04640532539844 326.24815620292895 300.4657667718687
377.328022978707 325.9110073408096 297.86187024300267
380.073401785941 333.1350657639074 305.00542732147295
385.3301157399179 341.2217100251262 311.79232689166594
376.88508755094836 344.21434822321953 303.80597775831313
383.99553779752927 342.9957258832334 294.088998933918
378.63867376831655 336.2203514310014 296.2999532731795
379.05517732360414 340.30967719808706 288.0306539709217
374.42172745632735 346.49079304249653 289.7431404034782
370.40256649986407 340.8821183369512 292.31351878373823
380.1332245731324 338.18835778983623 290.07206611226763
372.06229110293344 344.8675226949872 287.77010012694865
374.7213152444705 347.91160448596065 289.4793083223665
371.42564518597936 347.0297100397374 298.28353847794466
376.21206616652813 355.54755727987566 299.2735545211076
375.7437420242509 347.55237772627305 294.48986844328635
378.1691847086147 340.11074597041767 292.7752020536547
387.38191054787023 334.494287795169 286.54369154949967
387.0395571197215 330.2445710459145 282.9936275781624
387.1932710445463 327.05501472646495 275.604156310925
389.7773330597569 320.6996604282181 279.2417952984041
393.80300971486486 317.63063784164314 276.2033367734637
397.9775954380217 317.52291792444294 266.53347733422584
398.122406877758 316.005762903961 272.16870363657637
395.9315882359512 317.5660240795198 262.75048979643157
400.8211035836924 318.9028484373708 263.8379106096513
406.4431056949623 309.14601766695597 261.50428651217294
415.12345361702984 309.54112836419307 271.20937657122954
416.9758372442639 313.09845426176355 279.799557274748
421.8945184279183 313.0517425330075 269.8898571343196
414.08970677088445 316.3647543338584 266.9881802895706
418.20497515340526 319.53143384679004 258.4458766945492
426.53544128373744 320.2591533762992 250.35392178709782
425.7990057113978 323.2375101206141 260.22928718263796
422.8668103338688 331.5086691413313 269.6817107648049
426.29343771753975 329.5105814693401 270.7509647749305
428.3311071468861 322.8131299330613 264.72649167577646
437.9623995881487 327.2016040800763 257.53635027313743
444.0443918381978 318.99441601371984 261.9002184322027
444.9093468987728 325.23373823876835 259.8947036821477
435.8023327306677 315.9995146352727 259.0320891568506
431.9991316880803 325.3311208067213 264.3932552910851
430.99671406967 322.4135245558245 273.6297087326965
424.31691287317534 329.0462121739998 278.58361925858935
424.6667068874034 328.4856598699589 279.5600537309518
420.4966579194869 338.02750606510284 282.1660076913501
429.2194898354812 328.52351052411154 278.1931018792798
420.0701306003286 321.99114476592365 286.3893707831257
413.83795762900587 323.5831206001287 281.42229375432436
416.88327655459875 323.04010434014987 289.8315343550817
415.230728098848 331.3072327072808 292.01296394187295
418.9055225797048 339.7267043653278 300.67350299154765
415.90035665963114 345.68272901502075 294.0174892845753
414.6715711240962 351.0711892340687 303.61795262637145
409.0566824652305 360.804948800919 294.77678395187667
400.2321760938012 369.1474724382517 303.50314287693396
408.68962599558 367.539377185927 310.00989381692483
408.34390937520845 374.91779517384884 316.38287082311024
410.9857790178321 368.35418112486127 312.52631418049583
416.8427644958798 371.61770336368426 310.30103409551265
419.00965615112244 379.519880159672 318.6070341545142
419.83662361748617 389.406539189022 325.5430267854323
428.235326710138 380.1068486670778 317.0351625314512
426.3198935377127 372.65382787568933 320.2332497001164
427.88543024620907 368.4544325325276 316.6163604681569
418.36363383572814 377.28911003377755 325.05390655606806
408.93071832170165 384.72451607990524 327.40134952166056
411.26414141618545 388.8835980716068 324.8017175333254
408.6454848928638 397.5135445343957 330.9040218003499
401.5898350720055 393.15528128343874 335.05572086290357
401.97838547018574 401.7771515896246 330.0159971835567
398.7200778393728 395.41484458805604 336.39251154216345
400.3386890546829 397.78648418455634 333.8667479536552
405.52109861493767 400.39095339413404 339.71685565504254
410.85948728721337 393.940777318955 347.5537349870602
419.38181368634514 387.99106310607453 341.93615745577387
429.1023388553182 397.855578410575 334.84979155957103
432.7755598840223 390.34747174340254 335.5119615596082
425.21111732644255 392.24687829817304 331.45527069674745
417.15550267896504 393.6726988401145 324.77146187539887
415.39987150451657 397.0577598706155 329.9995804094184
414.2542044400037 399.33298179094146 334.05248806771226
412.69173403643805 404.87071651714314 341.42289420751945
403.75621256119683 404.2480953837373 334.38447125369163
410.1997375413041 412.330613209907 340.1750783457408
406.4427884566892 403.876346063295 343.8010420994686
415.4304064752094 398.30633229329635 345.0131171526707
419.8468398392049 403.35455219100066 351.2000181307149
415.2597304102545 402.27908377390304 344.59347315580044
411.299314235292 410.19716522719716 344.4734105088234
415.54646422709664 412.70082911155566 351.6222709473389
415.39299066551143 416.20461221904367 352.7875701997274
410.3943624647919 408.560497716122 359.057069345123
416.81807915490856 406.60257538590366 366.9607295250186
415.1192149086417 412.62028785460905 374.92972243013196
407.7219966630128 418.09196897427205 384.5695706733487
398.3580635651321 426.97707022561576 391.10885091648646
403.87694590563876 424.78084393072726 399.57782321730633
409.2059722120044 428.74103050963294 404.8205064597491
412.6465304302404 432.7641145412004 411.7591837450471
406.6682485471313 433.1184005540231 411.68074621199185
404.25008096035515 439.0795536612652 408.35450447935625
402.7813568845863 431.89733309244986 407.72846295261076
394.92267156347725 435.5982205456825 404.0434435079101
392.3795077031349 436.2522648481093 399.47044556484974
392.31501305317227 429.78238017160925 396.6170748925671
386.03774449045414 424.68354071735143 391.6880285030835
383.6122401968108 423.416418151391 391.94619898724727
379.60320696274016 428.99946424563706 397.0047033794081
383.7542564098591 434.82885926615256 394.3026202254937
381.0693836571502 428.10833001487254 397.5646388313296
382.6905860000908 425.0584287158898 396.7565852052095
379.8726164672814 416.87999692111197 396.8767324089618
381.1695844273433 423.38109721085976 387.20167465362306
377.80319094586594 431.88609809826835 395.10533975149093
376.4372235009337 438.1038019277647 395.6535843104293
374.15283262368354 444.68806600219744 391.5170313443463
368.88211258341926 451.3505850697971 383.01258188987515
366.1403657050003 448.9064220904848 387.0697341451185
361.2729091751693 458.829484089631 384.4100585536389
353.2625945626184 461.23521272575 391.94918185062545
357.6463781386642 466.1996100876713 401.2448229390733
359.55959851093354 467.83545225320717 405.2900247020047
365.5929837347502 463.5521780139322 408.8315116432621
364.7523816672041 455.0789827195368 408.68851236530617
362.53834346484194 462.74566507520785 413.7874026270167
358.084994124442 455.79292543595864 415.008782035945
359.3576968196789 445.8120313537073 423.6624265049732
363.94157360199415 436.4831433925235 421.03186079942975
357.9590966170991 445.4689804943113 415.8249253832605
361.82433538643477 454.0298820436867 418.5475355382115
366.61553053209354 461.21167489233665 422.9079145268847
369.57478932521394 454.22937400621896 417.62595602856595
371.6685473646166 454.3423372937763 421.16605201154186
365.87252776496706 445.8298296846887 411.59467981082713
358.81938994555816 436.2437820046171 413.9042946274541
354.6878066774694 434.2566825718491 413.6263324139268
347.9324311253857 426.39906456465184 411.38727483528527
342.0625099173447 430.9746707986594 410.21327657553513
339.7379242975553 433.7949262842415 409.25619274410246
333.40413472195337 427.52951708806927 415.3791995387533
330.64587400353196 421.33893235771603 422.0765341803652
324.05333775344906 422.08291618859437 415.56293865266434
333.4571818506103 421.4680189021089 409.975063958346
323.86282751366724 412.06043283357263 402.83652177071446
317.9099650806677 416.5329993912426 408.06913200442494
323.99405777058286 409.866807885289 411.5336744058929
318.8686186480866 406.17593730444156 411.02129054193557
317.68633859355896 403.1468416219497 406.41794321547934
316.27233908012397 397.97157957563644 405.0775575764411
316.0751183685036 396.7916558740564 397.0539935294272
313.76424093207396 399.63180091636866 395.5824520568169
317.00033678578217 390.76500158511993 402.6549284459856
318.3696042408059 393.38989960960663 392.83037200322525
310.3511709771524 399.4338416252646 386.1083957483456
315.4522779757863 395.80310846190906 386.89768074394567
308.4964754508288 387.55392814457724 382.38495928512305
306.1865159916232 383.98926097241446 374.9603215052013
308.1960762489002 375.96575191401206 369.9011574360919
308.763932369299 378.9773597434996 367.225161185095
307.2110772094317 385.7967254355718 358.4705126752514
302.9199593881318 375.990952716517 367.93886594534604
312.55312510631796 382.5820350836368 360.0837260579889
314.78129154914836 392.2402442621548 358.2685625708064
313.4550318133062 382.3662722393128 359.49492687941705
309.8208219703523 379.1232352199621 365.5771501117047
310.39166659687646 380.4345603636949 368.9367334787278
308.1374305366979 381.66631458930885 375.8508386884593
308.83728737708896 387.37534180704176 370.8529931459838
316.3304392376948 386.18137580671726 362.71763704735673
312.06966669604543 380.91021025517773 362.890724121518
307.54598257559496 381.31498422375904 371.5498769213033
315.5763234776423 383.9649340277686 368.8480614974048
306.9074632382303 382.36636990638 360.2448320815625
311.9125229763187 384.5023060854141 358.147621195585
303.8645593507248 384.6645573355949 355.170663550538
296.14842811529365 377.2025607913171 361.35364274706427
294.9999497509155 374.29385324476436 368.0224816020564
293.4358320779097 366.35191606297724 360.99841047889043
301.70756236136003 368.77253603796913 369.9008861735342
299.51901462657685 364.9402247868433 365.3683774932041
299.7581658525859 374.6082765386047 368.4308799869584
298.131498248382 375.38770032883167 359.6783768261838
306.9652534146581 377.30433556278587 363.96114608944885
303.45744606044843 376.26213134858233 363.2767655408638
299.8283233615951 375.50617975020845 365.6450826029245
309.70055245622984 372.5204658641421 372.4049873486021
309.8096066989127 381.5404702898679 364.7901512523399
304.8205870861367 375.6780515430949 363.01948512950065
309.25985936525365 367.63893048012784 366.1179693359178
311.97644824333264 358.58460583421123 361.4416659483895
309.8644342414167 349.71341745331483 370.22875980533746
314.8084767745402 353.75078825577737 363.23392346013424
319.5018629283764 363.6171857014363 371.5416750402996
327.37140612011626 364.81500540750625 379.26515595911656
318.8388395762202 360.8790329792165 374.0440779298831
311.54419589916404 363.6859245705777 381.34593294115314
317.38667098173266 370.9006352199855 376.4709788632108
319.0294644916695 371.6104583172662 379.249702565979
315.4556873733884 364.20940648974664 381.2436765058849
308.9802775122011 358.6703350457102 381.7242671806841
300.19002551057383 365.78875973690083 385.77209463786346
293.2940989695703 365.9643663614722 395.51559562636163
286.10480046524356 374.9060602268888 392.509664067764
278.74751898793903 373.334006171509 389.786640037045
274.6494499352139 375.743625084623 397.2672983093375
282.6025589286899 376.099433909564 389.3565364844205
279.47028745073544 377.30062388985465 394.69609479239193
281.4370631311633 379.30319973284736 389.92600928645925
280.69643824910094 383.2714945787336 392.1755297552506
283.11828749152295 384.4184961008556 382.63423641394155
292.5270256985612 387.7369606086657 376.9709128008271
293.9528272591606 381.38852788175745 369.78937054992394
292.5614898655418 374.5163120389858 364.5732575930368
285.05598943167445 372.662947056754 367.2269509956965
288.1875791272989 382.11895899014627 370.5977303807443
293.0902966919378 372.51949051454886 365.6675294727432
294.78494552203665 378.97896700416356 363.8046016769186
297.85681987327683 379.2954255322161 359.7608650612769
299.0196866901437 374.2097740943623 350.9278994345038
307.6308166326526 383.87513109829507 341.3093861662159
314.48468268026414 391.717010257649 332.77634682790807
309.1512657397576 392.6610987740704 330.5031443079817
312.3888573626248 397.12143114010127 323.75817853070015
318.73556786188794 398.51242235064376 317.853965972652
309.52378672700223 402.3098035639056 309.2789831915098
310.7946602463377 411.10736129057216 314.2798641102038
317.3330599146299 419.305954274003 313.7688179019615
326.7526256823811 414.2654480932902 308.3336885048849
320.8821552750037 411.58047027594154 309.3824501587999
328.8271365228616 415.07609012320995 318.9022241022623
334.06975229409437 419.08075208124393 310.68207535588516
343.0468362651478 420.0812786893472 303.62658722868883
333.316734665184 427.82232449465425 296.5192186701172
339.7498550638167 421.63049911021176 303.17456580020155
338.1847519663358 416.11343535021297 297.0927921136008
342.9833475565297 416.6176281289182 294.30964720907275
339.70288680392173 421.90442280212756 294.6506558877606
342.4388281381487 411.9924597752624 301.3316355807577
335.07039458114275 407.0486091425733 296.4880459244206
334.0535679816008 409.0869790242561 295.9202248701514
330.02933669204236 411.9574690419882 295.4211271700136
338.44839107732736 412.4786401218095 296.2739274450717
330.8363608653911 420.0151150213414 304.9332384479528
334.3229658196513 422.37884344675183 305.57468382480585
333.6334550898934 413.8147842056867 307.52321521670524
324.68993026473504 411.2622106920873 300.2760004263289
327.6629680991731 405.9307580179192 305.90666726194314
324.691007589414 405.0565630023921 306.1925360139478
314.93023159182763 395.56686427770734 310.75065257826407
305.56218962068743 387.19493440600104 302.4965103893547
299.6205465270142 392.4609093742227 300.49608971830116
308.6154991657909 396.23635013213334 308.47917560590946
299.8324219565096 406.16590009255077 302.29275437495744
307.7849786652622 401.27054631013897 295.711227589737
299.7301547954434 402.9616779746145 286.468161296232
304.1434824937834 394.20224913324415 278.13669539507873
304.3712900272322 389.52874149928465 284.4088611135565
303.92300513192953 389.067718107717 282.5257690898814
313.0879100277247 397.9841031110933 282.5440863005831
313.441749069634 391.49774508265097 289.31673635287007
311.18581642371964 388.55188494111206 280.4639537191209
310.8304453872703 382.57987501923947 278.6555599683976
316.47410950015944 382.72703068457054 285.4202443886205
311.9770017306282 390.75546681504176 280.82061795228685
320.40235285568764 388.0949545721922 274.7450122801497
319.96413480709134 397.3166591310569 277.5065122125414
322.3991722020231 388.29145792679066 274.8216045186157
319.0489237187852 391.04540535332086 264.98236583152925
317.37691826681345 385.180464301351 257.57046235872565
315.4264838849497 391.14775277297605 263.3427724363969
321.9577357446794 392.10429335882395 269.31923233025026
313.9181492915387 393.76533423804784 261.4604237391339
322.6207590674537 384.0226892880834 270.69924034590025
318.49939000168047 384.41165104996094 279.00910563749966
319.97059750586544 377.38745432002423 283.1611122695489
322.95745000377076 380.5610602412919 280.4974866202313
315.92946475284697 379.4926442350476 277.1640316817396
320.5172177283875 379.46727146222105 271.1085155908837
323.12779294355886 386.2326835048324 269.1018395991917
314.45323100986684 382.45516797279197 269.87725443464484
322.7171790360812 373.43510301548355 266.43293771173126
326.4767101159001 368.9589084723466 274.9491425966695
334.25197536006493 364.9119805920871 274.4188511599032
327.02555016981387 372.2346198419309 273.5452256824439
326.28426230818604 362.6331003532611 280.10271994446197
327.3690997555412 356.51573584909937 278.93625105060744
329.34142637512525 347.5146327597953 275.97809715191704
330.0483033620292 339.79486228081686 276.13244413317653
327.7825530787563 337.1821564257359 268.8018105372398
331.90274015451814 344.0141450767837 266.2486220905932
338.0826420620889 344.2981998303425 265.82087286144224
329.6525454029843 349.0927166802494 269.68525008553036
335.9545763859797 340.26313755619 265.19694364083045
345.5758915744713 332.1121433851196 272.03542755012245
337.7575230083655 336.0123209211931 263.6297072412765
342.43740631841445 333.1927767686054 262.1009837229792
343.19179519793187 331.61243777639845 252.6076516379439
339.37388665250285 322.0340827226985 247.63362756509258
346.6537794709773 323.03122636574653 253.584775048934
344.62326716192405 326.00260202439733 257.699069590771
346.11744274550693 324.11089429584604 252.64146975359398
352.57869592908315 315.14648471125827 249.55127877888458
345.29466588303416 312.30745241230903 259.01990939768376
346.63875123590424 309.5559182197539 253.2553564888472
339.85053527329944 300.0936191505699 258.9030529571144
344.87861217865924 298.3420890624497 262.48637424895935
347.2139848933722 297.1720541025701 257.3619209785503
355.8583594381068 288.738719643074 262.70739786441186
363.03851403959675 288.132990551154 268.3792538560993
367.7643962859687 285.2025374993994 269.7805975912623
363.63053551753154 278.8326265307755 271.4986318269762
362.30320247539373 281.1405533766239 269.5017057587946
369.1678402470361 273.2636173844552 274.94101600788906
362.87927739871924 279.74189881191666 284.8767522845108
362.60431751625237 279.9470832306739 280.99326856214446
357.9688651960173 272.54824573288033 277.87970490941916
362.0957254797304 271.97724602759666 268.8671773580089
359.3427998257301 270.37184962742015 275.8762594530916
354.62535898055825 272.58973718179504 284.1199615862355
352.63291108957566 262.9832607016255 285.10371635539684
355.74237362312925 261.2056867779741 281.39164464232374
354.2517418526816 268.07491307213485 287.5665653529464
356.58588558023996 258.68105977572986 293.005325081363
360.805578651607 268.2281472593269 283.3835150589124
353.74808378699356 259.36714292717073 281.50161747778867
346.35776126338413 261.2273093847118 278.3180054228298
342.9076140102163 269.9891374921567 278.3800437524285
337.64615204190125 272.13848887837156 287.4225589183207
339.59016192341556 276.41952899062363 290.7898496570583
341.412924872396 271.60671627677635 290.9528966666801
336.7170474547122 261.6427816446014 283.09614766628863
341.7943298585143 262.932151949073 280.82671671655993
351.47320391644996 267.36267974348567 287.14338253528393
356.04806636739664 272.07879965484443 289.1059731809291
351.8832390388514 273.30690523689634 293.640032910715
359.4436512992727 282.1226970759715 302.2313510537121
349.47329976525884 275.26548934931475 296.9292204838987
344.22103934861764 275.6551609790122 293.49773355293206
349.52865187924607 267.09167761284687 285.2913332121976
357.7918967903992 263.0947827791348 294.3555978470245
365.9831679757638 271.0472974040154 301.0003694501402
362.23645773113935 273.8384506766046 295.91234519369624
353.35803923496155 283.07406017468503 287.18038062949927
357.9381986125034 287.5309214750015 294.8032728288493
349.745301398839 282.2013121672748 303.23402516716425
355.6116366172451 290.319820697062 301.9796163979753
351.9194838906253 299.7483345910146 302.9959558110677
347.9582709985913 296.3566547539402 298.0819307826594
346.92300622764833 296.2548264451354 306.5328872981088
338.56983754916877 303.39718792849226 312.28330059303
339.3953309556684 309.10160815378197 318.1954914701913
348.4697453996128 311.3936778946679 321.0731356666347
357.8719180322472 305.5791289316395 329.63352659316615
360.8914679442929 308.50013474267934 325.5425808830623
360.8437019147971 312.98865136946625 330.9530220232419
362.96542630211246 315.43228231864975 328.46457233887355
357.4359891074025 322.0923387709323 335.05120242199627
350.57923068976936 315.4848528008858 330.7863540176169
356.9246026304863 319.31974800025705 330.4869565925661
353.0763065751586 310.46281501096536 338.0375375517952
345.9702823393886 302.98494844852195 338.7342874075462
349.5059021215697 295.964280094362 343.10141467312184
350.0129249200471 294.1972344429173 348.0294811226741
348.82800900450525 302.39219209280617 349.5760377784721
349.89354768462334 299.9797282107827 352.0468661200066
344.98824670240907 296.4208140829988 353.71944497437136
339.6381229766969 297.14763716897727 356.58384976266984
347.491091762291 293.16566384372254 366.43685493095705
346.1101476624205 297.0111590691043 376.01368709903613
346.5710624575431 287.5028447597699 379.45131314692367
344.30258022553255 282.3692280829392 381.0766051269864
346.46549853322966 274.27485072522694 387.3726834466306
346.97099851130537 268.2945316803697 391.9042257858916
345.08626795950374 265.8469391055166 393.0458235813944
348.389717609163 269.7899277058729 385.61583991254935
342.8776846307091 268.95384768588946 378.44012678537496
346.6724206613629 260.1062254916194 370.43363848240796
346.3194727906043 253.90696508619968 371.7445784137834
351.73725015207594 256.6875203816231 361.93138182527144
353.67853277529605 261.2232457426161 370.5915383953236
345.8488121389914 268.3468692756629 368.66527165253865
343.1322245684554 264.0154375948508 377.6096733790233
352.26470762358343 265.96917297990734 368.3530809344416
344.68707438249635 273.98897339143434 370.1547724568971
339.58609755510054 270.4737297763666 376.5982447061514
338.35022782065386 271.12966399312813 386.4356572153082
332.46436293561277 263.6291245933424 393.60144519692466
325.6220921285149 257.8947262561598 399.0883297676338
317.3441325828933 258.36470437188007 407.6686174474522
311.18254715455134 261.78604834900386 413.53116729143284
317.8539235471468 256.67547142055065 407.51841350155735
314.3945492464858 247.17509342430793 412.1806337835655
309.4126556801425 241.14567680759814 412.87163135865654
310.01014977518065 248.773301510974 403.01368268542046
300.9931261215595 256.6113845934864 399.52248357364044
297.271045762092 262.4352570963436 401.3566468746056
301.6307197893179 271.88798649583964 399.01756903479867
310.79259284113294 274.83449600489854 394.83321861365715
303.4402306643314 271.1140650603138 400.5375390404986
298.81625293391284 275.5471807051258 395.58156175756613
293.4285276851818 268.3889299468677 392.954940863071
291.03717910148777 269.86439157975656 394.9595540343317
300.96537642806135 278.14975112386907 385.70977397188113
306.44725626311504 276.726806659646 385.7259776146961
308.68339151716856 283.7366946537626 387.28766935281584
310.78902203229404 287.36793906369763 395.7407157496413
308.908593672901 291.1255864065437 404.8857496228916
315.45674358553816 300.91167667743554 410.7972864519761
315.1416399056256 297.97021795039944 405.90916067387934
316.77657714890483 303.3007680030899 411.3145349301371
312.9505812697651 310.3828103126197 402.6476076838292
310.0462512907364 301.83155395931226 412.03934196574005
318.3635302956284 305.0856074745774 410.5509461709814
316.66713237175315 299.095583849467 412.0180772526685
317.937765352559 305.83244890832 402.91690345350946
320.88874770001274 306.61049940542057 409.55543580442117
316.6824908337087 314.7416267614926 404.57967121600456
319.1731093489034 309.7524785758378 403.44625306476837
320.174194646438 309.03403681154623 397.29235031523626
311.28620906527675 302.9611132399322 405.1792685954957
309.4664910425754 307.2895267529515 410.3296157388952
303.7222891308944 306.7456713109302 408.757240314635
309.1735779898851 311.14708036807934 408.3271587677607
314.2395050718654 318.19934990927715 407.181736013085
312.86889327835786 316.50924431929207 411.1788778648755
311.8899855494774 313.1207360475962 418.94426901746726
318.92008474146724 320.7722141260073 412.6476094643242
314.56808143874224 316.4958804493488 404.3596546013608
321.92100872952744 313.18593964686556 396.0361515424713
326.18115826756144 310.3607032335349 404.056525265135
321.376085694432 301.851951995142 397.456301827323
322.6208139929304 311.2045119451748 387.9571995379522
329.3027846524446 317.8691983407629 380.64598095384605
335.6834214490203 323.0248075050513 379.7643018897217
342.0456994047519 322.49698952635237 382.80973805483654
344.87191818135057 327.501924093335 376.83045645223467
348.1386762586395 331.76466452543673 384.58719224234625
339.79399075565516 337.07349288373587 375.79081655844635
335.02033424781143 328.3937533922335 383.6426575595406
344.92452290442617 332.49392306645916 378.5374879561038
349.49071829728007 327.75244778547255 385.91317366347874
344.67833081308004 319.34653698501023 381.6545975738453
345.84786483202936 319.7812064422855 382.7907796729149
350.3141667551567 312.44813220900096 383.4629994503031
350.7401470725314 311.81493184644523 388.63415371922406
349.9314063531319 307.28278713574343 381.4015410930085
354.1293861379632 306.42627108381595 377.6653042163386
354.6141384479481 304.9200791311866 386.03624995896973
362.1845097997987 300.7680741803517 389.4176916510004
372.1546512103956 301.6532590993449 380.1910491738298
364.2412747283907 296.79916016177776 379.6952484353619
357.4199882584546 306.4647058606998 375.13906377295984
356.3024434943374 309.2379430993504 371.4034179361376
353.67243395811107 310.07256241000715 374.1108587471298
350.6416077071414 302.22891977921245 377.21860131673844
354.39229004889745 302.01355659067644 371.88996941852366
348.01941455478055 304.19692313882604 376.99818947277583
346.5457784517753 302.65762969266945 381.4246374473279
344.1190343402459 304.62894872474834 377.3405234770619
340.73569443286834 314.4926534379254 373.489204280761
337.52833650525974 319.7807359613484 369.3396993056219
347.4022658079491 317.0461203329943 369.77325607920693
350.8287006019506 310.7454451460674 379.3134044081527
360.22648408781373 303.5670375884535 375.1132041711514
366.8873047476084 300.80319413363856 377.5850043284655
369.13882270186195 304.98759995410376 381.2510749323934
363.3918869301156 300.95950376841887 387.40463111259277
366.30783084125255 298.2393106087509 386.47945734756667
367.1784721014331 293.60314137241215 389.37831935308907
370.38338153874315 294.5396502684205 395.29564604871905
378.53868284796255 300.3448835783998 392.0909367186491
380.42103824185284 300.851893111121 391.465159642893
389.3586141161994 309.775729020383 384.76023018502207
392.9887339287378 308.5314090265306 388.3624177863391
402.0257696303749 301.4387015279588 397.4834739893788
399.3500836653541 301.9531778450255 405.07448305962623
396.3200559429338 310.24275753754404 405.0656767257018
402.78901802067014 306.36080736358247 401.7757945419933
412.74404723059286 302.8772894514748 405.7428164688844
407.66985302980413 310.22428180380217 408.4572620540421
406.6072114703827 315.0835055017946 406.724028522931
409.41372466604133 322.16795017608354 396.86175970637686
403.0440087371063 323.73774869012817 390.49963590746813
398.30095529996873 325.4658426874837 387.2441188007501
407.7649430715608 324.25716602666813 380.15212048497585
405.2050266759477 333.9825906199327 387.6830491784334
399.9910164979954 337.65377689781883 387.5454524355162
402.2739374896986 332.0438843892535 393.3208583459234
399.3745751596374 329.6516554648246 389.6602540123385
390.6691872578895 328.7032140944842 388.55317027973615
397.7332726374363 320.59653394344656 381.4035528229561
405.409953568302 323.18639932072 388.6673372398029
401.94638393149273 320.1856884374789 394.2627261594385
408.913473590595 319.1353243202026 384.9451103236687
402.8694228479321 328.4901805885145 387.9968671454357
393.3037981924855 325.36253592910873 382.6299806347385
402.35887019643087 320.9086125808892 374.1534675722108
393.70581020947196 320.4871061341701 383.5339134647909
392.8019572099259 312.83236440470756 387.88771768856566
397.91054508195157 321.1214544173672 397.3367192324241
393.77877494639336 328.0926325636657 389.463033309906
401.41909072582155 335.59727351984816 388.06265370030076
397.6728288599568 335.6147312318709 382.7079871676056
406.9177540723022 335.64174382991644 380.9284449783842
403.7010819449604 340.56436782405495 388.1521696488134
393.9361890900145 336.11332866798347 378.7436825692372
385.2711920040329 333.3030467054062 384.31213590887495
388.13420271238545 328.6902146836588 381.0603396012167
385.2670421472264 334.08004901950363 381.395445378572
385.73181883142837 332.9550720167706 390.15134505721943
377.92671259826415 333.05278059161975 383.5199779893522
376.48586563272585 337.57276928855606 383.00434914491154
386.25538968716126 344.0615303976923 385.2227032424935
380.8215817455743 343.88444822149404 381.01075396203913
371.9686495086765 345.03999582963985 384.82032607256644
365.66216823223687 335.3218164257768 384.0706833626478
366.24658520158715 327.1842208473518 380.05027225665737
366.4170746670162 329.5662500845529 386.04632768762855
362.95446441792114 326.38808399369697 392.25369140532194
368.4161058852724 320.69184108917466 393.5289514836951
360.39724723971614 323.5972587352203 389.303289023082
368.28433998318104 326.3173833739559 381.1935067146905
363.8523793397062 323.35821244733233 386.9763589728919
358.2799589611978 325.5282047488727 379.67123237462
350.68589114066845 330.06957330289083 387.9484855502166
346.55561271548754 333.2471632996092 379.91032310510883
352.08250329721784 329.09414269929573 377.74846779442714
349.9257446562672 328.74979934718635 385.7800754421652
344.1446357078022 323.25871791609416 383.5490591964853
350.6731065533323 329.62813166809366 383.44817855143424
359.6488977694874 329.58859350562904 385.0777792431609
353.13924663100414 329.01574418544163 387.88539228513076
357.82382817965254 321.09860721171077 394.430441964986
352.8324621179756 312.32182824627785 389.82929094958234
356.637594675726 303.56961384882635 389.2800235673868
347.12343248032465 306.1443558970003 380.9939504783636
344.0487897874228 298.31782622531773 379.04942205703827
343.34702694726764 299.3706479900426 370.4574833848347
335.5914305990844 291.2103295424933 379.94241983427855
337.2793359508543 296.294117825878 376.10542662751453
341.46802485620043 303.3972542046009 377.8722202904889
342.3510022157557 309.21990731737395 373.4976149720504
332.5667249916953 299.3084252921311 371.10952543229683
325.90200652016745 306.87352427102485 372.50538108198384
318.93734000510096 297.1009395351327 362.7906961421416
310.21689330615845 296.5714244823806 365.06743124048904
307.68133510097624 300.7886469389423 357.5519320791214
316.96370926199194 304.97030669497366 349.0528926670392
311.93394378133723 309.8555209150721 343.0590074193888
303.48807861372427 314.0339299255829 336.7682566123542
302.3758747400009 309.56991718386627 340.4977822569102
309.16307422973836 313.73794731388045 334.84386821099423
313.95964340853203 318.5804702290995 331.65523329211135
312.7397817000357 319.03769715331356 334.94099254600764
316.47074606631196 328.2386514681952 332.19853656008866
316.5167597164653 329.49485020583296 323.94607330709323
320.2821548977422 329.6855772439365 330.19283280094515
318.3743468087664 331.0253822851012 334.91730819527004
327.18786764257175 335.13868560310283 337.99119200206127
326.278768945313 344.5309804919738 347.30935626294706
321.02504175598807 341.2907790992061 352.64025981003067
322.0922902241536 338.7394358804005 360.100892607135
327.7806978287993 332.08522880416433 362.37313364622753
329.0927246923813 328.2246878905862 366.5283990942703
325.59894580491914 330.2833288321606 365.08838055689137
320.41135056752614 338.3882107692409 359.7705441023289
325.9776555576957 347.2852269641013 354.6726248452629
328.81214119669716 344.7791795439605 363.63323246086674
328.7643476729417 347.8038150305064 354.5763989942266
334.17228456126975 344.7026485294827 344.85207028849067
333.6900169389754 335.8194559754183 340.085072464041
325.96414718554206 343.01070321096677 339.422980289893
325.93235195576165 351.58264065134415 345.09026849833776
321.5740114702301 342.13182170846903 342.95858542275977
328.14181730488616 343.88293660369936 334.35310247869376
333.99692635883434 353.5544667456403 337.85020054703347
340.42080119009313 362.1616430784561 335.5277289940439
339.6410290599669 361.0927620827663 342.6693490234155
342.22982707967043 356.0724478051564 339.6659999125038
348.5552971941292 355.14544864686036 339.20115542884645
349.5990163350702 359.79422759436693 337.8153958325719
357.85252634556343 352.82940962696955 343.7395754910441
350.75582545367047 351.134345167704 343.9433849679565
352.3328322658258 350.5614479541375 351.58403545820914
348.12470471891976 355.62014981312274 359.079958392932
351.1660165879954 355.9094211098318 362.26184970252854
353.2301985693507 359.5421311059946 371.25265152272306
349.5951925381808 355.5148118562568 374.1019194720719
340.7751125187645 346.2143392885031 382.7721518813826
331.78730783575816 340.5577704439146 390.1800983896958
327.82537040537176 335.7653559048651 381.9743901902434
331.2710366900466 340.7966598196792 374.6893595239407
340.1869135797626 334.9046443528498 380.98337797422636
341.9072641729828 339.7407923428938 386.7280936611399
340.5818318940293 347.5541085714784 393.5443427315424
347.76796162574044 342.48708657058097 391.8540299774729
338.37924753949454 352.43805550796895 396.874424156462
330.1403847951556 348.8850016369783 401.86336325262556
322.66640557945414 345.90639360724447 408.9572160086434
322.25855235560937 342.32366676967007 408.81526905791816
324.16126747352706 346.7745608180933 412.3420898198186
330.49932522896387 345.77894571658703 410.3681960177031
329.2440970630232 351.98466517245237 404.37689732664614
334.33350236474223 357.74322888136953 411.1398107881865
331.2056504064312 357.1468325331153 409.20719831836686
340.09061621508573 354.7749553322307 410.5701071922699
348.5649641120885 349.6702758737566 407.29561558806256
350.04945176542384 346.1270649594151 408.81448953895364
353.04184086081744 353.3514289884815 403.4028152128932
348.20767862051775 347.3425310024384 412.8055138203391
355.0502055072993 339.0654628101576 409.3759979149629
358.42476055890376 338.7171519894422 411.35985518197583
348.51382598789627 339.7042584676735 406.20856547982316
347.88560039205095 329.83711209251777 396.52865687370723
338.8356321122711 338.1459019364824 402.06174202020026
334.18839558148414 340.8215136470817 407.0951537699094
332.6692131086878 332.36294558834635 416.2225347846367
337.9595789223948 337.53497274749316 411.4680095773989
332.2315341539127 337.8410645487041 419.3520585017191
339.1672848226801 345.72614539846154 425.6015560033777
333.34538657713887 345.06926232365527 434.7106565338613
335.9014548584273 337.94966978287727 439.4198668123033
333.84847020528014 347.5619560310229 440.972830978232
336.65237741747353 357.55384170064804 449.65048287894507
326.6652498455612 364.2476611692492 448.38014839604506
331.53162714669253 354.6763987262709 440.22847175427387
323.93899086022077 358.33152378137316 431.5010104882304
324.187938878572 358.1476370042065 425.85038052220244
323.84827954347116 348.96644466530125 422.0229566026658
333.56029359600296 347.8575331493161 430.45295507051577
333.75111988605056 345.2667364060898 421.3933500933928
327.01314677975563 344.59327828902514 428.70476079934554
327.4942004092169 349.39005886885593 432.11847866414735
327.0824666413881 340.6137145618548 425.8217946005466
319.3133087653442 337.4328555195335 418.67854940417124
323.6012310461044 332.2159218240867 414.96632237740164
324.29436209132473 323.2137047569181 409.7190977908651
327.35525792714327 330.2882477395003 407.4709012149322
330.7010279540939 332.67394675728224 402.7839016626938
322.82255762645894 336.4853413837157 404.1944124411001
318.0417007827082 338.63699934313286 396.1663917008648
325.2597707796236 339.4059862505562 399.6741798243648
323.8452837064281 341.98999219196764 404.04732511888557
314.4468452841838 348.0330979976445 410.30974696421276
306.4553084604772 349.4773103857219 401.368047565796
305.1609792892536 354.16166783950445 411.0258487045636
312.6857610575353 350.96896862911217 413.4604458085902
316.207649337929 348.06344888719303 420.407424880537
321.7968927946663 353.6663788730598 420.0623871506141
321.9667506826664 357.95227349509577 419.199212653487
329.4065726173988 358.6581241954437 418.9381063843774
331.55365520572036 365.7112674461417 422.0434871327713
336.2996573932817 372.7616322758495 417.9044326997437
336.04635808127506 382.73925075589386 408.5433677878816
339.48632756230626 382.2534625708365 407.7791944632155
348.31038624160954 379.94218921500755 414.8147638260791
340.1524625176133 379.2198951801195 416.20555839474207
330.2070961469038 379.60490594664634 407.527605736947
324.2167300980556 386.0310761084058 403.5344259184495
329.9850866746219 378.2083593485853 395.7399667342981
335.9148134796021 387.8851643003888 393.9419035757688
334.0103343073828 379.5937326157273 399.9132119701341
326.067900111963 380.4593692984123 409.4106555394143
318.4160963530378 375.6266261619022 411.39581230434015
327.21653178612877 383.4982963939442 405.8883155545826
337.1630299396053 374.23082584755133 411.3123365030909
333.92507255424823 379.9937651757397 414.46353335904183
328.98112364253944 375.0955780815411 420.70616806570087
328.75953762741426 378.4180341352416 416.48039850177224
333.37166919404217 371.0143395039644 414.0627866143466
331.241972641713 366.51353937352906 414.6263382425971
335.80778091255246 369.8890730037479 419.23675023865337
332.17845080631156 375.3128573452822 417.6021843551102
337.6465869742036 376.8127030110332 408.29153013373985
337.5272693260316 383.6169872280907 411.5303801065091
335.3316891855538 390.0045912375904 419.91576761225
333.35186137899456 389.98053612006316 414.31193525385527
340.74279154765634 391.6390799233089 410.1314152250794
342.8536428731857 386.10113272794524 412.5210569811908
348.2163067675443 394.2801871907701 407.5418225182445
358.1293279551847 401.1575655692682 414.80640293495605
353.603845359976 394.3474810749822 409.0225582786185
344.6847167277548 400.135057159035 412.38774236006316
353.73859821982285 398.70919373365535 409.51481771267277
358.93056013291624 399.6893120352128 405.6505238840151
349.25898999239257 396.62031239814445 406.5263500229869
347.75497968201347 399.424956440418 414.5608186130712
343.0351557992449 407.17308103281744 412.94146478305566
348.9798944395339 401.00735797441473 406.8591387399985
343.4820109342374 409.4867703068437 415.9733214893618
346.9670030317903 418.6504246755294 421.41650055464237
342.9930757170736 410.641259019175 417.03282229097067
347.0298691492044 413.86971322360165 426.597137861007
338.8370736364163 421.6876975870752 433.7406409984543
334.2633602647639 412.98310871093906 442.8108112364917
338.6238423691724 412.2611408514408 449.8930710595296
344.72415033822404 409.22814692393507 450.13351338485313
342.984371174496 412.7295049134248 452.3539315831398
344.86001632294176 413.19789763323604 460.05639635869596
352.43148079129185 422.9625456258359 450.77777305485336
357.7551252931421 422.9830858599357 456.3628906751205
356.9741485282283 426.9620436314549 452.06605015033716
353.78102728401404 432.39745782885774 448.9865075177312
359.1420531262479 425.46177256578653 450.2163185242413
361.92599384604466 430.1633740023312 452.6274010481837
355.11062833476785 425.35018265720237 458.328959937809
362.6524126157243 430.60843533118936 461.2367807425014
367.5760898191006 431.92454398252 453.89383732022685
361.94022678482435 423.2652685040626 456.32953514218184
353.9598510628809 414.1890710023142 452.4923456396823
351.1726545527083 423.66165146738155 444.380286533601
351.0713411083629 428.7790933323472 447.5139048659696
353.48135276160474 430.00739321002874 446.6493546796991
350.9136292871867 434.7926943453219 441.32446161286873
357.0897393390037 434.85401771926183 440.24166569039573
357.46383905747643 430.200364312524 448.65622862122143
354.1878964343827 426.10623868484373 439.56631261630423
349.2253568333154 430.86141386965375 432.62204812089493
350.5398456784712 426.9026071017795 438.411913369084
342.0421148460178 425.13878009512086 437.2880739108971
351.6450766268965 424.13246894151786 447.2833775364106
348.69895075770694 415.3586243388514 444.3944964949297
345.1757561555746 408.018768433405 450.0097291729103
335.30862602934184 402.62396683378586 450.8379313681726
329.1266474902898 396.7950516200888 449.81377228523183
320.44429218611776 398.6187863014792 454.8631134499378
40
323.75036993825165 358.7622106010181 285.40759544098125
328.25771448206746 363.34911449906923 286.85516556213594
330.33440737564894 340.3115827297356 284.2712226547838
328.048551139109 330.86431987669425 273.86159403660037
326.8680820914613 329.02554890386244 273.62905965280595
341.40475235838215 349.2522909301362 261.664935827089
330.69895779665484 339.6072341952968 272.992305425118
330.83081085112076 351.940022661183 274.44757428291086
339.7420421989184 346.9790959753403 256.74951813389174
336.16586807298165 325.49131727800244 280.2879293373936
331.9802546080675 343.06270768626683 259.2816465235102
350.86041879961823 331.087986582271 265.3574605728351
336.19276280796805 322.0063540501489 256.4191910448146
340.7999007314699 323.2911062450546 239.47271578824225
355.1493684540031 328.82453674757596 247.77578062923504
337.48279952659055 328.58355193940486 258.3569435431006
346.1630553689809 330.52402042410796 248.9129775475432
357.2057590910571 314.63223396674096 255.8180036088866
343.82867465124025 316.64752199684233 266.0587669808304
347.33890701914805 307.1946543668581 248.87496744523517
334.70605381866227 299.61446240977625 266.0441603125851
344.20317374935775 300.46054394704925 254.23167180707713
341.79629019735677 287.4837100559055 248.68589429310705
359.3203599736049 287.15447219103993 268.5266020298323
366.2412844064504 292.8157076347726 264.89224517550866
376.8166828113531 286.63462276563354 278.30280251011754
355.4669162453672 281.60668248986093 276.8395539411086
360.92125583803397 276.07016233620357 259.922353175674
361.3159790173936 267.20333328899085 277.83298129303375
353.014629354617 275.7629172391727 290.5367494700276
369.5117751526552 273.5570473450224 273.5111209991794
363.7669585863589 266.5580109171153 278.8462523674418
361.05322857177777 262.7239641140454 277.0420624786873
365.00126918445426 279.6812991829704 274.29208848316983
363.4311009698438 265.98059118429677 284.0125481740217
361.709181537926 256.0175001814385 282.5498377046132
355.77516517663923 262.93804840480175 287.47094151801025
347.24188232278397 271.10527884784034 287.4129533537513
365.4662260347163 265.3563539993733 301.0443452610694
367.8055219885483 263.2862424002374 291.4857182312877
