1000
353.42952282370845 176.10472698520869 87.47724146605367
359.01170626677055 176.99715115960635 89.56502058359882
352.9828187933856 175.90764636227996 83.60852704672483
348.5041760436799 177.92124565872746 80.07867572059551
342.4455066467178 183.841032512563 84.30469115891621
333.98452062920427 186.14233126957532 92.51377799608302
341.14039531898493 191.99779005949307 95.26365700099659
339.11971140401835 195.57028159069986 102.25168174510176
348.60785071959526 195.27011109629467 93.58089103057398
352.9130180109867 192.59414475448494 103.21379793929228
358.98150837995087 185.09562592909222 99.13860591306468
358.6677628321371 189.5861925464241 101.63526374809462
359.8380553104512 184.00595535782958 98.46411270825924
367.1157765284343 182.3680513200268 104.37019311948151
371.79650995892416 183.30270881200602 105.71583654345787
373.64325964826827 189.09919797155283 105.27252935639433
379.10746238988355 179.90395553418603 109.49934286079265
384.49579347626906 185.81202144466562 117.4016923783004
377.2031687110885 182.67726235864575 117.61272173866321
380.23785269236635 184.71256108213154 125.12139949045975
373.5187608304861 184.5339943400244 130.0481986807505
377.35267282454475 185.8418910472517 135.2923630162706
385.349574807538 190.0296009585235 141.2163284005695
379.9757652354181 194.24381060572878 136.68329432798242
377.13953147143206 201.47352290511472 138.113402328713
385.5708375577641 195.258201106194 144.22163516632008
377.0133605674252 193.3767649363268 135.37107247933923
385.2090874740763 200.34213079517713 134.79743575033288
388.7885438436291 199.32573757758874 139.84690633583082
381.95953785829107 195.13882084583489 140.62841341859894
384.69681964188464 204.87381254040116 146.86957610921533
375.6550709850577 210.3235728987349 144.74093910067143
383.9847572543108 204.0322922082346 142.11974910173245
378.9419498057376 209.69106425463093 136.52654832520474
375.5732709104701 212.4694490701772 143.5245517189798
381.9548244184776 218.39259438458393 145.84208875935963
372.05741977306064 223.63057697941503 145.43212177155408
364.28230413740516 225.34488651390998 145.113395297347
357.6491656785784 222.65637293630905 142.2543613742444
366.78189463258985 226.5546138531001 143.00299871468806
372.5235497480053 220.54330210002803 139.26609695037604
368.2300857993596 211.09056728435237 143.30596291348755
373.8502638977018 215.40940662042019 134.06662059928186
378.3186523413766 220.99587348229394 141.6989814059923
376.8339548217801 225.43973827320693 141.33693856184618
373.5736198567561 222.60231963168792 140.33169111664708
376.7663548867402 225.73978941221495 147.6795629229952
374.27984986716854 228.52398299545686 140.54825009266878
370.16872778313996 222.5817693013157 147.70817508588937
372.94231708419636 213.23249173511505 151.55218905177236
377.40098871468024 219.70608763871223 150.33403141425086
369.70391732227 212.97457471955056 142.2650440988214
374.44349120303593 205.83101085718363 136.9692010754406
369.0753843367935 208.3766899521229 142.65994257014623
370.53930883796966 209.32578947517806 136.1732256030928
378.257348039342 204.50197751647804 145.64540814563514
383.12893238659257 199.40660830091235 148.70174742598138
381.1506490012141 194.38042639961273 145.80535465592405
372.3401432085008 191.51148715501847 138.01292180240338
363.9402709992035 195.6278236794856 143.1631319031569
365.20105543392077 200.82804530812135 141.52959934900144
367.7242371752382 194.70746043978284 131.975613826002
369.30372096290967 195.07414459173222 138.39012363982826
365.0929013439946 195.38561407558575 146.79026961484124
362.03598115033117 197.665965956951 146.43073972678354
361.8119509695032 188.944898537586 155.64754957576648
356.4836944267436 188.1258388691425 147.16765023809526
348.5188282062234 198.069664535873 156.24419965829273
343.72330036173395 206.69095264069136 162.78522008377482
343.9109093122035 201.8483213713539 172.51050907789545
345.80238285057607 211.45539727128738 176.10930107017094
355.2131166582388 211.64519289798017 185.57834202728793
351.46322141571727 203.69382312878807 189.20764580366242
351.34419678586545 197.36975064623468 198.13957327513523
356.1985518022296 203.1678034006549 203.71790979129042
355.16072134072033 209.67611267777963 196.91347927117081
348.62291588120394 218.76178521101488 189.72801194818948
345.6097025751851 211.03803478509897 185.2494705669234
343.59753177601993 207.9355619704983 187.20214791080977
343.8016344450286 214.97834172756845 178.39139604774
334.6669572292263 222.7398208082469 186.0994371990913
336.69112046196517 221.90157060736962 188.68045324170313
342.00495578642347 215.94467251407104 189.58171520777793
337.9620244626902 222.38437741851703 187.93840879971242
347.41563250925765 215.02601790289424 180.41851664749757
339.3709690974353 220.90596177079752 189.0485437311156
344.49447874189633 223.2179432914837 182.2449525216602
340.88092167571995 215.21966685865877 187.01353537154958
349.50257156113764 215.92522591523408 192.74864283044323
351.242025783739 225.74290314253807 185.31167144478889
350.5512773431212 226.63334818524012 182.9470060128606
351.34685491192505 226.2316253551693 192.4217884646246
342.1849607736236 218.82426000610414 191.41532868864496
350.0323206377082 209.6976364277599 200.64288081801453
344.349329012763 216.99519970607213 196.79546370267968
334.6142646230056 212.29076048922425 195.00357837938373
339.1483362938238 214.1405005721825 202.32179740045362
332.36052293113937 219.61273024376752 195.78855066430808
335.9545097060217 227.9955638571159 185.99095500721157
334.3995306741884 224.2837199588351 178.86621273336183
338.9591547239468 224.28258480074672 183.54557673343473
347.0266569853503 226.8779621546866 175.83316752902923
354.78468587815985 234.1405912017796 177.59932604545116
351.5627553192855 236.53861244572508 185.03359184335494
349.77539341572475 245.32857443778477 193.97279517183955
343.28419574788376 251.20065265299908 202.58763546385424
353.07949742074635 248.09495398319527 201.05230959993392
351.7153985787411 247.3495867683513 199.2121330666285
349.44152688198244 257.15692480434274 199.1563996736577
348.0060796676377 262.90104429043095 192.6972973573767
357.496974362409 270.53262587389855 186.78148956353772
351.1871442497303 269.1342456823444 177.65701941799767
351.2935476084106 271.06904602285476 172.49932585466502
353.846215406066 277.1309049907895 177.0531739421546
361.101000670423 274.6261279828578 169.17608238968225
351.3791310197464 280.70521235386235 173.05231622590972
360.38095512150005 283.9311526320239 175.7184938801576
357.38901776396125 282.8791979786528 167.88975172596238
349.5314735066983 288.7094945883239 175.52651939191264
341.9768346567163 286.110192865619 181.70586378520693
351.5782046373546 287.29839886101655 185.38238459506096
360.36357828249555 292.7578761637796 187.07251604415683
362.29521654660647 289.7083690889638 180.10842177135387
369.1401194773364 281.85038051845635 188.25515242668112
371.3888870864477 276.02044333702884 190.59943728223746
366.7764353361103 283.6622269858183 191.71060130725516
358.04218389851707 285.1906398098339 198.46896100529776
364.19546220920705 280.6295957732581 197.6170555318614
359.9504274339411 274.9109067565321 204.82302098377133
363.03908841539214 270.8991503297188 213.775644505439
360.99414980009374 267.1903826781967 208.8158875320201
361.4070666663827 262.82084519095497 211.42841153788854
364.9096922609969 269.4485729413474 220.48674123005094
368.7847864621493 268.73273563786597 213.13863915142832
369.2853909492774 260.7020969855006 206.9114741645301
369.84246203667135 264.82527571070807 209.56698866451816
362.3410740320014 266.5590360065591 213.2164111909325
366.21023308886924 273.88824314609593 222.62988454447589
367.66159155735767 281.98355891080007 228.04304622225445
372.21332623345927 282.91338490121393 222.61115805760318
374.0449352129627 282.78741961857713 225.71210842033645
369.3243939576039 275.26600075650083 216.94694907402524
370.2203750291732 279.0692229723839 215.10361599259667
373.490849998732 272.6146493191444 208.74870988972833
380.5354025539233 282.2655848259641 210.98860917003594
375.9142720562636 285.0683900699069 216.8142835992012
367.27892665829756 281.0965753761645 210.6773121552942
377.10037044907887 274.2479510498815 208.2497492778715
370.1888545472389 274.20178855605036 205.0846814678028
373.7767484099692 280.4259061374067 199.95835022198423
381.9687747823307 272.0270304159825 204.01738705402445
379.1986315337107 273.1811281683313 204.96979106361445
380.08812566043235 275.5793862244988 196.99052512294367
385.6002002307664 265.5884018736025 204.65181868614886
388.65142588936084 266.16398257591624 211.2021439110431
396.0031561313354 261.0363657449224 216.73263323061605
403.2303388066642 267.88444567966593 223.84920926465355
398.91809478295943 262.64526663072724 221.13502316610175
391.6251701613169 263.03542432532157 220.70145339169088
386.55308808985757 260.08626739250724 228.52026157169504
389.8051219316155 265.41286476696865 229.0437489574543
389.4114418104262 256.02491136593744 236.9792668461582
381.17443112627274 252.16007083195802 238.70443599053954
376.33300077540576 254.77239326733593 245.94123496697227
383.25615401516535 252.69991283305689 253.1459745568286
391.47886469434826 247.36152372012398 261.44269896882
388.39701093164666 246.5067611967175 256.34294019876774
396.54920956960837 238.6591206365424 252.5326400484921
397.78388019976927 244.47527018075655 250.14795053074621
401.93699610732943 245.084083468667 240.4430712133576
393.92720676251236 246.4838793556897 240.46979880840271
398.8539368627034 243.34836602682878 242.6811114605691
398.53201744625966 238.0530191646587 236.05096795551034
391.93146702896206 244.7682425443086 226.93893122764453
392.2581818912643 241.2520270779409 217.35573296760958
395.1180541666908 232.32877199994414 217.42606839775223
403.21894387641845 240.01253955133757 216.24964785504295
404.1251016104309 239.65138215529532 224.30708541182443
403.6631483122287 240.96322516305707 231.30847703125738
400.09161331799004 245.578681587148 233.62147560032878
393.8225792411948 251.09574756623962 232.68104880969136
391.15170133726946 245.26607685004245 234.62236099189798
387.24293069948465 242.62725867615998 233.98044452618404
390.91966046478126 237.88484933033288 237.6212127198081
397.7170058542574 236.90379641769877 231.86683281958386
390.4338624193836 233.5654237554374 237.69304684217943
396.0636280748617 240.6878028167909 235.69420132920754
400.5337009990467 235.63899034839335 232.0420766566457
394.52841687886007 240.94688842420317 234.20623312474834
392.0720157057835 240.1305760031311 224.95796996552747
385.4792026124444 231.48556608517072 224.4480709015812
381.5664566175583 234.3894694808921 216.41629567198976
383.55098922158794 225.4634613481944 223.41934744744717
385.92628234338315 221.07511169175405 226.65791886307682
384.26298057964885 211.6999254439369 231.49629037533663
381.4205290191314 220.92392101121112 234.16128275875354
382.9106691050158 221.51351271299944 230.45733294777568
383.87145000785694 215.4736229547484 235.62845525282012
387.9490909540806 223.90990772832856 229.89392065230268
385.2467790428156 216.91596475770373 221.93932363016157
393.7263937161593 218.26440958883418 221.15092695507997
397.09022278931457 225.01089750751154 218.61807265730417
396.62799202287954 219.52332244044644 227.85324983475078
389.3548953626103 220.32341348499912 224.22116686769192
382.80651815299257 228.15772195649623 227.42831200129595
378.5151220113566 219.6094657386687 221.4114495293468
377.0054944696276 226.11704595979305 212.41250711429302
376.91926519256185 221.6694367948933 218.6834564980341
370.53811605987283 215.432632705986 209.86003050352784
366.62257688905265 205.63648759363986 207.01003432884087
357.2878874695459 206.32171130909384 209.50727102637887
364.1271199739223 213.99607198176986 216.82291163764293
365.39467621067416 213.60656957318943 207.40190890372654
360.3241136346556 208.5891774143862 199.16931103589772
358.6677307980792 217.6879116680209 201.64663137087433
350.46907079908476 217.0920731412781 203.50405591164673
354.98599927706454 223.4684967094031 209.88406666965716
362.744693545766 222.8239861134685 201.216947596916
362.08907680577965 215.07049711033508 195.87000599170318
359.0702831977439 221.46449983012317 196.6539702038979
362.8407324231691 225.62383350207287 197.17039031124398
361.08579663180427 229.67954663371592 189.38652915947785
365.1631624143423 223.57572974457722 192.9756789744504
357.3558014896378 219.739302484223 184.69627321086156
359.95912513172254 214.61087579547822 185.5297239095675
350.3783995094866 214.32378426036666 177.64273337610516
359.5379321291638 217.10508772851938 185.41913353071897
359.54716093703956 220.16716750996073 182.97205141471966
355.08056135087656 220.11910950537347 176.0473635820073
346.80509338667247 219.6244179457878 171.8713180325776
340.6251764462087 222.68608774815294 179.17767106071412
348.8313272804961 226.9944190372401 186.46560339582967
341.21252775612504 236.80745934441154 178.23670928949244
347.053387244034 234.55853638657263 179.62443353768901
339.8893004201713 233.73054521631832 183.1703644468903
346.3402754740765 224.03671914472628 179.53843749875932
352.86149015752534 230.7355718590377 172.14229709645997
354.353477961694 235.5029468549945 180.2620737622176
353.46762935517864 237.06203713720802 187.94963361427375
351.92488981955626 236.64098415073624 195.2758084718037
361.3059061567052 230.59749859400708 188.71916468101244
352.50839982956165 240.0548166393661 183.2518021838873
354.7743825601823 248.53761068687965 180.2104603361284
360.68536781746366 245.94748741823352 174.34632144374817
367.5955909839127 244.49865450876106 176.3155052273182
368.17288644850436 240.69049467810424 185.32508012345866
364.3798433617018 242.37643228509677 193.6414671521447
371.4073553339962 234.54819803809661 199.37796920414496
374.1882205777971 243.82067179492012 200.38578961130509
376.10516603295173 238.32380667936545 195.85672291284067
372.42609500686075 233.5668443130292 199.565720242797
369.47135193920224 225.64094169909995 200.99488731031462
375.0413630669579 225.86960329906648 206.67624822111355
367.0454118638506 235.26414819842253 216.32569849642726
362.88920224521974 230.2300903792546 217.97422566932192
362.342495588719 230.4250884481268 212.88984970618952
353.60252638375164 224.66980073800926 219.90573242810567
361.0425403888827 217.15504541930787 218.93687454543604
354.3876961171556 210.6999677105527 228.5413510133114
356.0647554589496 208.68255603503138 236.06049830368852
355.2687468264468 210.15808167909285 233.69596251192567
360.20078893369777 213.0980085079851 234.56898499609915
366.681075263168 209.88030170698633 226.45517430470346
358.71531952367866 202.84703122216578 219.40261709417032
353.62319192747975 208.02801300213815 213.83687584162905
345.89194571773135 198.76756498105902 216.5057141640109
354.36103088942514 194.9383113007737 220.01196526837984
361.96771472774 190.39895250885073 226.34936475251405
352.1673103971297 198.72645821815743 225.07542447830602
345.48541947580907 196.154886466181 217.77320407250545
342.44877476302764 187.358533454656 214.27725644955572
349.2930302612368 192.7633010305204 218.13220107301126
355.392411267469 197.7926495399021 224.46213459725092
346.41879770719044 195.17224461465148 220.62202158299118
353.99549671805573 185.7356905734124 228.5384396694599
356.94644543788286 184.58745971400901 223.148181126233
347.87735138008725 181.4352022980075 228.3919056086892
350.42186268354413 179.96203206392906 233.74371746078972
345.4824012290627 170.8184347058534 227.9422847946058
338.0746910943015 163.61962957292755 220.34922315303209
343.53650001482873 167.0736934676049 213.030656120267
350.24928125123387 157.94212604748816 221.92868614677184
347.7896361621378 149.5252537076249 223.2782039504443
351.1102228343768 157.4510351776803 228.62695912338293
349.6187111746389 150.63204523676623 238.0801997809952
357.85508592843274 147.86886556805962 234.88818315190568
352.1879949974702 139.61202371640647 244.76876717369666
353.10976164678016 143.98681660529084 245.47227873300145
361.21840233467117 140.3890151110438 247.59648713398101
364.67478920522996 144.5899964169932 251.69703145982314
368.0897469408954 135.52692380849197 260.976377613437
370.1101738418948 129.46133681656426 255.72310049306887
373.5351789252165 129.98209083245243 251.58774017793442
375.6908500295393 128.06734124867253 255.7766562819769
373.25643728677795 118.61742424374043 259.73582501050697
367.44457497367716 112.02338571426034 252.54771294397412
360.39885257099667 104.07743979502071 261.2420179641306
354.60732610781446 104.60999299514047 254.0548869962119
350.3214131649859 95.39453021869484 252.80928902174185
351.86759701272257 88.65782782521816 255.5784788598422
359.42250971799564 95.8940860422163 252.2608301823593
355.38728913457703 94.28787079192215 255.75662629469997
352.77491927538125 90.24983311094526 250.40599388947177
355.86948873633463 94.89921354407247 257.2131478593228
365.1234048624005 90.23634668396097 252.54582333634576
362.0798779781187 85.66109125476994 249.72656721366545
367.12919248599553 89.70923975995309 242.57086197675306
358.3675724230246 92.20884411155572 249.69440118616455
361.0720635408496 96.67581787432262 242.47069622745224
370.4538342534366 104.15422239504471 249.2475798486154
370.5836660476286 100.91904250720404 240.8943737086247
373.19585411496223 102.03831707780616 242.22654001727324
382.7431188961173 101.81369376804463 241.25072075822257
383.3823125918961 97.94912574494684 246.3282299195774
376.95008700645286 94.6764822405207 252.8257919504744
383.686706196961 98.72209100577629 248.18550909186808
379.7027295284675 108.00708058766917 254.64455102501708
380.46786755296216 100.83046790552949 260.0390733928116
378.9765762815664 105.8253763731523 264.47990070720624
383.2531219387735 107.4537009614444 269.41011416035
387.9670883653943 113.51274018213054 276.3348110831082
395.728797810407 110.0793425768363 278.92660495904386
391.8030501290867 103.20925991999836 274.62950000667547
382.5498237271318 106.61272912397284 281.7641579997574
388.2011161171976 111.50473406049421 280.0289391673517
397.140506389331 102.74117658930837 280.983396453885
396.39435178977396 110.25009854835324 288.0456005188492
387.27801745859546 112.17045348468699 294.27947274367807
382.28856565535466 111.25234499086177 302.32087996439003
390.2366398206252 109.5833230619715 308.0081929617391
381.7420548308985 114.56347267378202 304.2397466016486
377.1121348937793 122.09419131507988 306.16213905187186
374.36466632985105 129.62993362703568 313.6105656632501
378.98882567691146 130.25700229179034 320.216603151593
375.66609252128603 129.95761842547074 317.2581129984273
385.13498692600257 125.99051920911248 315.9451118388001
393.60267561424297 122.73606684157166 322.85510819827476
391.4358190302877 131.36568024432188 316.93903521235745
394.60296910558145 123.22803998741324 317.3269775898
399.2715289333864 119.15556739454827 310.6228202343199
402.0794470780765 122.95587503088275 313.193488042661
400.5682183294573 121.64214869873803 304.1730406158851
409.17850667163543 118.49962948868449 305.6072410255177
411.6139381317262 126.2475935320437 298.16943252989495
403.03314954791176 125.51383141784753 289.7878693009299
409.20116954377875 127.19081641970322 290.5895767735152
402.00679410069574 132.13943289042538 295.5853368278543
398.39621271736667 135.54698176056286 297.72333974870196
403.9891640266581 137.2639645175972 302.2757600700924
412.288790270119 129.55688206704752 292.59620332786125
411.8876395479338 139.38826520474942 293.88476315056164
404.6391135850197 148.8186057389028 292.35523962716843
402.45901137347767 150.34914402553193 296.3002561542712
409.8669444551117 147.83619520601275 300.0704310739239
418.1149844965032 150.1076067192749 293.6563606356978
425.7557664942411 145.79810365717572 288.27847296243687
426.50106665499163 151.36336720761653 281.18404514952283
425.19750035387057 157.4094433570142 282.94732565419946
425.306757797505 148.96785645858375 290.2423407312712
423.0584407560649 146.57370598826694 285.0811738528757
427.48222190107754 153.89824200554787 281.26555706885557
434.75220686159014 148.5991888397319 288.9059994692015
427.30491739431665 141.74030338111746 279.4804324520915
433.92934044786443 137.64999989723265 286.1928458379699
428.77555093647356 137.61080544146623 284.6294734215928
437.18575424123844 137.91877685156282 291.7231371416467
434.10588066403665 135.455152086805 300.18336888652294
426.8361570627055 138.04426423135672 301.1734436616724
434.7107594005927 143.97090311813554 299.396398143584
430.7000895417725 151.2657891360712 301.19203466734916
438.271217244003 151.6099937356397 304.0136000478477
438.4062163928877 150.18802775643812 307.22011020424407
441.1225086344104 152.0228695360578 304.63117952269585
448.4652179982033 160.53200691995622 298.6898458583058
446.99603517371986 151.69667403591174 306.1255438978457
452.012493737531 158.66402095036514 306.23917904953646
458.21086703338887 164.16930243797168 299.17628828287246
468.0019826698766 155.90819393909808 304.2917220068332
467.7081018491842 162.35917704209444 306.13197430161154
461.00133060614235 168.29422467313898 314.10194132937266
459.9505764429475 159.4989072525413 316.03120759050967
452.62819524159534 155.4483530852014 318.6486776736101
457.9008511706833 158.43090759529017 310.4810983467723
465.8235593052132 155.92537596426786 302.03742160072755
472.5424583850126 152.71045363279575 301.6147542899211
465.1660241802666 156.91023835189316 301.56685372487516
469.98051945971906 149.15143022525012 295.1970015968222
466.11757033694477 150.12628525129662 301.0293051868676
475.9602560176061 158.72472100872963 301.48821481120467
473.7641445519846 159.8408243428235 311.2479625481184
466.92092187510144 161.06598347593297 307.5864990282954
462.80870697956203 153.0955174102515 310.35622300969897
457.24860705773244 158.74992877356414 310.75800990084394
449.23668840941724 160.8939499546053 312.54187030010075
446.2021013544451 162.8966555891995 313.0797030036523
456.12944554410205 166.6061413098118 316.0281665292534
465.6333693568539 159.89924689957388 319.6865958100713
464.77909711082094 162.69445242971648 310.6223903960341
472.4582894994448 169.84704042862168 301.9573807385161
478.8135368800532 165.4785022517264 297.0582040424985
474.1202875976721 157.45427187944435 292.1969683573773
473.07759380133075 164.62530272556356 287.9738442311386
463.10370029129956 171.56405528073813 290.6293461593967
457.73541742766804 177.01765875937707 290.7280307402313
465.73013468986284 181.2862779237781 287.32939827919586
471.7817767019847 188.42717655593697 293.82014646990353
476.3333884521921 194.6158052914394 289.7105525274121
474.96056189749106 188.52280930013978 284.93152265506563
482.3630300523064 182.49676212590074 276.79674769150785
472.8098884852298 185.9021932199236 268.32049524110005
476.9826532361343 182.35885516953948 276.64111788695595
482.41257903495637 175.62669433788514 274.29920783297166
483.96987799620297 174.1346294286726 272.08495234290365
483.6656912377694 176.79658751142662 275.0342547199287
489.0459040421593 180.63414672178186 274.54547528514826
489.8520149899738 185.77002761231432 271.69881910239496
482.4496548248086 186.06696379995304 271.28305756188473
484.75439685432667 176.4827042708982 272.87537313594953
476.96890790162104 184.40261000346842 271.4026690285889
483.3249026494301 192.0730667329131 267.7505863632211
474.35927964865465 184.11692212658366 259.52651047456584
472.1720260793444 182.03636900353825 256.783348930299
469.05927351032017 178.3453724538176 247.1468088836833
467.8175984527803 175.16496112526184 246.09558770786325
459.1732725711422 179.16858454898457 253.79007982444114
450.41671043001026 175.16534609512638 254.6320176907099
448.6176595408538 174.6923961838856 247.00790453576633
448.77533527891825 170.0311337176153 249.41574634361186
442.1614849021983 173.62772025053485 249.5672954777496
446.74271893531363 173.08001177760224 256.58268600063684
449.1381844664132 176.60511287750333 262.2128627164756
452.3870429833357 174.7737984290284 254.7270455010261
450.10207889908406 181.05943094990587 256.2442097762724
445.8310363364987 178.12133940628166 254.71295051903078
444.5018909317492 180.81722994499864 249.11983733535598
450.8897893833368 190.58096494345304 250.12437269863477
457.85839615579624 200.11033970843016 246.56528693735135
462.02179027599055 193.71191553218696 241.02926266100133
455.5114272342789 196.34746918652596 231.4454916487923
457.1072471860536 193.10842727015594 228.69599475193235
461.27462969227423 191.13733150912884 227.13553355379685
457.0336616781938 187.63106092589496 236.66071211211462
464.79099105683 182.673053392006 231.82480497054894
464.4160585314695 183.57528411197163 236.096057463733
462.3407559952671 182.08777494577808 230.34951821735933
466.6040221355807 177.51132961514134 223.11989584637143
469.1755896130159 169.6782264158003 224.64674412635426
461.9498138427105 162.5175716379902 224.92965955777234
462.03985964785136 161.62883025581812 229.43842834252368
463.84665394272 156.81460918505218 224.43716634498662
454.3471964544779 152.8515090138873 220.0669953314835
460.0142156561338 158.18651879754304 229.81202260171318
451.2406469664125 155.84106974508396 223.60317332089568
446.97961954140425 155.83797672346293 223.54167007194474
442.1813233457576 153.7576091370142 230.07261487200174
435.4193379264927 162.10238368482746 226.86594265739944
441.6387280323578 156.93453621474387 223.43044288724678
450.8986756343248 165.01487504033875 226.9374886695306
452.5011417144431 172.18022500417604 225.186527410999
459.36185683599507 163.72618420074937 215.27812068228627
450.36033990886324 163.14655390908132 212.845896431522
457.12405176374386 168.13631808020668 222.37203686384572
454.92113230592366 173.12238973003917 225.6687504023094
457.328450409143 179.8165624451312 231.35955765218947
452.82961816231176 171.34938468833968 238.04053614240584
458.0324212137378 174.72553858464462 228.82956381384787
462.42643522059126 179.48201303017552 223.45374450549926
454.41044268206275 175.74546285943268 218.07694045190044
463.4802656607741 168.02376006407246 213.67015456791876
460.34314401337076 163.7388823324227 204.80647610368231
466.89158502458685 159.58751349851147 212.47586816755094
463.78817645459014 168.33678773078844 216.05547459790225
467.6142902037469 175.87484343900994 225.2509147035446
465.55793897367516 181.54350612663697 230.5233988345545
465.20843271186146 176.4056956711041 235.43404651191406
464.19751058168447 182.4364580760173 228.65341759418675
463.1747294053018 173.23924305126454 221.79931824731116
470.92623149056357 163.70791652057358 219.3470425302109
467.05638317430964 169.27252279462766 224.17363990631503
459.7359542034216 175.61772381536787 225.2311601526468
452.58961394904986 180.58129156822395 228.8919876789529
460.9422833552618 177.1624829955849 236.4138615553488
457.9509635753446 170.83216931869796 229.70211145819852
448.47668263310175 176.7381328843143 237.14603308216024
454.2513780104261 185.47103350064378 239.1052081545915
446.4037778470217 180.7085972512821 242.35376258080169
454.81115836310454 174.68771951519844 246.72671986055136
460.93589660903723 179.8283149554737 241.4130768914429
456.238650117578 175.8749569129051 243.04670871947138
463.700307439516 184.03905324971802 242.31880764574933
473.3533433744525 188.3603324749096 233.13413446540508
474.36427319268483 187.2195815619571 241.6556994160734
477.41897853885 196.08801690562623 249.41001649036062
481.5001974740724 188.36273580336217 247.23810614472444
473.0805320702685 191.34571856768213 256.86192504794536
472.42345476596967 189.58389199997094 257.44536487707506
473.3166558500801 194.64907412897205 248.0272398303665
473.55377419689006 204.12712997981788 252.39395202797414
473.3934060024447 200.36090723608478 253.7015800314883
479.9628099684687 209.38256948858088 248.6697120192346
479.5153963757645 207.35107774467974 243.9900305591609
480.6629074363063 207.10426559675645 245.76654023396165
475.30893529204104 199.75437011009657 244.64048058015177
478.3660009862049 191.68071705248195 242.1758910677264
486.5707087617706 187.42189865455552 240.61954289980312
486.22541419951784 180.10163450820028 235.71345680829666
494.92436009759115 177.89279000494076 227.73176817528258
485.23720555037755 170.63530508385332 222.92344674230824
485.70432753882073 165.2521325440052 228.1192450724933
480.6820828370501 172.73174975870884 222.25187131449258
484.06989705111874 168.9814111341482 226.62696958442086
491.86816550189246 169.14021027441456 223.53480271615862
499.4490322523145 164.53595252169455 225.93561046001534
508.63205008663795 165.03332437326839 231.4492339049698
506.1106559192861 167.0894033598931 231.01691434689678
503.8359489912904 162.1460796020858 233.2013451164847
495.7343906845642 158.89752256310885 236.37764075875916
499.51065690984905 168.61885554013708 241.46816493083978
490.87020659273395 178.3851788898185 237.72552124617565
492.4019042525182 170.1529825584748 228.54976692312252
496.28861284566506 172.39705376597942 224.99073471645156
496.2787068782997 173.38352833403695 230.3321298365583
504.76146867190596 166.76045511452438 222.7432948402937
507.34018305159486 158.52454970895852 214.73507321601735
515.5325432623284 167.65959482059276 207.95717009852547
508.2134078798075 172.7583399009716 206.34764551264522
501.6178477290023 181.18502995040862 211.81883191117944
491.7777839779623 184.0543822305087 220.2576537942403
485.03338810006375 183.1212902766578 215.66713668534382
493.7689333681202 176.20268096819657 210.8503634509324
501.3980051763255 174.5567137249815 202.23000651946884
510.4278911350123 171.6607789988118 208.33159255878527
508.5727274210152 174.1331518747844 216.1609905772915
505.5548086999682 171.5392304188391 211.03442345235214
507.94882326945446 161.58186199324297 210.71228206852808
514.358821286234 151.80112843211737 209.65581050929998
510.2770996855637 158.65964435054954 201.01419304480748
502.6703461612103 157.4840149299521 209.64293002331505
496.848822257682 159.2035527536222 209.71446320857854
501.31515695088956 157.14615448932005 215.0294200354004
509.57686527201855 159.6150781433736 215.32622245224363
508.4841481955313 155.66583502293705 222.3542706373241
517.2124707340851 160.14337446501602 218.73308877480517
517.4599875883813 153.23348952052902 221.3916338572584
524.6030415866139 160.71403582407103 220.5348421447539
526.1895936299832 158.6359400661446 229.78731089528796
529.9892744554578 167.4272283301913 220.98459088644688
539.06226445338 171.19541670187715 220.5524507910853
534.2525260395281 170.2792916497947 212.15268991207034
542.6685299115392 176.8955962040465 215.51056139165394
547.4906528269091 169.52277547905376 216.78444605108965
538.1056049599616 162.64993916928336 220.0341623091343
539.3064780451871 168.01656333367094 221.77880475664125
546.1602793356934 163.93475214620076 215.04153162322592
539.4512500961914 166.50501902013625 220.80102557075793
549.400389358248 162.63853251196363 227.60890729379167
545.9030632259454 164.4998190366635 233.41580838632188
540.9494429414806 156.4213653097384 240.46720413019216
545.4032316841773 166.05723622951228 241.076976235787
551.942220191556 172.76751139433074 246.08117536595338
554.6833573783683 164.07342057617893 253.8430519683007
557.5068890990908 163.15542011723437 255.5960059337903
564.3358412621875 172.06224166275365 246.90724601833838
573.1581218389714 180.00088797615 241.7582507261388
567.103243863335 181.07677977840424 241.95595357064127
558.9192752301199 176.44792617985854 245.8101802147581
554.9827923561737 174.0905721282555 253.86429349376866
559.6713338456045 177.73704834641282 246.95509970042605
551.3336051474881 179.40075722784061 251.3820907496433
559.1419755685378 181.6815397208413 260.0316671776429
568.8907604298244 173.9689515817817 259.0709142847631
575.9580441712998 176.41099506680087 266.75891002545023
585.2953411956056 177.32854031758887 267.7277020110502
595.2917392850527 187.22012426372729 272.3858471242486
590.2481916050713 182.53724763859293 269.5782471053198
584.526621651526 176.1699868531567 264.1160321144278
583.3906511302816 173.4840486157992 270.9443422875472
578.0863929133867 179.29930671043996 278.76520648110017
569.2636663535 187.43337253669674 276.3090192982627
571.8722672901929 193.8639439223669 275.51210692041144
568.6795113230232 195.42962492500868 280.7802192269885
573.162221921545 200.52882515405165 276.4655638706116
577.5501077300207 206.46455484024656 266.9868325317514
577.5419788303838 203.2781711910235 275.4062121204047
577.6305545845873 196.97978128026233 277.5300903959027
568.1227998774973 189.2452635618723 274.1099921245537
558.3404854408548 185.75615751743862 268.01790739637147
550.7034098839495 185.7256058060419 268.78401088673365
554.5975472612996 192.97927000626441 275.5975061876145
563.1463690410385 197.62602722150868 277.4375852744632
568.971201290779 193.83647726247327 273.1519993578926
568.8737169686382 187.3979190538698 268.0165355803985
566.8940917676041 180.25288800163105 261.2170206226406
557.2285987339362 181.94081394341788 267.1163145928117
558.137463026832 191.85847024673984 268.8413876868274
567.4288711255895 190.3647827347055 273.8912433181244
560.5947320249854 185.07379171158533 271.9933177522772
552.2450653612195 182.24868579832213 274.7644902419955
561.1715502249868 188.27045219077314 276.15356582864337
552.5093682168819 197.41043248806574 285.1636049397039
543.7267990260702 202.8838174503826 279.65025623918217
549.1080824795113 193.27252212237727 287.582714335327
545.0516636770824 199.60223561396575 278.78797196206204
552.0316548617996 206.44906514803645 274.5253257318401
542.7356437562562 207.57753328274168 267.23724668523715
552.3425626799223 212.80080658917265 257.97090609026264
558.0991404047136 210.58837250005905 250.34569784564155
553.3793895761002 203.50314211265922 259.85804375561656
561.8959020769217 203.62702954296265 264.12425149681906
560.5781260797407 199.94095786189715 271.0525137629786
567.9575801554 192.96932419195258 265.63417672459843
572.5530813631185 191.20638298320657 262.07952149167517
564.5497820784142 198.76757956573616 255.13148394447552
574.4927403148539 198.7890418987131 260.30234024914864
570.7114004845532 195.1192784451344 268.16426487780217
573.8371307212062 188.70851984784636 275.6428048730145
570.9774754927082 192.87920351073376 284.7857412538123
573.5348658057906 200.35847875255664 276.34689412214664
563.7902056189885 202.19132927658586 281.6616546194336
560.5172620137217 197.48952539625557 275.42653439974305
554.7753837394944 195.6572125884689 275.80671453726916
555.5394478737295 201.40081854569917 281.2788119611967
546.2244266302407 204.15419593958364 273.53129618499906
541.7872897138417 197.94490940816786 283.2591209718116
546.877074729286 197.98571636787796 279.9725987509507
537.68034673308 194.00930912873008 282.31194676826993
533.6771577650114 188.90314850401163 273.59690417217485
526.7742913651512 184.7998189973799 278.4793502028402
525.6469559977659 179.03769198864154 268.68643162362747
519.4793524440224 176.36490330309857 261.5710545893501
515.2855496092745 174.0516582992458 260.25648321245103
513.5376067980035 170.31072570933475 262.64006153767815
505.56419984438327 163.8799692319288 269.0924258086433
513.673467746888 162.50660747627478 266.45355463551954
512.9948712530537 156.68954245928782 260.512763281385
514.4895598014695 151.2473084942452 265.1399937009116
522.6316086677879 151.0939873134035 265.01607505514016
529.6393167230241 151.36317271204769 260.31323448542895
537.1541227823708 159.35616752251119 257.3368700823072
543.3917996513861 166.29217980698107 249.92761925301332
544.6605097372274 174.14459657857577 254.74659078452328
535.3226394270023 166.6655000744894 259.5919937204602
527.1393016990739 173.1058266563074 269.33000360257967
531.6671778998184 181.987105569408 276.4365294563586
524.8938611488073 189.47978006946582 286.14875945925723
529.0241332106165 195.37006532741748 291.0866462055808
527.656635168662 187.31637776219537 296.99044000355013
528.7548926621257 183.9285278771244 297.6550584449844
535.6892562273625 189.61112443190612 304.7040658862634
543.5642559631519 193.33269436318693 314.2781608173672
545.1010146026183 187.73612684880672 311.43844715682303
539.1578692068027 195.556486309641 304.28302434031934
533.0123516357136 186.62391604291207 306.2988171825953
537.7221371305275 192.7370522854283 309.2164937999914
534.9273448257477 196.2704964011882 301.132556995037
525.3663032047817 186.45000789216536 307.45283261386874
519.7925726784225 190.05796198328818 312.96921008806146
523.305521698559 194.96606918868693 319.9364247061625
515.2635938165092 200.93128823824296 323.8782567189237
515.5236912092199 197.47685698256382 332.78481988138424
513.0467747472725 191.5894969317204 324.3685926671018
512.6784043666786 196.22539464942886 323.63835257400524
507.7189125616075 189.57334212601813 320.5726401899004
500.8485635874419 189.93172020602154 329.40007632131784
510.58882252932614 195.02899966074372 338.81251091988395
514.8459512735626 190.9384528547577 346.1289226448143
510.9270038176964 182.54220186705382 341.0920889010707
518.5560838975487 189.64515604316622 336.6800147075764
509.4384257072195 185.94255451305608 342.7500023086695
504.8604436624895 182.2944639814889 338.8127270379108
498.07358256355593 172.6080136029306 346.6562383664376
499.10052520522015 169.47388189920377 338.3449676110719
500.13702710113705 171.51531377182474 336.7950391272224
504.9825028003679 165.32387794498055 336.7665619373799
496.72871360326957 163.39727741335605 331.8540993783677
493.4528883692909 166.655112479738 336.60350584702684
501.3168893708187 158.1470787385545 327.4878348772707
498.13915403871556 159.1708760669342 335.0495240836341
501.82768233229115 151.6952016207554 340.79969885051423
498.1900421028876 159.3283762908522 342.6404084614723
500.5286032338566 162.51933769241472 338.44284534850084
492.2644222562818 171.71850073878727 334.10282616705695
496.540085781439 173.36084174503026 343.8846796470204
497.69953461790567 167.16003682663612 349.5038273492055
503.09506814592305 167.65252228432053 348.07475821008507
506.34996652388526 176.70717357198407 345.0457441619174
502.3704934483302 166.975064738079 340.63731392555064
506.0337216558356 160.66587477091156 334.30732684603555
497.5450567939692 164.90764501400903 342.1108356140514
494.6632703161805 164.16243058691686 352.0808965955729
490.4102175440273 167.30768434608845 353.9894909632347
495.83216743371383 175.2803139956131 354.24147665747626
498.6436132465663 171.44069496989727 355.2711924167335
502.3496898677947 162.1415707261584 364.84510369945
506.8675373728146 156.29756157163948 363.30658401873376
509.2547519278041 156.87599767014584 356.8864616969528
516.7619922112358 147.69806473880436 362.99269248585847
511.9424516458802 144.9160482817533 370.08968697922455
516.2634984209593 140.5959082753452 371.2231852200866
526.0993538012677 149.98035404057393 377.61749378023745
518.7119142322466 142.3370692606574 378.20556950450026
513.7112216998426 151.19368533217263 372.48256093059985
514.8221171207128 159.21208677758108 378.00987200778604
514.6170733489425 155.36110528884163 369.45047946165
512.270985394825 152.49924097349376 369.922179952388
506.9447147830619 144.88692016907518 374.9060784324546
516.1074275695381 141.17402770054215 383.3057445858076
520.5075636519322 133.6045301168816 376.5311763049877
526.8777385277457 125.44683518167501 375.66473549823525
530.1582085061007 119.24068938252734 381.6785345926694
533.2039323393954 110.53987412862817 378.30760669518037
535.5825671729357 113.71385710365135 382.1045302399971
531.3483054432984 116.08340319808701 375.4554625523816
535.0455532602925 122.54915715794047 384.14279744625463
541.0341669186723 126.3470817722591 381.09383274207653
534.8342769757471 135.03710444707826 374.7017739026541
539.6508669422741 142.26610453343744 383.06331846550466
541.7599734111095 148.08474382904222 379.8862390459638
538.3270933646186 154.15782766873707 386.2296980532164
535.2755207094999 160.4488110196285 395.9716583879783
534.8768651006085 160.72383095012057 403.7845121208822
539.0626356706417 164.72062856038534 403.0443393971409
541.7530850312866 163.68333597033845 395.19847416631836
537.4614843631989 154.17719806829226 394.70274430306824
544.9492765153701 146.96729485541815 389.29287127010235
536.457624686837 145.68097675215202 396.50547786144114
535.131677295521 148.05851311203875 396.9973331714544
530.7790683879082 140.4568641344032 390.63913636189835
535.9504156110924 137.1554963270849 389.4503383961241
527.9884303380779 128.5685261560367 394.29803149346054
530.4965463802184 122.3349272867367 386.6006857209988
530.5760889500068 122.40716916530184 395.70559300874584
522.6615170964087 112.98706320724804 401.7910604901914
517.1623226390366 120.90112687782887 408.60601176561005
508.11007330508045 120.14912721094689 417.4821309058486
509.05838260232645 123.55873996910523 409.4359674035929
503.64833517698173 120.00429227896551 403.40541828491394
511.7527138969003 117.21985162699333 407.7399797123732
512.7207283992386 116.74155684117918 402.77193458201504
513.9764217833292 116.50854917056049 400.02562465861655
511.68894479463637 123.38596870338142 394.6563712839441
517.8908474321642 118.23551833214935 387.27479388406584
526.4139144277158 111.97288290973842 384.9354026361521
535.1721406637794 117.6971309455327 383.83173792799164
533.7967075741766 108.255313239533 385.81337064269565
527.5307179059747 110.70017589193114 388.54779764717705
524.6962065900914 107.5908081766469 387.5625230301232
534.6321781764482 97.87965286665221 389.7387536334035
541.823674988119 93.80846216887147 388.5769835852483
540.515537815452 103.55682317292755 389.3964341173618
541.1313839299803 105.68700566865722 396.49106577969326
533.841428365707 100.93191150147987 395.65501206427405
542.9688898275856 91.89895884756461 385.75963616856905
540.8198094943451 84.09860911420252 385.0944650942626
536.1090870798099 77.29810344682087 379.6319352889241
533.7798110473947 75.84720699901507 382.5018696144504
533.3744166600214 80.27522221375926 377.88672839306093
526.786503849568 82.59435959568171 380.9091072297992
518.8395067395677 81.81700060098669 380.41081275085253
517.1817107732147 80.26458961959752 377.87394967852373
521.7098549936901 73.89421631019461 369.60994178405315
515.7051009079753 64.94167465715995 371.6049628016964
519.630651991759 68.76755761443984 380.2735235676243
525.7980067137173 67.3120807611527 378.36518299822086
525.0105236682498 75.71876440337947 381.5746218364786
529.1382647540662 83.69894901924339 380.324555561466
521.7173104590794 81.5486794385744 376.9113929877252
520.7220760618218 78.47714252000752 367.9615411433008
512.6343354479492 77.83391173478735 371.16841206073263
514.5711112525299 84.33632146317966 366.68010356171993
522.1919775292004 77.42744024024863 366.33752293668726
527.8773939006823 73.58083060552032 367.52426853844395
534.2516374514598 74.35461163504043 376.41488868202407
526.6259562528148 67.96025037827671 379.04321577309804
525.4991316877314 58.38154361081204 369.1350757672522
532.2335989284624 68.24062638630659 363.0880914616586
525.4971070651035 71.69103591550729 372.4217575825654
520.0389925242717 64.50815886816164 375.18460215857556
524.4515278899011 58.71011232153686 372.3960190939541
515.5548343816224 49.8702433899465 363.18667684904017
525.2321497154724 59.013802520556595 367.9246242775838
530.5969614204 50.204647780465066 366.8071696133858
539.250970443004 46.04744951691443 362.69814618882526
529.5823879409883 54.88044657177484 357.8044424542588
520.8387881625132 56.67019284453645 366.2546783369478
513.5850337457972 64.37237219213289 361.0914534669028
514.8805533376701 56.903885758324854 353.6759332056813
508.85053214986374 48.97086467713722 350.34366773297944
513.0322262837709 48.35836988585888 357.5311839276299
520.6323048183626 50.64249580401096 358.2685352173943
523.3559249766283 43.90052151513214 363.56764377068794
520.125790435385 36.42339336023624 369.78836583346924
510.4722478139168 45.020648378099665 363.6593012366827
507.2513506365865 41.82708282921413 360.6391782904025
498.6879176257603 47.403607743968095 368.38630975374383
501.14028410238654 42.99344512018618 376.08569925062415
506.35718944435945 34.19136793222431 380.30446857185495
501.7943737457133 37.5387958976973 374.59120524338744
496.5636569155017 44.67729180379303 369.302856716395
493.3734535459903 48.33548099152904 362.62571321057453
499.12240709245276 43.011349609499284 362.38898242021145
490.39081286052044 47.715623053013644 354.3238430141164
491.335524371403 41.72942047287146 360.67163586717874
489.90141549986674 42.78084788143315 360.27749258173174
484.1423848458672 37.68483797622038 363.15879626260374
492.3978281362746 29.712939176480184 362.5617049849776
491.63540692436453 24.378147259758936 359.88369127823637
485.0952357669428 34.20302637897495 350.1964288442325
478.39204067078873 33.583532183443396 355.386052163388
479.26732379533524 29.43232913137333 346.10098586116163
472.6216047649569 23.483678404936914 338.7628087836268
466.79643693395315 17.32883616739911 338.7350187817586
465.47774344904434 17.338283205764046 336.03672832177926
467.8949389462277 22.549069724920294 343.99203757277496
467.95598497548536 25.131758658062328 351.5505539486458
476.79681150485317 17.20355905005187 358.8615716542925
481.87404254517287 20.65953289746233 357.41379367864164
484.1851976749066 26.596349838937396 361.26323956407214
483.78961488788565 19.169772228056996 356.23278981978
485.722263864861 15.248205046218567 349.8375413137214
485.1980302413125 12.910021363740157 354.5426515163712
484.28951578064516 18.40305570779904 357.5440343130777
483.50921159070344 25.54430382123205 350.33112935433115
481.0711307945023 34.464113372004576 345.22428319251173
485.23155432306834 37.048905248268376 338.59958914138997
489.2333193529374 30.901107261551573 341.51193016660994
496.4545679549445 30.544307584518414 335.1744245989846
497.7271441604882 29.151339742228547 342.8222866792808
507.2642031570277 26.794307783171455 337.8999564597253
515.8315918402387 30.95151057466194 329.52091987199196
524.716975780989 40.0261032886713 327.80750775457244
529.9557910514873 40.735851466499255 322.7827223962223
538.1928132853554 33.066678837434864 318.27649414261623
542.8546838875806 39.24536867234462 320.2498134387749
544.5692881372346 37.00220029661143 312.22006029672104
551.7081577682136 41.54816139355271 313.47843112003187
552.8721278600063 36.93795021244144 313.4334760144366
558.4728110691843 27.981308072574127 310.42959366385395
554.2130531714367 31.37195701106301 316.70514743608413
552.5887080324007 29.467357319404652 315.15972881010754
553.905670461757 20.557071992687433 307.2165075547977
544.7003142286861 24.85425826720542 301.03443173995527
540.2472083416325 24.8997411819354 301.8034007825783
546.5879062423801 34.62133079749288 297.4618112583286
540.9210929955556 30.516266259089804 304.12025039956404
533.8660210743205 28.27285901719277 294.9820971637685
527.6849548646649 25.938990163503423 292.87871257361024
537.2068748891629 20.81592966318109 302.3320980865533
539.0373707580616 14.971221369974424 300.6273148833415
544.0258689783813 7.074566765377121 310.1335534661389
547.1247452386392 0.15063049583825716 308.7343994337823
551.7770455745354 0.5195060235619571 312.161268743695
559.5672548879477 -2.1503256379025153 320.6954262198651
564.0196388548126 -0.9238088575041896 321.6053441359896
563.1640790377173 -4.3256962670382215 317.4520333968712
572.0924645342843 -8.28306797822364 315.5129169251093
580.6945873867023 -8.722089369510174 309.4925575842509
587.1973300017671 -13.585030937362324 305.39412096205854
579.5011721342722 -20.007001709599464 308.9669548767625
587.192848262559 -13.647608742947648 308.0229489740928
577.9347830713623 -6.970622872527477 302.1520377035201
582.4677797694384 -16.279667577991603 305.74607133092735
590.0360577122644 -10.747112392997014 308.46693458638686
583.3648602529569 -9.971157541480258 316.5136496487822
585.0768165911608 -6.065113512782121 307.3744825851594
581.0637079882811 -9.772539945288198 302.24918025855237
577.1845653146054 -1.7991593100435956 301.3052374198732
574.6851079005856 -8.62992818331928 301.06268513068073
566.9963636500217 -15.302299734625429 297.4199505862863
574.3096965577904 -5.948707148304571 293.80872357278963
567.8781636976745 -7.386473200736448 297.86557026079663
566.549891386756 -14.014967117603092 307.28089584207083
562.3574537441008 -20.466959780663316 315.7084055416658
559.0867177670827 -11.97727784622259 318.8968119239357
549.5403981492159 -17.25277808809617 315.0504169428563
547.4908837456669 -7.630119683518663 310.74241759703773
556.5951954977052 -15.0885211914431 309.7348615107957
554.8265955616978 -16.154965061971502 308.2616636821618
554.2674890374612 -6.572410869572185 310.1374504543522
549.3001369254526 -11.973688718985143 314.81394959500193
541.4132942126015 -15.230141137787633 320.8356239113246
551.2021794054269 -9.693742391800484 324.01155172868357
543.8285381154752 -19.21215273224773 329.0946168485975
538.9195630431348 -12.098946413664159 331.78547394711563
540.8514094594118 -12.102038038731852 341.1527303466737
538.383275688251 -7.193957380026571 342.88347429908566
530.4208010807707 -16.628297355546934 334.1717053308263
526.7882393496462 -23.13219193202617 327.12576142116006
520.9493133306504 -27.611333992295165 326.575199190076
512.8418538077178 -31.14126148091767 335.429213985879
516.9934999444522 -36.35882775398147 336.34636883046494
514.102035556708 -27.70754434592628 328.84085284476606
508.9729021596171 -23.737331184007598 331.20819875093935
501.65551921813466 -31.01988034865997 340.8614065402475
492.0044626532848 -34.229119093589155 340.04755168891216
501.5615651744047 -43.32231840708175 345.30872766579336
508.06959241238405 -47.82841656097699 339.72334563492626
515.2512968751623 -43.91376570906716 334.0327758922249
505.7994958956527 -43.913538786373806 340.8604377290437
512.7138082033028 -37.4787827656462 346.0939150395664
513.5091150194582 -37.67699625692712 354.875169066474
511.78968228597535 -32.22861668761608 346.88442110384364
503.6734593249409 -25.034212739936574 347.9245301841977
504.94855961365323 -27.67036735786566 347.247685639789
501.4022682757231 -34.998804823107186 347.4216689547912
508.88692237586287 -28.392077727643724 339.5975937451435
514.3954378694481 -20.024894163178274 346.0101791565759
519.6757021800327 -13.289427536480304 336.75062242117014
512.7945090953507 -14.703399145113037 337.74196832672374
508.4093264100479 -21.405386570390064 345.35646622648295
510.12442047678604 -20.955215443976897 339.06270161005216
501.4929912402136 -26.682334622485435 336.64218508504183
495.22479139695173 -22.19680701345602 339.98948938548807
495.85732602323594 -21.597125716549378 337.16040105309975
490.4799582628977 -16.94015995088409 332.86828568371067
481.2656453513609 -8.325089548601426 323.3752252179369
472.5193502953039 -2.3852367625936193 316.38616509752575
464.74921084627437 -9.140501351860655 317.8503746707964
462.3565189963589 -14.088637840308415 320.0455463273385
465.6542616738913 -11.060947810704862 323.0121775835804
468.11354985673563 -4.542458862409338 330.69843836807934
463.8997483747389 -5.547134872479198 332.1384410756631
464.1625412875204 -6.11157554733855 328.07345479248767
455.47229795138145 -1.435535113960018 334.22927465892354
450.46677349814047 -6.059980551787721 332.2769789600028
455.409516194853 -2.0499507381553315 335.721497880966
462.0261300106779 -5.545202121565157 337.23341509359835
470.65151722414544 1.8100648161970385 328.0037966331895
474.35178814707774 -3.934911130548427 326.6195432121215
477.58572526507254 -5.635799092050089 325.9536760916222
467.97865816032385 -11.336148322917492 330.442691043167
462.4601314787214 -8.751551738869399 325.1001799547534
471.1305249936357 -18.690726130297534 330.3497473632533
471.41131314885496 -27.11915474686959 336.0834173350145
472.8055773848423 -18.643274355915068 329.545079349829
472.4906204425855 -12.408604646800047 337.72746409176557
464.91313052088225 -14.634455718958074 328.0646175033173
466.672980154268 -13.255811265091184 332.63023056387476
458.6606041006 -16.183722597460072 325.97882115213656
450.5114690834084 -6.885685828943355 330.62584183730814
447.5545168087268 -14.263170301469628 332.69171578378615
455.2191681967993 -11.716155600926571 335.0540214358924
456.1383792776654 -14.418954667104357 341.97402254209686
464.8531050070354 -18.373351204658675 347.7390040049454
455.3711762304572 -27.969312485720963 355.9129386388716
454.72537694724673 -21.90444058359674 351.8746590229808
448.8072692240424 -27.444478752826036 344.71796121366157
455.2955939890801 -34.053013782798 345.2715537429158
451.29534550829993 -31.794447164080577 337.739273710062
453.14476383953854 -30.414203354977474 335.66784064004855
456.63482975111503 -20.49659741138861 327.91442626525276
458.2723641730189 -26.50704599152027 327.8991219937168
456.44177282040687 -16.60001717143458 320.7309299993717
457.7976010293662 -8.233370349036164 328.46009180316946
455.17331682350664 -0.16330111246543666 324.1949355876235
465.0550396482476 -4.60495337325524 325.7937005023083
467.0573237910247 -2.6004745024928417 331.29226111048655
476.0714518345404 2.8359203449838 332.16215704204103
484.65190947962714 3.501076604019866 341.53643581203625
475.4438774701911 1.9928595762814116 332.0795752201536
472.1461127919542 -0.25235058648952036 334.17413059016747
462.4013202284228 5.254707579622815 341.97992366915724
471.7687466792811 3.767695112702894 347.29140218900073
477.28765432046976 4.1071216429600925 352.02843257301515
482.95412078176173 0.9085630456728704 361.9914085187725
475.5998818715713 7.049818877960284 370.63314789112053
467.141524387544 11.7507516713686 366.1677466400675
476.25914541274386 8.391214018371805 360.18881488123947
478.5329331637194 7.86851444921545 352.5101380019478
486.1022685429185 17.419730814103193 351.72178981989896
491.0839966355384 24.025039244301418 360.3595335973714
493.0887417320652 16.799483388523853 368.46247104321026
489.49513574196936 26.465554418808544 369.4732790303561
496.2556331430984 36.39962720608412 378.116673620267
488.4444103227172 39.638185164717974 377.5775149921431
494.83696910303496 44.74142338463059 371.5907762644734
501.3789701728784 47.58143982926543 373.8734838204565
497.05437053725734 49.01780291591298 379.5186205740842
491.19082571452964 48.972663920364255 377.1806518231789
485.0648383676114 56.587420865900086 369.73835543504396
490.5125297795712 46.91374310317062 379.39736429357606
495.0309215932673 43.98724528602411 380.3572650077316
488.3085647685706 40.56925611018207 389.53295378021755
486.5666652734958 38.69128892319467 395.7648524230526
481.86420628400293 48.616445922829385 392.4856957508344
477.8730129715647 42.70247000279767 390.73607516277644
476.48974603508634 34.43297652614952 400.70195310038696
479.30193649013125 39.40115948721253 392.15808872641543
470.9235443199552 31.572041519132377 391.93271991258547
474.7076788787533 36.71190952359144 383.71295810623
472.74569778252715 31.77940504490323 376.72975490186985
476.180293948007 39.37312074208151 372.58716846268396
473.54624311518427 46.44555026420581 381.4153188050722
465.94712977316965 53.8141663271095 371.44375457803005
457.33909260188443 47.57253312380514 361.92009025152834
459.93879047437 56.39615625011183 360.1754062503566
454.4413664451876 53.70959768921961 351.9601752576998
446.0752801303531 57.4633413584492 351.18078482630125
452.6906437355792 66.76309014287553 356.1208688120154
451.0703041773912 65.72597477945548 358.7437844675192
40
376.6942930100038 271.43974720789305 205.98541718823265
382.49018876391415 288.75048324277014 201.73639282737554
378.8019281686389 283.78884841690035 209.7661324770916
374.8311251709383 288.76602064340824 215.24486288857267
378.86326038961806 283.9791674946204 210.43566804323987
379.6182678901972 280.26934646694417 203.58507815569624
380.1629916006683 271.18584071870544 195.7506927497783
382.2189007079985 273.57693416061375 196.8340177886847
378.6680068369728 263.81420813448517 205.1414591958816
385.89946874200456 282.79663259240147 188.63496823577475
384.10755933770554 275.1044949084303 212.4450252363626
381.68179566007734 260.7470277445249 215.05821482936773
390.71300816346 269.3262377621551 210.02846130954669
402.0454290771362 265.8035590716829 233.13388850277224
404.57053968890625 265.87993240493745 226.37837565360567
384.68099316780496 265.4492689869554 226.1949714624964
395.1308591227586 256.9256350300015 220.57986689514823
384.14857063109264 273.5327458664573 224.09541517744097
380.9860309495479 255.67260283198658 235.26343143072913
387.0770850870265 243.83120877850683 232.09236444931636
368.47983911570327 245.71512526074105 250.9174086443072
387.6805563345544 252.17950468131923 259.33063472362477
397.60622728782465 249.02487297751819 264.1281770928059
389.5151544846082 238.7208594751267 257.1597062446063
402.32488467778734 232.71973823325132 247.77598840765523
404.18323217246814 241.09441513597838 245.33509676109475
395.9276783134104 246.29176348183208 241.190595500493
396.78616401655444 255.8728778179189 231.3224330675654
405.12988328529616 240.14005589665524 239.29656600557016
390.7258524968487 229.6286318759664 242.195620396804
397.089027959158 236.6261122577765 223.56558957485578
394.94022449090755 244.09166554019487 224.35036594270375
400.258820685668 233.684892728519 209.88902917683558
411.6854442633165 249.91167601990128 217.77483573261688
399.9620796300714 238.63373384582667 219.81196491423685
394.87109776870096 243.08328864851478 223.80373364120356
409.3640445643513 241.877907241001 238.59684180376934
396.5488173279472 252.0399436377976 237.79395611255606
386.4692658010011 252.85644420129722 227.01429321863984
384.9488944955528 234.11244265431088 228.2632575296903
