1000
464.98901167218395 340.3133400047312 8.90630565627066
455.06014935433416 342.34688493679465 2.5737597105234666
458.6275805923351 338.8245824177251 3.19004706372914
466.0987379705298 335.92021145179365 1.124378521242746
467.459135319854 334.899382985181 1.964945694842548
469.09720022388746 328.15057551593816 11.2219696473433
477.2382615550389 321.29022762493963 11.865834595080429
475.5931058232343 315.94508072999633 20.812342600585616
472.31642744480394 310.53764633107687 29.402150665251582
469.7908911464 302.64819066683697 29.6947035933734
463.55054381106527 297.7423010584869 27.424802638935436
462.1170468564425 301.0850202223013 28.16075071421348
461.68911120026826 293.6291306122949 35.647594055416484
459.6371264253269 286.47801529906076 29.402890567550017
456.51141549760047 283.7031366701795 29.242947567223037
464.7318065739568 291.62112268798154 21.677063367037245
458.609172439279 283.0680297955341 19.79694383717071
459.76784588205055 278.78731039597926 19.36533238766591
455.4816302059598 279.4977183909538 21.928056512819666
458.43669567330403 274.2555745675179 20.721659267192887
457.48405721104484 268.5005470085564 12.885275607746642
456.9409069128356 274.0690444809841 18.531953181662715
448.6621933345021 266.7321001962561 26.59722359155392
453.5758897176459 259.52251359352584 32.26430217354911
456.5146175491218 266.7063165575658 33.28751787015863
449.95760067949175 258.10466246600413 35.74855679481523
458.68063296051105 263.53433065072306 42.90098328658626
463.9050882142393 265.41857752342804 41.1700043304228
460.0817079494373 274.36944826488275 33.0397886293972
461.91635285699846 277.587629158612 26.109259031493576
452.80401619561775 273.3211975689953 29.018736380946414
450.5800938770628 282.4042565527175 22.73556421929669
453.61637089660604 283.3966049319116 22.634436150225298
445.6503073965235 284.3592028841907 20.784866974973937
450.79752301898685 274.8026547649099 21.692995613227154
455.78186339119054 267.45465731746947 23.69833193623156
445.91524368347535 259.73641635650716 17.025508027587172
435.9858013030688 256.56085514661135 27.024403655141846
432.8528012524459 246.68537285714302 25.432305312309527
435.0675021974305 249.49501973548735 30.780988321084084
426.34239907616563 240.9328530840695 34.43940090594015
419.85730242979554 235.2914050552057 43.25652706828342
411.7739732807082 238.8361112912753 33.3437143261528
409.14585915361295 246.0434749089533 33.4069555300282
413.44652011609026 243.59014886166915 40.11594261967988
414.17049976065124 246.42888920033582 45.901744412701284
406.1165356441171 247.7364912795184 39.79283154329351
415.1688209836582 248.10236076647453 30.03089111799359
405.33740352574546 250.00068880885482 32.26644839848888
412.1158462988954 257.0925662332044 24.350667585588397
414.54323580959584 254.4505762370408 33.19670983797921
408.5740960556954 257.3432513548415 38.943694350824366
403.7166178887758 248.94637767181618 48.57082081127086
404.78669852025445 240.0921044462451 53.7141978665549
399.5106764392407 249.55689053313216 57.31218062153062
399.35891844080675 256.40650471902524 50.96380153394483
403.67700246326115 253.01251688001045 51.686625223556725
402.40371106014715 250.62255893054842 50.53725521743366
408.32181833143665 252.34429484566988 49.50314511307737
405.9150427803687 257.61235206423726 46.1628668302157
415.75392381252846 256.30018186472563 44.755882397100535
425.4352681034417 256.7285185850101 36.064870320632025
431.5192594251237 261.0281855997075 42.31212753752032
431.96858804372926 267.1326033251932 50.72800520055432
425.67899808750803 265.35371653359755 59.94717946551911
426.8837519564532 258.91116925128694 55.263091176202174
434.5835197511104 257.9666853965927 57.52111388944
426.51411479060334 252.22819110218518 62.093079705424145
424.0633868344415 251.92957865667026 54.27565837178394
421.46767787408123 249.85386851369043 44.501197935885045
423.7891433543749 248.88871570819185 54.04898852146781
417.9434497364347 243.33889716354582 59.667967169924324
408.46790477999247 253.2371049680575 67.55165000029633
406.64022640943057 254.28887334514366 72.28206986790607
401.13446239237027 249.03609766693114 68.2877694451481
408.19326741933804 251.92100948826285 75.06227998812598
401.53422474074677 253.39327498142006 80.94260370182782
410.44591445484275 261.8725036958755 75.68007920443296
420.16706260056577 266.42649652503457 80.84173068700379
425.21215947498473 274.3624182281676 89.89755435841428
427.484225018452 283.7242644998844 85.29293267609268
428.8832027365297 289.3329404600741 78.65406199296986
428.4260496453344 283.4158078784202 84.91427628677323
420.143359238108 291.3594796330048 84.29490058428705
427.2691968751592 286.1189591360106 87.48727189412446
433.1068275705395 277.57139492431577 96.59842397985612
440.0461457595441 274.000492092068 103.0985493205501
430.8676033025638 272.5736376817528 106.58336460918947
424.61727439751553 274.32680224131695 99.72002360638778
426.25620594427687 278.6907564708819 98.49383400156354
427.1437757765514 272.2035948929078 103.55005602732821
420.08062062728646 280.70106341082015 99.86929365222016
421.29157239359057 284.88947591263843 97.8672804853525
413.19735314403994 292.73131623948126 90.4185415345401
422.4056447481365 283.78698462721286 99.94967233488572
421.2211928518098 274.00298743693753 109.34994068539952
418.0015709072499 279.4878081328421 112.51204681461869
414.66109044788607 273.2142733681636 118.84701297156985
412.4560598439593 281.50328922747264 123.57698379336155
420.0453225116094 274.7300338379659 114.81560408740688
419.1793851844505 267.0171094357897 110.8374273306074
424.1840398090193 262.8265392160243 112.04400712215441
426.9474137677856 259.26292439140565 104.43748098533364
435.27446663352345 264.9045490968678 105.90930418428533
441.1584085884163 273.66504517468167 111.47111873642257
431.8131111516104 263.9450451236532 115.75580652449892
432.15135031993606 256.51668212953723 113.88541839456357
427.958552920068 250.567578090131 109.52975124688734
423.9430278191036 259.0393002824774 99.71520907943369
430.0770784374782 255.55572989854585 92.01835716453671
424.7584504909182 250.90296571240367 91.26474121750604
417.682347743768 259.9912743915816 91.4546372361646
414.97940147967046 257.68637717967 87.36106637040024
418.64883239054 258.2748452559104 78.47611528896228
411.4895503335441 251.29754800140987 76.75519514472629
414.6321046370484 248.85897816349018 80.49288415272493
414.0365990480013 247.62866933903572 81.00174764458814
416.9598209687017 241.58514055072195 74.92290698384421
411.8642819298929 242.2022790557799 74.57834570358587
413.757953451354 247.69938110933987 70.22708645736392
404.6968622309181 246.20361170151028 60.55059301104319
409.31489258555564 250.92477786307583 66.53763946800106
409.29379660275 247.99390810575147 62.804196737784174
402.8153306745746 244.51049568898128 69.32086254052146
404.36290911016704 250.55820697424474 76.63174726217713
398.7481093310316 255.75916125989215 79.19611752776382
393.9874066918801 254.39169445425824 80.28785233365902
403.82010580438833 245.71346548662075 84.54419197063527
413.03584773924007 253.4019514669144 81.13346920908555
410.2796900796732 256.46104167725053 81.32684552591648
410.70834950851633 254.68111460371207 88.46124155074378
403.79407349977174 244.7935669397727 89.063954602847
411.9544671532053 238.0456595626162 96.79826783392775
403.29481461005787 232.34975295230728 92.97123496701376
404.98428708037426 230.23864017932803 88.99417544588678
414.53758838134496 228.8352869573064 90.18779057663296
408.17015919090164 230.89762603016007 95.4782048028288
417.8080600175432 231.30094892168503 98.72307604754776
408.41521423702096 237.46179053858694 104.35053463239976
410.0651680125148 245.17094535915248 95.96810578358483
406.79254274469946 250.24231138507156 96.32185276410118
414.7772734743538 244.31229927093378 98.58819071202879
420.88717828766033 238.84959870423899 98.80162044471177
417.0264608023129 247.9640676541999 107.57107100641106
418.62353627259864 255.886886813095 104.94032650964309
411.0754155521446 248.05069031690536 114.9052518924019
410.41822807386137 238.3943697294437 121.03773169465467
405.64744267308055 243.01604051584798 119.38010993784144
412.1412845372052 239.43078282075066 112.36318112665539
406.9893651893342 239.18198903510623 103.81541077447363
401.19099121570645 248.265481706263 110.46586264141575
395.7465013121362 244.80998202920688 111.02960054232528
390.7524249288065 243.00397463093157 111.60076702966985
394.2246940001955 236.98562800204022 109.08227848896892
403.4778527026851 240.99505971913513 100.15219410181632
410.4138127998541 246.75228895082108 94.49489587644014
415.3419485496902 250.43823548866195 88.89624974058057
408.4920880804383 247.8897213343463 95.75825363344941
413.8506995945782 251.85748527760276 87.2115096069835
412.70383281644183 252.80884023788846 88.19515629972548
410.64741587494416 243.87277283677943 88.01875610289142
408.3180300681934 236.77586091734295 78.36602663295797
415.29119864997085 239.7008510948813 72.30392362112559
423.6895442989929 237.70806707283543 63.592315571972996
428.68317203185336 246.3746278739277 70.75144862749958
418.7442650810252 250.30777736522654 61.85107741352098
415.85090057418404 244.92740916163982 56.3567918122497
412.7835193848899 251.98246610148755 64.28620630280518
407.8687583454375 253.76852792315347 68.40873892123054
401.9450999290648 252.5867052499164 77.31216821841451
410.60763150433695 258.00936749005143 74.46484229034279
417.3514912416372 248.82574294819287 78.21320445887699
423.95345946807515 244.55046771558398 79.76961892032587
425.78391620190126 248.4619645288859 81.76060010789699
421.14505031091755 254.43862106239573 78.87563251594037
421.12488006084595 263.3962210815888 84.20377268707381
428.58564023502555 253.6631841156052 77.54420966176875
428.85473424867195 247.88719961344404 70.39233569301526
435.0903013059244 242.71734095035356 76.75821650206049
425.863919885442 238.4180304803389 74.01140189110994
425.0390831812976 234.55015369453236 66.26221288111479
432.2098452953517 238.0625859600999 74.95030086652592
431.2419382543043 243.53909051716786 82.10048863428334
422.4383746314053 252.49233571293277 77.2393450610229
428.9974609616204 248.8143474621133 73.76906375188292
426.45695458426337 256.35349729871314 79.62451263116196
429.01319576166543 261.754264016204 80.34648788708954
426.2242626757199 270.6221777323285 75.64662460402528
429.2023803779801 277.39881324060474 75.83917029710499
429.0797605943134 267.6290831554652 71.85160028490712
437.22393505215894 266.30760030164765 66.45679379687517
434.10825385977375 261.23835136496234 62.92995901466292
443.399007108933 257.28200800563525 59.22711081839361
441.11462968943414 248.86507323620407 53.49131905670125
438.71129785490444 258.30346149569647 45.237405280193634
436.4507989375435 259.6788963586445 39.89251834252664
435.40854657995794 252.3253820586373 32.20242521448294
438.87040756016836 247.22607593668852 37.33755103085339
447.0591457931466 250.47727954652058 43.10379972091699
437.9364236416937 246.5752479737904 47.84769351930019
429.1809457045873 241.74876646577678 53.98259634628118
436.4066577400217 233.01011508063465 52.94794149042704
440.6325138195966 231.950104253945 61.9462613769609
440.35136423730165 230.268343568734 53.32191997609881
430.9789611941103 230.16749771988398 56.01793201783612
438.29941355521316 235.05896109163814 61.35082609577311
437.62097403225135 240.92762972283262 57.214623559223256
436.2053057566245 249.81652777153263 58.71669796806613
430.00058033134724 245.68177385628968 63.66342142131571
439.380462131248 246.22326719704557 72.31681960894466
434.4537389131888 256.05527049294795 63.09889936384107
435.75186005368204 256.96901999895357 56.28809189582084
429.7306829567472 247.58359906112673 58.77428366811269
428.91960682768934 243.50118276353714 49.111328095793986
430.69391419302195 241.64872135306393 55.66707027797494
434.00539902931934 239.80938840703615 48.7813852444046
433.8895324218596 247.76363740193358 57.59946166452571
436.95322316453525 248.37686961416864 65.46622500039555
437.7819832602165 240.18764715377534 64.86321576754189
438.65242919846014 248.73562857790984 70.01061353114399
437.77990993457746 244.86825228621183 64.87077704340692
433.93265994040445 242.35763893249765 73.44791075216804
436.20525780023246 251.08033288064206 75.24129717459762
437.18723141834545 259.46149579399884 69.10105309483609
445.3904291353511 258.6369547827638 59.74835507770344
452.7205445178144 258.3226533490273 51.37268582593079
456.53078596632685 262.83463031765933 60.02277517085916
460.2521909202366 264.3918319326212 55.349607773635235
468.93316813877067 271.2818414178883 53.228286171604566
478.31841428159197 276.71995402946925 56.68655084224272
483.4083169115387 273.80443473269816 51.96193603527059
489.316713567185 264.21002545554 59.7435155366828
496.14088265341286 254.56171216187593 67.83750305400446
503.65605757226723 263.03838974065314 77.70855101608538
500.0050181187079 265.3451165078606 75.28642092957615
500.0415626968636 272.78768771109134 70.73759602508966
492.74483946548855 282.3649987065916 61.22668602184919
491.47541196416586 272.6210362514515 52.35336127078418
495.75089673843223 264.82242294902045 49.168444966359196
498.0614219483133 274.7928714152981 55.576243993888426
505.68460784266273 265.0776777074507 45.84993943308545
499.6285002193524 255.84103625366035 55.60555627240227
492.45062446340586 254.3996910347956 58.172703700885194
492.40835132072453 258.76022686240685 51.204948539589466
485.94587885149895 251.45523770299883 54.74832020731116
491.8942313886679 249.85275905613335 57.09430515835754
493.8663450835829 251.0212220706426 51.45866990690463
497.4423391460081 248.23770369338416 58.506527380460916
488.89398503831154 253.4406169835719 64.41715022487885
495.95397605789947 262.7453952897496 73.87260031793949
486.71314803410087 258.86637091562824 81.47479545602192
478.31666755501993 263.0326293979845 90.51690671585901
482.4180833946853 264.56509111435514 83.95643955757272
490.66915264220233 268.70517622311 87.57919450710283
490.3530676164826 278.3916545779938 87.0698096028734
480.80637732903665 275.34352278349195 77.77656889545358
487.36127685432643 271.31098286925214 70.52884659082048
494.65230480579606 274.11382584262185 61.281106265126944
486.8712261082993 280.3214340523496 67.5661549077398
494.0766134132296 284.6608405483029 74.6105566674624
502.9860955557757 280.6337433122629 68.5207960839252
497.59353489712845 273.1771932577653 78.31319895580063
499.9977733422812 277.8662860471934 74.48326932652601
499.1099811557295 274.02727487154186 83.28321018031056
499.1020942442723 278.7637677707562 92.71517478803176
504.05940127698744 288.3639296287419 89.29046189905353
505.7230878299678 296.6865752248748 94.91110041778478
501.2254963678322 290.42083722502184 104.55416663358724
507.92095820335555 299.3991920049255 94.86319656245983
506.86125199029607 296.6267182247978 102.60685569482239
500.8990438535722 305.5965643660716 93.77904810661065
500.33576738597634 300.03239733471617 85.65273741453636
509.0665749356998 297.42612997808567 92.6075368900334
515.8005783987388 290.1002287368851 101.56840599834925
521.2771476609711 286.2456229824073 104.08123054093443
530.4027231836378 281.03503787925285 110.97407063393048
527.8726256568262 277.3138975913976 117.06374226193978
521.1751300194215 275.03229202180745 116.85373474702865
528.9265747089277 273.2563995033061 126.69357999801261
529.9544348225135 271.77202726129553 126.24474214720811
535.1575805165054 278.19416031602645 127.4790865615
536.9454077827357 285.38249171151654 127.1729435428639
529.6755746723137 284.1079115233141 128.56854543260837
529.3279930528859 293.44370636930984 136.45368865874156
521.9271703793121 299.53465874394306 129.80213512316308
531.8591821954027 298.6377407375241 125.3119334584394
524.057248625581 294.78032415591287 118.37792524697689
524.7916205061279 295.64112823501574 114.59550918469537
523.5737231700494 300.65162214599474 118.4391005998925
514.8862964935856 299.252729147485 118.00457345032785
505.4258897734723 297.251996400235 117.76492078103814
507.28740478793276 287.3441280066811 109.39537247782451
514.8560243924237 294.51131205227665 104.0839611124789
513.3537258752749 299.8554329689198 102.61736005819445
507.19328663349233 303.876072388642 100.87986921404018
516.1122261994046 296.01514281734813 100.20958074779266
511.35646169564615 289.63256129630076 101.83774618291397
520.9598812227118 284.9948468907058 106.75873378177685
528.321023953571 276.7128818500139 99.03613356347155
520.5139212078794 284.17242558088833 101.45883052466093
515.8788477885199 275.74932749418826 92.7187023384465
520.5278736094781 277.1125057952472 90.08317410946736
526.4896400802013 285.0397922180697 84.71048974570041
532.2484830663658 278.2541550256586 81.8153240444829
535.6953236939497 280.5971530573148 85.06749275865708
529.2877299703304 289.53958942985804 75.60073707179497
525.5383139858506 281.8252659025851 65.93713452924074
530.1440997073253 280.3333904472639 69.42167597011765
522.7853193824923 281.8135543509278 76.4465757189344
526.9902279679084 286.35312983522334 83.87918794874406
530.471314431548 292.93094890079533 79.32027934321786
531.2368036637446 291.5897103391475 84.80759345914132
534.6456068779081 296.36445392657873 76.94071856050749
537.0650252057579 297.04440381357574 70.73857331059692
545.2632868965231 297.0446670177885 73.63939450367931
538.497352230067 292.4292370011137 64.9476806219322
528.5033921383963 294.7917147660908 67.05955552362605
537.7872021026059 294.57203715491 63.605564359822175
539.9498794936923 298.3211889565996 59.20010112239388
530.5597110209109 303.9413704871935 60.17799287909442
533.6078531392193 298.78179344647714 50.85877479944062
524.9384833228655 297.6178844225965 43.54082385275489
516.1704944635333 305.00805998019325 49.18458439937079
510.1449373021037 309.09643246723107 45.73904499358847
509.5574509587444 311.4541975734234 55.63173021634687
517.4696039120452 313.6773223250615 62.40745106357654
514.8681230946025 318.6512282106224 54.669692357932966
510.9353168227106 320.12311144658173 47.95319197171395
512.0463770236083 318.4176113947199 53.35069913367878
512.7651407453079 322.48456255788284 62.54613861369748
504.34759065571035 315.35041622752755 60.8404028087079
496.46370883118647 320.168649020638 57.5119675442526
496.0251690714605 315.2622538026713 62.43739533370592
493.65353414803957 306.0238629499629 70.96378804270245
496.2315862571758 308.1923171712242 73.5677478251209
489.49887246672847 311.1143071272993 76.7646517818451
481.8071935654064 312.0767049414074 85.83193745843708
472.0584189546813 316.00448872637094 86.4870094029526
476.47912533818396 321.34966403106307 89.50225915890752
478.50609938687154 327.9932167010319 92.1029542124861
477.7556416689474 322.7820095938616 95.23453804980159
479.3111071623567 326.1763958643249 93.57016570686059
471.5153437848815 334.1020591780042 88.66371891279266
464.94967967339494 339.23639059680386 85.92637486650737
456.54514125748995 340.9825187216088 80.46001711931088
449.0627972839281 343.74025881168217 82.60670015827134
444.15653174499494 351.5113930721003 79.93372439975612
451.5950019958115 358.64252730630994 79.16727039067987
461.35537967925285 353.0763862281674 85.17023052023936
463.67759979233097 355.56851286125976 82.85402549409854
465.23510358230686 350.76661228158474 75.1052673634081
468.4563381514201 352.5213337133207 82.67745577719411
459.3045757788087 355.01739727855716 91.26421643253518
467.3534607469904 362.9197665382943 95.33656397101502
464.9081841024294 370.87204620713067 95.12253490998901
463.56849310959217 377.19132112565353 96.16774112016083
471.0965480405886 384.7058507902525 102.90420370637638
479.7152704915676 379.61504945819 95.64874381936394
481.68781640787654 374.2059288247929 102.93898218534642
471.7619452738019 381.4667676684863 108.40929413677566
471.7176123158414 386.3276757881066 108.83022546567037
476.93109463203905 381.8285562633907 101.0633384223554
485.7716528238698 382.5155494927354 93.26287960442576
486.44029092901974 376.7824477275809 94.23989803274553
480.3722719440104 381.3792901076602 101.9254367247944
472.59860583580274 373.1603705169133 92.28765537370168
469.38285036442113 369.923416605003 88.19168013387977
468.3086909766562 377.23085636628053 91.37998273111538
459.5166725832866 381.65012954411094 86.02715742448932
459.6496192580582 381.27639416363434 91.28418518122744
461.1562720539625 376.27559522224396 84.45300194779068
462.09925567166124 372.92877486523037 88.98468226829817
469.2567875765768 365.3925392294494 82.89056671887221
462.23358697285056 358.97193406053634 90.92262739897666
454.9302756048399 360.47918811320955 86.62462418320368
444.9605155951299 352.0813925976638 80.814562947995
443.143666704523 360.8262963632603 89.02726542679234
440.14429110959725 351.7424365003319 80.46644453023951
443.7604210007066 346.52345049707674 79.0558283164428
438.1490244715296 354.5174637439784 71.36958471585103
428.6698084405847 348.83228447193164 76.11291223150633
428.59142042532153 357.5379576765131 67.18236406929849
418.7827526350082 354.1103715389424 75.23413804301173
424.9804396582857 353.3592042802464 66.9162662683795
424.139888714309 352.45120523898964 62.47805846080666
429.3144082414818 358.46249078652886 67.79862079451411
425.5133222528502 357.770031457282 60.59909338501264
429.6540168348937 360.9084715769749 57.635469345031595
420.56081878717043 358.39238529532855 61.9628460489526
420.93043314793175 357.48861128687844 54.743666797026094
428.9411652318662 354.56622856407233 47.39770012755145
437.8847105067396 360.1949081956782 56.69176919343695
430.818323265921 366.50991265919413 52.11149563679639
432.9207124702263 369.3822564342762 58.636220040642414
423.02051227465694 361.82621246665866 61.66566852904355
432.97014443034647 354.51670226895425 54.24345250572608
434.3667855539833 360.7961531057743 48.33201001271206
437.8923609585077 369.7506540978783 42.01029289715189
431.3317367281716 378.1315323989454 38.958417549163066
433.33881427180245 382.62357519178244 30.90654055297541
424.45656014448093 390.9877465254849 32.67256085562785
430.30285965771907 384.3660832977554 24.776936033379826
431.47362802269345 385.2501510766544 25.661535265562165
434.0682511235248 391.3237654310669 31.965880297547955
435.1999401634449 393.80494279925966 41.95810760139783
442.885077881182 393.8210149797292 40.07049632864551
438.46077738152775 394.8897865521081 50.011533565152924
437.3354981501139 392.3038948749216 51.658146369999486
443.79019344576 389.36465507154725 46.537566953275245
447.15751597386856 394.19457134843435 55.997055247124784
450.62138528007904 398.93962570877756 59.47826681458676
456.45378220353786 400.54772854397913 50.32950471229738
462.46044643581337 399.58741860883856 56.426501486738296
469.61103022721716 406.14669653515136 66.0765925162029
469.0909226019305 406.1840191792115 64.00371880333509
477.3927057043467 410.2990967025336 56.00641018401766
485.9996105209523 408.9748323533511 49.18121055672448
491.9541095440887 411.7079867248145 54.42775591589689
499.355305787219 404.223988999428 52.00025859877879
500.47887064095477 398.81523947357465 56.18956051217825
498.3576413114366 396.8620045671597 48.6103675979636
506.61584737867304 400.9873808862349 56.61528632214429
497.3756226864302 408.97411969878146 54.739996236735095
490.4912429609461 399.02404575610683 58.53931147636048
483.7038358547982 392.00792827362983 59.75440935199041
488.90453319695973 392.5185845405084 57.37219269207104
480.0533805114538 402.09931521207267 49.04690697398713
482.3065909340653 404.0491504761294 58.22278402775854
476.7080564603236 399.45343332981827 55.41698108008339
484.8278674713705 397.53826196274343 46.54022113731401
479.5561224878043 398.5560098100722 50.391116577994495
479.59498441457305 403.48407156875226 59.41902723248936
482.9654518759594 403.2152551378363 65.48173679152747
490.1461017263938 396.6428866110795 59.71736252296019
481.8593022389213 390.29954842078365 66.31003365939995
488.27704282489333 395.58747996821575 63.79661882383881
495.2289975777028 400.3756112440495 66.8845260177276
494.06999665842744 394.8330033088782 58.39071237641875
500.0760477035132 402.99784344835757 66.85875759236833
509.9331443402515 400.05815141839685 71.08694147145397
517.8265042190113 398.05917468414816 72.27937706705931
509.9403022406941 393.66102456819834 70.60145317964488
504.2328519881193 395.1633201739155 63.888907166824865
502.1878285143506 390.16829945488126 57.62205588293615
497.53591030334013 390.5784718730249 51.34255906865536
505.67557375965447 393.25473758679647 55.26454907419088
497.47347533915377 385.64036015772336 50.79382352588592
504.8304343290619 377.3968982181159 52.798365305626035
501.0128744952468 376.8434476215874 49.94481615700288
495.08802077355426 371.46709012935605 57.21433849310755
487.51033187706213 380.60374434676964 47.62993992798427
492.6947353178747 378.89829921132673 52.53313321926311
493.67765613400877 377.53543023745306 55.7513276441159
491.95057035177877 377.68584297355216 58.53035646165133
495.3254265917646 381.48050545150136 51.07304927823041
490.4996851352264 380.55703462376704 46.09544385215726
489.5031030305361 382.6429220364018 40.09436856464033
489.8176844326959 377.3925482206811 30.413899019521587
489.9969158873712 375.6248490580363 31.065244003471513
482.00967042140263 375.69811927811054 35.98237856934865
489.07828084648156 375.9162293977632 30.39415149012158
496.60486692987433 375.2074133029235 26.21464138866763
504.4072773115818 376.3083533735739 30.812101835130257
503.38046151653015 383.86095685019876 22.174378763527276
509.96055438803165 389.33834943720814 13.092523852306373
514.444559112022 396.8553662498515 13.736432602538308
520.5756952117334 396.3221537810935 20.353359128747577
518.8078534960046 402.0353707116302 28.638054478303204
513.6839332644654 403.82727828886584 25.428826360528898
509.2661098309719 397.6522403036032 33.69564626210316
499.6578359333156 394.41351937270576 32.436696613642496
503.17408648579396 390.444486883209 36.40020214358942
504.00767158051383 397.45587061811403 43.30161193749848
494.5548008008859 403.9423801899482 39.94851117468105
503.82360036104745 394.74543495591445 48.73036374753499
494.4820635267693 404.5870154342173 45.20492767007671
496.65658049918517 404.1618711009254 47.26739963177063
504.3830440156345 399.94224257700535 53.593700703809674
514.0520599810412 391.65530106379185 54.54084772687485
506.1162355872827 392.85782912442045 62.9316721734925
514.8740648761158 387.71170185274286 57.89684590146531
506.15695473722303 388.4221965005868 49.76017737724206
496.8648427903826 384.459680647245 49.058889112478916
497.4045679705962 378.5475838234769 53.19720360714769
491.9667241974319 386.37991997193234 62.848961667937736
487.6702220915367 393.6788646305821 68.2258771437908
483.5987298510609 388.9547619161819 58.59495590637475
486.5518894748223 384.6736948058378 55.75571877007036
487.8396328976843 387.8687661617632 50.728696946114596
494.2240819625393 378.66837032584453 45.82627194351223
499.56010092268303 380.554094894257 50.61799213009068
493.29060102593286 386.9222258193352 60.13694610003931
492.31025506879627 385.7919934455065 50.56520211855871
491.7688776390186 394.81559668970397 53.031564363246304
491.7317657311898 387.5197346067393 48.536512794712145
487.5042338042911 381.05941138091924 52.46337699030014
477.64801099863575 371.47726918573915 58.359186205854996
476.63046836845115 373.9471517739009 49.550410323391034
468.54269343143454 378.1781174727902 56.3015292355616
460.07862736517717 386.60134606211847 48.326889912260015
460.8408006175184 377.5060120798683 50.60075210837215
465.26279116824355 379.1551872830687 41.608141442661136
456.34287793645586 370.1321688973445 50.510466543585444
456.3428127061912 378.240594385598 43.5118677044632
461.9378614500344 381.521495715984 36.676654118460924
459.20419250622604 376.4823966528878 36.80232712926603
464.8911460863458 371.0009971955234 39.82829131290471
470.86611094470356 368.09081594325204 32.532774057330855
471.1562603029081 368.3576456299594 42.20825794608689
478.1064679169421 366.89371505683346 40.49781689614474
484.48808248068633 357.15366539860185 30.607734837676027
480.63294622472523 350.3638870971526 23.069046791968685
476.49460990210815 340.7045799043073 23.81358786950123
475.976588611721 338.83650629510004 27.165355389537936
482.87462440059505 341.5973594188961 25.756298867257666
476.4396002591919 340.0107082106478 28.00323975296054
478.59649426650935 336.4154039575354 18.121907450110843
468.67572800616256 342.250362585999 8.476896643154776
464.26128844926285 352.11979673168827 17.05254165002762
457.20450772319424 356.85859075761897 20.55405362547608
451.96458392189095 350.0597203611582 18.832816697917387
444.73817212139954 348.6410514397526 27.85531796436354
437.0267208618242 339.8064647269683 31.48431945295634
427.58313402195 339.6119740472112 38.141294338604276
429.8817345987717 334.6093563093436 33.944802668910555
439.7210345721919 338.5532677911079 26.483287170414258
447.7694847406098 341.67741228576295 19.39336570611331
442.8728082875951 343.4507253852634 22.725742879392385
440.5125651613624 341.1773069309792 21.04985782293439
448.03181266450105 334.10198236768554 25.20375511788803
445.91020477123726 331.62339056896616 18.303677677705146
443.14725700170413 340.3689399792826 10.704574883050855
433.37493071129234 335.8838449213266 18.45785574954987
424.5088768766454 341.079009767362 15.391200385526847
420.07181113544584 349.25273614038326 14.342697881070714
419.9078306929034 355.77241503155864 21.876432719204615
411.83511053638654 360.7411074042895 25.40183343317621
403.7427586006147 352.9652137693532 33.77102122541741
411.997893907493 346.54024037989944 25.605682530174757
406.48143958173273 348.54763480274954 25.504354002171354
412.8731611176236 344.59911251964024 18.064440989846265
422.86445831982417 353.7573257081807 20.227518626899258
431.2069133272372 346.1470917267568 28.241056423371244
439.1216894337436 355.9289293319607 24.319345237474568
429.31056864077857 347.9233231020664 19.01721764376768
433.0803031046423 349.7343438829898 28.775017988406496
440.59272013750285 344.2737302755372 34.56823362381225
436.05207439421224 352.4834766054813 40.52148490073255
444.2757572235349 359.34853146621145 49.112821525592466
436.0600256566336 353.95320259257466 55.73794407178944
435.4902897251168 350.7047803624062 57.65145461985821
434.2072142056894 345.79008302059503 54.55438842171843
429.48019879730805 337.82722389560405 56.22041114828229
438.33442463948495 344.0689993974243 62.77112902835525
440.0993046008401 346.81345373868146 57.167405036778405
431.5032864870052 340.68490572054736 61.39066624687662
438.7101638282677 333.25203586286835 58.477561902493285
433.73057002593106 336.72634769626796 68.02996583530003
431.41380160987325 329.520809759631 72.98487648735177
428.38968719985 324.15908628394806 66.40379951991311
431.496897452949 329.54022021148745 59.49378902235137
430.7692840760269 330.3986178475444 53.25664280224035
437.0032530944628 333.44034546115 58.28186959894835
444.5560208776399 342.9543466071309 60.118448726653455
449.9119870990713 336.62642417140313 58.39612105835022
440.53354629263436 340.7911005757284 60.78502220392415
449.64630678563003 347.0070519531054 53.06276814104913
449.939606649356 342.91114162291996 50.90622237370862
446.6361956697041 351.22542150916854 45.48184559044979
449.4526974032602 347.67407219930647 39.693427279131484
457.02052558580453 344.5591480310765 38.58856264475561
449.9994134290275 351.144413860602 31.70453058229793
440.0235499423716 342.3860861543448 40.54969198419476
449.38171807922066 351.11632540154085 34.879089884612526
440.93763712274466 357.14806560679415 33.32922835092085
442.54391856159475 350.9188634150397 30.265803701475033
444.4227496506033 354.37079036596816 37.15807370171279
444.8160558260578 352.7715437519273 39.537374336126774
447.0702022808496 345.2602980784584 31.440585141772353
449.1986912792582 348.8156110364836 34.99616251700749
456.0667748625552 339.1588296055096 36.1870319608712
457.4102013616482 338.0481372790601 40.21235839575484
461.45341330749045 339.600790480531 41.31369392047155
469.7226251981404 341.18673272292546 48.04363153647448
461.0875945210366 338.85207448120923 57.807593225193195
469.4016611790003 337.02523451844826 49.63274755057866
465.2900359036863 345.4355484958894 42.02398385669862
469.5149684058768 354.49689308450434 34.78540408285224
477.16462508953845 348.7554352180886 28.40090231460661
480.779396383786 341.33208199335985 35.91619675987051
476.3524351864292 335.559548110629 37.01021832653683
483.3784259164525 337.7592205245916 35.47080438011089
481.9885399875954 346.14388343744196 38.95358990626642
472.3693984311882 339.6365173348768 43.16975994135663
464.99511343910314 340.8332004524633 51.167186002177225
469.2372177194875 343.03908070462916 60.22531751632907
461.43040530835094 346.5003924534715 59.279956804530975
457.0774944827218 348.79360202423635 55.244124700061725
460.821275901286 341.2489866900368 60.241140985004414
458.0774328097947 338.6412078813646 51.78665314289387
452.10154522423466 333.5274424120814 47.53833458237118
454.13797011872936 327.6465129453868 55.827195401475265
446.38522122205654 332.61271130688647 60.24973533045969
451.65119082210316 333.83987766777966 53.347576371837164
446.78989987048993 327.2743874767263 50.514574811102264
446.84808053620696 327.1813088284023 42.8538833586654
441.86698360361976 318.2747941942757 49.04608109094497
450.1327713788832 324.63308024290643 47.81603825473688
441.28397128059987 317.8364185699179 52.86099039704728
443.21483389666474 323.064985129739 57.876608198859984
450.82495471804424 323.00117033486777 51.55419492395455
455.00057604033776 325.9230044238919 42.43442958135243
452.7968497214046 330.9224621144885 47.110309334443876
453.59502339438563 322.7728616075744 55.65756142597585
458.2825494652188 330.1144193575526 53.93721288687731
461.52409897305375 326.7866520483156 61.719751266466034
451.77986618560817 331.4156973866704 58.214226424096914
452.60713277726575 323.06973096962065 50.75447565460158
457.8871548494392 329.68275892176155 52.09610691166958
457.5521596076012 321.8633332326165 56.83224882492456
454.74612942917946 327.2435545256989 49.41375800287479
464.62608087559613 326.0849994016225 44.74217839952622
472.29310008029694 322.60080624261917 42.56122640395334
463.4680617871225 314.1739540997522 42.09885784331237
454.17078721774135 313.28228632702235 47.12637599224236
446.80353870066637 306.50322999866205 38.36183839285642
444.14938496610284 310.5733130790777 48.25137829912241
437.77890899127283 314.1020838055076 44.74844890556138
434.5319894936747 318.94927575377943 50.38103472806981
438.6083154991891 319.37912114085225 44.4921784059912
444.5367751304621 313.5816921320626 42.346418646407315
437.4897370261143 317.8836490498545 51.22853639972398
443.10794467990837 318.37370276671084 55.02211101391518
450.0391390033465 308.45391931265925 64.03255823359507
443.6934565726866 311.93441601772196 60.009136454387665
448.95180437305305 307.0744325348806 67.43140063697143
456.8068783233763 303.32868591136247 76.53063527582658
453.70307187806094 304.39094295227636 69.71200830987189
454.73739595671407 311.8878400834517 60.35298517721461
446.0565215433289 317.39425222820137 51.35970946028443
449.47984124248666 310.8661820359475 53.13224391474093
447.2992955968173 316.63193366947655 47.797078277236295
437.74830334393795 320.4555284145391 55.15936496763671
447.1871391252111 320.7137408580682 60.409242099353214
453.3751450263391 320.6579329137323 55.7769515527403
460.642732098501 321.13774395756326 48.47862040120084
455.43678461706327 314.1078049184757 50.27350531522887
460.6466991634484 323.85709391709 45.494217687351416
455.5663773859946 324.8872501093413 35.653039599618296
461.7438856240992 331.4592470135584 36.88745832420173
451.87131341275153 328.01538593022104 28.042695219972977
442.726835589085 324.9441675359223 18.549375279839243
446.29237152408575 316.94960438865974 12.727290645947576
438.0319469322844 318.24402131592785 6.489912622958331
433.1404065302837 309.0614961764102 6.01781123734027
427.9783817549441 299.294513452385 0.6723060482877061
430.01186049698714 305.6152842097229 -3.626843720282599
424.77171308886915 309.2630584087027 0.5064838402769398
414.86392920692214 303.7720334202055 -0.9512205774296247
420.23462266231013 301.1671736918362 3.434600481446332
427.13477141259466 296.53512075335317 0.28438275188161244
431.2864183969638 296.61714806989903 -8.697962840164747
425.3030139729393 291.365955075183 -11.066068310092906
420.1429996444129 288.39150374871946 -9.51577556689222
420.4959544693468 292.1207712962896 -0.6411038052918503
427.7281441016986 292.9230108317484 -10.351738236018907
429.1347367446354 288.28932700418153 -1.2115691672271645
426.31624527033347 296.60758575899814 -8.690256057655743
432.58859036969267 298.91538193898765 -18.029434940126976
423.67324454503733 296.8997786552251 -15.175148852666567
429.72507876359754 287.3534025006667 -15.416848534019977
437.4873515819945 282.1712631332129 -23.996323750845946
437.11097891753855 276.51814617381007 -15.834926458188546
434.6190445550993 281.36693126089403 -18.917580236477903
437.3272547929138 278.08753676992876 -16.319604535996632
431.5007200242572 275.19067070186964 -11.088136864441724
426.40758727967005 278.2608016795983 -1.63813908424906
433.49660950917 287.3427103309451 -8.820154766977815
435.54319246222514 296.5783629597001 -17.221297491508537
438.82953620350213 297.98052217417006 -11.673990842316588
437.0413614486953 296.9013305861115 -19.736758028544315
436.6249736816567 296.4965393914798 -14.23847191448785
436.61260714808697 295.8802909385824 -13.839478677466236
445.7629797643741 298.8139992938084 -12.739104533009135
444.1187769259893 295.05505328504387 -22.674186806678584
446.2633144511698 288.239896209753 -13.807650852634103
440.1493365782249 295.2613642607188 -23.595740191086527
448.8199172736769 304.61904172915905 -14.931992576612334
442.91722061846997 305.87693503747334 -6.341805347929842
443.5889254111792 298.0749565023897 -5.598042483280302
437.7031002256462 298.4156829484972 -5.817632876143225
433.0925315281875 307.8176484573012 -7.288711772836746
426.5466414025269 301.5317878712556 -8.608686671796573
428.3948742283402 297.1473788319898 -18.407943205938476
429.0567255907362 303.354898950636 -25.24098971768695
422.51471450605777 298.623180309815 -18.791648338352616
413.1235303891436 306.4136248068062 -14.54332321667627
414.33439972955296 313.8763887908991 -9.44563191853894
405.7216332612926 323.41349226990354 -14.33780896182078
403.2456490002053 318.7540802766372 -4.549912879236338
393.7672660884523 324.99758886171423 -6.979096619868542
389.44500996933687 324.53688788173054 -6.325421927337185
386.4719363824233 329.36895717411284 -15.125340044492964
382.86317300235487 330.97886229270557 -7.412680976158894
382.1108912042354 326.96432989859545 -5.358334927941293
377.9166243505379 323.91958988563346 -12.876289770016724
386.82130732415334 314.70641234081984 -13.212597393638283
396.3799360643229 316.9959444145416 -14.689187693631805
390.69882534629403 308.861593548019 -10.225899661414505
386.4103608976129 318.0993813081561 -3.3190618961206386
380.6864246022325 312.04768433349665 -5.934457680249759
386.32593766860424 317.8461468111748 1.6648556239860541
392.0043976182167 322.41160742783967 3.7880630094360885
396.2102951259971 318.600601362456 3.52346982566279
405.1607919572914 315.8007912198108 5.225900167346171
399.3197708671907 312.56051465345837 4.224411417899789
406.79883471735366 318.8927185367369 2.178592514097386
414.22866467138 317.7746077244897 -0.7313990594989184
419.8235416560396 321.444940160098 4.940728806243773
412.78113637062495 312.5331722575729 10.630610636472383
405.57025394266174 319.52708208679377 10.800613857600222
399.7464104867038 324.72642776396356 10.820999813095295
406.23902840584174 316.34229554210316 2.427523675639037
407.98108500531646 325.540282395973 3.2943832876196453
398.98178216241666 335.5260624418109 6.204704191227043
399.85347945402276 345.0303667074126 -2.476503101327225
400.99111486900125 338.1912396870932 -6.042517250216557
395.672412866625 328.70964242115116 -10.106466528555451
391.67361325037575 324.20198050643586 -9.482526987462574
386.23331475704913 328.1264757167048 -19.273967678075643
396.11412959456067 335.6328185478723 -22.439705473758128
399.232037103791 343.62393619181574 -29.346370844613848
399.01851580600663 342.20499587569566 -28.739943992727152
400.4320287561137 339.39501117456865 -20.408913243698013
391.1940144015961 345.54853852164655 -19.490686301300943
390.1354405090053 346.6193322881395 -22.31097161511803
380.8373830870523 340.05843816725866 -25.875818590398374
372.85149072433376 338.24185325125717 -22.464715276223597
364.9475027201122 342.2269872452361 -19.98903973566755
368.1859171573402 343.7651275262337 -27.270867112736333
369.27533859883266 338.1476240786037 -33.369667784965195
360.6890665829208 331.3900807095955 -43.07500521752637
367.37089482676635 327.1183618517387 -51.56798324533948
374.6527480311168 327.74460167169764 -49.50976176296913
377.8556962326071 323.37446351866254 -57.2127725082749
369.6913259508454 321.68862527417286 -56.254849062910395
368.37429863966054 320.3139107240168 -63.1970937884808
365.6511577385543 322.5709255708425 -65.0760083566873
371.4804640884198 332.44884484178925 -72.06737635071684
368.9352760685251 336.9620938589712 -79.34479472070227
371.10829642665215 328.2283705388144 -84.21094056831207
365.3472005979072 323.7707522493332 -93.77616991340918
360.04389327874446 328.5977857826367 -97.45864918351043
350.9815409479363 331.87890180418145 -93.12581426442702
349.9591875513333 323.3021319353046 -89.12969085698472
352.69635163468706 315.6165011171742 -79.95475127868318
351.82170964629677 319.33484863862185 -80.088199812734
352.5873966891495 314.9233629985122 -77.5820668048034
361.4101577002798 305.0555322324636 -86.3639188314335
357.4421085460515 309.2158629823863 -95.29268350225108
357.3686857769056 313.11952843425934 -89.15778629684206
365.5467857645864 306.256859798901 -92.29486185937276
363.98515213576746 297.01432170832487 -95.92658336351998
370.1973368897652 296.1093398700735 -93.90046028050061
369.74552666849513 297.120770835841 -84.12835238345676
377.5332069413258 297.36595239954517 -75.93432055031538
382.56664880574345 299.6023903344526 -81.203288171489
382.48184689215356 307.00174657797237 -81.8041458574753
374.4566618784337 299.57749813807516 -78.43426133655755
364.7056380538943 294.3197168220036 -77.97104615346457
356.6133571349739 291.9244725874948 -68.1480859741865
353.0574793810375 301.85213539762987 -77.51333163423851
346.07840257384714 306.98684787134715 -82.52620307264266
344.1841484917152 297.4270669428064 -77.15649015434724
344.64395583512805 295.3107415120552 -83.97566373433192
340.58486900119374 297.6425855886233 -85.3341755147743
340.1331612000186 299.6490157199873 -85.13546242208152
330.42875811942366 301.0446830943357 -85.06177882055634
326.6277477648262 305.86909499539325 -80.5011664917084
336.05233597016024 296.2251993805595 -77.15991183917139
331.193276352993 293.4104622004901 -69.87317246803836
330.60510654364697 294.0799093612668 -63.16652644970351
333.48703523288447 298.0033623012742 -62.17412249348004
336.4755509536456 302.82585460384803 -56.57677731708466
342.44249028325873 304.23873447279635 -61.83093060763892
333.9197464464107 310.2846013687828 -67.663284737552
337.8970735523984 317.6393309750259 -75.88812777331674
338.6690144759191 323.01714142384293 -82.89379021936722
340.78357263800484 315.4908103991696 -91.62910672594327
331.8484124861067 323.1075704711821 -91.25638482627076
329.91188951331435 322.06472452503476 -94.04385075619639
320.5832458184443 319.0536137184203 -87.66245232141382
317.9483010045818 327.5571223675899 -89.98803761342336
319.59331508079174 334.4722859969103 -92.35331795126653
325.3852685154217 335.7613557689892 -93.90926825149398
328.6724721254528 335.14013061384975 -99.94063636035564
330.86819261989046 344.9871746921269 -105.47071624394388
321.53533523680767 344.67557978041924 -98.55430403070169
312.83914977993953 336.68955868170747 -94.20593364846266
305.4944515328215 334.56867538195553 -87.69994967438635
313.16759575491557 340.62366901494636 -88.0387087095431
305.46042778698234 340.66842692183525 -82.20223263749165
311.7625867066192 333.7764156266553 -77.23514664916281
313.6193721369844 340.83850660399986 -76.94028332621407
316.40812135802145 339.7495352991824 -68.96997326125833
324.9248934998052 345.2504890185004 -75.24813382967902
317.7538301958423 339.15057971145234 -84.04749055643109
315.03749130475495 347.52292906648404 -90.49690517190595
322.03090832707426 345.23197746072873 -85.48028083732288
324.4311475701089 351.0963091965894 -93.07681092423209
329.84372964104756 347.09831180573707 -98.28938079209013
320.08257905426984 356.2319959099138 -107.65702139160385
314.4329410507537 349.98811921334936 -101.78509744713094
321.8746522871561 349.36708178944474 -111.11385072698098
319.81603914609974 340.5948245332696 -108.93178981837235
320.47262974685026 335.7682296796845 -109.28505488874382
327.08969076935944 345.629561727133 -102.99760490198653
331.709814992754 345.549027834055 -111.36085131523113
341.25433737422986 347.4467408711608 -105.51732622405223
348.94248731147235 342.16957214653996 -99.37122221508923
347.57444750221794 343.45941446470647 -97.54976952203707
340.5188672846627 341.9628005572063 -90.71056638546658
343.7249796369819 332.587143117459 -100.30668455789562
353.2860299788109 341.76193138601025 -97.3831155555246
360.62624562558125 340.7098015821698 -103.24459367377857
360.97344922289795 342.16573548793826 -102.69369431101845
354.4312911446803 342.33693223475933 -106.87869308612444
358.5490772559427 348.6068632798127 -113.72751388524543
353.49359857724363 350.25945410158283 -109.7494095642046
348.29196055312923 343.27540451463693 -104.74405148823622
350.8945701201462 339.1847679514045 -100.43453134354999
355.70465784997526 346.5556231520545 -101.62393798285427
353.77607843476244 338.87447566253974 -92.39259022457007
358.7297166437363 329.8933493781879 -95.72183534986907
358.82092360546227 328.65926405507736 -90.7958113995463
364.22965654967646 338.044025640414 -91.71646762327731
355.21343812517233 338.20025085725877 -90.90723502261876
354.7266990162225 346.7546333132836 -94.70246577300158
359.4281191936718 342.3665001745646 -85.46202632062968
361.45014204548187 334.3939100237945 -85.37296799840624
363.9709452065189 344.29069505437434 -76.10396686147074
361.0567203144475 343.9371864824541 -67.15162971998924
353.3406115727715 338.9121274499651 -57.776471995008365
345.6628432683086 330.3552274741728 -51.014050288317705
343.77642983330804 329.835369926106 -50.728656376929
337.4646299753029 329.2983558440099 -44.484352036466326
328.2773672587141 321.520661935588 -35.451202179781234
336.7340610347092 312.69131810443093 -26.03663697273787
328.64565940037437 306.99264815877495 -31.357371837503354
333.22365637773026 308.4979453395022 -25.225346680046265
329.62890683882006 299.2371625461785 -24.703863103098154
335.2280164125107 304.59146330413597 -32.59877003608379
342.3555386192694 303.4227909880979 -42.00306145272314
341.929021002392 295.6937426152071 -48.4566849373045
340.6202861915788 286.885407794923 -49.774150699368086
334.86504799924234 288.99655559104417 -51.227496925740816
344.46007137058103 279.42536151051166 -44.36749749338099
342.1863011795338 278.7802310403108 -36.95998278651885
348.90032613044053 286.8795826676081 -38.368023998832435
342.10336996527116 285.4799864676489 -39.41990518394938
349.68957790572006 290.8112055634846 -39.025377116857015
341.2106849025173 300.24088778270175 -44.201742255760315
339.7487947813704 300.23990943319484 -37.70754877710321
345.79492435148796 302.0987661165977 -36.653704960849645
351.94206714062096 305.9358278862329 -40.14588920126852
348.69330328497017 308.44187559715795 -44.544114919294216
345.28183322729893 307.1430744012112 -53.29370564140617
338.87436147081473 315.4566873105997 -57.69026442656448
347.48669848630703 324.9100385995146 -56.43059820995672
341.5639564530916 332.9551996775257 -63.82940241315124
349.3340286259465 324.7094209677005 -69.22535360852112
344.5096595510827 320.72436166890077 -60.16139731036068
339.6495803956762 312.75069412167625 -62.49666445189195
330.0566935677047 322.07647345758033 -71.53542879905436
331.3432710095976 317.7535684808103 -79.47107357783278
327.03308269372224 314.10864953471787 -79.86668863693237
330.2094475703168 323.66341658506377 -73.29326396896676
326.7179549055042 316.2024532858998 -71.83335967973512
324.65031921394296 315.7758086518374 -65.30455102742228
323.31189031420894 311.7572936157053 -67.64757480233551
328.70228478634925 303.3175779234942 -63.82658432917813
322.44302475264743 307.4568119229166 -59.251259276062456
323.7428088816262 298.211131795481 -66.17945924673354
325.0120265004967 303.6508743915204 -62.05546842089728
326.4655725098098 298.3838859805984 -61.651544338716
318.94023026736187 288.6113234838904 -67.6568627505394
312.01367668550165 279.76647996585496 -70.47569499577315
307.3776167977589 282.3684470365776 -70.53957065281423
310.703595967824 278.85795263008566 -70.68708215620298
319.19957817816214 280.51157108149334 -62.64115724087219
316.0232069376579 278.81306619318156 -60.29194120796227
310.5216459504124 271.231078177324 -64.36483794656462
302.61042791028603 278.0654174207852 -61.95023448936886
298.90637399211596 269.978638786557 -65.44276228567388
299.2671991045506 268.15573880443276 -62.020011202330465
305.0302089524698 274.7814308553435 -68.55042217707258
310.7604771657016 271.5119718823267 -59.07757100400807
313.28398468232837 278.7771979087384 -63.497533961459915
315.16033096627467 277.7972711734663 -65.33934465278946
322.6426840069888 275.5791432572572 -74.4799582805836
316.1337907146079 267.0747195510027 -78.7376108100601
308.00173729282704 275.3742242163777 -69.0880533084872
310.75298871707764 280.7587447923457 -75.14090872410442
310.11133239012617 275.59785764465937 -75.7994001379886
316.7276423387227 277.2677111019775 -76.64925224802263
313.1408479618073 277.9549086252548 -67.75563242464177
320.6706553021309 269.216917661854 -67.70999332007005
317.1674586285131 271.0922332641422 -61.61576214378719
311.52791567428096 270.763447577362 -64.1807444243491
316.01584896164434 262.3162807148099 -68.15898001765753
311.58485370097236 263.8774301403331 -73.50015376795008
319.09505814581416 255.34556655999933 -64.9217585320153
325.7062158356704 258.33600801409347 -68.53517759413974
331.2558867524243 257.6099960663918 -63.179733830150255
328.5551337165725 248.40293483225526 -70.07079915557148
327.70602439104863 253.13411585131448 -74.22696413990764
320.0415955474711 257.4849205357488 -75.32702623581034
329.75990100259594 260.29349120409694 -76.89710258721773
323.71881610239336 262.96857893539624 -78.96570759537632
325.70402340381037 265.7768262050573 -83.10462318766861
327.4585249287043 260.51913894029906 -79.43046529889851
321.62542973485245 262.0343781319152 -78.56432590157193
316.18541209284484 257.9662496178623 -81.70282827856154
324.30078777081843 266.17469658739554 -85.02850730179252
326.37817075230123 271.0542748806079 -85.53021369272564
317.6357927977451 278.2588084316838 -82.75079554953037
326.4720320903032 287.9242673211816 -77.59510216319234
318.181086576538 281.79383736200145 -84.90227360676114
311.91119943909933 288.8628501135104 -78.09562603083721
304.7258750307716 279.45396728715394 -75.07630045587365
309.2690519073479 273.09818618932377 -69.2226097606317
312.29860606942157 280.09157672216634 -73.53243112981401
302.970623141524 274.4338701409821 -65.58240555802082
297.2591606316848 264.86464860183844 -63.8365821383229
293.20067624736254 267.0971406828068 -57.81935953433719
289.57800444978113 272.83926116832356 -66.57897899215432
283.19141672067303 281.0505299919649 -75.54554508939754
285.54586480737123 288.3996913557536 -70.62671466061416
293.2369137354113 281.9341382467475 -69.22584945429684
284.3416128955737 279.8050873585027 -66.44122463951517
292.5796341165548 276.4681737727317 -71.58126223209663
292.71547488929417 277.5794146962795 -76.28044139421941
299.7961664035524 282.60986621196264 -72.42484773137748
307.9514221784645 281.81399361829546 -76.46062160371451
311.19145163403476 278.3848780876402 -73.3671960883093
312.4314568518934 284.18011327303697 -70.15105006264139
307.08546356323313 293.947400661631 -77.99667283163618
308.7280655317821 296.7110425756362 -76.86526668991671
305.20580529652204 291.21262896437787 -77.59029680816253
310.6661154698492 288.7976939583543 -73.13510534391075
302.570715577061 295.7325300569963 -72.89587712689608
306.12668399983613 287.3495431550577 -65.41913035574213
305.6288890361812 280.26285158742877 -56.43152847304181
302.0094387191477 283.3728915904602 -47.961914543067905
298.4184910242723 281.4425080517477 -50.03907385280742
305.3307814299427 288.65414681589965 -54.955581373127245
307.55336406786074 282.3462457042207 -45.01266242606552
300.48542671307393 288.26884324400083 -39.253501321825404
306.4527423142618 298.18178134106165 -36.894048957179294
316.3543817628479 300.9680461063359 -39.26372034192103
307.45146477779565 307.2789605829732 -42.56877901931189
306.9868181513953 305.416842149716 -32.864480162878436
301.2338026181315 311.7270779211705 -32.3496654013459
310.2868680959174 312.48463451819816 -22.759441721927395
301.9700780129244 321.15779866063116 -14.942702134704607
298.5526372756617 321.17007206417895 -8.396825399937864
291.08158159576857 315.35003435442644 -2.361715425255455
288.5241821122062 315.69511975305375 -5.686363061212898
291.69609030456155 323.3972277090384 -5.370727094318061
297.35085287005353 326.2211963752161 -3.5706604247095792
294.1637925129941 330.1267892083104 -9.239121541444579
299.61238414828887 333.21230027689677 -17.511923121765378
294.77191086451717 332.36318091268106 -19.32807963061425
299.3477811223291 337.21166323930146 -26.686195223652486
293.1540751586658 328.88600224214014 -22.768279203603075
302.5991326478165 326.96500463794587 -26.652647033924236
296.414185269178 336.0310639078354 -35.03846340525459
295.3980699985585 344.5662277722754 -27.61367548437579
301.72611001753336 344.50233796484804 -22.38583924290195
306.9582232601331 353.71781752691163 -12.504418984418415
297.4436711641055 343.808947301818 -9.304260466920788
301.32603197713433 353.41155624598815 -6.98352425808444
298.3298193696852 360.56927848716236 -4.496166418485116
289.86822969520955 357.8703034373148 -0.9722219888438164
281.9114853552979 354.0956102017431 -0.06586823158908661
286.56966091328513 355.1855336628073 -0.362972330835317
293.72669795530396 364.9391515068437 -6.3721697929734695
288.47864616874614 367.43603105056013 -6.187355687804169
281.57869917595133 374.881696520108 -15.550186144455807
281.18254714225594 369.7330979733226 -18.5607389758565
281.15279647399194 379.6609303122652 -17.207777721517733
280.15907142270083 374.8627289940125 -24.95009899974174
288.7632166631966 368.70628934986746 -27.740337332808696
288.82692694610233 368.8372631274196 -34.76495381766279
295.71522691509216 375.8349602492778 -25.568870372897678
296.2128464474116 378.7792365208004 -33.81177167914896
290.78816937923784 368.9902671690983 -27.388978915657283
295.76003248882455 376.3595399384011 -25.77213826232593
299.4877573006485 374.01460432732483 -33.43215846322061
306.91829204866855 382.28392987275447 -29.98975012704692
40
452.8687888285223 359.03801846072713 48.39668874613371
447.30208478343445 354.33870666833366 39.54846340082978
443.876157539586 348.11519944800006 25.57629102155758
455.0268160042111 338.8755853417225 42.26536842453836
455.0150842383419 330.75313006635616 50.09164640989691
459.2044527207481 334.9381194664211 34.034084973678866
469.8073865852539 332.9699850179578 39.23955525156846
462.39298606481174 342.5375209019205 60.65690523278829
475.23151285095685 334.28338396105306 53.778779526842534
469.05219175066657 352.41086093534716 34.426852431229264
478.0561070521064 360.071506283867 30.875435485752327
479.01849395183416 352.5209631013802 21.213036119141787
490.2657866829607 340.958479950048 37.91264895982085
474.77811746505245 345.09601874601327 27.424126320220036
476.16309673639944 337.6419266415708 32.18007143111587
477.9424254600266 336.2286160023682 42.09202788344895
477.96734016746797 341.35667230952816 42.4123515433712
462.3244455056597 335.9299470529281 54.17535459615924
471.86416942119126 351.3752221655414 69.82269095192022
470.55114777325224 346.00570903666596 59.45957916881526
453.8243619770183 342.56273600633523 52.87732286182451
460.0494908175893 349.57756978544217 60.32112935586429
459.32678473739765 335.53277483322825 46.34460529146871
450.85512669379676 333.84362925739515 45.191802348962845
459.79600380636987 331.2523384287712 50.428354485958906
446.11930855857105 323.9718317037999 60.53555727643194
441.74609154934484 329.8401806827634 45.36217572998172
453.7902212118848 323.62765193055225 40.702100467920545
451.19885122896693 324.2161048025655 45.04563993598274
435.81719170360003 313.8815509568406 54.76764742593061
452.0085291573478 324.3008548445822 39.81196626856372
434.8936077539586 314.64353568787715 46.76238380506962
448.54855276226226 329.42382959747476 49.814792083369674
457.92651826386077 319.1151890372382 49.296456903109565
456.0166871627917 317.96156441229937 33.077758860275864
451.67801721535216 333.25055109065204 51.04313043528793
450.84805722028915 322.0753173785805 57.40166890744163
450.8390146348642 333.2027594242908 47.755762943296126
458.7204161860868 328.4409491326428 55.20027771210651
457.24487098265865 334.0250545655798 65.39582882942659
