1000
145.45424772028963 121.07289744518266 80.51379508261421
137.241043130118 114.68225300873237 74.18860661247734
134.46557993409758 115.27061886315961 64.60011740197662
141.64294336185512 114.2470902687619 68.42410002473227
146.6336424552433 119.60272023834337 62.146081815592005
149.34654515448096 111.26924592557943 56.1236546707194
158.5651652445864 109.13712632406506 57.16571280758755
150.15294710350435 103.10943969346158 53.14678991378092
149.89906959533053 96.97789637164485 53.4870610130271
152.95095188741325 97.6515203964243 49.83497158492826
152.40074613128476 90.31100710690646 54.133187696912685
146.7742356237057 82.00352405464906 56.9346953448943
150.47145514854495 75.03285346266827 66.67858462457991
143.49603186999624 71.23964759650987 59.76883772384625
138.80138045189028 62.21978134016271 60.20236571975186
143.30532183064776 57.29676294491716 56.14356495447714
141.18960307695974 52.83567553166426 52.67302493194062
136.84280597084083 57.482387766909966 49.72259966686401
134.5900557539969 60.23343236320987 41.07224905256755
131.44302695125677 55.6332860733772 48.20169470889714
133.78882914363402 50.18217824448877 51.169077285116245
133.2611209677073 50.4423013264895 41.902378186103164
134.33088946717885 42.081154938117876 45.84292332679737
134.67870667515055 33.39358731317549 45.261999555307995
125.93444227437345 31.50509604826167 40.89636675470483
118.51263813023994 33.699640561590435 37.11533684063561
126.98073471494229 32.58887465618952 42.8555479010611
132.8421295780775 42.127597479751905 45.26673418486119
139.11293588612756 34.994676238278366 51.84754075734336
132.41322320507143 44.91135027349389 42.40057421766767
129.79447508148155 49.421764515458925 49.60507787479364
138.41857771008677 40.401936217121765 48.6152358846283
140.68269292324246 40.62943905550827 48.3505638100207
142.68176172557742 37.90978609794989 49.85323627004071
149.3073152603492 39.225215739762994 55.254622173685846
152.6492986163366 39.43707836500848 61.74311356054484
144.13920690522207 45.96287657134995 65.55898328175607
134.4043366975694 38.22087865683459 69.53160450838799
130.0144942898098 36.202158716050185 60.36005013236409
120.62602693043794 38.398630751292366 52.77237205584303
124.54356357764982 43.33811863660884 59.46754561810201
129.15535784399916 34.11168645537258 67.14312465984376
124.83652534154115 39.55135105600526 58.39491945794302
117.94616259201274 35.9594059957883 65.61576621426039
110.74081041380894 40.54942718430736 67.39777760023209
115.91717032825338 38.79760050044195 62.39075744316064
108.9996254411553 40.34442341368545 62.92849566431811
118.6675513356398 33.71399821045455 55.53280527705433
116.52977827570211 34.54296513077279 64.08212236307773
121.0546204398183 34.46484302817291 61.73046917936763
127.73720023096699 33.2290907962688 56.98376112193868
132.0854405225934 30.658088367442247 58.963690107514225
136.56979206252566 23.588012804206166 66.66345024127845
128.86170543164533 20.736798078496733 60.59166575359831
138.5112866368532 18.562225940659626 67.0450624758428
144.4476350148035 9.035200814158845 72.79369300416005
141.49120849196308 17.625722109525036 73.68418167953426
137.34322835051168 12.709108394040477 68.49812073695821
145.02007116206164 11.013398379241423 69.64436273640804
149.05513250813837 7.563955216108379 65.19925613655779
150.19837778647096 -2.0388662939064375 70.09423233986335
150.81938292853397 4.3786072150600965 75.28179956546622
156.16498557534896 12.27490555288144 72.47169323991574
164.44625222000533 16.48835695135584 63.19612779594786
172.72120414918197 10.583025682568154 59.22497000437716
179.26856338812578 10.748396747981595 63.11682589403826
184.09418214435325 20.391587025798668 55.117237058412705
175.55929010990027 21.142967067524804 51.087563979093815
185.37694781226588 11.65510805680586 52.993367995008285
179.6967155830561 8.717712734936807 60.87507522476218
188.1073184574676 4.9678787857315525 61.82160452250137
182.34400634657646 14.033311472106895 63.80654876407423
181.39303669462174 4.140635230283316 63.81014715042245
174.5655626686413 13.295246373915196 71.20094658151731
176.66921050078952 16.578535704621906 62.805010786374304
170.25174417655433 9.259665943426414 67.29254880490541
162.88933205501962 1.4002462990854818 62.5137960739604
153.8576591694773 4.722371088019393 69.47772701652974
160.6703843276163 -2.9300880072373205 70.53833482364988
156.2455878328816 -4.187299908496004 70.97774215915473
163.910810347299 -9.787638088942028 71.36310826349076
161.4836459749355 -2.5311272320080835 68.78569413298446
163.0584688667565 3.1977213593245075 68.34270209631656
164.50531413517072 2.531982044106715 62.78266920290087
167.59544924985696 -7.411702185629069 62.64487127910691
163.19307739028966 -2.470998296724437 54.06873937354114
159.21821650759568 -5.833484470403224 46.509864954191855
154.3829739637506 -9.406795593177144 55.689602479077536
153.6038027626908 -7.839883105598595 46.91359759859631
158.7646439615173 -6.427063430660382 46.151728863923736
155.7525613157412 -8.376582038069895 51.804643141812384
158.17465564140772 -10.66056812902714 49.46949940547929
148.9147430358531 -8.410178871185648 53.60855715537704
146.26944752757797 -14.124460513715235 62.220379811127515
140.8894670996636 -8.763318938912576 56.76632341007491
138.20410472970136 -3.984437414386175 59.398918179219656
136.0020754363521 -9.934493295962971 61.272134156890324
136.33104855900555 -8.551537094442144 70.20145253247708
142.48266784304982 -13.683597753103426 68.8633991926593
148.7948901271027 -23.341625300235698 60.26025219082606
143.65409758095302 -19.969001143453603 52.084337418822884
152.5663208117972 -28.690802138479803 54.17037651723131
146.71084945913972 -34.14927625553996 60.86639036939863
144.50094826940247 -28.74519029766659 70.39699741205796
139.76026761462134 -33.490186229193974 62.36811575736257
134.45073894448538 -24.617726147635942 53.537305508831196
138.51584377169704 -27.665573158214293 47.569649531749384
142.7758492571342 -36.13783494379986 46.435532906116904
147.59251666271507 -34.87710848998175 49.96622335018347
146.04412902255729 -26.34637169448695 41.13198237535619
142.97299352064437 -21.279770282135814 32.313788853184015
138.48428711048388 -29.99145743540077 30.165152061567944
143.21238563740113 -36.35054408197642 27.233563898920437
149.4772744861486 -45.71372720694423 30.304223195782157
147.5670085398755 -42.43973082128221 35.989289420767534
141.97665665049473 -49.34132265652779 34.02649575766858
141.64239602163158 -54.42547080742668 33.094366933871676
140.31477254984992 -54.95083171525001 34.73431950680334
148.90464111902 -64.47078370260077 36.954006612573615
151.4496741577676 -64.21407655984 34.258935783132195
159.35992965260428 -65.26599464248537 26.54056605194893
154.59484919138507 -68.91114984760002 32.916214839965576
144.80066400557774 -77.02155562615982 28.59736708695652
142.85829011046803 -71.73083250017004 21.541403068091043
150.51695650050831 -73.6393346493289 14.430095995007173
156.36684447578088 -80.2233735161213 20.06700823137517
153.74834226897104 -70.65694863404562 26.798147920055627
152.30076319816814 -73.20403808178715 34.1605249398429
153.7136241754877 -82.47334528290705 42.606415657841154
163.53811072281314 -80.21544302279369 49.494415075991654
161.2991583493634 -81.55226590248895 45.93388753018032
165.35748261314725 -79.3619453506478 51.67777643919843
171.3727919893882 -84.5598783616423 48.93349910299763
169.39043554434474 -92.10616824842407 54.87610277575513
179.21601136699095 -88.99719122976383 46.57546107036948
173.3134733526062 -80.40570662765404 47.03352077812645
164.8251008923627 -88.41417162632787 45.04975097170704
155.638244849155 -97.39799197373858 54.47860082016183
150.31017729613046 -98.72064740533833 62.0049919262148
152.91935379464783 -108.54647926403067 64.28215610824401
145.65530314216468 -111.0860928009543 67.39054215484524
144.1356781276879 -116.86800072928406 74.12343882385493
140.05988702041864 -123.71623976017224 82.577371471601
146.68328408396494 -122.93986655745177 87.9837158691793
145.2307741163909 -113.37962688891196 96.44972611704048
152.85684633275088 -112.97205874314204 104.85510650752339
149.39309565706697 -115.4456515693353 99.75515868286011
157.47531558463442 -113.5949253521879 98.29987131949196
152.33839849282907 -110.44643168627476 100.2016754331688
142.47306393591023 -117.79001194848605 103.30004860519944
140.7075280811956 -108.97552330141873 112.65533665284707
130.95866683356422 -116.65856542302748 110.81652910236431
137.73237472083906 -124.9628939380978 111.50202343939023
141.0289213827587 -115.12979197055886 112.074245412648
149.5688994171236 -109.3852608570023 121.04317399859127
158.21157900219822 -109.71173535567705 131.0384031536186
149.399332983067 -101.12938918649637 140.10853514255203
149.4972640901009 -106.61557405242945 132.92497034031175
155.36316444255934 -109.8712246393864 125.00729558730987
145.55003588968336 -112.0846339691583 125.22855330882616
145.83899044435768 -104.03108821432318 131.36436644114528
136.07987490960147 -105.77614284315187 121.94369515169524
127.41521134945079 -103.2023026775565 128.99530373273865
118.00359166274896 -101.66502851102987 138.2250367281621
123.02039322954526 -105.22234227607582 141.54167180301766
127.03559316013852 -114.87670944584188 140.2915960696527
117.11102901808451 -120.13438769457407 142.14555137129602
116.66468729316594 -124.36216732749135 148.03919305190928
117.91858819616186 -116.43829278476473 151.14783703677887
121.97425023393303 -122.62378524668006 149.78835564882553
124.00729882156108 -117.4741668083557 150.92946962864355
120.76299445340715 -122.91587530046023 148.11580895822985
128.60131187370575 -124.26654383351762 139.26763697996617
128.16304533401276 -121.74935307262962 141.23659204161433
133.71009688951676 -128.8715587915513 140.98377832798212
141.20656547868055 -127.70011220756663 143.3951045703088
143.90427129678162 -129.29513955327604 133.79144800947236
141.51104437246266 -138.33758475012937 140.19390184505752
147.58321282823763 -133.47290955942577 136.26915813931467
144.33096268750288 -136.05007495766975 134.09432873976243
136.5463509363231 -127.35654024871029 138.23263182687325
131.84899336095228 -136.59086946684423 141.109944264609
140.8731677053047 -130.55111798101706 146.40737746919038
142.15363528198512 -133.0235692222981 147.07219467029554
146.18531297596536 -128.68553587470234 156.07770522986982
136.8682520967015 -130.13841088168738 147.45533149996191
138.62249854575163 -133.04529937088697 149.68365823486803
137.05452876237192 -126.02845894249556 150.17941632956547
144.32563099498913 -134.00990585601573 147.2642364995017
135.6253487776849 -127.69414090300361 152.1954411992695
126.70180886851578 -120.38602396182951 159.35206277689366
125.32549431236262 -120.03142064400828 169.06820004586203
132.67605908244468 -124.17510707624793 174.36424726287936
138.61028198811695 -122.79558127088605 175.9523522276131
141.93775340064678 -116.10310695880156 180.7287577259807
132.61425161487472 -119.62894616146632 182.47961218763552
131.6254028540687 -117.01554794921839 178.6159358375713
127.08197698236935 -117.23850378841267 180.36118624112197
126.24773647477112 -119.13908122893534 182.88615963725962
128.8409334004752 -126.56688753850361 182.97964903212437
128.70012503353138 -131.6298871763713 188.26626394726517
124.44895616088623 -130.3315642923827 179.38777363805633
129.75978036359274 -120.91765776008648 186.70672339482374
125.78975106765496 -127.14499731404584 179.0691523035671
130.08508579447175 -130.73350948685948 177.0955146167983
126.84592116892469 -130.29237753273478 170.9910448913264
134.18743675767277 -139.58365580417447 165.9497525765362
141.12339737912765 -132.41744994318157 163.33275885147205
132.0992550228699 -131.21406560874647 158.80419587308606
132.27569057497664 -128.3150357412076 154.03483603977304
128.98688027252658 -121.46824577652201 163.29137503032072
138.71780616590138 -126.94910340788209 171.9704404372803
134.4461318880617 -127.93136491423813 167.8478192486617
137.88534355385528 -128.5574430971913 168.90101904019608
144.52272080356119 -132.1622646407061 177.94727464117307
149.62312558008935 -138.81865732017664 168.749724027753
143.50761270210097 -145.84725319833208 166.13021059300536
135.2748126682574 -154.6890010262182 169.61787370333684
130.90967057330846 -146.41574765798316 178.6113616328825
127.69896083383779 -139.16126253334443 175.58254641178564
132.68029373465563 -132.67191679218664 180.94681308410884
127.68927195142943 -136.5572216941732 185.03965552099322
136.89683996159084 -134.82782828731405 178.78679142077584
138.11812723891032 -131.97612700952465 182.44400541726603
138.5452396961535 -128.89524895360213 190.22718769753368
136.62685747197528 -129.3659018856972 189.74604819155957
127.66874410332356 -121.09357524514793 187.31189921797542
132.18255205957394 -112.795277616737 180.14150695729091
133.84352121718274 -119.26289042851695 187.8631041646647
127.66382622691387 -113.5662043732286 180.2690894642149
132.94691551392208 -117.25951574495365 182.77472891041774
131.98433797236552 -110.63093984834761 183.53286523888522
141.13117678331685 -116.57117180186687 185.51907833516773
149.25295796280724 -121.34224774127009 193.79077746889234
142.47176548519198 -120.71358342005053 194.73416077086267
142.93575412732295 -126.909786365938 199.1679911390852
148.03356086274042 -128.0265564144124 208.74415423803754
151.98277784471213 -125.29098268028001 218.09937978027796
143.34207716245217 -119.21611609530483 224.81466461013895
140.53630084396744 -113.1804435680635 224.2321417025806
136.22995707560688 -108.9850295749241 229.93419272212782
138.26066945639099 -101.02174448074504 225.51609541737128
132.76030083542534 -101.37270801381901 226.54044860732046
124.7528590805835 -108.29413216605272 224.5698968807324
116.74357747347646 -118.01322045706641 230.46534988775522
125.35122855644103 -114.11829924663704 220.86170320165533
119.30483863112462 -105.72062269347266 212.61500648879093
118.40725070873638 -113.86347231934278 221.14716541566287
127.80298041605927 -121.80326141265014 226.63038501231543
121.85094519115681 -112.71557414980789 230.25200394062247
130.73457594983847 -109.00011659894908 238.6135282840415
132.9472432102859 -113.96615732156049 235.86034617123988
134.42107578366134 -105.16951071321743 231.70063627209436
139.8316891109469 -102.56151657836412 240.03521432974964
148.9870154567985 -111.7020796983306 245.6321404880757
157.07642294917963 -119.7952663488835 244.13231423529584
165.505606890011 -111.87246969283949 241.1018128764116
159.61760063723224 -108.93015257783487 243.90803755629744
165.11838277288444 -113.9812210961469 249.83662531973118
160.55642052697462 -115.9872338601112 242.55625342293385
158.61977872148373 -112.55599320526277 248.82074783147965
168.5823398306998 -111.55664104154505 240.01742051297782
178.188298776055 -115.41967051487015 241.4895762887633
179.5268664176516 -116.78573193731815 243.52598143898032
172.9265006651749 -123.57216015170489 247.92835291754488
169.69044212168777 -128.93878279344696 248.53768230573198
171.44892741398434 -124.2743729162073 249.98365070729554
170.94658484664808 -117.83698074149123 246.4532189339603
174.40920872990307 -127.2005362364523 245.65412327775812
181.09266713565322 -131.58555202321278 244.84709133768507
173.1371147976958 -125.52913815949717 245.14221987261024
169.08229790335218 -116.8223786458932 244.8376234060682
173.72746122919534 -116.98820993238708 253.16005706797387
165.26867573905693 -121.85865414808528 255.9085038796908
158.75702323815815 -113.66331708173692 257.89568745918535
161.58417074286794 -119.97044022540622 251.60690923561836
159.4065418114318 -127.31360217013003 247.56603636097563
160.81773491280464 -119.42781591332245 244.67192465915457
167.6737454425462 -120.03848073071126 235.06367041307914
170.86071231309447 -111.46836950056291 240.12631551811043
172.50864405554358 -118.56966970347395 249.58927190738703
179.8180522090442 -114.87790021031834 258.6328133171015
184.15170165360584 -114.19498826596784 267.12634469882755
184.96441434390454 -119.89564160432731 275.24796085042993
189.94928902418127 -119.19492140138182 285.23665872150406
184.4011418294216 -116.90690205120875 286.1344824368382
180.14314953341903 -110.96906570372536 287.65532446105453
187.95257662368417 -113.90025861297958 281.61600144128795
180.55866810984116 -116.47293683069151 285.2877650667738
180.69257999883703 -126.26441240386232 281.9063131443798
190.6260537337804 -134.10220336572556 286.96859089956433
195.30999995481153 -124.97958437298944 280.29794377742195
189.08237976908936 -133.4279445275549 277.19310542264463
196.31347337806443 -125.64955607389871 284.12051486003026
203.6103771113329 -120.43591743629655 287.7889326883884
209.2410522118756 -125.18403102233445 291.76498682889456
203.49512306422892 -127.1851058588028 288.60823686122654
210.9009699359316 -119.1027932286481 279.9725705057204
214.8655854316083 -124.82368077355828 274.662963910645
222.752116995795 -115.53398117112128 275.6140649875268
212.98896400738346 -122.9258332237616 271.69245651698384
210.79154683991158 -124.89957974138517 263.09661477355814
215.57671938180326 -116.84027534900825 264.0741344895495
219.3532008233214 -123.36406857540828 272.0607959510874
211.08906579386087 -124.4609415502137 274.1303446348285
215.4510489550331 -133.96945330635145 265.2268208680185
218.33332126838593 -133.82825969214457 256.6345179786385
219.02932712601876 -138.85010045837748 261.8522497170928
225.3406382855812 -140.6944784937524 265.4226754933244
228.33215245077346 -146.04523091136005 266.4585109183405
220.44742991240045 -146.58493793289153 261.06443478683656
219.68296982081426 -151.53592959681134 259.92251991341294
209.97498903583568 -155.84632053126157 263.21397322138523
204.99156405088826 -161.36142599112424 254.94923415644584
202.79118083575 -160.69112892240548 262.5826699782374
197.1436061156973 -155.62765896845892 261.6197408390123
203.28099659536127 -156.31315292182654 262.3242095382921
206.6727925998351 -157.04710652128426 267.32890800411195
199.13570465938446 -157.81794525934257 257.6954803100928
192.69721239078888 -167.085306129319 252.74160649537393
195.02981012711052 -168.6112016308465 248.88756882125833
199.13114602677607 -164.8483548874441 243.0592150775858
205.1789054529255 -162.08570839146597 244.04702023056382
204.54359324617485 -157.1048613246505 235.33093813865923
204.39028378853246 -154.2767070638548 239.33645538155423
203.39828475220637 -148.49785005279978 246.70534871102623
208.13777814480125 -145.45547307696796 243.53012004997925
203.29632688198197 -136.99834241539145 236.5422071784909
200.72537063510347 -142.39424457639038 227.00331992639403
202.34036730618723 -149.56397901078475 218.58239161384446
198.64593206757868 -155.7541442650383 212.70927358364213
191.68085313908813 -148.11257199191158 210.10922061896994
193.454304965012 -143.24526679277486 209.77422386601526
195.2951681479115 -143.7154495975151 219.16566310693145
203.6380173660127 -134.27202175230428 219.46069287572374
208.4361315551285 -134.1709993856624 224.4775665660709
206.3354710775618 -140.01470688894727 217.7775464577266
200.16281608555138 -132.44419784990774 227.01464431942037
206.5828198822508 -127.17325668230052 219.19643430041543
209.5973685505223 -131.99527280965896 226.03816776887479
201.73351322819744 -126.56252377687946 224.36773410567002
207.23995337025625 -119.57144598892242 234.35940015816936
199.37073998853097 -110.86199097883281 234.4162794565479
208.05526960983457 -117.70935253562699 226.82775652574423
217.78619387381343 -114.94733840250245 233.52147242947208
223.88076920616453 -105.81702693594411 242.94491324960703
226.21429933799263 -104.12855743622123 250.39028014809307
223.41692114057483 -111.9331892598964 258.6424100685438
230.9521552296366 -119.68780843869928 252.86203363379195
222.68753619537188 -122.12601680820177 253.30948489195075
224.32870716623717 -120.33419145465625 254.86666352321706
231.60780921791104 -123.1156319914324 257.156299799382
237.79964132837745 -119.87415581295143 265.6380463120025
241.4819283923733 -116.18204028401188 258.17994929090645
239.19051673793754 -118.50740805524794 252.61884200147057
241.6375699039869 -125.61184751505719 257.0508141250526
250.76854723513455 -134.08986365171148 248.57244444301628
241.2207221657845 -134.50531442883965 243.64234560362516
235.9411517952874 -126.90144866009062 249.8732692832471
228.01850486647135 -117.06224397049515 242.3920675003934
219.6503448918578 -110.02245985015595 236.96315762625616
220.46034949283793 -110.8091130334235 238.4931477290156
218.58056699507677 -106.52097104635519 230.96129225399233
211.6430151632685 -98.04601998517924 228.2800133454423
213.65694729286102 -100.6133060589966 236.94286816792228
209.39103686305535 -109.96324556291572 232.28366036203533
202.86014209709288 -101.29585504691022 238.91836597750606
211.13322320343218 -93.22915845946716 237.12872392652477
208.09339604920763 -88.78499921155536 231.72854964250865
213.5765033302447 -92.72632745686691 229.58895167757922
218.0167022008902 -100.9575469739994 225.87061080967567
219.14252060297605 -94.51565810271308 228.47737136965935
213.63003736404926 -89.52687871599562 230.1809250961417
212.59148536295743 -97.51743787043178 223.4072250665486
203.34607405564398 -101.52798801615484 220.0710925024915
206.8702989920186 -92.78622616911345 216.8686440572084
201.12689323673771 -87.59624440911756 223.7385349463967
193.35182707822312 -89.68481435612264 229.94218724527366
196.30271931679238 -97.37025342047491 230.5805480344961
200.45839851618612 -89.70592576585646 229.4028455349659
209.25858377924757 -89.23323660800492 235.84234182924175
199.6175809230308 -82.5362578883192 243.1658912460813
207.4852743233379 -90.91917254291867 242.78512242640224
200.51746149781926 -87.75703441447024 238.78606993448534
196.45995197280902 -83.3437482937573 230.75912176491778
195.99161004821556 -79.47738545991908 222.35293823731425
190.68119799677928 -79.11518725968799 230.1061393969743
183.4562710208326 -84.53501773597579 239.73912615033032
177.98258864770085 -88.44141366150419 239.88180475364592
177.4878643155685 -95.35073548576561 231.84082156636345
178.8666978715974 -97.70695632230833 223.41979652217518
182.99518942999285 -88.53692694574066 226.51713957397283
179.91741455862137 -85.26843668431984 223.77471576962208
171.0853633296848 -90.8081247675696 219.23214715237245
164.70701776787928 -89.2376931565341 219.2063874132707
170.59865162682942 -83.93718435229607 221.69450851737042
165.92240606245073 -82.12328526961429 230.89004717713513
157.8243999921409 -73.76386110444815 221.05214473151827
162.2593658807873 -63.9168305305604 213.57576192185337
156.63448734089718 -70.40005083370286 213.1281091365279
153.40110480982068 -61.081576252033635 221.03265762252417
145.2950502357854 -66.4550370145969 218.7703626025307
138.36835091760844 -71.26875693742163 216.08470587044616
137.89284586453178 -79.05676017469307 222.88126615891517
142.42271383792183 -79.01527518467731 222.03178384491355
142.4243405853934 -88.02529446713281 223.87837801875534
140.27425027150093 -92.0129939160305 219.38026105916651
148.18379768839108 -90.29995214236534 228.60003780905754
146.07622981415258 -81.85348095827361 227.94138253593906
144.85632513894913 -72.99354877023956 235.12938078836373
144.61990043270802 -72.627726381686 225.27283260790458
146.12140063744616 -65.83144734758359 232.60371807427993
142.16122411226183 -66.22927022724828 237.2731786795497
148.81442650201888 -67.21388567315049 231.75273179886256
154.60712621394768 -66.5944532462626 222.70130032134904
149.153466411339 -75.0068862406112 213.07339337146215
150.42317869384155 -71.06712241104927 214.21935201157612
157.77980815581932 -81.03264507283245 219.28313598761125
165.4165351249606 -75.4424224565504 225.50137506087947
168.6783741974022 -66.41952389654506 224.86310922259642
164.47789916806406 -57.34290154120758 232.98041245045155
166.216463669743 -49.695000390528485 238.38500141693592
161.69317930512875 -53.257548936106794 230.31434327765336
165.1308018489649 -53.17412326860863 228.533919905993
162.39851470385463 -48.27402886072012 226.48293150279318
157.32006255167664 -44.317887013568516 230.71467624158402
165.05393319434666 -48.5159516162522 223.8284852012653
158.67884725589903 -52.734392341085545 220.80899663117424
149.5164868985847 -50.73533126347301 216.58108193272582
154.2866524098531 -56.0959568701697 217.33765551933158
160.68868241959524 -52.00759279316769 216.8866421412228
154.22059922565316 -43.48944907183049 208.91438223766892
152.7514796783391 -51.96359375500165 208.49830448838281
146.02024066369506 -48.03036967777451 203.27854543229387
148.3931766362902 -47.71588315813187 199.40218329353297
144.74946561536385 -38.536079536375 204.2719323732889
139.44939371113355 -46.40952176356552 197.21790710907322
141.38934290008015 -37.4253566292886 188.07786207854085
148.3615679420131 -45.10851884734297 190.27270271298536
143.13357967554794 -37.27730715540972 197.45670556846738
148.45687724107776 -47.24877235715588 198.5965518096797
141.1266559831967 -43.212240536388045 194.8261881778453
132.72314557413813 -36.637808227739384 187.76375195047234
130.45418829139766 -45.74842835103005 194.82208288459762
124.79280273969674 -50.56877743498529 203.83267145626257
114.8133043763306 -46.94679361079995 194.40261207531157
109.2242900811104 -38.639158735422185 186.02263197142685
116.55252649516466 -34.96228999782082 182.57744608639484
123.62513612386655 -29.31006931201955 180.1240052953899
121.93723127904451 -35.56514360853323 189.3243773714004
126.53383398880514 -36.27406227447684 188.0431852171621
127.71287216122947 -34.870120763983024 195.71873438930007
120.66551104446404 -34.62313153182716 195.71378180083335
124.2731266147473 -26.531752018115924 205.6770504262979
122.81383485694174 -27.637514852723292 209.04608756935906
129.96343380586478 -35.25303569024019 214.3176290278881
133.9777252878897 -27.565750839959556 209.98698386561833
140.12842223010915 -25.219466775019406 205.293035797966
144.9817235545022 -25.258898281728833 199.73192610901935
152.85699397637123 -32.26391528340849 192.38187544746367
154.75269045328093 -39.70980013142713 189.64750225374834
164.31208665405666 -33.78158529654517 195.69010063173852
156.07453407466593 -29.0812966818181 188.5791505244972
160.90901612633726 -34.08315404005673 196.3935768000686
152.49784499006253 -30.79970278387705 202.52267388814516
154.17551281546457 -33.920252672940606 206.85254445557024
146.31330061075485 -26.876355878522013 208.53762384559596
141.82892847609023 -34.2402905711438 217.605164691872
139.09785923398073 -36.84351677540171 215.05065283030686
133.3884562305161 -32.58911691843122 206.9214944735166
125.87936251377911 -24.752117383660227 213.64625875807516
116.95241711728909 -32.46785883804443 211.11028177024858
110.918017526679 -30.698373208660595 206.85024378886155
116.18650266467863 -33.07378032750706 215.16281303898438
118.87684631084926 -28.348356142324196 208.32199832751377
125.96155553010598 -29.230488680820706 212.65968635425662
130.86111771656545 -34.435016304590185 210.31663248649218
132.67921904602363 -39.74276068848554 215.50049018693437
134.73744099018614 -45.9936298077362 224.53152621928356
141.8002473961807 -44.51793750977597 224.49456119406875
143.0046361291261 -50.22448378347369 224.46454151248972
146.96693131067164 -43.76194300737005 228.9443158321457
139.5439934835212 -46.55891446024762 233.7840892166513
149.00991726283434 -43.96525283910447 227.78653688112578
158.03878761450662 -50.05401356535527 219.58565692436684
157.14533242227873 -44.803452566842736 209.74548981386604
147.2093318320539 -54.43559667816658 202.4644336791443
144.83890970033218 -46.34817259500392 192.83544292315392
144.28896904654243 -40.54795139391724 202.811619020847
139.37435649113257 -42.9609839907724 211.25625903849968
149.1654377380588 -51.18043902735563 207.8907024128381
150.37249962055017 -46.09291258199444 209.7970815084939
140.9113393761446 -42.53044752260189 203.2406702469236
132.8564161751259 -52.42309677914232 209.00805637804478
132.81617147851256 -47.0985478154934 210.5352689989882
129.63961078248394 -53.5073091478167 205.1770724725742
137.4048041743808 -47.471473603445894 209.75326981425968
138.64393447481342 -43.29857962520753 212.80295890709695
134.7352261807719 -39.118452653702576 215.80304209860435
138.51723446690477 -44.92942528468018 210.73019797221755
137.58219629433117 -50.86829142070173 211.56910380168114
143.00986665562874 -53.73037921781481 218.95644142283845
138.83378785999872 -51.396446789555 216.69744979630192
134.46940160516786 -47.15948417443616 220.9147838625635
128.0371611781135 -46.86058204235129 216.10767088594108
135.12575659876654 -52.89070491467554 212.21754133997842
143.46488729412638 -61.71439233562905 203.5223436133407
148.62588436554967 -52.61118243114278 200.40625694602565
144.14108895422208 -46.41876617536225 198.06019424800132
152.95310283782865 -38.223548094376895 188.9136207015219
148.14750504965633 -46.05491207877261 194.50065444731155
156.41984076123276 -40.86150430641653 197.75697105822857
148.2948187122183 -47.4610736861695 190.12428202272434
153.98907347047273 -53.45057110464732 184.59764197477318
160.53846542117975 -58.242211964578274 178.04155755492826
168.78914348793785 -59.750503593703016 182.65035994558392
169.97053138387878 -51.506343827880094 183.59839792984747
175.96869357143927 -52.58686507030452 189.37827670657776
173.4521243679363 -55.54853775275707 189.2567448157574
172.62101891025296 -53.97064651857731 193.23564873758764
174.6787252977427 -61.088000234063045 198.98435361105376
176.54998918508915 -58.80392326838994 192.7524466459862
167.11887453503792 -66.71416386172102 198.72515789489677
175.58388931330344 -59.75950051428855 198.78371311278121
185.0956146474989 -58.00573486237531 207.3645471471368
177.34977059382473 -64.66033635660486 203.1837266855243
178.93850243401198 -72.74954904153917 198.90663372496505
185.32232922295304 -71.54703634137785 196.84836124965645
179.30441855173655 -75.4725748363292 194.47779323747514
184.86557116420101 -81.54473865941907 187.19721033448627
180.83069059242635 -85.78372611936126 193.41327836157384
188.33299730860026 -81.98679235580137 187.63752805900324
195.77598952143754 -85.62416223331039 177.7151096252072
195.34117381951 -80.94041163446245 178.0728571023446
192.3540692489305 -72.5054462481998 182.30184181322676
189.02846719863743 -64.47047758838764 173.2613765190572
186.58771108325496 -73.55998868064391 164.04799266064342
189.55755159958255 -64.69869447842368 154.1756894630752
197.28426190229032 -68.50777220504746 156.47002187441336
202.4195074795927 -67.54295464087645 157.57437273290978
195.61128108904217 -70.82582620067721 159.79557381674428
197.89343761220573 -80.70364351303408 168.9147929347952
193.88589506833296 -72.58135804286626 169.9682224451103
195.00046293473602 -63.69798182325238 179.469822108073
198.47636595429896 -66.80788249595794 187.27851721203058
205.3960971787882 -69.23950883673348 177.70443778042664
210.3574677063482 -64.12454199608291 172.92894529287588
204.1502204869906 -69.95852295652811 182.66150904976303
201.92477712992186 -67.59187820516593 182.9173885556354
193.4568546945855 -58.24493457451274 188.81305177956975
189.24997802572017 -51.323809748421084 193.10257684512294
197.48238885314822 -48.49816869092588 202.1411121617424
203.95822333139427 -50.95654964263596 203.19295018277654
202.30600363785643 -52.19267453005029 206.5304647933868
211.05309544601366 -49.371522942083814 206.55747408243104
217.03847889314872 -52.31579786136022 196.80282578483883
219.4434362086539 -44.14192509379217 191.19112967731118
213.98965701572695 -35.075905048235256 186.42173806740578
219.52120499000216 -25.349611086158855 180.60899117913735
213.04702495296888 -28.406223036989758 175.71265518486024
204.0020667740601 -34.06536259435556 165.8825637168306
213.09539253702468 -34.83077115405965 171.38310507457302
219.9027533147922 -27.14886322979887 169.54561730632804
216.8759092738113 -25.849429223510164 174.886754320727
221.87215988200646 -28.90764315405228 172.77484977777902
214.484334563573 -35.21032711275851 181.9122788492509
218.74031811778758 -32.259929199062704 178.44754045121442
213.3202961617553 -40.54024861209235 188.14077986990569
204.40091948941696 -34.21213259227688 183.80497994726343
194.43450987772852 -34.313543920506305 193.40673297581355
193.01928947005405 -42.8192465012317 185.6616045288234
198.33036096309397 -42.5761735489319 189.48193090508903
188.98561241394577 -49.17531042444183 194.3256670509908
198.42460823474812 -40.24767838393326 188.5113895573133
196.9903116569294 -36.58568453785826 186.5666828471476
197.85817636477157 -44.30994754986384 191.14223782787423
207.69150478123618 -45.455836273782005 199.86337058778122
203.32431640234088 -35.505908132425546 206.76728636865658
204.0739699462935 -32.35963799915377 200.71826358230712
195.720356039892 -31.680323289188706 206.0417819299053
205.3096501879458 -28.024650214390533 196.29277967741473
204.7757473420226 -18.904746010952415 189.11509626255673
203.16734516452527 -22.150487650680784 189.4563035434473
208.28084616766196 -18.967014931499417 189.22001010491465
199.1053765662212 -14.779392827191433 193.8874468866865
203.64298964245236 -14.933794559983923 191.72324372506486
213.43142947238994 -23.093185775218906 193.45253499313392
204.67141449859167 -30.590961114058192 198.90217207286022
196.55875162944034 -37.24918885284623 192.02587942963007
193.88766570749314 -31.07471719843405 186.99231033211183
192.33027596475526 -40.85216430693971 192.1534823608822
194.96355053645013 -41.83459463793428 198.5340897584444
195.34890371587386 -47.23407923035434 188.91630617402078
194.46987383267947 -39.69030886802927 191.04055514621902
187.6424394257855 -43.468649222076586 188.76871846046012
196.74795478056458 -43.54198732573144 198.6054542808118
203.3715192753039 -34.25266660627548 191.29451632652172
210.8328574158238 -35.429096188670144 183.3061872294946
211.6185695630215 -36.75959988613157 181.82433104074312
216.34125397860856 -32.25846135083911 181.2292636454724
216.0557870699985 -26.678158846666218 190.61909371089573
213.4296148279153 -28.067413141099298 196.95827850394696
206.20610087176692 -37.61698653086555 204.7899727705512
215.15655050903422 -43.83489092318947 200.63458846197224
210.95861105339299 -51.55568836229823 203.97185275404448
209.7825204257469 -51.85003945845362 212.6550665382904
200.40572640524599 -44.98539272919291 203.67080733953475
201.39072354529333 -39.148991707340805 209.8433914782037
196.09720667786218 -44.05855345495024 203.32405422568803
191.49730279035495 -37.81099779253223 203.61703371678567
200.36899159426815 -43.98141339606421 204.35277515652155
203.66462955637024 -42.88410998231373 194.96510487477144
199.59376753636926 -52.07057484153802 203.56633656501901
207.5832068947941 -56.08468764038068 195.39073526373886
215.3501607057127 -59.617460775752356 190.02697340804679
210.88017220646486 -49.748844043728575 191.76099377816777
208.83327004651534 -47.46839758508525 193.80285520636886
199.79793856044208 -45.11282372133368 185.4892828842914
193.0724292082229 -45.8611128088026 178.59223994479282
185.0571186712813 -44.701295870321715 185.38309328412473
183.7198127237369 -46.651645926302024 179.49692393631437
181.07513314700714 -43.39420194498495 183.92541134685524
174.21385925578394 -53.141518189027195 174.45764927912606
180.20455198334582 -54.35913623569498 169.2288783561352
179.43332513911753 -50.95325143718106 162.28393311981893
173.20617059140284 -52.95154200248914 155.0026638386132
171.6702274640385 -46.35499209942986 159.31623133836902
167.2830830826037 -41.79693395539654 168.89263382455758
170.14199438850181 -38.514679378323486 162.4534906854335
162.59431552983486 -43.326001125835255 155.10427109592172
165.85864203570935 -48.75454516347345 147.98192778707283
164.29315665965726 -51.4396148454912 152.77759384137738
173.55236879653012 -46.95742307353014 160.67671169559716
178.68475124508709 -42.8722855252837 166.08575696635276
183.72639256166124 -32.981396425342865 175.11044482477118
177.64745179513721 -27.43820966936236 176.00414840765805
186.28270231148576 -19.751109169791587 180.06259562033196
185.55324348862104 -16.607972027937105 177.78803700125607
178.17088879098537 -7.4030036214176445 184.62521149865069
187.39558028054427 -9.45722459300261 185.62606380723903
178.32083695562443 -11.92598801246388 180.1577002328621
174.5613035107761 -8.42328952707866 183.01763072494035
172.44483990185776 -17.924144567357917 176.12346613645764
172.32216345655348 -20.66397085056675 172.18999662264048
170.26828872676208 -17.00521251605358 165.2100736129886
178.786593678165 -7.994159536759566 171.73192079531884
178.38505085219043 -16.370154783677087 166.0388940798836
175.43106597503836 -9.3137803459071 165.25350918063097
183.45550097926622 -10.472504845448823 166.44840482143744
191.73139277302414 -1.2752771596197885 162.00093214451763
182.37307586264868 5.212644438319617 158.56279451902194
189.35025515814274 -3.6394709022435405 159.70877023583765
180.15241066654357 -0.639027851482306 164.3661737318001
180.90666764034864 0.9349698009540526 170.2106910903596
180.52545927662942 -8.687749373343499 161.05235712281825
173.6932090828504 0.842660578244848 155.1051629841348
173.03708768118673 -7.990318749309424 153.48029221893526
166.88526353861025 -7.158284668778847 162.65033616221857
160.05422459283102 -17.127911138907372 158.9847980256433
150.67155871718631 -12.004669893722204 151.1497920941526
143.3251009691092 -17.009627753255216 158.91851325852804
144.73511924614627 -18.87364572802791 157.0520363593277
138.69942658831235 -9.57176279226669 156.1379730281965
139.96283183769341 -2.79261725254279 150.48524441892505
137.55207545711082 2.353713530113067 152.3708116014123
143.58189455237476 -3.146013363992722 144.29818853686575
140.66964330799112 -8.64718126980882 141.19888741021796
140.81140229010512 -2.1242107924861733 150.30062846606995
144.59392796172028 -9.960457219927502 149.95488829927547
139.37821217300305 -9.64773457622148 157.306081245784
134.19818589232838 0.1600578408658322 166.32602036362263
134.1157306708058 9.430705628445066 160.156126144102
131.45041150532427 15.018862751038778 163.19127446341503
134.43613564285195 14.050109506747063 169.04112248372115
136.36652538509924 20.748722532971513 170.46132582749564
130.4348398986482 16.642713715385568 175.5122951182643
121.25210678741509 11.298223316391153 169.16411554994974
124.66379466441494 12.44923803111731 169.3912587135388
130.1282975007166 3.6217217145724447 161.41524290362156
130.89760681822702 12.014291598634408 151.7588449124352
127.61268134389533 10.54658046049149 152.7575958383381
121.87956913021458 20.40522940696934 160.81622116837178
118.32752428101033 20.072191448055044 169.8796935490795
124.07268377012036 29.934552216117616 172.25502044177674
116.71478937592843 22.750756765761984 177.79932801913156
107.82822090952571 27.870252959274687 174.63688094269864
104.01216421417915 37.742776262150294 168.91201510238923
94.9048669861586 34.30993774403024 174.63560780867869
99.02742845185305 34.99609252644213 164.73266655600682
102.07765922514254 42.32734007690114 170.05315098604345
111.85269366227902 36.39743615028545 178.59143334237228
115.60795990810662 35.12316192157607 188.07781442447316
121.42004625896145 31.112208030324165 182.59070242350606
119.15976323746753 27.285908844929427 181.70873186967995
118.16842575030621 30.946565804454 177.1919967621055
123.24228028146777 35.11998228718956 176.76941906474823
118.60844185777097 35.14628656878181 184.43174100232042
113.63382326322599 29.762039814790036 183.0038990702658
109.70201034073867 33.851015484262426 174.64395616638515
117.51589884215315 42.47218233123161 182.59580218566168
109.78612270623286 35.60435139648342 183.2479817328922
114.21555625049541 38.21479073488538 183.66757073646642
104.61638082707469 45.227162611970435 188.0654078615837
101.97105160694348 35.82891972593906 188.74799823373522
96.74115647452746 39.503420034285604 186.46248205938613
94.89557252358657 42.29200223891064 184.49892951692235
96.9460527149517 39.13950966049264 191.8647136260337
105.7583315541301 37.98947483599619 190.60774553959828
106.738107048159 35.17897155617283 187.40957065439815
99.48369058878352 29.553211479964162 196.07764238300436
99.6989336994229 38.65155305148449 198.4945058380608
90.2299935014764 42.23674377458015 205.32100403580787
80.62495996025947 38.05784550620131 195.61558179756588
81.62385671614301 31.534128512757835 199.12304874851645
73.11764358591508 31.45427314716287 189.2293702112127
75.50667394734528 40.727587716275266 197.24077556499648
79.06082247819766 38.62303485761889 190.1121889341107
89.01279671675184 31.560652682169867 193.60614417092637
80.07375260544727 35.50794674923243 189.61991408527004
82.59158292870026 41.57053457011531 198.019074415144
91.72882455358132 32.45782629571139 205.70446693949208
91.17972549274035 35.758094761183905 200.10835351533885
94.32397403831096 36.74769255175657 197.368045619985
94.62378319355278 40.13438698154618 189.68647511438775
85.0029812453987 36.76286453002117 190.33550919224047
76.18030610058474 41.17802383222713 190.60100283717543
81.79556387147097 47.23155516224647 186.46976518475765
81.01732920357139 54.68871864691338 193.16822645260953
90.69678176510192 58.77218783786085 183.4300062414988
86.74867399960155 51.575518268597484 187.0126165390263
89.74383690773386 53.018552911856624 186.7059240513291
83.46126647165998 56.198171124061545 178.25302096052263
91.16706668686892 53.623761813432814 169.32697838737508
85.2441739039484 60.91661863967784 160.2152505442927
80.16149587007199 66.23606200823545 161.36496237752075
82.66784997760868 74.14353245915734 151.98418579844065
86.68933563754399 71.26106813792757 159.25758344723562
78.23622536809268 66.36513308781502 158.6542879907428
75.41859185327203 69.29531475125852 165.15705753336695
76.60344400769046 72.62831555173037 155.70535920077924
75.66527953339627 67.39457170650236 152.26121176821408
65.90492158533283 62.034903317357376 153.8673165350419
60.31216209905511 55.202889189007905 152.654346176035
67.63349235509054 59.35545074696343 147.8059871307481
76.52061693579951 56.18639464558431 141.6128379612363
78.8768252965284 60.46812920847066 141.22553702592074
84.97185752032254 54.812286287466286 135.73324483899495
87.25638587444043 49.138640495736894 128.38290347137004
80.97285348324924 50.3118963029846 136.79356677399903
88.3294178355644 49.001411420503935 145.97473557810932
95.32031746030685 55.00248476627294 137.0036481779893
89.9893382524219 45.706476327753684 133.90149989160074
96.59479641682185 54.461601523374625 128.04127127420682
90.93792997834959 46.310840612072056 123.68357457402463
96.79035615932797 43.5863398266025 121.95657572870725
102.29132620935899 40.33043582169367 115.19610185441245
101.81787543547743 49.784140514616766 123.82260783983268
99.93147779809532 45.993129464232496 131.53918632315643
102.56303460947025 46.97094566079585 131.51834824649876
107.64983068790619 55.86183392084128 126.68158570266439
102.6443900767769 62.59849858057725 121.75113593201446
96.57646795420352 72.42704708650285 123.56187537671167
95.64620192583023 74.34439202291455 132.10158964127007
96.89175725154175 72.79535774573075 139.82122603848987
90.85753231574492 70.24247754116479 139.98477705867143
99.76995709912377 71.79088242692877 131.2974267560676
99.98505655382077 73.59936701522946 130.40097171471726
100.04664367427637 80.24703068179204 139.56740177950903
93.31635323062602 87.50529182603675 148.7409535484461
89.99901914387593 80.29686280513359 143.38607065788798
97.59534801970236 89.8789298617046 138.8032497676636
93.75492679458021 82.43148750929296 130.43224930414345
89.32046238988846 75.35430802322892 130.94462134560143
82.84757090947451 75.695617552817 122.2751685828963
89.50062919735878 75.57182836342287 127.14299836204707
89.1477422981202 73.85598800140956 126.06426908934948
89.84062921513552 74.1903853751843 129.64454970993728
81.89543952731574 65.78501957877504 123.180869893733
74.15547648621454 64.59866416279043 128.62747117121216
69.39798013914302 74.39576812941036 128.4750911338416
61.49404105437658 65.4678346472593 123.85666022908842
67.19499985566578 71.73051002984636 117.37502193758736
69.72329162915341 80.62817138001328 121.16637153646248
68.52344224313588 80.10692583537676 124.99585140997266
78.35655225221439 83.00168381135586 128.361247387493
75.33642142935943 75.32548130788834 135.46743238208057
81.9705049927073 82.8387319421094 138.666510947671
90.91376408131403 82.43725548528441 129.74343958230713
93.97042382050314 88.15546868751943 120.16374005802098
87.14464551851259 90.95988395201124 122.06461827204859
85.92527733847302 84.35981082478054 120.33155229349146
78.32513445413268 90.67479144088186 118.3436072809111
77.1232262884573 81.44826713680327 124.75354388187972
84.91957513851871 79.08095105240838 119.82715093688512
88.12770675720365 88.11587487626225 121.6102138533841
90.53093802808915 95.95669301306424 129.31207651325303
82.2577715463991 95.82523411746966 130.48901530722193
81.10704219192566 105.65291154975077 129.87540738795133
72.04638734133006 106.87712060948418 129.76638021076937
69.09123224966604 104.62041967792699 136.8956906984856
68.70872831069012 105.04759813214599 137.28298866084972
68.38492023354986 101.38045221957555 145.32694116656873
71.65585754749608 93.67870867591418 149.7238933269238
70.43374879814886 85.58947817862425 156.37121216757313
70.62614966499847 92.07423824910256 157.86046331195985
62.29606611348764 85.7026216812846 164.68402381319848
70.34302632484368 85.24686411344007 171.1443591406705
78.33663928773258 76.1461595799724 165.53061110322574
78.75228264248376 84.07301279692747 171.1842343993785
74.30532912481422 86.02171439101343 177.29112130007601
72.50099201128012 96.00379339367034 170.32305447355978
64.42971181612907 88.32495322016236 169.17678057566806
70.54010792933639 90.60319710595749 174.91962049414815
78.77113953820488 97.56272712779995 168.86325188705925
70.69251301451644 96.7031114653122 169.66532839723382
72.43910809545056 93.82154288345663 168.51727085482352
72.17995712104539 101.66276229034274 174.93126974033956
74.43985827419887 93.02493661802015 167.98984162832488
72.78860810538396 102.78150225604337 159.19414112083732
76.83642945789333 93.7806443813408 158.11482683572027
73.36010107730893 88.45721714606658 159.85415649756854
74.81535914468853 90.60775113899385 158.08197519804136
66.68770890474042 91.77295509064498 155.73166231386566
61.415758490012635 82.25448918393083 164.82028177038544
68.51587148086188 86.27744610129189 156.12837120696275
59.24476649708696 88.14622463782143 160.64466537874725
66.43304851883862 84.25474768231989 153.97527111193142
63.95940143227764 76.6580771756413 156.87205499099653
63.19005112871718 73.13357618917061 158.2735000372574
58.55988800051986 72.05536064647104 156.94384398148168
51.223758390346106 80.6121224013256 154.47496455607458
59.088812793208604 78.06736663775438 155.13072573974986
66.28401775592292 81.43428685239707 153.57609288761773
68.52458290022318 84.52603404910514 158.83499358877415
68.66798763093443 83.12146257449857 156.46927932086473
61.924560244769665 83.08899270487525 148.46029595879648
57.464953022676816 83.29073181660456 157.34357211637368
67.33157462427539 75.91403438591854 158.64512001203155
63.89722589369105 72.20728312738534 163.79713818804393
59.69807093354741 66.04328514120652 170.286891485181
68.9932168897431 65.78676889172992 173.22537610579332
66.89815082192122 56.73368252839929 169.6417477793436
76.16489037623047 57.29002439335532 167.4629463134282
67.7042984315263 59.214951624310835 167.52783637303224
63.52129797526109 51.57117781294511 166.8049274592422
73.25445502781771 61.211156026954356 157.5264377462216
81.78782291119919 58.349863496442836 159.0186034953542
76.98078460133054 57.67354045203659 166.62286101948916
74.51745093154553 50.60049164172421 169.6690393694394
80.78821508100573 53.34022860415822 176.43490016075185
76.98159226726709 44.718802286840706 172.5194587822586
82.37196615439333 37.381485569673444 175.6580439196742
79.81350741675642 33.339407335812126 183.10531031821859
82.40868885235248 35.11629792846722 185.27322071597152
73.63358537886653 37.565231171573984 182.20137814887565
72.367582674327 45.55751341125628 183.1205344080648
76.92082810103543 54.996133149028225 185.6866474125565
75.83666566070298 51.61257449666458 178.42618237326354
69.84386759326846 49.793157718423416 173.74064449981674
60.24796594989048 51.921903354250915 181.0708515939104
51.25818080757334 53.075462538716344 175.39124722820577
49.8578587319994 46.38185748143093 165.7194782279369
41.42418301638873 51.1854198479075 162.9234303844633
34.7092449973034 43.02425541914336 158.30228565066665
43.04479798558668 40.72736270120181 151.24620762917363
37.1465016897579 48.77074968213856 143.545410620792
32.33967822878159 57.26579942132866 148.6630566962235
25.08371851587546 53.73236277528541 142.4817234637136
34.58545158975787 55.90060519036525 137.3600267889158
41.27555123542028 59.25681528942802 144.823156796078
48.28060196876708 66.25688926043362 142.2757595485228
57.43660349523621 73.43414956598248 139.1984140752006
62.790027977625 80.38642757223755 140.4372792135453
71.27432339753636 86.09065650635065 146.4458651189951
63.835267368356234 86.21250506137328 153.1233747890755
72.63273648077495 79.88293687652379 158.66789402190602
65.32764546798951 87.24212846168189 149.26265056936566
73.03512717865438 90.75034899265775 157.9583817619308
72.17956259877741 87.95591154422388 165.4479860035092
79.8511586795242 92.59096597658541 175.15864851318312
70.92359194122018 87.18468552768792 183.08074978125038
75.06260604347739 82.33976530882417 177.84212917163094
68.89784261295654 87.59904463968863 170.75505298795323
59.31322325292506 90.40017170512486 177.36529956524467
49.480479177495795 95.15072451580045 167.75947349565536
48.65218873700048 103.51231771145322 177.20639830663123
40.66444537490844 111.87870423197747 184.35021956590657
36.45943790677039 119.91220115437733 175.422334998406
38.23981255696158 110.4772225461902 166.46227166332187
29.18919981937217 101.79629301005133 172.40853494318714
31.47976917520407 96.90451188310963 163.7342155098114
30.413894230669758 90.58356899918493 155.1430505877363
33.033982538964764 93.8659220434982 148.86606772453945
34.84193860847565 84.7112792653829 140.2959228778422
42.833764505726684 90.288873333894 145.33802347985525
34.31451788458912 84.36597041403473 144.29972557726333
34.34726445419042 87.05492818462578 147.40319069699015
27.363669500437837 90.97247414301692 139.5899795008212
17.77633685660937 86.17517656352638 145.42856481197978
17.967305877797273 78.93222213630223 139.83341546494586
26.357754440594043 81.84437825854596 136.92440592414914
35.42269563741485 77.08886278593184 132.57430430655896
35.47786660323816 85.8644949114937 129.10379988150285
35.82252044430921 81.25825261935557 124.50451321864583
38.70819883237875 79.54494216163604 130.36689025047642
35.651055361317844 71.7444886675043 129.04325293481136
35.62749041517621 75.70425659398228 124.86475432452646
44.353931386950045 84.54669086950284 118.82456539815371
36.82785946978653 94.27026119037203 126.27534858560784
44.6325626015589 96.45140806203327 117.59015038559554
44.3621778927649 86.9312908994047 119.82149634823057
54.028575306098205 88.86982432927162 118.9419466760972
59.10004466570364 93.30877719125716 122.77049635929944
58.53064776485502 100.07316082777007 123.44414925304058
60.68730481190067 100.48213961865723 131.2670542523697
50.96522049441108 98.43613351064677 127.18648155140127
41.2593457895385 97.3418431751098 123.35981770640069
38.01713797337002 100.38741305966852 124.91189501668492
35.49476246334602 109.43993774480292 132.61495524795163
39.54047416723531 114.6324827537802 127.12198594850477
32.440117461056644 122.00014050607818 129.01203410173636
31.003715431536047 119.25889500216351 131.78845270568368
40.79578594993089 125.11125875696064 127.51279020041645
34.10402171192237 134.9023977772967 133.56611704661924
25.835203828692492 140.49296850112728 128.51205250591093
18.837858889071036 143.82135758989153 128.47523114357622
26.68667154383253 141.05962631719413 128.09210314964324
18.491993602558782 132.6918585953739 128.031480642766
20.053831558140406 125.84962290614547 124.63486415356752
26.666686996968764 127.380889288085 120.51999277337535
17.127410865901563 117.58478143800733 110.7343232038642
18.05963603483893 108.39831430230946 110.84151388083065
23.209986663673398 116.78776173121925 103.14065342007211
23.17794062088935 122.87493317422651 97.71074596611075
25.626913509328652 117.5580194709692 90.65784110576047
26.965502607283458 108.30883978815382 90.90201311258714
25.331664134273126 107.63665766135352 97.79547579513927
17.346740643560967 111.38494883699074 107.10725751478039
14.773654487282574 114.60884781082326 103.97254039061528
23.60869258819694 110.64539416280043 94.7172070126942
25.728422562931154 109.67247307625611 87.9234193396474
23.985105106036603 119.31298450949373 84.92173456018512
14.969914763762894 127.53406750343083 77.641082481346
9.038817333321584 131.24269623334962 84.25865582306032
15.224685470478628 126.23100681519865 79.27951231525844
16.858734165113113 126.7784685009445 81.61531483386452
13.72917517148825 128.81286932719206 89.08803367375187
23.605811531288992 136.15575702778585 84.81156649090192
17.191655333598085 142.68304448533004 75.0375453073513
26.64153273070731 139.58204014174595 84.79649907990645
26.322575105812636 143.2147126871299 84.23238644665376
23.996831228609977 150.57957713716038 82.27979206946252
33.90710805993641 160.4776549304624 80.12323812576567
39.69801019305821 151.14756496358277 80.35952397195534
34.632883135401016 148.0651151935555 83.8768217495574
39.64129734275561 152.6234132662092 74.21746565986449
37.935165029638 150.06684028328337 71.7357578815521
38.59578052524758 157.8560096367086 76.36696154076256
32.74424707820522 162.64012924498158 67.06529601229302
25.417396565438697 156.38424224259435 72.06311482360456
27.302053605802268 148.72910837778812 77.67745665120918
19.06826640723587 141.92549506289203 80.9002575177898
16.3722252663062 138.6901205041271 78.7312941474279
13.394321635424298 138.92950225021028 77.58779137576954
19.800613863752726 131.8212586047184 84.2886598890939
18.22361388311135 129.64318099711303 87.29515054115826
11.089757255794005 126.18662071603846 85.34090172989235
4.116238913360705 133.77458049816877 86.91028798828835
13.030573211498783 141.23599157626066 87.83807788417921
9.947082210241906 142.45407796025773 88.0319045369485
12.70160394748134 133.7992848952604 94.16597487857919
17.866002760099384 142.174438371291 88.49792476736249
20.324366587841315 148.89100487049535 84.97327620660859
16.231062310012955 144.4028471218317 88.89963509591306
18.016745047833183 137.42609962754867 85.99368518627729
18.030536545445603 140.16126943427838 86.82158147390012
13.580487888713954 140.6529118462838 87.66104731006045
21.470209963876002 134.89714576137672 90.66928774888999
24.49926926242082 135.86750431151538 84.06400079933701
17.88278409912759 130.28725778974743 85.06546632399618
23.133377509870364 130.31339510037932 88.1379280630872
29.1439046190838 120.79010608876438 87.39618162944896
34.650912232693585 128.4676173634166 84.19231029884428
35.09779370064085 118.89528005230079 74.51161637245005
40.2783165940798 126.7839288367912 72.49105918146266
35.840918823848035 120.77942517544493 67.25154791524679
32.853107422253956 112.04485523742109 74.9208888590465
40.818952558959566 110.0944159925166 67.35803126872297
48.78136697827465 112.31846034961038 66.59968912347932
50.89125558959455 121.9199263599244 71.545315964321
51.2627676085164 120.75452003850334 63.90062841133245
46.49587728712707 114.17083112942197 61.48488949602654
53.06154800126545 122.42791545344275 55.071186199801204
55.697364090905744 129.7540232080547 57.983086889188435
61.0209359082971 125.17520608755811 50.25337668962769
61.0742478803667 128.38440686127424 56.51543020669901
61.367011232812 128.12978021520377 48.056306742587005
52.637721322091096 125.26791933014191 51.71304049655988
47.816883155438944 124.8950712472489 59.87397255114129
42.47997577938091 125.32078865103175 55.63907123036392
40
62.06798234309492 85.27310208256873 151.3131636994038
53.49386153296915 86.78891844605432 157.99003862842528
51.303729852487685 76.78692194009065 148.1455835732602
58.45592159812885 68.38959096277861 158.603793578314
71.29673549635163 79.67870360676305 172.5598005458549
51.31905729419801 57.42081318227069 168.25451866136902
75.42283173386829 65.80448989308603 172.72271302723004
66.59994485150222 64.64155306472881 166.04319998058153
66.64249413970069 50.06210993540804 161.45574267406505
60.53505952315399 51.68075007240931 164.67314161584238
58.542417750572156 57.71683961429092 169.05945408249804
70.81704120085524 70.37156834411641 157.98948706991385
79.36652657468267 48.92325345155054 161.4825709533632
79.0147138388927 66.57901968568032 171.87872568375363
82.57686134155652 44.87253231503103 159.79331518625946
90.33786815360062 47.82477021490513 178.51860630776164
77.67725076000752 51.59268886612651 169.7506184575633
78.92554442337817 37.24712982468074 170.77252598569302
75.48873562286956 39.55433500056087 185.90248610735335
88.61597966294032 38.41775388166995 189.6760163160336
77.89420090886615 38.04952638930854 183.56157347563783
79.00933203696178 55.18019348582495 186.26143127178017
75.63641647537177 53.22183253277286 180.2269623424834
80.38475774427194 50.99352285824938 176.90632467756222
79.62552972817853 41.29832999278736 167.7412036194252
69.59732520582725 56.77334169873384 181.35095377219352
47.274437879826586 43.37923675182542 176.54414039936322
53.75145429745372 41.07835049180421 160.32198047481936
50.983439029156855 59.89453347989838 172.12414481760152
28.809849697009984 48.819223787634634 152.7105926954849
38.05871668884124 49.08412454382537 153.11221745362852
29.19318012133847 58.50924488881978 147.94794062405106
40.15990627008969 66.46569157065316 149.24494341355228
25.300913046726958 58.20927799075499 151.9321927333774
37.2873482378676 62.29939637362255 132.3036941303888
36.158801899342166 55.24639907619133 153.6694341452971
42.644961935699286 72.24744214535838 132.29957752768595
64.75864582866244 77.2304840794221 141.16703375447798
65.47919893549964 77.33783095260418 133.03242543771586
64.69643633901171 93.03040793490165 154.0904340387831
