1000
328.63090527912226 139.8060801238249 110.7916916177118
337.2812030205217 133.69034393392286 108.75699275112727
330.39502491421786 126.16221921760801 100.21013445573172
326.46387917676066 121.98362605554082 109.66212502080671
332.3203608399314 131.10783884008535 102.28108598494823
335.2796391005476 139.89966292684684 101.99266894646938
334.69264098044835 148.89878814647292 103.10440687122336
325.13527056260637 152.3639491023357 107.29930704991199
317.59382455518045 159.22733274177682 107.3853048591082
325.2499778044297 158.08511866001365 98.17422045246154
325.8674988230181 149.30519372671046 101.48554964837703
318.6133292397677 141.84938326618268 96.69076349423783
328.0593261353644 135.9827686256557 102.73410727993249
333.7989840406044 129.40782416388248 96.63769762370036
326.00554862782894 123.80242022523922 103.37912851785819
319.8295079772666 127.97318123946786 105.07373478098063
311.30703912058897 121.6561566821659 108.72252594591288
320.97337732803686 123.07287663064322 112.01869195306256
319.89908132725805 132.69362455069634 114.42671224952736
321.74939805272606 123.26596270079965 114.58889504134143
323.45125209838017 129.31985922883302 118.41928605040472
317.2027349494966 123.7936377521918 109.64067271041453
323.4384670771627 126.49134631169568 114.06756439970569
323.2337476080794 133.22817744187566 114.29380166683947
323.71340767809863 129.0763330654308 110.78401026790205
319.1245070384601 127.16937009436003 106.51234203310133
322.934313217363 121.2327880651879 98.50505636038683
316.14736011293155 130.16005186712667 94.43849155003969
321.60571421072194 133.37306627312623 101.0471438175409
327.51903111079605 142.8496117853158 98.21370610288275
331.9598682256014 134.77502806892633 94.00535849371886
325.93134996286136 127.17399328227224 92.539136173794
334.20941601268026 132.96967214663707 87.2041671782992
326.7417398340912 124.7540868152615 86.57894515640214
332.2154991646738 118.18781420299308 91.31944950393857
327.183336926416 125.93861705382265 85.72577569663852
336.3326989066679 130.60496581021687 85.41116336088307
343.4219571147685 125.36529076634373 89.49114357502303
345.4140558163354 127.11603226496945 84.90069262535322
337.77287555529057 129.54599384532054 89.03485579763982
336.6985883567142 126.41007468842417 94.18968094101444
331.421294879902 119.56351739943936 99.4187222690077
339.29207800894324 119.33078444982624 90.91431490641453
335.9903945122657 111.05505661649718 90.96547833679016
335.5090493458566 103.64192752117047 94.453134028091
330.160758645427 103.34359034575758 89.44105852473437
338.06946663366676 99.01841745056424 91.13844532339941
341.42031156599495 103.43383993776588 101.05868353081172
335.9662366028052 94.84278744665632 97.11695082614814
345.93157822769615 96.73247195418404 100.93088686331701
345.55704765204786 103.07037082854062 106.7681664607786
338.2776448891812 96.84315307532901 113.99670337691137
334.8278807392325 103.60730945534169 114.96223405617978
335.66451535122405 105.84942077695294 124.58283034588877
326.9585970617613 107.26755260856768 116.07477275023756
331.52753232281225 105.94964146858355 110.14893983534944
339.798623111747 98.18853535282841 104.8935538294052
345.9530588046537 96.95461237140775 103.55029219220836
343.3375099014994 93.30453178448421 108.23163746925105
352.99914226070405 84.0145520439439 113.08748582498136
358.61069521017316 92.09028330947403 105.44051965629241
359.23537295004627 93.12658039356211 95.9736091729556
364.8701639741769 101.51724711254445 98.09391282154054
370.39445423294376 103.54851101885865 105.02623076313512
371.22535791613353 106.56170458162262 105.70165180879022
377.5379035647093 105.7413036671312 109.50266871811806
368.64162372373255 115.05257947247549 109.14159067167743
373.9312021849811 111.01700312842127 101.9846169850569
365.9178707548299 115.88650456741712 98.56171251388245
372.9314328728642 115.36831784576744 106.07307767304607
381.9228622108582 108.36552719715043 103.84339643777204
382.63972684361147 110.50156921947642 106.18549168057606
375.06256000478214 107.1769704772241 99.54029985852347
369.48890585425784 106.64136129519942 96.84412677086625
367.2789439097138 97.48552936579485 91.23178482228212
363.17231304177267 97.52622950637236 89.36110768404461
355.7177885936796 103.8393148004829 85.08343610476885
362.8367983135725 102.28554497570246 89.57699190738849
352.86344813037323 98.15565008784837 85.48684100763937
360.1630463455582 97.97588612353518 88.64540958723074
359.5959869734009 91.58837134276703 78.70793106770157
368.2585024634731 99.0226947133966 73.82299968740816
367.4677720308433 100.06327073601642 67.39018897985855
370.6847240696648 90.16237902406554 58.459299714023935
363.7658693565188 94.89512023053919 52.53647709112294
361.9714958366655 87.89342275679746 48.26423746588099
357.1401629060508 91.22134494210344 54.40400230653787
351.5928622615081 92.91006311215664 44.77604357514475
358.43437301660526 85.92302568389117 47.70409405534402
367.70208589115595 79.74141389657456 47.64902501608918
364.4131708124346 73.35594649542314 55.500871017386835
368.01915525812666 73.4821048750559 65.04134395812324
376.7692492632218 83.47316120044353 71.28073027657544
379.2551973375348 91.59302288899964 65.65265360255977
380.3502027444223 90.53178958696066 74.49216497826026
388.20706504169294 81.3428804884952 73.31113916273195
397.6023879297748 90.23300271716559 65.00373695768445
399.70989289652215 99.78333370325106 69.32138720265156
397.9934915207068 109.20191602066092 70.90486192746503
398.76541264338795 111.17034151760149 76.03489499019241
389.89915538451663 109.62815240435721 69.44637582371926
381.4212526267244 106.37094234057064 71.6934546593277
390.63525895772784 115.37682742347594 66.49539037720679
393.04219193243284 107.68712041987197 58.579342447704676
391.6356098891394 106.64975178023192 58.17209168824285
400.2694329603117 97.33402472652092 61.82365106667327
409.28484263746253 102.08894839172015 65.03684548442696
410.57175768671146 110.6097813994147 70.46373857233377
406.65113404243726 102.19262154217111 79.77212037721189
412.5511024855462 106.75132518076217 85.27860105090917
418.11172484866796 108.31383320961146 88.89284564649618
411.5106129474395 117.19132011536531 80.07061917573515
418.04253271633013 122.73807395584514 79.01896607413885
413.0846983834117 117.73225170542972 79.68081677491212
416.01195160255554 118.8211487150593 87.23663080301962
408.141871250702 122.87670727981002 88.99878486760153
412.4361139839358 121.97570470187222 79.36266811692495
414.5206976912944 115.61638726585835 69.6394676026602
414.7543343553955 111.30883214715365 77.0875474124887
416.89632550147155 114.32573907726257 77.74019255062304
422.02535107594383 120.17787921695592 76.66102400098886
413.762501685407 118.76477894358301 86.64954490959207
411.8394470513942 116.42160709871341 80.83464210163363
413.0684347104732 107.82490630648206 71.38708065613307
412.2266008851911 103.62788129154181 76.21975275420455
409.00459014639364 99.62153357803005 80.62909288781314
416.09445080842414 102.21192989849587 77.72926316240599
419.4598005616466 100.6088125624302 84.38350998537089
426.60217570023957 110.51896989992221 92.0153882527018
425.80920278040026 117.03577424288295 82.24649854798997
420.1765531955079 107.29848837965915 87.97913095862579
429.8341209420681 103.8604747493286 82.39216469312119
435.2961377000835 101.00057159499089 89.6134505149606
443.0494435810405 103.94407878988045 82.74215288809641
435.79798898163546 94.85432950634639 75.66557070213506
432.5610724481598 89.84762804358292 80.55985424120696
438.0925212703086 97.72700755313537 72.69413257616976
444.31663259739065 97.05139184933479 65.40255155017758
445.4435818885713 93.66499780606765 75.18821880273727
444.2694402411959 86.72849813265992 72.08545282535506
450.6352872970899 85.84891884183197 79.28993624373419
441.3731299124401 82.21358829556 82.34805751409118
437.7349129154023 87.4944313149511 89.56457903465626
437.00687062497934 78.97059036618187 97.8911676212104
442.731979346268 78.65228559566805 98.11862102733049
451.0888721541942 79.71994482945611 92.31257052619709
457.36323693637365 81.91006463397169 99.84741226182229
463.6773135978305 87.59601170814854 98.1840025091532
472.82901423079426 96.58191550190325 105.12564004721024
465.86148493384087 91.11181764274949 112.71748615637193
469.11389292244536 90.60402337396604 117.32774726600323
474.415084421788 99.03247657174204 119.66397149354586
484.0827584496905 99.13780993924186 115.75167277780756
481.8142299994061 108.1055430634294 118.44116842690929
483.2368244153475 109.76667703342592 114.38723271086579
481.2158624311486 106.66869841716682 115.72535192496406
488.6951907190061 111.68177046584914 119.00885824044556
480.1489476646739 120.29983911158965 119.41386500492271
472.702293058321 121.74896507194711 116.59003210680939
482.27258950452665 129.58165773402783 109.97109429961509
488.9484201534701 134.9052919811902 101.751719926984
498.0258765731242 125.43132089376797 101.7287616208865
504.26755582609206 124.2978879700697 92.73473262863857
495.15075349774173 120.79360838740574 83.59684564170124
503.4833402316964 125.62952871990846 85.20680813364459
501.91420001974575 118.71291493254199 94.74936872513508
499.2099474344677 122.94324062327549 93.1072709859734
503.4123227810962 113.74091743386927 102.7788102697792
503.5716868027116 106.38551695321115 104.07215237444947
499.25431638879553 98.605236303858 95.35493720820537
501.1563997814323 100.18618028736483 96.62793129567824
499.96052864484824 106.63981111596509 104.25676407389582
507.53285532281814 115.16873405375765 101.2302583108896
497.63408013131186 123.63289535141496 95.45864502469335
500.1819444598591 116.55403395211304 103.57453523490818
499.8741623684389 124.68587732728398 100.5422124044465
508.4660677442 127.86795785537598 103.35153253369042
504.1876891425338 135.16647165207988 98.12298781159338
503.82895516829063 144.92655020572914 91.85018911798672
502.2194528738936 138.60930153935303 88.74011862010575
507.5015098748472 129.52940967832285 95.66827038362477
504.8286552252969 138.95822873372427 87.96740502565962
507.8555123305913 135.08316402381448 89.06387217770008
517.7969903066041 141.98917448722025 95.26215069331518
526.8430085221688 146.29714157735916 90.80823083728059
536.4988726580724 149.51487246848833 91.58131320378244
539.1600562268103 153.02693261360068 90.51650468271887
536.667122050969 157.10089257959223 95.82817170649803
538.7785927693744 148.88907110628074 102.4186526180454
548.0221745818624 151.22473121043404 97.92371343349048
538.7771977580512 141.23087350655217 93.87548111524195
530.7054592827151 142.10782575865542 99.12134371495011
533.1648939901319 137.3254987936705 101.41832785643633
532.323055024392 130.28256444552397 110.48661428927201
527.2391015861507 132.63753139274007 103.160027501503
527.3772022169223 140.20995054421752 113.06826535116444
532.649226819011 137.53256757260965 114.5388545745226
524.1756727197755 134.01890634250339 122.83055558600657
530.2624859887698 130.98243324063776 132.21149634428195
522.178050697155 128.6375460741652 129.5240344701112
523.6953362583536 136.3658397633676 134.9228377174176
524.0151882279887 142.36328869795835 129.5960596885738
519.3255887603609 139.93494133418906 129.0392492750337
517.8682899886743 149.76211813879377 132.79197840688434
526.9470280738668 140.87318446347962 142.53699804733603
519.5202815982337 136.377043083499 145.18844990619985
527.42720988418 138.27735402838232 135.54840982118628
522.2275968975156 141.5868832743323 145.0415993334996
513.1098509294936 134.64811394326404 146.38181645608034
521.1340335402391 139.95486476387856 151.95601998865325
528.6702676423424 134.2459454771826 159.72545636211817
538.4009791290435 141.3995142240135 162.23776331364655
534.591776924087 140.29477495858507 157.98672529647504
537.8237549854945 143.663955029857 149.25939126322163
539.264190430509 153.52915991916177 157.05835108266294
543.8345018405561 146.73044068984055 155.2236248591372
539.059009476326 143.04183340654762 145.92802191085127
542.6711050774322 134.4013869708128 139.23829007915296
546.817055513191 129.92645251667125 148.77305365599213
555.5583797455789 130.386616858585 152.34617050182175
561.6113347553231 122.55994292360397 154.62010000156022
556.3138309734803 121.64752933770008 148.97693748421148
553.3621563827337 119.47941923550279 144.05889768972781
544.5992521326187 113.29936593483794 141.02950038765803
536.895230492575 113.25411668905012 136.68097371817768
537.4042431032948 104.95325140961145 139.16800376713823
533.591639557193 105.92029662328231 145.03737260170502
526.3802259197562 113.01328778302101 143.41339650772645
527.1323008895583 104.74444217123774 133.89390571858442
535.413794437336 102.03631349121099 124.66851695499525
541.8677545131756 93.41921758977662 115.69859968646327
548.4541775535022 95.4078864890754 123.94993304033666
544.3998862526357 98.91443097149904 133.12779741863883
541.4685523116053 101.32334877406991 136.91297465725313
542.3477570566758 103.89630292311868 140.58548377929253
543.9547636562457 101.49387367010505 143.9095109066832
550.7117205131568 100.32607366661217 152.97777858200357
541.7030311967968 98.45987112514547 149.08868978088344
551.2272769819978 92.7564638810389 142.04049223857913
544.5039573462132 84.79579776620832 138.37943534792936
544.6567180839874 79.53987089019783 142.45510262179164
542.722188587788 80.00933566148291 148.9873947981997
549.3229311150641 70.15522817547293 151.44320874231033
551.8394424546212 65.93393709625403 144.9421202748348
550.5112129978879 60.35255393011811 148.88245054590615
541.6415821378255 67.94899733024003 156.58944781090094
538.2289928227635 70.35981620969719 149.27233147162897
541.4270917650204 60.50566800123263 145.38602887793303
536.3514726264832 55.41151798793545 148.26340325655988
533.5820006131103 48.03730407010894 157.828893293977
525.7235612424107 50.607591241476015 153.14731841570176
520.0413464639095 59.69709710185121 162.8481735024611
514.6628586622641 53.36543254756485 163.05211496701892
512.111277179821 52.22043525655857 158.49242099821853
519.2631720797272 51.46234914076357 152.1715324635055
521.5578192632262 48.65437821876717 154.09138514235372
516.4312101512271 56.832253597564915 145.19149571199662
526.2227168898471 60.581589436996666 144.3846643989606
525.1639709585779 51.089228656033946 138.5270093563136
520.7602448486009 53.01827584712086 131.0238725129415
513.1517854678625 54.550543141544395 135.66828995376574
516.4172932248562 57.47443732629221 142.27937300079975
511.46111622628655 65.77790401285449 137.2991752272569
505.8035156437539 64.96810511501043 141.57084987731105
506.7193198353616 68.56945994766234 146.8336016460358
507.43079018927307 65.5191150812743 136.9792568488872
506.9338525037613 61.57141907791474 135.55280514246326
511.533129132449 52.54194035848722 137.70107410895966
515.9979539143304 54.49842350559227 147.56470063699794
513.8753183432666 59.65188355387811 157.3546216792297
516.4085000060978 51.746462689825165 164.27415594042768
518.2752625116171 60.77163712145648 171.91681118390622
512.237274533763 52.83446773644008 169.75056023815
506.6543213883123 58.787802504440826 177.32737057182158
497.1349974897104 57.14892591852078 170.1284421315328
495.1289268061546 57.655060520280664 176.67527451576677
495.32007543342326 55.859345577376125 172.48717057101274
502.10852690419983 56.218325838662736 163.18041382884007
493.31179047746576 54.57991420793706 158.85315335989847
485.77549047128775 53.40932415382609 164.90257499740034
491.91676585698735 57.6250063629959 157.05699070254954
485.4213143615174 61.91158291433778 166.99380596026026
484.679815515212 57.741531240210264 165.7749054059773
477.68055913475536 55.828120861859915 159.82798522774561
478.170243512517 60.63209689441499 153.61405928588383
469.2851680691085 70.54222345914395 151.04967005553726
468.81202791751946 62.665661924820284 148.53095154721817
473.56094346231947 70.76088532142593 154.1705315108373
473.7100226421017 80.00073554920776 156.54437547894432
482.1094043953297 79.48288064508081 153.8666953126669
478.63928841994516 81.26108070255395 160.78434321543585
470.23147915658876 80.94330333465163 170.1647776414431
476.98619348372 84.21456941247163 176.84173227960318
480.0129024505343 91.79658741029783 169.05080679334765
483.9212472627885 89.94556070568787 173.85349058233217
475.89988422163754 84.21544452051059 181.08695656123442
471.87686710375226 93.22860720128034 171.71087402722094
476.50091519714374 93.696649717933 175.9985821125981
468.5114215719989 99.81444475457332 185.12695986849602
462.84246909602473 99.78533043642604 181.1867285036099
463.49352991388986 95.95435665428619 182.61480420076506
469.89293220359065 89.2577325015954 172.9399692442459
461.3676268856501 80.6264000955579 167.54504411864923
457.34750811628805 77.39363057850528 158.6777581541808
454.68469592720555 82.76845978178581 168.54170682478951
455.27682973028425 82.10741280333058 162.21032786379016
450.60130598296644 77.87243834748688 168.8249314482797
454.4214774619674 71.21932890864234 171.9048772397698
462.2768160125072 72.02733710161648 162.77897460296992
463.8904849480333 66.6510464482223 168.9480145115148
468.89537698318685 65.22223360274361 162.62101928747356
463.74978636909054 67.5607464621714 158.1532191945402
455.62599955382143 57.92303889418625 163.46319723067506
452.26815532140563 57.04227733191535 172.81217377349088
456.19668449793767 51.06445506337915 164.9672956443983
458.7062397011069 46.73675936151592 162.92202575225477
466.04935254295464 55.3143449479483 161.40870004257488
469.1638755153699 47.1264329461419 170.9122031014911
468.98992956825015 50.04894331514071 177.47807694378926
478.3427074003399 46.638816572912354 184.65578927107225
470.6976118870927 43.10258031147689 191.81074880419263
473.69022208625654 46.57524193391422 199.26804386930303
473.4998670846236 42.078171137361494 200.88488599974545
472.79739790610824 49.51255763258577 202.64684295035173
466.3700160292866 55.40429742605145 203.5110063297288
459.9199797678828 55.24377979281561 209.6573148712529
456.9592116052811 46.429786222484644 205.00969219075031
460.72080969229387 49.297438475065086 200.88918002996337
458.3135652185291 49.35699274490325 201.17263272787665
454.51381506114654 50.229711871207435 204.8736411098896
446.5982458972751 48.746264280034886 203.37694990949305
449.9296971396974 45.22411589442102 208.57547747327288
444.5009993107774 46.33229908563963 216.26419023795432
440.55203192939695 48.16767765250135 220.48167148919282
437.0789785360852 57.36001002205971 229.19665540669433
430.2146032964481 61.750717057024964 238.81387396477564
428.660102164995 58.23226010067677 230.20460913256937
435.14594704705576 54.21333791262896 221.2830745072681
441.4935076032887 44.48007216955267 217.7779790734505
441.18999119000944 45.5480430451757 213.23733834429797
438.4621419338583 45.693553633132126 215.74314812991386
440.4264269045098 36.4531609511473 222.41751505564702
440.7508196562147 32.63657211071057 226.83813807330847
436.3509190499277 29.670332650388573 228.5452415582691
441.8295313143396 38.87566894495076 227.40193286682205
445.4421543874935 45.53015241988764 234.7606708431083
453.48868798696327 53.281727954081404 231.1831304545248
458.95549647884206 58.701579618232415 231.6199577817272
461.3639074034112 48.93672849361415 235.73108087344832
461.3622743083463 49.31859656360933 230.5912505217227
458.9981979505997 56.40240463510793 239.26874558503278
462.89387909446134 62.263720734433804 232.8333190169536
454.9425763847393 54.579525489473085 237.16601354405927
454.72951131409064 63.84222444701629 238.76728436425813
448.8882566718846 72.24191271359827 232.16808361557838
444.67594401795265 74.88128195212333 238.39939088845554
437.2775961893949 76.1359264495626 230.90719225711356
446.6910878862151 71.81455854809118 234.29095926755883
445.90793456034714 67.57765338950261 235.27693113316712
440.936059704664 66.26772935790709 236.60432733857357
444.98984584624714 57.78717524386427 239.4671253793122
441.30552236374734 67.19697836987304 245.6945455495976
436.0520980759806 74.7819795750873 248.92271590113268
428.22309488846525 75.21881970082164 240.42149923372648
431.6018582603445 73.83080343017457 234.81812478940896
436.18460909735273 65.5635163482099 231.41392891193325
439.20564663609844 71.06645471965155 235.55961105904726
430.2194806787574 63.66248161991719 231.70438523146407
423.74269741575273 62.85980414981635 232.39666236292942
417.9173759718548 66.44872006046825 233.74850441728935
411.8529941551211 57.6856250496269 228.1315503938579
416.95536410566376 48.512676666571174 237.03172577446372
407.6049853489684 54.789284027161024 233.76670881189295
414.1110512516598 45.218831744471586 232.06433603931725
422.8830649882633 36.811222419501135 225.77951061458634
432.848453396498 44.78766403370677 226.1825643422503
435.47540273743874 42.74832631920667 222.74903801784413
438.5595314217209 33.64327326146841 228.10464411464756
428.62136199686023 31.516260109342426 236.51978697710922
421.4614092394043 32.40869413043948 246.2156835609337
412.26363865795116 35.10966151355538 248.94706780423033
409.2669339779826 26.680703430423545 249.71252069816023
418.8728111372167 35.936497149032135 252.80622047964582
409.2790856107811 42.597558186223424 253.45385797561306
416.41834160683226 41.9002346320779 250.30077068575432
422.75149805625995 36.46301150902728 253.6859258189441
432.30345084806993 26.466670267124652 247.7002864406589
434.6049951489863 28.565278336222477 247.76653060694787
439.47510438996864 25.02998930821956 256.08228709755235
441.14573208977833 34.91787229449354 247.60539989147807
447.71530729432254 30.025708122564435 256.7073691623074
449.1425725293158 37.76910074911566 254.20093777550252
450.343212963304 43.68137559812971 248.75784717795293
446.79889655784734 43.88449708623109 241.99663451519802
453.67541612935355 38.29072303181015 237.6024094669511
445.1109982334405 36.73334278680256 227.66045552583563
451.50424361712135 31.693681646798073 231.94417690020103
446.05350692668816 30.592611841308205 241.48233048941933
439.9993227136309 29.35078942093488 233.57897671449928
446.6947636714307 28.910291362785024 242.58476832678315
444.3088981961679 19.181331468181376 250.36460371893102
445.91588455900546 25.521764271759203 253.88484592714457
449.55344896538946 22.566024084906502 259.6551625490686
449.03344851548246 25.787330644211536 256.77350796722436
456.1516209769992 31.305875242681985 261.4207837310961
461.77354759154395 27.521423449270593 258.1165087182731
459.0910718595192 25.136150160620574 252.3994102833708
467.38557184878925 33.04047732517094 242.76867519248242
474.0670157238206 29.351149429694914 244.10913457700474
479.5061514008226 31.92175934389081 246.88542054053835
482.9732048741074 26.20389555529408 248.6280029037873
484.22934418916134 25.558647774108035 247.92478537426595
488.9573215331712 27.97459833544325 238.1172496122173
483.9396322644473 21.81651603731145 243.4311826571746
483.6129363909469 21.72427631979958 249.04418262057203
479.77072632751555 19.81546701104376 242.44887750555398
470.67663365659064 15.891630147071163 244.9492373503016
473.7257753421613 15.015654547085118 243.15700391751426
475.4859160328663 21.73303795791636 242.4589398701938
476.06802471338943 28.889666040780114 233.4813309588633
471.4634025905522 36.13026096914298 223.67444678250502
468.6746665561189 40.231979937168475 220.46072792689617
465.267889936974 43.63837571339915 217.25973681408485
459.3040061790271 45.67514895031127 217.61565829491371
451.12502134213634 45.9363905533198 222.14729349395665
454.09520666506086 55.25775063467637 223.0326978505923
450.9809596022897 57.47661104060433 227.93182617117105
444.75950521095325 65.28385967646837 230.04900698260786
451.7137450512736 55.53393782696463 228.03731262108442
445.8372444635972 53.3204962233204 237.98212252598282
435.97811695964367 58.445287417739834 236.73438867734606
444.1815975643052 59.83708975213812 241.83484174409818
443.3863050992567 55.4107216754752 248.6439495303192
443.0752753531502 57.52484924529594 247.1223334433369
451.0818151280044 56.53350774152669 244.47290786546867
452.52997499353984 47.90115682181562 237.30509849019043
444.46549147219946 46.405569587971144 236.33174416513464
446.55068218328057 41.468805200256774 230.6931885816998
453.7972158392435 43.94747892303692 232.1046298512984
449.46550168042046 38.05735917755396 222.4080849292466
444.08562921591107 43.82476536039861 231.6909729234736
452.38360480876975 53.48649071553252 234.99067243259992
458.9013317979471 58.81915744928616 243.18371020503864
465.1185200670639 63.21188607512903 244.39291648955424
459.4874998443759 69.7606696116633 243.6926965690056
460.0230144550896 65.07539304906746 242.8498447336692
466.66005192213845 68.3190280565726 240.97036723644396
473.5082722886509 69.27392791011845 244.79261115791627
471.9322186041612 65.32753791854054 240.67498815909846
467.38749898932866 72.30676524531766 246.07758628477524
468.8258118975647 72.5409137056047 239.16397607811606
461.31006529188505 64.66457510999109 232.44322484638465
455.21291965354953 66.80782691472177 222.67272251976567
452.21665366010416 67.00077488798219 229.16971750585188
461.7935232053796 58.946368176216666 234.58196326764426
452.8887605854076 50.569566739360845 240.17990697214708
460.2128602111366 51.109960603956665 240.61536307392439
460.20971792623646 58.91411769082402 237.39627619356497
454.56895184361815 53.791240913199964 229.9656146981003
448.03583944056396 54.00739474197108 223.03229812822948
456.5512959624377 53.674496536428066 220.3770883805348
454.471476513641 53.57393530814347 213.6915915403457
458.4334130542538 45.41482749966948 210.691960300487
457.8833852757756 44.04765139014102 212.44697005294137
463.82604503139055 49.03557258935815 220.72882853132563
472.4701921950519 46.277438523121 222.72913198444948
467.37188628474007 52.43394750829998 220.8793462160038
472.99936488871356 51.94623607002895 212.52342057353297
478.71339556542864 59.77782044069821 217.46697248355335
469.6778000381737 66.83826078799655 209.70693519545802
467.20829479953835 72.20181423937444 216.97634520973432
469.2619554285525 74.33662182621487 207.23525989752005
473.13717992695985 80.57976280700748 198.64229441416003
468.40412247399905 77.68773782668323 194.28043538452349
477.1490698441726 81.89649371775393 190.87469863298708
487.0588727715505 74.77952152440267 184.3000424891647
488.32605319179333 76.0712417343348 193.62724505227808
482.6740724197933 75.11466517985717 200.4452296173008
478.1477938463337 68.16351036749197 210.0633580548845
471.3521605943483 66.06908138478668 208.86816363035865
479.069579845664 63.800223732037175 203.375678935458
483.20807479126876 64.5501314023785 208.77344800055675
476.9435265432673 70.59098555087121 218.09390643720556
486.65654365080985 63.026352893350776 225.3496362077457
485.3229790664411 68.15480953251809 226.8632266613201
477.98281299353005 68.68267919778955 222.02545800219207
474.5155455503972 71.49953538838307 230.6297674585931
465.28623752264633 68.67775607755468 230.54523252002704
460.24344268130665 75.60232360175232 221.94468666378785
468.6354017485883 68.72707138322102 225.1299837579046
477.63396565000966 71.05062531533706 234.8868595037884
478.2047539903266 67.29294142314306 242.34565465188012
483.7852123395389 70.41974878342292 242.05126860077226
482.9935639031258 64.81662837123322 247.75465172112132
479.3291515955934 68.78727767100821 238.97058245902517
485.18069077095896 69.02513903387835 241.4825612027414
483.8406246037179 77.61324523088324 241.36232961283068
489.1221618230652 73.22725108837027 236.05574361958665
496.7201778827417 77.70524581934221 234.79234053184823
492.6290772876095 79.88729680482884 236.13282951625598
485.5688223103362 74.19313928114471 234.3361718340896
488.54010245757723 69.04185638485697 229.62327678493347
498.2168891427552 67.01048937163749 230.06138757851178
497.179928706056 57.80135760810762 234.52472368422843
505.47827312081597 62.57313238336205 237.53783556165658
508.8461837394532 72.38403641532962 234.46069326669848
515.6899931918023 68.92368385475874 226.38412415350567
518.7007393653884 71.41891352096832 217.94188647125117
523.1547557942546 69.72604860841209 212.63227416469047
529.1867809697886 65.45003979799432 216.33789724137955
532.8090080522256 57.57015140158834 220.37140037749046
542.349961267264 51.45952440714241 219.43322820639816
543.0793704925925 46.78081118916771 212.90511521896838
543.2995322784276 56.643236455059316 209.85251839291513
548.488111817317 48.260619841617476 205.87505238381385
541.5858244539327 38.74867318705573 210.91458439877266
546.0549303942423 28.861387485528702 213.25578503746146
536.1336851522328 24.640539743910296 208.87305770282143
542.316728457957 18.63214735704105 212.16799292209217
538.5793264790904 19.694811103198177 202.7758216159788
546.4966598187723 21.791152671696615 197.60361778971267
538.026926057456 13.315899478892362 191.57052251141786
545.831950303364 8.26787679529249 198.32724955777826
549.5202374476578 7.619940016824854 196.15018115539493
551.7009039508948 16.49068167849358 197.81426420981936
543.2944855034099 17.626156455160583 205.03590466944624
548.8832814407499 12.825794857950825 209.6635490312504
551.5088777137539 20.789257027776756 208.7427479709041
542.9012371958448 28.646219960667658 204.87152394995826
541.9850001609009 29.095687139154883 198.6779923650438
535.3078133252299 27.597640311347828 205.37231399285776
537.3469861981804 19.085082518583896 204.11561649217697
531.6258435431448 18.018766908255667 200.4329289527467
525.9219113672841 27.849855104129794 204.3504625551453
523.2981226760402 20.50825575409486 212.77694028487414
517.6041708490989 13.255172095199205 218.82456359839577
510.0703544786535 15.543594080082052 215.70564445132777
517.3257341719097 8.428406897662075 225.53371728976558
517.2552916086049 11.53900780217051 221.51394142102623
507.4498908447105 14.633929723475548 226.13724396378052
511.05901600968707 6.295486426388033 218.37428057867228
515.7257237947898 4.5509743186472695 227.06329593319205
522.6481419726234 -2.5685883326326246 222.43503814128871
521.7437631540164 -1.8327126897838424 213.01443609792366
530.978304107227 2.189980518106176 219.25144614674312
528.0834542383593 7.7731673646756745 216.69148853619112
536.6272616310046 12.571525826861444 207.57964416656034
534.0449727440417 9.986293367673452 216.3772050649132
529.8269309300263 15.03380540996433 207.8550193820968
521.740509367117 7.826526723603571 216.62159010520145
528.8625281039266 13.39206977245118 211.17779569443817
531.9696601079468 19.704537003635515 205.15863862754242
539.3841838944267 29.36688747106057 211.2529509173785
531.3079321902127 22.63739070741708 209.9412712170446
526.8926409202365 12.922538399205735 200.58608032066005
533.1066840125577 22.359845103719152 206.45241201352061
526.4477021982966 13.317867800309552 213.34463810797135
518.6315844769236 6.300567617367097 219.1573656661512
511.9986763159791 10.625091587624095 225.07939598388924
521.5690978148467 10.66402184304097 230.16271369034533
524.0158865315193 4.453339702841326 221.4277005384629
514.0336120370146 10.15941287566761 215.6673956548457
505.7987134310568 4.619255311537293 209.480320821471
507.1981932448758 2.813838618256536 207.0264804856795
509.94965216591976 -3.542885818388791 211.10137226974928
503.4783590555794 -4.642856180679326 213.53706166929337
500.72095480829313 -7.737001371381237 204.19019227204558
508.634726149559 -4.7262084760722995 194.5969075778491
515.8839567819961 -0.6063190136496601 191.27391549748285
510.74531261822864 -3.689985968203865 184.39236890531757
503.0561844675037 -12.258082364507805 190.0958603662915
505.86957238548524 -17.136938799427504 192.70138912664748
506.2162270950405 -16.757199184583286 194.76190777732515
503.98504268074487 -11.009125706870524 186.78410625375477
497.35077397009354 -8.59233932999522 191.82291940712742
490.7362274840869 -15.282893758875993 196.16427011932402
486.3781855859751 -8.94818336513067 200.6124044710058
488.17428656462806 -0.5444456285376553 209.32676224406373
494.3971701922516 6.359241583312398 215.73053438112962
493.91393774221876 9.40991133792455 214.91040394313976
496.0301524459117 8.825033784982585 220.10889423453534
505.9411136063455 5.8497209374486365 214.93196373529324
500.54559904101836 -3.2901917073181464 220.24338883073176
493.2949709350236 2.9854859589907194 229.86904256938837
496.3696873996357 -0.5727878268277116 235.01259769203082
491.8246739859985 6.98171328750427 239.25345458567872
493.4792036599633 10.54945736914039 248.5792715084246
484.29871759262795 9.47947588241842 251.75928914434343
487.11428401123106 2.516261388311638 243.71518484765124
486.0837765756636 1.9793062086068414 248.97514761749431
489.30284150694047 -5.149936394101582 252.96378348417613
498.2562579209861 1.6310960195559288 258.1808197189141
497.04547482696637 11.473739057750812 260.230303335277
490.90919553776956 5.765883518651732 259.4624839834132
489.08335290459775 5.325421491323812 256.25437828412913
495.88476541257216 -2.2857410610790536 263.4097601450078
492.40113398049107 -7.387701453269133 266.72307536183547
489.3382332266929 -11.906072807724573 260.90373782562074
497.88424428593447 -19.465323313924607 270.26148397875977
490.22584905381274 -28.571145527166223 261.40703559918126
482.9928117070142 -24.88588740338641 255.06616005410726
479.46489214123466 -23.725634661370542 261.59994312466574
484.11411620180456 -21.81519936678107 253.5763334974625
490.74424012019426 -12.675001449930821 245.34129585102676
483.2576981522462 -10.843549503497908 255.0389590507843
480.5346066174008 -13.232180839761421 246.16736074784325
475.5276067996194 -18.112393502774076 237.51651400485025
479.6458967812063 -27.29336441310612 230.30677327034596
471.65263459100476 -21.0426589717663 228.11862950734493
478.7124235801165 -13.822510247586887 229.61431409805408
478.4049382630076 -4.353373394532225 232.58540390508455
480.6539590849741 -7.153446802820794 223.92333078997828
476.38966592050565 -14.972835212960081 221.15963722634564
478.3796569184934 -14.083751322140035 221.79975499989
478.62445730772606 -16.40729186236759 228.8069158477603
476.5576452115281 -21.78531305700978 231.64247762258776
473.5164005284598 -15.876763700258401 227.09370232268267
470.9951249756312 -25.014778963735736 225.77692062112268
462.8750547209926 -20.833884872448817 225.105768019227
458.4353842974702 -24.401015524888486 217.45597499621982
460.90631474789774 -18.28802717702115 219.94875986909426
457.2966238321229 -19.55765159890554 217.15065935968144
460.5048476725376 -18.265204910805995 208.0959165363246
455.6357314023243 -18.26233645297934 211.61466415105062
464.2399196803602 -20.21947064464243 203.49408436474678
467.2222216555818 -19.225497555068863 211.65123134285045
471.2906759093163 -18.74847419589525 217.82011241024063
478.40623570274283 -23.369916595743966 210.37389225349085
469.89558958743606 -20.156417721598427 202.0539139151537
465.3612046872976 -29.170712594350768 201.0471681162358
462.0192445474369 -22.598525437062992 197.5621129431373
452.4062399575071 -12.815176683150199 195.19578073334822
452.45342210994824 -19.103839792019155 188.1423331784
451.0692696689966 -19.009012840176464 182.8974639004358
449.6252031161147 -9.176675374455971 189.12662702385822
443.3060249914284 -1.6521398115175838 190.16949372631103
449.7338403195907 0.30807561352375235 181.550474140278
458.61487355575235 -9.017588761458459 184.50930573154716
449.71774346559243 -6.542287842855407 178.31521374628633
457.4010803199183 -16.36672246111611 181.1414793064552
465.6142168132949 -19.310095254319883 185.5706079492616
473.4016312688096 -20.04784637488675 190.85344627245794
475.1117813380806 -21.601271505334545 191.9620935762017
466.9190449146555 -26.11000553516719 198.14543423303476
459.48007598587685 -22.7911530285001 195.6415562708767
465.5077169748264 -16.683634407908755 189.23105518653145
470.0827329071566 -10.861069141949104 191.3386166519832
470.09127853586847 -5.628961091247232 186.1831486990057
478.92473365792586 -6.568489604906201 188.90037239037818
482.918791083604 -5.005770187440906 191.1061543289385
485.6916421087844 3.597520150573355 192.80629604098985
493.2496418681649 3.2114941402715695 185.90744119713685
491.6388358033499 -4.602228355232129 190.76441287144672
486.2044913109649 1.4870796733047529 192.66166537813214
485.19781716617706 10.31655449161639 199.9357535433728
479.5660561519997 4.8317730317932766 199.68234941462464
473.2871054676712 2.3935179599342353 202.02483015501616
467.1530195758345 -2.4653713047851884 196.58779758513725
472.15855801719357 -6.763064966173511 193.45820952880862
466.0336708621023 -6.779723896838439 199.05447926315748
474.61997696563793 -4.617343155119515 197.4269340055845
467.7331203223293 -1.2598992118671326 203.61323252627213
476.162405661055 3.510057174641945 194.2025600442814
467.12677339528796 4.19024951708338 199.3144069242616
476.62253207934276 11.342520605861822 196.86219968298502
482.4300360911816 3.2983270819425723 193.99289846991977
481.14849232399797 -3.5077691703779674 199.00443832642384
484.8946222324003 1.8043757173270185 207.5903927198928
483.4914162455281 -5.854924324107748 203.6209230272099
480.29134164497094 -5.9130774101934716 212.39355703126085
489.1626837834637 2.8483653829768993 203.35418659993667
497.5321531242784 -1.2378436046766836 195.56897040556
506.23625511757814 -4.712179922261074 193.9918784920641
510.9998391015484 -8.031691748390575 185.85111010437606
507.8820640676292 -14.940343514277629 188.28894412852227
517.4535417382995 -12.25555436988859 182.8394618458566
519.6096719817592 -11.228910871374023 185.27273290833733
519.8760330649958 -3.0555174505996323 193.81398295687185
509.95496615703576 -4.350781007914733 189.32824327937752
519.0267808314785 -8.960954184126527 199.07769000009029
509.8494815800176 -3.5335110898688704 196.72199951675816
519.368399593794 2.1167860310705855 201.46332904537405
523.7458186911604 11.1927506182454 194.5708411244934
528.803089421114 9.381478364396724 199.36624446329228
520.8898310397287 2.1185227873408676 199.18348161322515
518.7944456628323 -6.763257154857148 200.92194428566614
528.7885411223318 -10.494946783034898 194.65241225654728
528.7294240335762 -9.090439930519338 196.72942342407686
532.0156549358114 -3.4662681158100668 190.0798464893484
529.3889180856105 -11.524065799943084 191.25565952709678
526.3885886985902 -6.086813211427344 183.70869238885717
536.3022196854618 -6.272570143151066 182.60498915365335
540.4329328698835 -12.887504594309638 178.97948600098988
546.3253454362986 -12.725841539057292 176.71466538385064
540.2487179593344 -10.061784261645881 185.39192617252388
543.3317414571454 -0.27337456593222953 177.29354509422816
547.5519680509196 7.771042093448671 168.58913412014505
537.9308860180755 16.23703929721131 162.75860268006687
532.6070335468326 6.891992707589093 160.93951293531495
529.9376484559316 0.27476032806450235 169.21128279508176
532.6540277166731 -2.6779153154943485 165.355150058682
528.2001591863055 2.512789630554461 174.75975718326194
525.5337267568102 8.400850866463337 183.57867556473775
525.426531159715 11.561128594194258 184.81734266384748
527.2563236865597 1.7246533369842503 175.59303682564888
524.704705528629 9.1730631718507 178.5738404319576
518.5744222546884 3.697109221089468 179.49270222955525
520.6119476471428 4.325027485758375 183.20124037446593
522.8739498128782 13.496638701551912 178.23112474760626
515.1464566340875 14.351373706983303 178.3494113422531
524.9546310609608 9.492039088889998 178.02044524146615
527.9873444345927 19.34862804098707 178.08674116367936
534.428383404372 13.82591311492697 175.52243969020586
539.2410119779174 9.455784456203936 166.31278253410898
538.1653131106041 4.294277943844984 174.2238949025558
546.289833656267 3.1129106964341675 183.05405736144576
549.651330249113 -6.676464939553049 177.486912449431
543.4220293596193 -15.792668614904645 183.53606293805046
537.6141414690974 -6.876916609694032 182.1895349955528
543.4942883901296 -15.583493411691501 190.0553131077649
547.6064900544187 -17.560444674028464 181.21823282399248
544.3577824151573 -14.763968759913787 186.81248885108283
542.0018248243335 -16.223906049362267 184.9913899912724
532.7963958164796 -19.40936163172942 189.87265565297596
527.6410068468238 -23.20961224393676 183.10731528705085
519.84378398985 -23.140685502650243 179.0157607903048
518.0865235203054 -30.488477861345906 183.27207791586298
511.625821578917 -26.80276063222275 179.20546494827045
509.2866883908608 -22.145727019009726 171.61329356223592
502.72307191353883 -26.58795000577716 163.9354293685619
509.66688993474145 -35.30443125553101 167.81972136729263
500.9380264014025 -32.184530511644546 163.9232690138755
492.8092100000863 -38.5761202304554 160.77780782220748
496.94340115030235 -44.86189647203828 166.1936081625954
498.7898376617149 -40.865711707103245 161.41076697646008
493.77728504428416 -35.631643280760606 157.2254131407815
502.3890445388479 -27.929442803591442 150.18463425186465
503.3812659302233 -25.36875694929009 140.616144073584
497.77435231106136 -22.977232568022444 148.95120482969443
488.4457776148999 -15.227856175033759 151.67781479515097
489.14661324510433 -15.451182998973595 152.6671198716827
482.75955881934567 -8.414649166470612 147.67809978429665
482.11656445459937 -18.360309512217597 153.45066601510817
472.3718084516996 -16.92642173821219 157.1741206873375
475.44181983092767 -14.428002599776159 163.9230926619114
479.23283773051867 -16.745218877030503 169.81270011374286
488.8857027395958 -22.684046304185795 177.4167313001466
491.28986925841633 -14.776726066994657 185.41646629666238
495.549072971336 -21.331393039266413 176.01965847996007
490.1019111171973 -19.519122298905362 177.06193864401138
493.544796820657 -27.381771292038618 185.41649045201729
501.2450276959361 -32.250138702244854 181.49090396686765
510.31858436769704 -37.26800658805783 179.04299017645826
511.72495531278463 -38.01664059671096 172.7870303076518
502.8573785576844 -37.13307717108738 171.63009808236276
507.71201912083984 -45.73279548620908 175.77017498096023
513.9711192372757 -39.65680598947889 172.53162184559852
514.3873586094802 -30.530408697456572 179.83720282861515
507.10592165871634 -38.18258924891827 172.5836514230724
509.6674929988291 -34.60226432255877 165.7450967867204
507.5177678943665 -32.209068147511296 159.1134726263656
504.3933094724658 -41.208531305393095 156.0787838858488
506.6029394124657 -38.287617632025146 159.4363179406796
504.073565147564 -36.574864060410256 150.73097107821275
511.42077396574916 -41.70856153188282 148.16718797970213
506.8577353231091 -45.295518374592824 156.6060551895269
512.8294636431343 -53.83165376124874 162.23851447587282
504.2655857090499 -43.97566876167333 164.35864187148093
507.2701857525953 -38.08477242964842 172.3833168721582
498.41397211686274 -36.900097882859995 176.7561977098758
501.4930581507009 -43.208354661375665 171.99558718872254
494.6818647210873 -49.01212583776843 163.67308172140665
497.9915391937915 -40.408993887321856 162.6213046320859
503.04595041037385 -46.54643539552407 167.92727136032713
500.94158301033997 -38.831198322827554 177.8698826881773
498.0472197785815 -45.32384603096401 182.0984820675683
504.49873273832964 -37.77852455219013 175.91728661507176
507.6640887081122 -45.594904105573455 173.03161647375322
498.89077196611856 -54.8936877136157 175.52808315245358
492.28632921294843 -49.447312122541625 183.88651412963577
487.3726508618575 -51.47132696476642 189.1592657781002
487.5499979253945 -52.112632678961766 194.62537858764492
488.838306993477 -42.32627508385399 192.80965732020988
496.7515386774855 -46.51536249620905 186.719616043483
492.8151077912247 -46.856517791684205 193.4404855973304
484.03693738500283 -46.36937802217603 189.06611697145155
492.8491327640832 -40.478866567627534 192.13511515222757
497.86266936063316 -35.39950512871509 189.1473968936767
492.63722038559104 -36.76354809813956 180.5978151654581
494.22477217227026 -26.85643446276122 190.05807760118992
485.9102724380739 -17.366570535642715 185.10822885212258
479.4445051940766 -27.15584166508168 192.69776768036158
470.9837886562741 -37.13406618963698 192.84625327011437
466.57596569583086 -40.11413242152292 196.46882533838314
466.57557224603966 -48.850221804190134 197.78712928245017
474.37373826955906 -51.59950935584634 198.46179823300494
474.55437132568545 -42.62534814421011 188.76086578072932
467.35419280651337 -51.95706907454189 189.35903668675329
458.6109760074547 -54.25573064236307 192.3997847739204
468.0091045372442 -63.45827242587372 192.03514557765982
461.8054506713761 -60.9122540846361 200.26102482793078
468.29816515867793 -66.78082261711884 202.16224078033176
459.22390291881754 -65.62683563731945 192.96574687840823
462.38284491648784 -61.145089529191175 200.62648092516955
462.75944477432085 -62.38648097778767 201.2803198326561
467.725823257226 -66.74151316604318 194.82089547864553
471.1690622830201 -63.60041373605178 203.34262638375932
472.39495755459603 -69.69417851539166 206.1080954115847
474.49603415431585 -69.73714246050042 204.99732891256056
483.4967406429693 -60.27996897254301 201.4691053321577
490.07279491299056 -66.01999896310288 208.52480103501713
492.0418197906595 -68.28877953168494 199.53415447087826
484.5889340530965 -69.8119547646151 196.09735629251531
478.5726394316586 -72.84278952666997 197.8894108714996
475.7661919381256 -81.59300668900238 203.61679032815567
480.9792239494205 -86.56517454941462 212.09849334292082
479.80512288045213 -77.77276742889546 215.70106941576398
476.79383232908623 -70.5705922650199 213.87643163899526
484.22096889169694 -65.69140027056744 219.59623558904116
482.1505873377739 -62.350917498169984 227.88335139788137
476.25242037420173 -68.95330731490519 229.826483464375
481.5544906811 -64.51554558860636 239.27353342501513
489.2424314360648 -55.55455435140946 241.1669103876081
480.86728070517813 -65.46710775175944 236.89487762669003
471.4449007935483 -63.57910902907298 228.21131830353735
469.1276951720406 -61.50565911229121 221.014235331243
461.3170474432994 -68.33827351639673 225.852070841238
452.1275455467053 -77.86138131636174 228.11641913016757
447.7535999975898 -82.537298050774 228.78699847734012
444.1379813598097 -75.58964437052784 228.49459040306036
444.9017932718489 -81.79181086165337 228.85525317001074
448.5916782043052 -84.28760098101465 225.38996633657845
455.2625795399964 -77.48947529021454 223.70938264484963
462.6891716332712 -72.00053286765254 218.79502012051245
465.065637795739 -69.37223738287632 226.11553008185126
455.32967640538027 -75.67801437312075 228.06132322594001
453.2330702518993 -83.97827085512927 223.72863561039478
443.9995811996736 -87.64962031342581 220.2485357918305
445.43736059732913 -78.15868798451162 222.36470832291135
450.9017677803112 -84.66441015695436 221.61100730449112
460.2281800700428 -84.66640923639565 216.42243923874403
464.6012963423368 -86.3657307712068 220.886240279368
456.0688771395373 -94.91632391624108 216.90315114210875
449.81536144889395 -94.45773644184662 220.0078913161886
450.48028586004745 -93.69209748577583 226.18931226413008
446.4031369604073 -95.52125681093 234.4886136563574
449.5482575617835 -92.35754557555637 234.6917103558876
455.18754539436355 -100.41697263506391 227.33788091919052
445.3547264085408 -104.30060705203695 222.12114298822675
439.33990983844694 -98.94486383915111 225.02112300433788
432.82932332583533 -101.89133643292577 228.30877922686898
437.4407968383185 -105.39658298959635 221.2717669337912
429.6834989588838 -104.61904677178228 214.76863393779655
428.61219372458766 -101.90579851916621 214.86345282125157
418.6828093611118 -94.88526451779857 219.51766896199018
415.2159776595834 -94.15053611753162 215.68788458704682
414.1812666929 -97.9027167792092 221.59685154965928
410.7278646778455 -95.41959532622474 223.95549134142473
407.1574114404379 -92.7674601959959 217.09365478617948
409.32219858309134 -89.13422654183805 221.63607177224782
399.32935753161195 -85.26164475333425 221.94076101310176
407.1010540212868 -87.40184625650305 220.66473965116742
416.0402241472253 -87.12533969786332 213.7697057091272
422.7357844397465 -88.77004183196073 205.89957342520984
414.8604476319627 -98.33285046103563 213.33767072171366
418.8436584884096 -97.16002397799927 208.46029639813977
418.962273007646 -105.34171913011477 201.49675309217633
422.12288459276783 -105.61531583173806 192.5415530929869
431.2440814059179 -100.78743894756896 199.23360892385708
434.6552539393601 -104.51766809369694 206.85738708099385
429.8005298368571 -106.93978878391026 203.98673379468804
438.6647278041434 -112.95894048939826 198.8421542160528
434.5635842601169 -107.31709268922252 191.88421716413453
440.37583263892145 -112.03350802965981 196.94570524446297
448.8481861554515 -113.92539996670635 192.6476488539215
443.31708952421627 -118.53885359822773 195.59017933247927
436.3982203569277 -115.31423671262125 187.4661888731386
438.41054281063987 -122.67924585952622 187.283336738161
435.52903179555904 -113.0674395642273 180.2923801409027
442.6669639933488 -104.43763076283521 185.52002337613587
451.1384202533318 -108.19738111985927 195.3053464964266
460.00458115308976 -105.32317355831147 187.9152882347722
458.2779920906212 -97.48775382015197 186.09250608582323
459.91014764740413 -103.84294402942217 191.79564137854797
457.7530583164965 -99.57282754763608 197.22211624390792
451.5913371588517 -104.64278054472626 196.62463020458338
448.337537198422 -106.17034708525676 204.098200641157
443.06848850682144 -108.46050714697465 209.0904792559475
441.144043850759 -98.87690264702361 210.17381228939925
449.221591368816 -103.04809954626292 204.22333874616547
440.85993991039726 -97.19932887422604 212.54668517851346
433.07377985553734 -95.46153096947687 207.8945338536921
427.1836413630253 -95.35696997641296 206.77076330484527
421.81993099072344 -104.37576822659942 209.56046496323086
429.2876001487823 -110.1106598529204 216.41621174584475
436.01444828834735 -118.28214009056217 215.13886579663696
426.96846499003254 -111.10128400662396 212.61165246241558
435.33935902164234 -111.35266129595814 220.69847608224643
426.1505065101401 -113.41073445841249 216.11473408509264
426.23091735169595 -113.10111114951859 210.73526418949464
418.1520475171058 -106.03591506606392 207.4989218740752
419.69042661619864 -111.84760801355331 211.6231289431235
421.05209833056625 -103.05712047126507 220.89602994237381
413.10787070074247 -106.32655300113971 218.848787763327
416.68260604116244 -97.34987839321225 216.31221395220473
409.8657838211905 -92.82029705566792 217.3445977664025
410.8460272453394 -84.99410884288936 223.07540394306918
409.61401541782584 -76.17797539256318 219.8005862317718
402.1667416530622 -68.71734863380355 217.77718289262864
393.67545090488545 -74.44593960190103 223.8634090528669
389.20512413348297 -82.00396236755383 230.82903604056983
388.3270089251836 -76.83172968339842 237.02870648896652
381.9951459845123 -70.89187195842194 234.15131352035928
383.0974164438856 -74.16132894735955 243.19378032089142
388.6343606797321 -70.67569460721958 250.198612882194
393.18372732972296 -60.747596166570005 253.3296615819759
388.51380865144273 -58.04203269873392 246.2970694870183
392.05748698740854 -60.21382417740334 241.57796057526056
399.3687086888054 -63.374008302427626 235.69830174998538
393.86718318412056 -67.36434073685399 230.37736152977655
394.367081792234 -66.91229682428363 227.23356693032056
387.66606690877325 -60.65113985943102 232.17051713805944
380.8508118369941 -51.14412707933904 238.45226988384502
383.05001489397125 -45.538075923653466 242.02071870768853
376.0452471842541 -44.37388035813854 242.08630562051638
370.9337362981968 -40.76605495892632 242.65601716468544
378.8172178761164 -33.65598445541611 247.52250142342623
373.57280676261774 -24.004174086198375 248.20796496088664
370.70347593712586 -15.882280279321865 256.5635322037033
377.7924985096942 -18.356948301745174 260.1687051180823
382.8110361143734 -20.962333267778437 253.30769450585427
391.7934047554526 -24.015488939794412 249.9043853399242
401.27480850488575 -27.063296357749408 258.9019075170597
399.9313965785596 -20.458844968332166 265.89878209365384
408.0908663157822 -18.748242232793707 275.2745324864024
408.2419945880913 -22.334342888208674 268.24602715886147
416.40505627347295 -22.95044130076111 261.9747983516127
415.38882586465496 -30.710489113272217 269.61233361237976
423.46712803482023 -27.708784013505056 265.4368842082877
422.9918781342694 -30.045984400839252 256.7107710249724
422.2437483799424 -26.807126506018104 247.97149199333646
425.64834987461546 -26.27225581459775 246.0295279073169
419.34091966718165 -34.438480223265245 247.72441005592285
427.0410176598495 -25.976432645174018 249.75659036588743
420.9393716171478 -29.555305032618516 246.29913694473558
422.95493961236497 -24.315244962645657 244.62586490779972
425.74439719460565 -14.85377677223682 254.24506715984063
421.18551281450505 -8.093772767587337 260.8754612066365
428.3560420969516 -3.2465376965347925 260.04608335447233
428.46625429110367 6.045102228748025 264.9700663178297
425.5432006781238 -2.2529137033117053 269.44181944792393
434.53565523096194 -1.6878640586283122 262.84677206357054
427.0204574230678 0.2693436200489696 253.19026535321996
430.80413905961916 -7.0591284951297855 254.22629804392372
424.4748409088004 -1.8385498751976774 262.33222153389784
421.7539678396365 3.0556311426741463 271.5807692057043
420.6549504253708 11.033210821379518 268.68027230161067
424.6019396228606 3.641785608357731 276.48784976147783
431.43876824788657 -3.414088197546503 268.1449544611894
433.8836627258818 -7.739933776196644 268.68063563454007
429.8736384739647 -11.708451219554306 270.2252554572171
429.67184065258095 -5.974784497486796 269.62405979546776
421.94316325137885 -15.681618577431037 265.0970881009067
425.7458535051899 -20.901012366490832 270.6787985608428
428.16861097795805 -14.063326089222938 276.00349953216767
429.768782986926 -10.091722722303945 284.3289054840441
436.62482298934106 -15.50611073134553 289.78555506267935
429.8919630632291 -13.675601509377579 295.1203955884186
426.1861473680366 -22.857056471579533 294.9432661966006
429.2133292045909 -21.79019147087329 304.1759412435022
422.0571078764665 -31.274386079516873 300.84260941946195
417.2538639193208 -28.365752746586722 294.29834513385964
425.6787783293438 -24.35321949088185 298.42912935961346
419.37057802465216 -19.24628827791249 302.0732368436684
413.7743903639739 -9.36917059153527 296.5355778512865
410.0278114961255 -13.339404430849502 290.00677066240786
411.10445967985675 -12.492816846755577 296.6465859302805
416.9078112970399 -17.559314614383695 299.99791055456836
416.30603743537483 -24.050678774333193 309.82356453789725
411.72434079059667 -30.33000787767221 307.35759597798796
406.1527002982953 -22.700698963732815 317.01574537402774
411.36560201044847 -28.73573622296509 321.1598243871944
410.2415270907102 -24.163713053654725 314.07579283517066
400.75061816483066 -29.441646046701788 323.67492889890855
410.60804652489776 -26.77109915635874 321.7105731871222
420.49077044254796 -20.16242374404146 326.70000943783043
423.4399365543357 -13.283993901085775 332.87290432240616
421.5869205703038 -12.520143569679199 339.5038660158738
413.2374470138263 -18.403122170756262 332.32828344576797
403.7429819216553 -9.707584354566517 339.7842873476666
396.42638214292253 -3.9664852968983553 342.85802889960644
386.4506552335392 3.8355690863543437 344.0305054894328
376.5057090095689 6.151585336871259 339.0533839079579
373.6683272607085 -2.1114512863025876 333.5588229737834
372.0168612052754 1.0981518122756144 330.56653046801733
378.54656004702906 8.72481292083112 330.878044485381
382.2518098826315 18.092682498758673 331.45680015387427
373.8810171031956 19.032378596366694 322.8503902103966
368.73595117346684 10.451819903848712 322.51470762580703
365.513337045832 9.854960526487194 315.04900836798265
40
456.1801563809506 71.38594807946009 238.92207495700063
460.82640023896533 57.966535512815454 234.12277253033272
446.09695671833936 42.004323563177316 235.77115882307024
451.8811170708852 53.758054628817376 239.81325832587413
451.4937987332355 64.43998391300302 230.81000432332263
450.0608022588067 61.85910131388616 233.89788808294702
451.0726261402122 59.36024539960559 215.00940849646028
457.01437509102146 61.570324605493155 212.65560849419393
463.15994931578456 53.17120443015026 213.15587132203805
451.96468615853394 48.035699176106725 201.03624562648753
449.18149842925146 41.73487105728135 203.02089454813733
459.6829585909373 48.36184237476883 230.37749441563466
472.0438251985097 41.78967474778841 212.8793900391904
458.6502821062068 42.896729677781224 221.15164777221838
470.5007472342386 60.90117734359377 218.72484266190227
479.40602313263895 54.74374683515749 220.62140208062414
476.1013918307605 59.69936946226414 210.9436190558007
475.8929124852162 71.70598439040663 211.63904733978492
460.88305513090506 81.27506374441029 201.71323782037427
476.8884317731554 75.61097285134142 208.09121099245232
466.8455527639023 68.79116945182417 192.24115427084342
484.9182766359736 87.60464504322331 185.9468665215797
488.3593796055389 79.10064441352368 192.6967430949142
492.41475783539033 66.08624910590345 201.3204008884269
487.7936006361325 81.9663552429692 206.04627017874773
468.9790694459501 70.82818740938424 216.0057620241491
475.7732565033079 67.40581001818643 202.55449737782394
487.082954677461 72.26110122656286 196.44520451532256
488.83568006217735 66.19153114193949 211.90944449629245
484.4568956520551 67.27379273507866 218.66424722623464
493.9699283280151 57.2376956471418 231.8590223100826
493.66822756030155 61.053173467944184 231.53865535250713
474.9723441111396 71.70257472559774 220.72984331111306
469.0450461885641 75.6847630263777 220.65083938421134
465.97454729764587 60.75604412279787 232.90144795424095
470.021942723436 83.63962833673257 224.3141795870376
459.34590942668035 63.78312799385722 226.60783462329843
483.7294509361969 68.30628081414591 233.27167626825684
486.053654949331 69.31842388688716 245.48391509098022
484.97534181276427 65.0543004224199 251.34514329518294
