1000
273.56502449705204 41.662427505511936 367.2643812127574
276.16899065664023 46.451218201630994 359.7258841898336
268.6353265971015 41.05990471976861 357.21805431967306
273.19203964293774 44.74425527537166 356.29239142205864
265.6434807447488 36.20730343022538 358.722334430377
271.501227825496 35.24240899445433 354.84939035491965
265.5531256340975 29.393775201319958 345.98192762195345
275.0114318995125 26.37226322230393 340.70927613198677
279.3886284770135 29.397667005988893 346.8187130760812
276.73251072291885 23.51691252644603 350.9927357057221
274.83509117934085 28.28842009168779 358.11460644829145
270.58846029212805 21.702903705543683 356.7959815486325
261.5607297666311 30.4192382294669 348.27635572198426
264.4393254823443 35.66562929508404 345.80598778080497
269.75410486760035 37.96060265792074 343.79479622477317
261.4076672054783 30.451124620787546 351.163672467574
266.9027901251302 23.022635509311755 360.18773754324695
275.2271006382274 20.583667123368794 365.66687521540473
277.42997732004295 10.896753014140753 361.3936394689828
286.6035194761513 16.10025525155238 369.0656088635526
280.84824773835356 25.57985762911684 359.67503993568124
286.4507646686018 28.41548672166035 361.9123887622434
278.751434636348 33.05824362901813 360.44348550082265
273.8052150755936 31.2724863740837 356.9533778271803
278.8848906217388 26.94140652052238 363.95458574767713
288.1434127602139 35.96363678402266 356.5467490379543
281.061457158693 30.3887709688227 365.0580734378211
277.08857691619943 30.991151799549364 369.58384415310644
269.54363181607744 34.47824763505364 362.45847101626293
260.2588334619529 43.8729705062034 360.8952261632747
252.37911028060267 50.243972137692396 362.41758115593456
256.64268804770785 54.55132062109512 361.49882745073927
250.6320629600841 48.2675162072724 357.3321523919094
241.9484019866875 47.37688999962912 359.52218411956204
243.75389691727736 56.50426695429216 352.5897347394236
243.37402889863512 59.34470203919889 362.4999616884526
239.10711722447152 65.21054534461106 371.9584088790654
239.7068501287506 69.97228228416579 363.83367139465963
244.73192762611487 63.99532610567597 355.37263254590295
236.47809712386098 67.16976619117764 349.14980010466815
227.78281210200228 58.36374204364894 359.0768927031293
231.49257362933437 61.41496624352934 353.08900536561106
240.98387237199285 57.28454930831528 358.7837080393096
247.70333976389853 51.540932383995255 357.568941449531
247.99620574102264 45.26938477934475 360.0375904902102
250.2046724667111 54.19827612216642 363.3514092800631
249.82078934281245 60.05155619724347 370.0244597271228
242.79345397184247 54.00734102423359 360.1948480366414
244.83190083208487 47.146693002707565 357.3748283389313
244.76077934962842 54.17289864878118 353.80323143695557
247.97148407718112 59.55163999356611 363.3568549793339
248.763493659697 67.64398245594982 354.69795004164797
242.13557409330784 66.56520660024202 346.6981557028831
248.20294754807043 72.59364710879726 340.4549153887512
240.83327180982744 66.8270332399886 331.9627588390968
240.13894381512927 73.62915977155609 324.49737715829434
250.04087202969603 64.81996800646085 316.62985516333225
241.0890097453044 67.52853585678362 320.1594331479825
235.01413425934248 75.42171356836772 316.64373193708775
229.67341303264726 84.05907428708562 314.139521796052
232.25261239072856 82.00656840071967 320.3065481866833
236.38436945315732 73.09074125421863 323.70622910474003
236.97395758408697 78.47744572405492 324.80099223490396
226.99542666665815 77.78857897038878 333.6744292884017
218.05457941908304 82.3742855256334 342.1829278187501
210.8621741439828 80.8891662979623 346.7869340328738
217.588432324891 80.1562870966272 346.5704761243228
216.02620674222433 86.04585735174753 347.7491117899516
214.46490983956076 80.61108512207551 351.9245571739559
209.0949191329481 87.44799319044422 356.0836690618358
202.27335182908232 97.37998912363976 364.15194397846807
194.30446968125375 94.87903328360834 372.3998312410965
190.78285617450095 89.59074845282542 363.65628676234206
181.74583006426016 94.43829364013433 370.84224009345377
188.62071853156456 93.89282779404796 375.77460272971587
179.06071061129705 87.13334849819978 377.9389929080286
179.3309361553248 81.3960473586346 374.39235450703234
178.19084343915947 73.70253036103813 377.0373138086415
186.09831721681982 77.3335041803476 377.07566814639534
179.45800083431288 73.95748395575218 372.21678298420187
185.01708081380602 79.35359878365502 369.9707354261748
182.69435846408163 75.72529244816103 362.2873199614173
175.68643608507116 77.70358621057534 355.00056803914856
185.01726019116117 68.5063698689062 355.3461999830595
192.26644189322863 77.11114488141433 363.22861150965053
185.4271243143544 68.04963680593853 372.9704035075295
186.45152589458417 59.92406095658857 372.5939806996692
189.25035511455476 59.333569484890454 368.14739227867653
192.38678075291358 53.13402082493491 364.45778763222614
195.73216445118402 43.38077340954969 371.0312061595307
201.37213587597884 47.65842944643116 365.31738862294617
199.29855310995163 57.56276368106324 374.1183379436973
208.5964306948662 63.98196695418382 372.51151042515653
216.07303079292475 60.740029790768865 382.23365811325857
206.53756374487247 51.49584307829504 378.91340624916853
215.497253008236 51.79206154045874 387.3119746950178
219.15176848945862 58.25049605721848 381.92591707919905
216.62060366962032 62.6177050819476 388.8515424159568
219.66282734845797 65.83315258243631 395.3557021728615
224.89360745982995 65.57577442018055 391.6999791545408
216.20386538344295 57.123131307034924 398.5600627168951
225.22084995812006 61.82186046936317 394.354187333636
226.26877269963035 66.06445307837569 396.18449970214135
217.80179390791645 56.85583337859204 402.0515252185698
226.9217417484328 50.2979575912796 410.63726375862876
224.1254118701074 49.314997071152796 417.13426063612513
225.64224340393037 39.9832427166572 408.7988482772041
220.31593151765924 46.914781663731574 414.96095401538173
213.7536891684212 40.35173214662075 405.6372745738157
211.28131669727455 32.14923455541707 397.54088076703187
211.97069238816354 23.823823759346432 406.6023702265456
214.7223587245193 31.59913877729335 409.5928712882881
205.21031051635302 39.47222651178402 409.4601268826753
212.78773337080094 45.739157967913755 400.24382029078475
219.13472986692366 41.113104240841935 394.99900242166194
217.8888317321561 34.8271294398055 392.1053686355627
214.87375115860846 28.5615863639008 392.5498179557822
205.94404077964188 24.9331241872976 396.8148621267837
212.81463888998047 33.66272591220035 395.2915211051869
203.87270012958032 34.91488182903892 397.55179069265466
213.7684156203617 30.56195320146465 390.2156826930146
218.7810771483811 28.459089393890977 390.6196597273885
222.25493315149467 25.669787748080225 385.2298855728089
222.78614716106716 32.854824793758496 391.27276498674377
223.71909492357844 42.193486379813656 383.1424538210503
219.37964022972574 38.15948265865163 384.85829232659063
229.21440141361623 46.073459068151486 393.8094365015866
225.52848879167877 38.2946880185436 394.53630500810067
229.18693239533715 37.72579555127157 400.30837430540794
221.41715329327167 41.42765773209572 391.30425871841
219.68057607578467 44.20281347698717 396.1713906579369
224.73693987482278 39.812651918863075 391.83010706835915
218.50408193842873 41.03138292140616 384.0214465488418
212.15211262307085 46.96554639448796 384.3187843312469
211.44631250509215 51.11470097907343 382.83787007650255
208.6452792537566 45.13023384657831 388.07185302920044
201.7333222625986 54.94790501016802 396.53864016289816
195.97448517973797 62.490920176361584 387.4918085076568
192.21919251423566 59.46722223736412 379.4795030595849
182.22044422942906 55.272241800333276 377.11518057628837
177.54423434576304 61.09570584048765 371.7718081841544
173.64402780316897 55.39884992036082 381.0461303789825
177.03712378960347 49.99295578515952 375.8507811477911
169.0071789306709 56.27468462041895 382.17913487974045
174.7999044218567 55.63918581945629 383.39868267415636
173.83112496198413 51.71759239509437 376.3180143570814
170.69312493959606 53.87737493809305 375.3232257074549
163.0902895528922 60.84183261727611 369.19530836127444
166.70911713338256 63.12341981631975 362.87574312577215
170.99572314725978 53.66245186618611 366.600156112433
162.90844600493347 57.51801124065893 367.82283031578066
155.01015103060288 56.421979729494176 366.3812314684448
152.892847268427 52.5931177231921 360.19061394487284
152.67159192472897 52.564893642171754 365.5850854056534
147.54757739947425 55.53248441806923 361.1875058602936
150.24276470380258 63.01682016021369 359.2461390947567
158.9550870985546 59.01770720201533 361.4306337219407
167.76503528581625 59.16425095579071 352.7477003310337
159.10233568321917 52.69293725467628 353.4420145371722
163.71800111890045 42.784027212967175 359.87992879078433
167.66385716401243 48.688464187457086 354.20146387652113
169.78438335172362 45.65045375335526 354.2847932867537
162.25131079844925 54.228781397188385 350.7151932964398
158.97877038287535 63.900777460566324 341.8378555637924
165.37048575665162 72.92429429566278 343.94632143847906
170.90690485628846 64.8722865428061 342.05304791242355
164.650731558886 71.00457282370621 347.93630978165714
171.66130782833616 61.33506147160182 344.63644477045324
171.65558564460116 53.64953363369897 342.51508575328137
170.15821124885787 47.654318745718214 347.65263361650705
166.37288484847755 56.51104167725714 351.6613392153876
158.31206988621327 50.666635330913074 347.7082695646862
150.08418927570705 56.38625879466124 356.77142419208815
143.46754968513014 56.79627050702414 347.16814743389125
141.936349650808 60.077085311567465 344.19236929745125
134.15314046212973 55.93774361665505 347.37258306039126
132.607485405835 52.84889317127249 352.50701469835377
128.71950091196993 45.224123068542845 359.7179712927153
123.50853202538178 51.400541960743936 360.82789647189014
119.60912858491383 47.40314599539089 352.35159850813466
128.20429140640638 51.60927745126048 361.0354805025978
134.87620453353483 54.08080032553105 356.2382963940166
135.0303080726574 49.55125038383609 351.9935929085716
127.79823678976867 58.35163382267095 361.13388463249436
134.1986539364377 66.63349505688345 361.2461000763705
127.73164953078974 70.96193098188859 365.73229221547996
125.52308967779051 68.66334030392836 373.53112717485743
127.48172163338874 59.26485155794177 370.9675435887619
120.50871818195945 59.10879921737117 375.2583126769236
120.05380342462063 67.22734730761603 366.41429884776903
115.3895550913512 66.95156076948264 370.61312124924683
125.09652522170549 64.05664171431867 362.34608720633656
134.07795741178623 57.77194015729822 368.1189607324802
143.20209090686473 51.26247773751867 369.78673253618035
144.59855862934157 51.08905630162153 374.02746335464593
137.64880425579975 49.92128022903327 369.32288369064355
135.76256855378324 58.12708325585493 373.12334820227267
144.17328845499972 67.6933789212946 376.62997419572366
140.33801241680828 74.74322771205964 372.14208657717325
142.2449154192711 75.8548092570577 362.78457545592744
136.05558580015574 70.2761281202339 370.9607883297405
127.47592696062227 63.88599696565512 366.23005991238904
130.52546605029127 63.78777077735645 359.33007567052175
137.43671022396805 62.5805054027785 352.9713341012664
129.9765775295633 62.93954692567856 358.69173957883436
124.96806674324715 57.698543540795704 357.7150921366807
119.10735785766371 48.07448491806389 348.66170638779016
118.33853096629016 45.295875074704725 354.41457593375253
125.67534356816971 41.548010664395115 362.9305244408232
132.8442796412015 48.46891154763163 359.87459335513864
130.8847130354693 45.66712862392369 353.40749439551547
138.79192854419296 51.27491803609497 347.83834216787676
138.37229260466196 47.03628075486496 348.00740403170084
136.14369523015478 44.435063451304075 349.39811496356873
143.65553291465093 38.88736855376807 353.3504690615246
139.38091496928678 32.58796948195714 353.1462208024048
135.21855516321597 37.84321879812128 352.1616592896121
128.89627325733997 27.922604180416158 342.3993607890718
137.58508611974935 36.08512439821743 346.64134986926837
138.73224854481504 31.422511587476652 342.85582637788144
143.11674040732856 35.312818223184976 334.1567039672348
134.88069867967036 37.42903496963309 328.1390049060521
141.27242262557368 43.684322778702786 321.220681309085
148.6575606978712 43.248624206580445 321.427741556954
142.37062606760122 41.925239185392286 317.140009012226
151.82752412241805 44.37090103621886 312.5309704150657
156.4401250891753 42.65459533618091 310.22055212195954
148.0175516664023 34.297611958345676 315.22670478539374
145.82673713163268 36.97476653757732 318.10360539127873
151.2468913724014 30.00406222820925 321.75966287464826
153.21737592260888 29.273467842753657 322.14709928441783
160.59560142319629 20.47042838637521 320.59649054616386
154.59708528608928 12.481150615056801 326.48812029368065
160.9991066289073 20.499093144058868 326.9686207737851
164.8710116050811 24.839626834393126 327.34337222033054
159.61254793613665 15.148974540629577 332.6777588064354
151.20234885881334 5.56384461510574 327.8138674550443
153.07666311243347 4.933505601486896 318.72203137233635
154.2530892604284 -3.5318587140413893 313.8440988879989
150.3428892051524 3.4154201889784686 310.5951199726381
155.47627615870238 -4.582985438550424 301.58605327482144
150.4354186417052 -1.4194009567580435 294.69902604818776
150.09761339507506 -5.977852680019009 298.9464744552674
153.02020088846257 -5.1258486705461666 300.1686285732232
145.57722404084183 -5.914595879939171 307.7393555230286
139.560067294904 -7.005848612322216 302.53885195102544
137.81184905931 -2.6030498702057585 311.732590981226
142.4389695461933 -6.9120252506242394 306.83093135731326
136.91670819881367 -7.485579282079538 308.53164031454736
138.19982121536435 -4.5319379853402 316.5004433647317
130.87879198818257 -12.490188851358168 312.93941959822615
138.07423491639022 -20.2314133486528 320.10423026906756
136.9374515880879 -27.605258055421626 322.95748007637786
128.62764973066948 -23.450083946768657 325.2485118803685
130.9075065526571 -31.19828937700281 321.01146604045437
132.53513869328836 -25.88169409870756 315.8387167237171
126.69630677881126 -16.60645487192135 309.80059623062397
125.40086099241925 -18.339945123806054 317.13252854046596
133.64906551995745 -22.661117462633847 308.51357120099385
141.5174838228335 -22.746948493911223 310.51677325006193
138.36498371670817 -24.341173919063085 306.5975028981242
143.4838105150671 -15.352265019547072 306.881960893653
151.40859839076757 -10.427844452103667 311.956695334305
151.8935678154636 -15.538879344670926 316.2465575763966
143.80127109473057 -20.601978453481507 312.3152017230918
143.18630617889437 -23.81164305412871 314.31025561620186
143.34123308722394 -21.85394027433901 307.2644613983437
144.391026992658 -27.423855794720133 302.25098659176007
149.31196051410808 -19.089244077721226 293.9578007219137
140.36029809811558 -14.7712505324609 285.03391967313706
148.90532082678254 -20.581574861082714 286.7948358027531
142.41486181312806 -20.696366405862747 296.15898036787553
138.10615635934175 -16.52791427919489 292.25048363729826
147.5804124991767 -20.108478832199072 286.11392860277346
142.08440446226257 -22.114028996271742 283.01618823954084
135.71537907666212 -22.090998501520467 283.0225469036584
143.0930521362098 -23.45173077857544 281.08445469481177
152.08786999948126 -25.1155754622663 284.69107952997956
159.81180837849084 -16.950188185516048 292.63448507565744
168.90490326205673 -11.473367633194187 300.44937738814326
161.69298646793928 -19.33676232389508 293.7244573197637
154.92109695688464 -13.415092619432684 294.8005071232599
154.08104407423758 -12.871964991552906 286.78913057581957
147.96239884198417 -22.04023834654712 279.580321572628
140.54676746166817 -24.731292965608166 277.6957320284036
142.17016637848786 -22.475693765875555 281.05541396994283
137.9082996706177 -31.156753513615577 284.66582354901493
138.67531946808327 -29.375524253469845 276.9540414147891
137.02300090841666 -36.16940403281453 279.08846676478316
135.75277271114 -28.355385108888147 270.24354935742423
135.88969611507025 -33.81724015492741 266.9661103395038
138.46964389074483 -41.440120494536494 266.13733308212113
135.90527089515524 -33.35609393641448 272.16666378617913
132.45922594159993 -33.2044234625587 281.3480789188681
139.39860823669537 -36.76995661718787 285.0562277008334
135.14036567202396 -43.11453861182115 280.1337895341786
133.99564918761496 -36.173780563268814 280.0135167119593
132.17592668276671 -29.418357830776824 273.16966957543997
127.63754926069885 -20.005743035953575 271.8773769156052
130.88785248087947 -16.14982893537143 281.476233436846
137.15681377348318 -9.365503829636184 275.8368812063757
131.3443285071149 -19.19043355522009 284.4821297597681
121.99356392934645 -11.703014005037312 288.6665700463938
115.73180121962548 -7.1165324250217985 282.73056017953155
116.27314739617546 -4.137566260426034 279.63340858100275
125.05772064352843 -6.656508812355356 274.9165992209465
119.21710958365328 2.3036020653579916 272.6261316113011
114.2617560349573 -0.25048121104115006 271.52821192084684
114.02341280197533 -1.5959117425395273 277.6507502269446
120.38686703040152 8.185454081662698 276.5483584043053
123.06121029495797 17.277345549914898 270.1014483034034
119.72058783697597 11.846680574511321 270.6613032611327
115.55453303505021 1.849806225680462 263.69584540584935
112.80233624016522 5.5690370877999955 255.66014659340075
107.85538368852866 10.312759823390019 248.40975824194882
105.16386911790069 5.326957858019504 257.1642511893972
98.93280540114661 13.56286406525141 262.2769751614587
89.85850050500689 4.280531052198045 256.51042359820406
92.99309979999154 -4.192812728755024 262.0924272871944
85.25466980406436 -3.1428411143185664 253.61530716892221
87.17014380556398 -1.5910684184189816 247.8739077376183
88.79353294549955 4.516447562945938 248.3754453266028
94.54419114927522 5.004634536275401 249.53935883953113
92.86910945890563 -0.4572859412809338 250.98920254601734
98.76716363082123 -3.1449687912123925 247.15976246760488
92.3976167513203 0.7468703275643684 245.5464092522809
99.7013491002456 -4.108111470429774 250.5253110153966
108.37434053423326 -0.19782170518942976 243.0130212562117
100.20628210849493 -1.4327458696508892 239.67704404838506
107.154038493626 1.6856078356865107 238.76892147591713
113.93611664638973 11.086965549926294 240.59505013236415
123.19434474679126 9.113140273169783 244.6785783376877
123.72357858858932 15.258715490740496 250.77649322593513
119.15326600017312 16.447991489599023 257.3290929142048
128.31872563781982 22.29236830332183 261.1175917340339
134.83739620273917 16.58497758301723 268.3467116810322
128.76148877213947 13.730895913571327 270.4828440719716
126.79781669725163 3.8909332132274645 265.74384044390933
125.18384783361287 -2.821342474064622 268.39545489216476
121.98254759861683 4.068568748530689 269.49699300156135
114.62250668147665 3.817952019270973 271.13874817126685
107.5941640857669 13.508164721850672 276.3744688474276
105.61587315349728 5.68523157609458 280.0488966219669
97.6597885424197 11.27233521799889 278.770177321878
103.55615060653707 10.968173706086548 283.83071320707154
109.50801314108395 5.5416707054271885 280.17394685463336
119.11644817865992 7.231797032085526 286.98653762153447
125.53135131714234 12.343418382093814 288.1774534996901
128.226101590652 11.630161686781882 278.3512156333541
123.47001817435411 4.781757886527501 285.3588331586688
122.97100442698928 -1.6900408050762952 276.9351882400202
127.00615280990839 -6.172832463084342 280.21896881540397
135.230714468536 -13.47894153709733 289.59199751462484
141.43928603922478 -5.042686550942834 296.7997222582701
146.89385717284298 -10.90646484392755 297.58975266614874
144.98599579805835 -8.272014073055654 305.82324432463815
145.89003956319405 -18.03692727134508 313.31614641353326
145.58732867084905 -18.903686109158123 319.030334955618
144.6427728425756 -28.327253720306643 322.6689930125559
142.36091417364014 -26.838573115244014 327.8847897821971
132.7777918656168 -21.68444965719243 321.04300210920314
134.735446443754 -22.411800450183172 322.87617616559737
138.06974518805123 -12.629002086243458 313.3316878174256
142.36158861340746 -11.773814190497868 314.5966397604034
146.1386953099852 -13.663478015921246 310.71188468515817
140.82414392539093 -19.13878010912997 301.991949595733
150.24279879525463 -21.247484488217907 310.11329904579213
150.44341415434528 -25.282467606692403 312.78032487157674
151.15059856187506 -17.9696790311148 320.9918847754358
142.8081670137029 -26.387326654416476 312.79867048045884
143.587531909081 -33.54301530161619 319.3337972278177
143.27229729589394 -24.878477872261836 320.6486612197686
149.95103952896983 -19.42923584794151 330.12067937257154
150.63873185243384 -11.952461144176947 326.29303114234256
148.92583639915628 -7.265553527904228 325.4571500294171
150.11952985106754 -11.418620550627505 319.815377234694
158.5876045631622 -16.073908801871077 323.90847390741817
164.41711402748138 -15.183411134757378 319.65360513675563
167.3260149001265 -8.925346759361664 313.7103527310329
171.6495023562008 -4.413945384311631 315.0017157490469
168.31388829261195 2.9611337152453823 318.8238646710138
177.52781896031217 -5.09409796185703 324.02295658984065
180.0521784512969 2.8749088197003294 334.0150425104674
189.08093901538274 1.2686704827282793 335.97162571364584
180.058225665065 2.225149192799335 336.93101457158645
183.00824084799754 6.986934147282904 341.61574419238116
192.31556158406715 7.584458761576734 345.1817444718068
200.89783507951978 1.9305650426647034 336.20363202486215
200.99501800111915 -3.4938975892663535 326.3356614849507
192.42352216914986 1.2136686890902713 333.8693403793616
190.05052965279026 -8.17596961346865 334.6273152744034
188.00718291493163 1.0482140377168303 334.91670146278994
194.78824642853655 -7.8961624452986605 336.9719222955471
184.79227602019986 -17.317569631342664 330.01558260924105
184.94586626710552 -27.22657401694615 339.8961173074671
189.72615514654518 -34.09178962024495 345.367233482694
182.03582968868102 -37.23879840064341 347.51073007589576
187.47693797107783 -32.56387513644016 353.2095939497045
185.67786077048777 -26.050025393978316 346.10134174961524
194.17387605006985 -35.23001689615798 347.2263359947566
192.1302773216791 -40.2916384088388 337.95934362764064
199.70922752201704 -47.7131700184864 343.93460138144656
192.0680313232132 -49.38279290324387 338.05013846218765
183.38319170548135 -58.38748234789291 345.94429873530197
193.26187744715932 -48.81631645963989 344.319018169524
187.43177498102213 -52.38164454692495 339.6613558043147
178.16971019229678 -47.31442681548127 333.9018720617387
173.08394264584007 -47.49073507369699 331.65180543619
182.11040933866684 -46.64269558817969 341.51755384338117
179.4836170291825 -40.80863546404337 344.2521184541072
177.20018454437158 -34.05655207951978 353.9441982537057
185.0718509862946 -27.0184275810829 362.69904357306314
180.898429110836 -29.679061835936228 360.65191163073735
176.0705450315575 -32.5643175807429 358.9274130208616
184.21222621261305 -34.491466658837055 350.800080610635
182.3011249795414 -26.615850077244694 358.7316710794874
175.49598230899517 -20.450404043082987 349.9120211794931
170.02144154078164 -15.272124536189718 346.1453564569514
165.23752562557092 -17.959108338362274 348.5942272300637
163.88935882053136 -15.521790911257913 353.1782780949854
166.64403113737905 -11.604179138519806 343.4755708986184
157.57563150975153 -9.239540731590832 339.93835124380985
147.71174722933623 -10.785526401905827 348.5625893761377
148.33873415841268 -12.977307314513471 347.990766145141
157.19483874042047 -17.239446200952365 356.32661143973314
157.7449306546968 -26.79900098980365 346.40473233995175
150.9073201765451 -17.827124694066246 348.5516561454306
142.16364319129656 -16.26769306936193 341.1320992802959
134.252641564127 -9.017284220299207 337.33841177342373
132.40558213983434 -12.046339299551336 331.8629360207771
142.28934924575833 -3.042481414924012 322.32729913590344
147.49886148376817 -10.82356587842363 331.05050762755434
138.313908612107 -9.548892654757811 325.0584893239341
137.4755674927614 -13.065526711455213 315.2130078342025
143.32738165381036 -3.462336673010874 324.0318373015172
144.0485574176556 -8.475867152025227 327.6135127455216
151.7476517803612 -8.791863642597896 318.58230999932886
143.39012007685074 -18.070336713617827 308.597829210206
141.95490715065054 -8.97881057024843 300.619025613044
135.381949190612 -1.1453020573024055 308.95780704209847
133.11124939670194 8.251560070694723 304.19364173586865
141.87321791178147 9.227140614675166 295.8375421511409
151.5821915048378 16.860026649626704 303.8773178760255
149.7149801652171 9.190678513609512 303.07622310933067
142.6763136628822 3.361826968191642 309.3632275369562
136.22204277161222 9.549533083468113 308.9223309931372
145.3147231184125 11.938038442719964 299.4313856966996
140.94017823215196 20.512485308081395 301.41684123705494
139.64745474125306 26.892853597884105 298.04918628349657
135.46015212993845 29.087408302774655 304.47323070392105
140.2506236712914 30.598199680253035 295.3685316180169
142.8487337209563 38.32748379656692 304.7526989692492
145.51055093730326 33.75290194193771 310.98470433570236
139.81108904903996 33.60621398347659 310.23743716529196
134.70261366545512 36.5707690543153 306.89205616322937
134.30756548110844 42.75168011095906 300.3030782753296
129.45670974268012 50.960400392763724 300.4961202565345
134.77256302616024 49.75671697033685 298.80100585307946
130.24350127126655 57.01276402135123 301.7869803385308
131.18053567030478 60.47139593306493 309.6895193547196
125.86285263843865 70.01106897549576 313.9491840896481
133.95636432388082 60.92556148150405 306.94226683209484
131.9192246601255 55.420007999659035 301.1453182867192
128.83925121903934 54.541005975494926 310.9194517215837
126.31448802371666 44.75658526082508 309.47899535753913
134.37529592509 38.57850352836357 307.9591623991332
131.73895999544655 39.463875456129045 311.0178515959801
139.29823118223445 41.317322037645646 309.6266984492735
138.98172322814727 38.891457996449944 302.9659894592881
142.20557375634434 47.08482627717374 306.21594325353817
137.8169850769873 38.987174761272314 313.2927645811563
133.32649011314885 39.07302266967004 313.8531851373752
142.48765055149704 29.18998363795426 317.94223743708534
147.1124224104294 31.046850793130346 315.72778055804247
155.4031385189528 27.491218698008645 306.87598754374534
160.1143212950031 37.126161879380675 312.0621784181157
158.17003560082068 35.10331517713083 318.6933818886766
163.07529513292474 40.27237149104835 322.55827798767683
155.70242178108992 38.20262678291585 329.0851325670127
157.2057862246446 40.424090346533276 327.7655025742276
160.0092184478976 41.49498645061897 333.02247961366544
165.60418333903002 41.59122109149298 341.0468023498233
162.9356145978428 46.14722927900098 335.31599403231473
162.86347417404593 47.04633483372778 330.50208823539094
153.7641878955432 48.93911158468857 334.18982364369236
146.50261712399885 52.60535852151328 338.5040884526969
142.18937478337972 56.9148863707567 346.63892931766094
133.54722303899328 49.46888997932211 338.11862857257665
141.60761886853257 51.39430741756127 328.40255086665456
134.93603673450434 60.126574961625245 331.7435964749234
143.2988710623995 69.98389477489418 336.877513539499
149.84322010137285 70.37260561671745 344.3253392462635
141.18801654903595 60.38899143945326 352.33156733303974
137.1620650162981 52.33043477381217 354.37908489527393
134.69586097502543 53.90798943551532 359.24797409283036
144.36875860177318 61.37879217058132 364.9433108890821
144.69003450190854 66.32647517973986 362.7884069985814
144.47310950804481 65.80112626429691 359.0231421154162
149.51898171732358 71.9649698387179 361.848273830428
151.82803047901575 65.45762964620711 371.69375709913567
161.40254692731602 71.19786512752329 370.8468484171532
162.22982888346797 71.4263456289185 366.6256374150636
162.65771128875542 81.41801664498303 358.4702988431628
166.33537145143927 77.46866526962212 358.30530566981577
162.76843785455134 83.71160408673482 362.94626060888083
168.98467491522473 92.29170829797735 365.6511875478439
171.0403499678374 88.83701292823255 367.13189671409435
180.16443712927452 85.63676797928522 371.790281789874
178.65438525689 92.45281218827714 375.0332015242893
179.98240883280621 99.4031315654044 365.18740424679396
178.23473185852288 91.53655119052225 363.74476560909795
168.82656724872652 91.46008435864626 372.74052863458155
167.8889220126389 99.20329782281104 370.49017493017107
176.47222513854663 101.54195019241742 378.71205164866353
182.58447043508352 108.587325003448 372.23483574675674
176.69674345977103 102.81422444004508 378.715950458847
169.91873173117486 101.7830708898264 373.3435249066046
173.6339880082286 93.57913679380177 383.16592567031984
170.29616091760147 101.15477443671162 373.7060452619458
169.91658060437618 108.42451376562353 368.4407952690809
170.95173250049305 107.540496968389 368.58701622409046
163.71497732257717 97.77546634165793 369.7752235855546
173.22760066231396 105.23116184603532 371.7405608311095
164.66267355546086 100.48939165294297 380.67180686472676
166.3007738739541 101.17840112079467 386.58104559138883
171.57840021593876 94.2264870242818 382.4228897748201
181.23162334548485 88.45726467074557 384.6261137809686
182.0992784270839 78.91836711554365 384.9450413460391
182.72595690136035 85.3093275637342 386.6770204763085
184.24334941207334 83.33760752094335 387.62415340545635
187.36664090382456 87.3362722263178 392.9837797360851
197.00662414656944 91.6975345739568 390.47145746788914
197.2329498793108 100.56211841966457 387.05059933255507
202.82325536609488 100.32626897415555 378.81287397363496
193.76302207952443 99.10677637024551 387.6009486708894
193.87271713485723 96.3205336984064 395.06327262491635
192.42080600675425 101.43037694474557 396.5079128661785
183.26355734654473 93.96833590494909 386.813718083509
176.52051122948492 95.31922300937353 396.67935178422493
185.7717150684005 87.45969480791895 388.8966855891396
179.76045870508543 94.06779815138451 386.0732423638209
177.5055834420696 103.20424864278073 390.25634117969724
176.23467019391126 99.30115610746714 399.74677048828414
181.67758036431175 89.95238955356633 398.71652336655956
185.12566292161415 97.27339444993189 392.30821931082903
176.34984964678938 92.02644295920817 391.2760382508638
180.67302510115317 88.51939244987332 383.0436913401577
190.35484945448445 86.16595001670994 391.3553044851286
182.13561099337508 95.32409934474812 397.09088775035093
181.00992448071963 89.65444108499844 406.6328933429916
179.48810829034153 91.42724189068316 406.42792497522316
178.05106753272756 92.06335651303286 414.2786497764811
168.2311990460983 86.01204493169038 419.4827508460845
173.60876657890773 94.25472265619689 416.6047692238979
179.27127905489021 97.74829634198494 423.70450128814264
189.0800643504751 102.82753106172443 426.85370607762076
182.4105244402225 108.83952090126775 434.1905970380201
189.18981232880046 114.95650871364904 437.3358808106193
193.92955179177454 111.87813061558083 429.1507637652759
198.67864409296737 117.95285847941689 423.6305081797083
206.66449518099654 117.87624751530363 431.7632667867238
197.9357064675985 120.05824884079802 441.61132586460474
197.981290652899 121.50891642752384 448.967316987077
197.995603618039 114.07759992220353 442.99438328224113
195.83598826273257 120.97916832394769 437.72324888096455
203.99558475246675 117.23453162819867 427.96976469670255
212.16058430835048 121.63435253939299 429.55673361719516
215.88256766653086 120.02956514695742 433.2036126634339
214.9606199277022 127.37017348947849 430.10384464138207
224.35551247823247 132.2394779256378 438.46664537915285
231.59050009876083 123.78282062725698 444.524794691275
238.13317438181465 127.0179166939979 444.07186619496514
228.37358595649505 128.5155433663894 434.8675157270688
230.6647770869472 132.8505608259985 443.6064784163595
232.31615751185768 134.74987980980967 438.01458590794897
231.5447984141205 125.60782523526828 436.9284392212839
222.9065982280665 115.67152145370332 436.66333711083206
229.59657232331978 124.65782468189913 439.59260723563466
239.2437058352258 119.37776528374341 437.37428797003724
247.98722473981874 122.9821267566307 434.34768009386846
256.8612188175663 125.42112784017681 425.47016626740725
258.0519130110516 115.4481614747543 435.3544633339366
257.63496601800114 105.73158525951477 434.0051716724875
257.62266338930334 114.80777783585897 425.54288361050635
263.0307552833521 115.01434778380091 432.1797406260681
258.7018567717054 115.49111548334906 436.39258488282746
253.84484533520833 117.40355532337652 426.872655188658
257.51190272971195 111.30371103542248 420.56725807533763
256.94990111101794 111.2345467493484 428.89940480703916
265.8254756649222 103.87396046971345 423.9547314205374
263.1869467172441 98.37078791717444 418.69198137199186
263.77606765145487 100.2661944127597 419.1558451916497
258.95224899497623 99.28218591358598 413.75375578584203
261.6035880692359 98.40282522893631 411.4164469036636
268.7530730030067 104.7555153399556 405.8876177723496
260.6341063765754 103.21200690425141 401.11584178276536
252.48859694169857 106.18627945920362 402.13409536468527
250.68357219244422 109.29704024143831 410.61950413168245
256.61428633919627 108.22262051773427 411.251913725727
262.7114315466081 105.87470102223088 419.09157034841377
259.84584824192314 100.34977401288566 419.59302021671823
258.6366055384199 106.26590857857093 420.2900266985085
253.20634784549486 99.65910495606924 429.9103010981461
252.13943350000872 95.93589073323021 434.36678493682837
249.80626695655678 97.30673204922913 429.1575436233996
251.27028753107027 87.50491581661686 432.11066140960713
255.97417909433983 91.3463458906392 430.2703799757238
250.9204005865675 100.55838164371373 436.1523058323301
243.29833784704377 105.20935981823801 442.8291646592758
242.10517186522793 113.16149306244363 441.18035663486665
243.5007804895764 120.64933877570881 434.5490795183952
244.50218404163232 123.27016956313538 431.725872363904
248.70659419075383 125.72897426744066 440.36792623425356
246.92076648323138 121.01307260740118 437.2376399615592
239.3312589429273 112.64556225373362 444.74617755316154
244.79040834178576 103.48346867112993 443.9832269672559
244.94227032446054 97.80830994733958 438.69965575788484
252.8414669894959 103.7172123750028 447.3541222216451
243.65439892858603 107.89657346804684 445.2530043874284
244.4316453375865 99.61704103676566 439.2632827462769
250.26946393963942 91.83557665235062 443.3922791322659
241.13720715231375 84.97328498621498 435.0627999800231
246.43137196889302 89.61922330120451 434.62844443333245
254.26874144875052 85.66120236786617 424.8514554407675
264.11287429118806 81.89475807913523 430.46034567848704
269.54279873455556 84.7536330943485 428.93844468492995
275.4421102559156 75.67598220188276 436.28705076009464
270.30002222995444 78.50139332238385 430.63073762418367
264.90322866206225 72.89902919594581 434.9832629478066
265.25433513860617 65.00244796217959 432.93273686682824
271.4481588697185 73.85479033932647 428.14710552598365
264.97375607053436 73.43179475767273 423.02890402549866
263.9805211028403 74.24736091145675 421.9847047814959
260.15370806173365 70.93357210294425 424.5071564191805
267.8178923521019 77.45559921824834 420.7313254772871
269.0391568406595 79.31701271054311 419.75403833320274
264.24307244821233 72.35442171468326 428.62672718634354
268.4095238470448 62.915050453312716 438.20661155207455
275.5631347926088 62.80978665317538 446.08779802216446
275.9190709070212 67.54894416480528 438.74976205415095
279.38117680152965 74.8817040991715 443.4416760885966
274.73272488346714 82.00816752035134 449.9342979152873
274.4108487822848 89.07805765432846 455.7354351308295
280.53845320035293 84.47086806305029 456.98377625701454
277.4128425221218 86.24993345997204 460.90525672417374
276.7332535875507 86.81163999004141 455.7129751413133
274.76638713428133 82.90916924790244 459.4335954736838
271.57381109965183 82.64648384120179 459.604471181028
266.1772234426664 88.26817518219188 460.1609858027027
276.09293336313783 96.43154148891465 467.1161641150815
279.0137360003312 95.860423899844 476.9345026548818
284.62184578880454 89.0798064732575 467.6611103355971
285.14012696479983 83.74694470550277 472.88412061871696
276.337361772847 82.33635201021406 480.3996448758891
284.33351666413336 91.13204214631817 485.83522129818755
291.6040917274862 82.25769633417546 494.15091045936543
298.423040342594 72.55107650223599 494.1747785341059
297.3343361759374 64.18932706107486 491.06715576804436
303.3481239496778 70.24941838244244 494.27036155126865
306.90550082705124 66.46089664230479 494.851082803162
309.3062221851672 74.6680406170036 496.03614523080097
300.28252099108556 71.25971071814125 499.85711748177425
306.07711715673497 66.87567375218359 496.4973269856358
304.444023146607 58.244839807902906 487.6632023807083
314.07727805096175 52.24663541513597 484.4479998460467
320.2635254233773 56.23442413660751 477.8740589215029
325.4841600861279 63.931920183046614 480.5833846987212
329.8979517788432 62.374249686503816 477.8908294778211
326.0045910415292 62.68646186880949 472.57083134388154
325.6154643078701 70.92597919211907 466.00565415650556
332.9960321049726 63.589653291013526 465.4662963268365
342.8788942497861 59.814310707053814 469.40920160299623
340.1164261393748 59.68487485908806 464.35059440200564
330.8674926425434 57.072235579245906 454.5358933267792
322.21213016047056 66.10488916565225 445.8682436130812
320.45516211168064 68.73380305752057 452.99955261137416
328.6171432114135 75.51884797313241 457.95395318066005
333.3258399799605 71.10725675367931 452.81439769955807
341.9708687512518 72.66623486821406 452.338712915725
351.2457598308047 67.00712840131838 447.1343028397775
361.0472415755776 67.96749922711251 453.52342193274893
354.09559000880716 60.30579057366014 445.6370777914966
362.7759948877502 65.12801160261857 452.2517725181776
357.52527785181024 74.75179997848738 454.37451862154995
359.7477951355681 82.35889916213776 450.0057971127852
352.3968894122693 91.13835532673245 457.93795721256396
353.07334602145704 83.10123850979322 448.952385482989
361.35328828511774 91.47394436045846 456.1567023929878
364.9034911811116 90.8745599006084 447.3287310892411
363.5330791118287 88.88938732244894 438.79510801085036
362.41669793879765 96.86225488100929 442.5714843975919
353.7396302359178 89.19953520026117 451.40450490580133
344.45312197755663 92.54015620590323 449.58555129585426
336.4612712988027 101.29458664717376 451.6891792357898
343.7756102202647 92.08356121021758 452.18171926557176
343.41574524983724 92.73141938147806 448.0941095125623
350.8290349461659 88.26726278562897 455.5277043106731
357.19796941570183 78.6850585249781 457.28518575369884
358.2849507668523 84.82410542257284 461.53180646754544
350.0854699398473 92.97007851085417 467.06637285155546
340.7217553698823 94.63977704221143 476.00586111346445
348.6094245534972 84.98997695266144 485.10900317300025
347.4932483613754 87.67953678249629 482.5572694879047
352.722156240221 96.04030066908744 477.8878294995891
344.7698163788642 90.9409054257845 471.16699016192496
343.767860574254 86.77820114652754 469.400206505771
340.91144128239023 84.26652407428594 470.1858126318706
349.8921930217218 80.57360341596123 469.4531512146695
346.0139923621571 87.39767552662008 462.2521322611452
341.1570527367799 95.2799066383484 456.8045379803104
332.11986880143866 94.05871904542308 458.7259074177447
323.17577487676226 94.29347810247953 464.9478119540881
322.1911272649916 98.47319407859142 471.3507736554489
326.5868595496571 94.54080596304658 467.4815636317813
331.5587311975663 90.88923301759087 466.32587939806234
323.429455859663 94.09143105405782 470.1725463826173
313.6683821363771 86.01411520199521 465.3537542414407
316.648047305274 78.16657735660544 474.1736170064688
323.49504218420833 68.82780700518721 469.01073819134456
329.60934247111004 69.84652148345431 474.72904391275904
326.27656232099844 69.99785325123199 474.63221979647335
332.56214304594187 75.32019730114784 478.99371358821315
342.3687605949844 77.26515486292888 469.64025685125625
349.9374971726691 81.38883336715551 477.2023559152507
343.1195999859317 86.34540596801678 475.62792415659044
347.969586703605 92.41517199167409 473.2372370662168
355.3663705291565 100.22427278068575 463.44943329175425
353.0148508405653 96.45126470117057 470.39115488337285
347.1346839316178 87.43994121137295 478.63642906126137
342.673850672269 85.3582023915142 481.735634324643
341.57620466906116 93.10739997270386 487.1005246958551
345.1531352148298 92.98503052676918 481.0093015631336
342.30788793923983 87.73794675541293 490.275757084363
351.65632307074475 96.39654152913089 492.4580786371859
349.52666265012397 97.06468927634091 490.44237077967057
344.59088125255596 103.02750127631025 498.6833384442368
335.8659482362264 101.11085620978076 503.1804193296045
342.83530019235025 103.77158040288182 509.6206881614464
350.5961372699624 96.46351058875965 515.8025055711645
342.31351433751837 96.54800058919982 520.2854877171433
337.0368039264616 94.49501530518573 521.7795687363596
340.53417582617755 90.08557553451082 523.8319460095768
346.9493717025605 84.29317139370886 521.8119712976229
349.60391269064144 88.81855820289731 526.8711780601892
342.01045953706955 89.79725078745783 517.861957865623
338.6366595668105 94.33684595334373 518.7528251966507
341.5365268266496 103.61384718922807 524.7057868971772
341.07993482737265 94.15937714604752 515.5839747430439
348.25657994401 86.99244972184437 510.5301988673865
354.73349735835023 85.17440815087959 518.9853667851971
351.4088484028678 93.84923310658623 511.6375984339473
354.1627594722375 102.61245670657979 505.09514812847766
351.87424719413525 111.53146350801703 509.09826951890096
361.2350642376596 108.69237296725038 505.66135556594094
351.6816341799529 111.47540476259937 512.0604843343768
357.18191586632344 105.85932078045782 503.01470966223235
351.6836747487287 99.41085834764425 496.7264243262167
347.7242144453019 98.31881040219322 495.4096192193693
337.9038249670276 96.51582292136298 489.7167613615119
327.9396994006174 104.98843062582525 488.16899804424094
326.89737526235854 110.75526347622468 484.5880756978306
326.90291320351207 115.75679282803095 476.5129998079553
334.84045117050385 123.75923056546193 470.9005921999668
327.8729760610957 116.33558906046456 473.31707211923583
321.9292114577838 108.88965102555449 482.6746895074687
318.49833895327106 118.4723220441256 472.88084987447434
322.93804602059663 124.73082951330794 476.3222822076044
313.42592344080657 128.31369022314792 479.2148358267931
313.9260052986135 137.04462277636654 488.3468653106104
316.2099406527782 138.6965314611122 490.2581436286318
309.0813185071257 144.0493779157923 495.859364678759
311.69024647898425 150.6648865584321 502.314980557454
302.7882778614054 152.56546203017652 504.2799817645292
309.57237161794865 144.21377356670132 511.1609372008691
307.14716483484375 144.9898732005279 517.7091045400481
305.20443507159814 152.78356701719898 513.3608912485777
306.8443415341697 144.91170565501915 521.1158074779695
311.93592806976375 137.01377382856 515.0492048514996
320.7168093254603 145.42002411009443 512.4962403081561
323.9843255108566 153.26637539963784 522.2120708132228
320.76419184196317 158.99501309686485 519.6486656644012
325.31755825474886 167.59800981457226 521.2808858387889
318.27739101467535 172.59506472223455 514.397047385966
309.2576381646704 173.83114529833375 521.7275386798062
304.0919410854391 168.4185939745292 512.9588114601638
295.581445000739 168.34900160023346 510.81604647138204
289.14512922965434 167.37894189060856 514.8626647452982
297.1490272214724 177.33360506064864 507.4380551211846
288.59692995399627 181.7406978611836 508.05255315807165
294.11278716679215 176.43124064468955 511.91093589064656
303.3322505735183 178.02665489202533 512.2086138890373
306.7536838215676 186.0030154804152 504.8184697499988
307.0887187990376 188.73559057425322 508.7160489764509
299.4062837286781 180.64994770623423 502.06227950209745
299.1414868176216 178.2659383903109 507.9657725487944
306.51106219917835 187.10893526972 517.5457844934015
307.570531625639 195.1591544888807 520.5451316594687
304.4445740466878 185.21447601703872 517.9122063417338
312.2478220582252 181.65234047774825 512.2498494945186
308.0547742665482 188.17870097098196 515.1706629743849
306.95696743316665 195.32059981483675 515.1795945177339
313.21330559251106 202.50819914184586 512.8616168821791
322.00123551109436 203.23686903611963 510.70462602507047
317.9707108088844 206.74045418114127 505.66813621040586
317.01555284574926 214.25883626011924 514.8364634611354
309.07436359019636 207.24686179077315 522.1849226731645
302.02736906816887 202.8564551492253 521.5825905355829
296.78010900726105 196.11251047869246 529.9883839445583
294.6195801232285 195.26134554383412 520.9303068322937
294.4403605808058 197.82518536414634 522.0618934985323
289.25190433258183 204.3981022581225 512.1034258246228
292.1635975565598 211.47089126092914 521.2089450181975
297.8008363508641 207.39029911616134 521.898475874407
302.1507138729663 201.48855834023445 530.2627569963685
306.27659366697407 197.59131288281313 524.4658441323711
301.86491187347144 190.88317701699515 531.2572106633011
297.3960826995612 195.310815494956 528.3230559399317
291.5256759607791 204.5403920788964 532.8454662997907
293.97014479779943 197.86254961538194 532.2188034502672
292.27596831134844 202.0547915103711 528.5867587492027
293.1872219369837 204.06610835193803 533.2233136200799
287.31282886337266 207.27925851881017 539.2626339103174
280.29890137920944 202.31547570400403 541.1074545019651
272.4881436722576 208.2372973535883 541.1597412772433
275.7118463486161 199.12496755811705 541.7827615079144
279.07078543204216 207.55303427994943 550.4395519132996
282.9912563832866 210.58469931977172 547.1681658233654
286.34765293564806 207.4652212716184 547.1770062065167
285.4431928210167 200.81405504168478 552.4576345044777
294.40919232147246 208.56177104539938 545.053674533285
294.1317688236801 204.03774354003485 552.4605339269017
289.0238745721402 211.92190350859292 555.8322352999802
292.0318548915996 206.87514986204047 558.4320745458256
295.48211704453297 211.67639970220108 554.9692976494999
286.43280967686667 210.5739061659195 545.8274033386151
290.8495491347571 205.31490237144314 555.1433090838003
299.9968316805315 214.7992298205589 564.7633779161749
291.26765633671346 219.20095931378034 566.1199197739224
289.29381221510346 213.63587711780818 563.7961845748346
290.0340104504015 206.41375573414572 554.7242225004126
292.43950294357916 199.57854736544354 560.3893636334341
294.1957036659441 205.4408373116862 557.3455687104486
288.01989214725256 195.61425559754423 553.256993480953
283.57874300364426 193.9638830776807 548.7189631418612
289.08790399396963 195.74794502445351 557.710973550839
281.0962724069864 192.57056468555487 567.3577796036993
287.1746023605355 188.66292591978146 576.6982674234871
281.0177624547244 182.4213468349214 566.9527830911635
289.13596059481375 183.53184338295458 575.8478070602564
282.52914219694054 180.922416564097 585.3782774760718
273.62381122922574 180.22422484668556 590.3747003908192
266.872353793603 182.22247632536713 596.1977056872793
270.7240174139675 178.5175005010244 589.2495233845032
269.9718974819926 173.87022161269886 590.3168021374239
264.8815610381672 164.36486482222645 600.303256329168
257.89526717886275 165.80259647566197 601.0400841595858
255.857268371509 172.15214039236258 594.3493136939178
246.90656838109393 163.11572827088222 601.1321100479679
256.81019805771706 168.29670336182423 609.1844784317393
256.3915242531715 174.9964272221639 615.1828386868699
260.9266134495317 169.106242321522 623.7186743614049
252.53605044979943 171.3505388882366 628.7821991898046
246.30024104723094 169.41863515610015 628.964909748977
236.98695162365473 175.99390253477543 633.5347031269581
227.1602500049293 182.76881131915397 632.5291055140592
220.72821236558332 182.91897119645793 633.2013184304604
226.15093762955073 184.24242652906497 639.4379425990834
217.84905081573723 179.2011545049148 643.4464894924158
221.0693796426652 172.94702473180925 634.871942387385
225.91393602207123 172.2392596612782 643.5600072187168
226.0108036177508 175.66269629403027 637.1960524072592
225.44618570910032 181.71557258599933 636.2909046829085
219.31986598395017 171.99980766447834 626.7750165074326
219.92919773255596 166.61538110759145 634.9639563056116
223.22035765385647 176.11034507560436 639.3497482994957
227.6179835271184 183.29308800161485 646.9067681915081
235.44691253310654 178.3068602481945 644.7981600099131
228.9489300461738 175.77556329215145 643.1197747781206
234.95666491002837 181.9899849782446 650.3944624554609
241.47069234118055 174.7058804066836 641.8417096009811
237.4259658179031 174.22686120199666 638.2294353609298
230.11917424503162 166.25096056502503 646.1612054380217
231.48427844438118 161.89691013159552 638.8465805930001
238.70879000916696 165.56687670080987 640.5678628321781
239.1838739282469 174.97749957626237 640.4739993122331
240.26225189460465 165.76125690099653 636.4260528932463
249.86956398316465 159.56588370879538 640.0219030386343
241.6516914651399 149.78915616912113 644.8733119426367
232.88285266108235 151.23928142100104 636.3642314810437
236.46142151592764 157.5422666229042 645.0952423052233
243.44701785762928 167.48322411666203 649.1935812998128
239.30496643257757 165.92793397732154 644.4587555238951
230.1238989529192 164.19758598020127 644.5601011730521
231.7521194107623 159.60862665970612 645.6646714689299
238.66873366189222 166.6927146166267 649.9767413031592
248.5614815648657 164.23631023256684 640.1041751610944
240.72041710033983 164.43343838742805 634.3780130949378
240.98787679126056 162.42164558683945 624.7711498363013
248.54885366643947 161.53492885313995 631.0658968213004
244.15226053901338 167.98988002069453 623.6026411551395
252.0997694078538 176.61253249192325 633.0628934844593
246.2323375507716 173.04577614255194 641.5173744199186
237.2740636131822 173.01204077832097 640.6188302173038
236.01419304749243 165.455270511595 642.0883305125777
230.0582459479147 162.7437475039941 638.0737538048044
238.0702457877989 159.62945397919484 633.244299847679
242.53438515095155 167.70785541456894 635.7325216123246
232.61037971033704 173.1541018935459 643.0053743950803
229.3663162845371 164.6086939089514 648.107871933078
223.9126723067241 164.69591944960467 652.2507821250201
218.37977948230085 166.58714064575403 652.204989755274
219.76828400465814 160.10563569907748 643.8231887411407
223.73767761462494 167.61846344263992 638.307701493591
217.77540850154546 176.96851127997292 642.5135493442647
221.95437012535587 176.28770063886026 650.8175058267559
229.20753782584973 170.50857602840435 643.3823732712175
233.73230482141494 167.00577193929857 639.6228784757383
225.27745984949004 162.33034645955092 647.9638724861213
222.1173247212154 159.14511795514565 643.782525211394
216.62036254645034 168.4439867125847 649.8510221175421
209.3782273337286 175.89930838253878 653.369875619201
214.17794388854773 177.5711774288295 645.8668069906956
215.94848696348373 178.94369213682322 650.9901861854147
224.5474570888064 174.4601290827477 655.8028268315469
222.15847164613385 182.69272570343128 651.6129885226645
219.20808833930113 182.92421930347123 655.4270390635482
210.7598389680723 186.14025006678122 658.4845023435513
214.0169257255114 194.2443366796626 664.7656702790061
216.26387140700064 190.6898237929647 655.4636101021622
210.99769602904763 184.25369743102144 649.6190797360783
207.33315657582378 183.6479562842626 657.6991096970985
206.26790000441804 186.83984270231917 651.9272114008924
206.43285906345486 179.00781905013076 659.0907304279305
215.5957016066112 178.7721285623811 650.0705606422342
221.98383522854536 182.69747945034572 658.7088177702326
218.75215726905927 186.43027414002736 663.3840114349301
216.10063744557164 187.16032784448834 671.9032237242692
220.85794409633317 181.9031715574308 680.6611801372078
230.39074269203036 184.62556979198342 674.9881387540112
238.79948777342682 175.20058082015328 672.7769668967342
240.8183301804765 165.63965963333015 673.5950383168544
247.92926431359177 173.5996875308358 670.639696825883
244.19781284370455 176.48575941270886 675.3024935306202
252.67972828340243 169.8288447286495 682.7705392363291
262.0123591217377 176.71936347938623 691.5650923933844
267.7208465417371 182.87706449135953 688.39199440765
274.61554529206194 191.721680781741 695.4072519494878
275.50200448408503 197.16071328671913 698.0554661098103
282.7992097701117 204.6345590010354 702.9203369600868
287.8583090438237 209.8814598854225 704.0730590609691
294.2174882456898 211.32078576299122 703.2240092658783
301.5929844729896 210.67272733285057 697.3802030605078
294.12391311160377 205.03130712228472 693.0319309818501
289.11749338659 203.3732367503374 690.8743687835436
281.6769729103838 196.50577156509095 693.9267562778838
280.1878280499438 188.88649296520146 698.2473622522617
286.35015697670104 179.09924918478663 699.1961693674483
276.8011223462321 180.39501641638552 702.9719167555346
267.8237730264527 171.6318992845513 696.8280953439881
262.72810179234335 177.14730430814754 700.8447482956789
259.1991657260384 179.6248871131532 696.4641005226802
250.86553094177268 182.18101823659526 704.1718880609487
257.8651602876277 181.5132012115923 701.3267799725782
250.39577898631245 183.69906541649834 693.2584706179462
249.5835831945229 180.92441100195848 698.9065646837785
258.14160062455755 172.08253563052892 692.4913034857575
263.8941493456924 174.0224110916235 701.7991744200631
272.0220668850705 170.67125171182707 707.903888800857
280.63174849957346 172.2933643873874 714.0377935824501
287.61160456612095 175.07185254819248 719.6258616989556
294.90392445648644 176.60666412567124 720.0683442867071
303.84746383542154 173.91969597639988 721.1678234663528
304.44941164596224 165.15588882581568 727.2197759412948
300.60712232383315 171.4575953182902 718.8502948304911
308.4492884266653 164.69908804462955 711.6229240930435
310.7605626138675 157.08913943554208 720.400651677067
317.0967991848666 149.48532920710144 714.643120353092
320.13016414052623 145.77740876081904 714.0289473381777
320.06713403767475 148.04375127696858 715.2854793994168
326.53111243616485 145.46388806464836 725.0497781324306
324.4607494700106 135.9154716965113 734.153998818416
321.2264574409222 126.3492532369694 737.905983400373
318.6471521982085 134.75680902159505 732.7748714161463
322.70187695480126 131.3704967092187 725.8191345752608
330.62870000979325 130.3056565021708 732.140120208592
327.74104844657523 132.54527368401205 729.392949241731
336.647086458122 124.91235373167041 726.8651990788134
345.768709818988 118.51509813465677 734.137828097624
354.4674189888565 110.31069216058205 743.3453375566891
354.91563075657314 114.98979158703193 752.7684777946428
363.8188920878743 112.58250050887679 759.21773351028
364.6194574178868 106.32364066501144 762.9987370857945
373.3776868498792 101.86795540864759 766.5206050736901
369.423735201357 109.6931183201529 772.8454289030026
366.66599607720013 110.66137062179901 764.2643466261238
370.8421953934224 118.13757171021948 756.0619694999051
380.06151419021035 125.72207217204117 751.5654555335776
372.1360700590755 122.81508226710876 749.7438955993774
365.22182657191166 113.64863911469018 740.9368012957584
371.5022195650682 115.33625399320631 740.101839741806
40
238.66089788293152 182.858043799259 636.6898896693044
228.21784457285582 190.78764884343153 624.3137447039913
218.32389805962524 174.74550647683228 634.0530632758107
225.13516760639766 191.23588592043075 643.4903567967139
209.17444406432375 179.38415477667016 640.2280087402207
218.7025471736345 176.94501944602976 630.976704946159
228.20293165207326 162.55974104649886 639.308481231738
232.47763476422932 182.46335937860854 644.2957153983176
217.16854812147307 179.30189456238944 628.3888244829856
218.03122747926656 179.18775710170536 625.0065618574547
224.40666500352518 175.38991797396125 635.5758703132207
221.83756390239262 182.07892549141377 635.2702692200917
235.9458104624008 185.39366507932326 651.0353223189085
226.08574200193246 182.4202860970549 649.0886548880994
219.14300596433108 172.43753490157894 651.6568511802426
230.37853286423277 189.8577551292178 657.3637400780605
235.53300490438787 184.11215877320996 651.2480018684665
246.75543107447103 164.22966803568164 639.8282389103061
229.88134382805913 173.4140913501238 637.3492645983179
223.33199758299156 155.27241885344802 644.4986869601264
233.10642020324747 166.7882609200712 635.2582677070362
230.08146934572173 181.49381290578245 649.8378674998337
240.4894443344804 160.5224027368807 640.671663846949
257.3624743356497 165.433151203668 642.5203447715598
237.68389823950872 156.74777206963464 641.6592107074496
225.88286625404584 158.91716061317794 642.4216257434205
228.4363404822951 153.00756375423035 636.4002867783748
234.73143946260134 171.7757173971144 640.2148006239019
237.6116932640141 168.68450217780264 647.5498195022606
225.6684412256424 158.64764453947186 644.7222533606389
231.32038425504118 159.2816418129485 650.45658590982
230.22613417289907 169.4846632576946 653.1839846579539
248.02854400546335 158.47879008408327 642.0870885769839
247.7211651100642 159.66986229152894 642.3451259536096
231.69129452826957 155.5500731283961 629.1312833711393
241.82682199847224 158.26045415901876 629.9540512345664
239.15125702250734 163.04426917507487 620.8206840189238
249.07709437431396 171.4510024202313 642.7894389051353
247.32012289872335 181.8279215002608 647.2984571120805
230.40493530745553 164.39381365166213 632.8332653652095
