1000
365.82058870379376 287.15577814752754 285.02059058664696
363.13575980185266 289.13558532470586 283.15302109736643
361.401873401623 288.6862993746481 274.21571882340766
354.3078071321767 279.5113633013435 268.8953421324975
345.845094703449 285.2016578832362 268.2857438705336
352.20793861205397 294.0439305876632 266.83727294220824
361.80979048176727 293.201225471621 272.19213398762554
369.8220906450965 290.7115236233223 276.19948761650886
378.359176963615 298.11400504750094 275.0237415427414
387.1458731816609 293.96595343004657 268.4521284327801
395.58874559592306 290.68336374116313 269.24977567598734
396.8060329497517 297.902996907555 271.58948963637306
396.6336071571586 290.8995429564326 269.41256780656255
399.25046158820805 284.07874637745635 277.0709846432038
396.8743715986704 291.1512250397215 273.50414956242554
404.6428794682378 290.452680310219 264.4910984232165
413.6088900448746 281.4944167112268 264.7350451534019
406.41627299016653 283.81560950171934 258.32487627671395
404.83099729728065 284.3020205772113 254.42570093983605
398.7034460295635 283.09746660768025 249.28642158814148
389.802974593168 291.633276857504 254.23330465101355
394.4260734075727 290.74054294611943 250.25674114462018
384.53395359801135 289.87172834292204 243.17455063799687
390.8200366639491 298.2492007169029 248.04417770662715
388.7035624668774 299.8960811385308 256.48399260748465
389.92023992187285 297.27854082403707 247.87376062136244
386.1021647785885 295.9232991563477 242.09824885772625
382.2215176754547 286.96055198954684 234.20345435781175
387.496156862308 296.13943339508717 229.60667612249563
379.4707421534219 296.92035454107327 219.73750104866832
371.52683908815976 303.87716357297586 215.65001234533486
363.9687228218528 294.23126550586727 221.41314804995986
372.6724171436558 287.508814981478 225.99097466249478
368.2874822977139 277.93772568527066 223.73810113644265
370.32222351120777 287.0907009646676 214.8633022476275
376.13360826563087 292.9711221480572 212.12037701513913
376.75631674170086 289.48089257445974 221.02761704618982
379.8954484410977 284.9929415835574 221.1915814638764
377.0857150593831 284.0112075329118 214.97979047473837
386.3373997523584 286.7863192933587 219.2404928301263
394.8503136951204 287.27534590624407 212.57211734415006
388.5771257703144 277.9282792871663 214.96170863925352
386.2229190477699 284.40262034371324 206.00327312319976
394.5472747884049 276.1318226732222 212.2787106196252
394.1098341033295 266.65617612055144 209.53323521008983
390.954323672073 258.50885530334347 201.46376863568156
390.8223459068805 249.30244064032814 201.33185726859855
383.11692809808477 258.36342178358564 200.86634850510436
392.0767647404999 263.10017335613276 205.11490248245363
397.2599732657051 268.03779998604307 211.54409057702256
398.50119230015673 275.35575333154634 211.2747763839365
402.93292674577356 277.05917133096295 208.92947225642195
404.5563932684379 283.11333046873074 199.20505964182203
403.59940152230126 277.9258108574667 201.3760233695779
401.6194441421387 273.3144494675835 210.2844962903769
402.8118760802461 270.7210637124639 205.7198266514011
398.71021502619925 277.0240858530622 200.51072175285253
396.30419393400604 273.4215300123167 192.1654332623329
391.24780312334053 276.36212592519126 191.72251768879323
395.78466388747586 278.23874885187627 190.31332264894922
393.3720340070763 281.69781710561324 197.18836254150392
385.40307900992246 282.3938511810968 204.70851157595177
378.05935596195667 281.39017811552077 204.86684938947067
370.87688058123564 271.6865657435579 194.9668793738114
365.7721696012171 264.1016129185376 199.38770578186507
365.71612814235533 255.56175883724143 194.42482303607602
361.2130440063059 250.70578638274242 196.91651039861472
369.0435902521721 248.71902567136095 206.64039883379056
379.0035294034014 254.83791430689905 201.75392513644104
385.78347310365507 249.02166078007463 193.57444862298
385.17335545786773 244.9761892850703 192.79334020023882
384.5050743624025 251.17659016071644 197.61694943198893
377.8985097988739 254.24432747440378 191.15058051470265
386.74269197097794 258.246689880176 196.4485504726812
394.4240347026768 263.94558583946446 198.36294371226955
392.2756961588663 259.89990920398253 199.54222975294755
400.931804875591 251.35506120336873 206.5000317851622
403.74340395438315 243.01757330247682 209.04456461829798
408.8844871199969 246.71446048794738 214.668976323406
404.55208169517675 245.3507389670312 222.75630549724482
399.7611866213718 251.09520006054132 231.20748286066598
405.75458235148636 251.72597710147093 227.8821750623599
395.94852243123944 251.78082803618153 227.0989183760437
387.93646958745194 261.55458360790783 227.11676031237712
385.18861631756295 269.0317358176252 228.00712327826608
389.0435005335423 266.1480249564546 220.9526442343438
381.25813500681824 271.71498387218264 217.3838387739361
384.4594490047388 271.7508216455135 224.87367808874043
393.2001510240679 274.2437010576676 221.71927568823045
384.96400614067164 269.52983624139574 219.4052391558147
383.1178639710094 272.0495639133821 220.10232473760396
378.86937770063986 268.802208662588 222.83359555223717
371.2703931284638 268.99806311009536 216.93026903397313
376.98732460841796 265.534011964822 209.89926746755057
368.30665388134696 271.3366253640462 213.34464512898208
362.9747986852245 262.95675586343884 205.5656152187061
370.4833598183547 267.90720540391015 200.99087439161778
364.8832121951785 258.09449185529485 195.9113527154864
365.55695469611095 263.52262686405857 195.3040942685665
360.9789694065211 271.7131650004357 198.94919504477969
363.00149489873326 274.98433782905533 208.51424063576923
366.5312674143433 277.2507611332605 213.44423845461165
366.09375922169767 271.90424202912715 222.38215534269415
374.26776630744257 267.4731133100669 216.5004568149705
379.46940044175597 262.84710986459515 217.07591179739654
382.47041936225 271.20579728553486 225.70773339151012
390.9853368956777 264.0890576907025 224.56083260710776
394.3833558746712 259.06629901781616 226.0039347035317
400.3763195919329 265.56622947603574 235.9205626448879
409.5151996106528 270.1870060381356 228.5281826184508
410.2433798327864 262.3961895647546 231.73665912501053
415.59061009632643 261.528474636866 224.26904926870284
421.4893533301422 255.6020039083013 223.3849689015411
431.4891310957785 248.2416081484366 213.79152992874887
431.991141044159 250.06784591218903 206.26837570915086
440.25667780731266 250.0581787793786 206.7424023622138
446.0760118629207 251.95968225630025 214.8390873587745
439.4299641213693 243.78562178451523 221.5193768790478
444.6470666048052 246.68870552801346 226.0161745711153
446.79698448970623 245.2050344779537 218.50900926897808
454.4470686506076 240.97579568408133 228.34366400842305
461.22165402374503 237.97262176085258 226.39974348274401
461.27792649843065 233.00411387098964 221.73693832437172
469.5240805167239 240.16733828473423 216.48880558810308
475.2517766606035 245.22427487901246 208.2612679120907
465.92824624048444 250.71074504784985 216.94904259858953
475.1289961251445 257.0323080269751 211.95145871275855
467.20409552409194 264.0895324519437 209.85167216451927
466.9572594277724 256.00143576157626 218.098176276897
476.5866890368348 258.38922190946715 223.89379968865984
469.17478278827 260.089640427082 215.36332378180978
465.559933499162 260.5086912854746 224.47602221337291
463.78344247822366 255.33105058342713 228.0684739495119
458.14948332703074 263.4254256282488 230.79393780367872
449.812991236198 265.9544167645902 227.46248598299658
454.49745837244245 275.67444999545313 227.19334877924322
446.7793821350868 269.39358874865906 233.59172279837017
442.53163227377803 262.04519502705875 232.9471909175352
446.77422910965896 271.3680290428198 232.2870431622553
438.4345624567717 264.20935355855033 230.96709546579262
445.49344789538935 259.3912202317934 225.7801219850852
442.71373252756285 252.45725811243304 231.62346198242986
446.4174802116882 244.4059974018788 222.38484446835596
451.615015293809 244.09895073025257 218.4883652525786
457.937213911772 250.73203620047383 211.97631348069956
462.7164674662027 260.0242957355301 209.95187850939632
457.0925007398462 261.8706249586193 207.36651663398308
459.1305559997552 268.69753925644324 197.52546456967684
452.3315328379343 264.63170389870766 196.51880348556594
454.7278405622408 260.004270281835 188.81652982848513
449.6706510144202 260.1018033504304 182.41674377437522
449.95279871212495 259.63691529318 189.38616842148065
448.3922654983315 257.0818068181559 181.43813701583
455.2812850732104 256.2534843352837 190.56576535126473
448.70345109891934 259.9024428242008 181.43522615144826
438.99186976710143 255.08521688158902 178.44005893896878
443.13624404867033 253.82647149394873 186.2294721242326
433.89850631976253 253.78284064092503 189.0294025177742
442.25007285639487 263.09863394633993 183.0115304362808
441.04901799113617 264.4065791213977 183.03610230819388
431.8910413223765 270.66925398018594 184.84094915759206
441.25335097406537 279.4315150265205 192.22250721117
437.6672828858178 285.8592656976941 184.67043883283998
445.9076795677176 278.3782137131458 175.73713779337405
450.37114596039225 275.939729284585 174.58658551713364
446.85432884909085 281.38245631225453 184.5175145615012
454.96699321340594 275.2268581190095 182.2291641270394
454.07470656038515 280.8149056028583 181.34029811784026
458.9630772660665 286.26730075269984 180.7549342454347
451.4111937286 278.0530878652564 178.2030638455782
457.76725408870726 268.126242315718 187.7094579752418
466.1036604385841 270.6839571665063 184.4012340684679
471.1383131619253 265.490609467325 192.97887653176016
470.1073424591358 256.17093576691497 195.05025393629455
460.49609582442827 257.51818709628 197.8754849716212
463.1607639587662 261.6053254729848 188.79563146421472
471.99937468454385 269.64498061526433 189.4824940268606
478.19775897423546 277.9185943295925 179.8937911464329
468.6748594368122 272.26655224714597 184.76992844608844
463.26955439118177 271.12320768834775 182.18908425481558
461.7474975665511 263.6973617306634 190.33916587159976
465.6207783046319 258.3644795760337 184.7610411856624
475.3392160636015 255.88056668312808 190.785958852393
477.1396187560889 259.7718846473383 184.8690616458093
472.4936791090565 257.16254290301293 176.02112282335509
468.32076694311326 264.2174207184957 175.10527171518905
476.1668964778894 257.122013062497 167.66920409284546
472.2897535294009 262.93401133448737 175.2866870813521
472.973778395979 253.4508167627095 170.82775382266615
463.39950535599195 244.5451318924788 169.96340646005672
472.63307091299396 247.6335614800183 165.66964870116075
463.60499698152745 254.94501084482826 167.88478930286558
455.4108571453341 250.87048460157735 170.48211464338735
449.0439389167139 243.7331705710117 172.44002461068433
446.1026931519359 235.78164812970576 167.36010982362578
440.87263686750015 242.1155147056975 173.3044993142978
444.48472441050666 232.5461172310297 165.08918845306368
450.6787465115699 228.9746198817362 164.8160411044971
441.3616832157279 226.2430943482676 161.1623519416616
445.37157251339715 233.5613585200525 170.74957217514486
439.97757450076733 240.92159035844506 179.65376308827166
440.85265487825313 240.1278990976404 186.47938999467368
442.6280322933797 249.56382354795556 189.19469574286288
451.44102235798994 243.658575990235 188.71613322227267
450.1630068694092 243.68386603683967 191.92366660898057
457.3448368436012 252.08182097698113 195.8296224067564
461.92096976390906 250.16057006086973 189.94002075718407
465.168570576598 241.49026180293527 198.87912159315505
470.82793348041525 231.69567959566618 201.46168192078386
467.72249159695343 222.97418242891968 199.3215491258105
469.9749257999589 215.0741615172866 196.54254115650124
468.25620744379955 223.77179521684297 206.15088411056342
475.1386427645354 215.14801800936726 200.6057023614603
482.24363095740154 208.97883122329475 201.5744665786472
481.00775560978326 215.93753693016728 208.77336954160486
471.45073869765747 213.85357452985102 217.99884421095837
478.94496285415795 215.34509598754437 220.84296667347752
482.8178254317423 212.774540443284 220.86390786154396
479.6086099271148 210.60004255570857 219.4554695197814
481.82203806972024 217.46375408659128 229.32947515049835
484.0043589026686 221.4495124048203 237.08813793921337
485.27664801915216 225.30098107813896 244.74547953638557
484.6368226122664 216.9109593418637 239.82164771313055
482.8041030143767 208.35994188474177 241.73071577251304
484.9398830576843 200.17332203482576 234.37065428807742
476.89867340038256 194.0018874822458 237.26134984852337
471.46198715017186 200.6530641795024 238.2925439160208
477.21170397387635 193.6951020241614 239.47502220850944
478.0417315020515 197.9248032878141 237.80271674720098
487.0063596852505 192.25019175960654 233.8282363148158
490.84123707804207 199.1303497255272 240.16192292074948
486.3141692151162 194.22261142839355 249.60708950744703
482.7783577692577 201.8245227623872 256.766321547515
476.9515318152521 202.57935522156058 263.45526971699917
486.2798359222009 193.58506948885773 257.16506986000746
487.34791595430704 199.51649091770793 254.01016268741836
483.9259791458146 207.04296851590686 246.8107976536833
491.1325669987387 205.0838632581373 248.70634041575912
483.65316818634625 213.2235176989635 241.37394855307878
483.9903691845244 205.70527724430573 242.66689610662056
478.7296553673886 196.0546142256956 242.31015622039482
473.7916966486526 192.51738664899943 247.2222662936838
481.54854794428314 192.4721460173719 254.7998348481352
487.2211840380409 187.98679716375295 250.20384874006825
481.94296099631896 191.46071385511163 257.52915983995763
476.37809255409627 188.8982514438492 259.8854245890997
483.4893122365389 191.80027385108133 268.22741749829555
479.8692276834372 183.02168493339997 277.1861178317546
476.74674228481257 188.89997049017134 269.3559745349996
477.8658569200051 184.6051860791329 275.1325155119281
482.44927069932476 185.7558769502883 279.89450149046326
481.4106938833584 188.81779043542468 275.29210279432857
477.8084538775536 183.82616734560995 276.7610705388572
471.97377542043785 192.05484331453363 283.1987858958463
479.6250905247785 188.83611865952304 290.2211584619103
481.6170826008079 185.48587968591843 298.0860911983215
487.0473364243072 186.81105186968833 307.8065336528506
480.4769070801684 182.6112414207239 302.52424809869274
477.31275062820254 191.2351619997059 297.8826354151825
485.25349716924956 196.71909720129833 305.5609159627974
478.1246594836204 204.00155859164633 306.2680397053542
471.3067271358451 203.22207801206184 313.7755770806542
476.6000736277002 193.4514922155554 311.7783488918119
475.83403743669965 187.12947735423083 316.2921384568953
484.06111132264266 184.34926863170878 309.17585939513003
490.5814626714706 178.67868775246387 300.74064065239537
491.6686746447741 180.37002865579797 302.8431259344278
490.7847523948156 182.05485715920818 297.6762614752921
498.2189919545352 191.76392774804597 289.1606025100552
494.17404440281206 196.06095252300145 295.2181368779592
492.97079465544334 192.0658469461674 288.5464268735535
492.4371846716391 184.46654385666173 293.31340831767005
491.6876855321629 182.67458108811343 296.96341443489155
495.2476957190255 179.41867634915397 304.31384036618095
503.50989019344365 175.9872462675373 304.6176031506011
498.61127749605225 169.1157914683082 310.96446371581607
500.5149711701275 171.1311951006257 320.74673989380665
492.16022285879 166.45033327859258 328.1469213559743
494.99919790791796 162.3195156644654 319.7260885671365
492.4179936233659 154.2940130053825 311.5342895375738
493.6088148513267 164.00871860799987 302.97326849593134
487.2640231606938 169.4826899482094 303.75751702166406
495.64256530171417 165.5189621967348 303.8121124798585
488.95141940877136 160.70673289063353 304.5756993210329
479.1513980729845 155.86707781112156 304.8610989152047
483.97580856543783 160.30066914951965 304.4689260867034
485.22854241801406 160.86631247118734 295.3115831126563
478.7545025238778 164.5211427361078 298.89116611668413
478.5540848812309 173.800932949242 293.6553617580091
483.8781370532622 177.2903289413427 289.82693014686436
488.8890942508112 167.4769215807837 287.36731437270925
485.77887156270623 174.49949042455813 278.22937587860736
478.9473088594678 169.94360134867765 268.97820357146463
472.2176249411282 160.37825954241677 261.8307523815477
466.1745333505781 160.9382918932147 269.37912205008007
459.8592953565413 154.45566798533002 265.63372998418885
458.35325891946474 156.4747565501688 262.9439939976942
456.672500315638 158.04520313736757 256.3620392614164
451.01888044810426 157.48255448666868 249.8311700232223
455.9847550779506 153.5469023311748 247.34325888887014
461.68057214272307 156.70197608626387 251.650550135971
461.1912233349947 159.5206819603139 243.7413313329315
460.3244120190284 157.13321989762326 246.12791748936016
463.48303339965435 148.11342104638138 241.87031939430267
463.0555311937786 147.3234500020513 247.66019736244323
471.9671795739581 154.85382372775842 248.96545842716773
469.53620710976634 156.94868856996305 244.45603405431774
464.4407599161785 161.95202845461563 236.35532662409045
458.7566756376682 168.74971469689177 232.30419218415457
456.9312451213018 177.22387787590003 231.41103593972502
448.9637686009895 184.49356810408938 229.60222844940776
440.5243246585609 178.2633904803798 222.6748157988496
450.2247891705891 180.13758536781188 232.63886893454304
441.8835213649291 186.21179845327987 226.9057411333
434.5664219943916 185.93951828390698 233.49174817697212
428.49393968508883 193.34050899428144 231.4894373941867
436.55016570235495 194.59290095841374 222.44733040660807
427.8022951126007 203.37354966668107 219.17844955774686
436.6583846851687 209.11323438042825 217.49770901245253
444.511666283975 204.78823256958648 223.97312748737883
435.42360249794297 212.50308867844015 221.20466651148902
440.6062325774529 214.27745812228548 225.83715732181193
440.14370905697893 212.57281414816603 234.5965102110074
442.45419122508537 208.3507593073069 237.80372374507473
450.3389659948577 204.0490637830682 242.77689082786895
441.17088381775045 195.93338871241235 248.46076546041482
450.45789554025396 205.29429206094915 245.85446313003257
458.3587739004237 208.08490424555964 237.84794871329802
451.51437488967497 213.4621297571501 244.9327546886743
448.55196667583976 208.57922526768866 252.86299540817544
448.9725943625702 201.19290203141907 243.82308750489727
443.4761930292331 194.15166543144136 234.73916879107844
443.4501808413892 196.1171964854646 243.41266578104182
434.8968755893597 188.616077776774 246.14940634584465
440.96524060811356 184.36990359313768 252.69660228532584
438.3873988442333 177.03586625817934 255.69239229242442
439.88415996406485 178.75639994759334 253.92828038888194
430.29908358244376 177.54227800115459 253.60720158620563
423.1912547167425 174.26338825533702 256.82375963981474
416.0728094346194 178.38799595084606 256.37398236523666
413.4359300142566 176.46241393617444 259.3923472964388
410.268982101145 180.67747670350857 269.1123310916184
400.7065782309979 188.82564297557025 277.8565824123513
409.57686456266714 183.0998480580512 286.52100284571907
415.86015222597626 174.4535846024148 295.25119147127646
425.6006341660687 169.0910584989928 302.0092587417596
432.82885441916983 170.5127909079405 297.590871255801
434.03420956684715 171.72297482109352 288.3714122117053
439.5136506213543 168.13804373780945 283.30223280587603
430.04172674785923 164.7007178111082 292.92031333538625
434.25938098127244 164.57369173021368 301.4747959613943
429.86512039644333 156.93156839305595 309.7331419331116
431.03802357613887 147.10429648049853 305.1587222337774
430.1243041771649 155.77811870164544 300.00191303166054
436.8973272997416 162.2217166361854 305.0411583345099
428.04106776846845 152.54730507813574 309.28737343909637
422.84264522363986 158.45019411745 305.8194119272556
427.9858181250007 167.8759591233074 305.27378323036
437.3474481018793 159.18701619916965 302.1305660097012
437.8425997490432 156.0486400146741 310.885581582365
443.4032840343149 162.69395662089232 318.3284579006136
448.32008246479734 171.38660418265144 314.8315795609958
456.5672730894373 162.42624077082706 315.4152784683382
450.251485863738 166.4014705829945 308.70530732551003
443.65143640659176 162.80749731353401 305.23188857289443
439.2688044103987 160.8915597317766 306.2522232164505
442.8259985316619 160.96672355560023 305.05910192549123
440.637206325913 155.1561504695721 310.11728902419645
435.96052897838746 150.7652384535797 302.55363175941716
445.19198946664204 159.257135174893 303.23288536406017
454.5008616965495 155.28299991411265 306.3390021246034
463.70026191050715 158.65752920095917 298.3812232666154
458.3885907390382 162.86501452776628 306.6771322315499
452.01637966369765 154.14530267283496 302.2892670488202
452.9338542882371 153.1509026863512 294.52751673120065
453.1131258899736 161.93653037178953 289.45648191754026
458.58837279385887 169.26098456805306 298.3577343028292
463.4437904260744 166.4711648873839 301.38634154215976
466.96216777490326 162.7007306837704 301.15170761278085
474.35438988859414 155.1619109819283 298.04802019808824
477.23495654014266 157.86250915373057 295.5905010953946
484.3702878055254 160.77167400631012 295.79855229168413
480.85831172905415 164.28877281532948 301.5988409412366
490.66340716695635 163.79317427651947 302.8985872293358
497.48604308415037 156.90490242860432 293.2949590879064
494.5397985938061 165.8500907019119 289.76811804210234
490.59035586465075 164.09431110248957 288.32024723134674
482.08011743886885 171.2167293071387 292.6108824785767
491.80557553418225 177.7617987267355 298.7395161003808
482.0745343163792 185.49113716751407 291.19610626444063
489.49368207336516 183.39462094441748 300.01720854566463
480.85000008600474 190.07752424166662 299.76772971912317
489.1169454555167 183.32193147525024 309.30458472044415
481.0168413543828 191.0026189614337 315.1229067209975
482.7444863768785 189.08375472841234 309.4597971578433
479.2637137109964 198.40818007956815 300.98933231937724
475.1283266424935 205.99945662919578 310.94368350904705
465.6546855558216 199.2298181438247 301.9694838764964
471.16395821937687 203.01779500698498 293.9574532932215
468.18413073619644 207.38188734442937 287.28348059159066
471.07855797250346 207.35239959592118 280.1460827171125
473.54361237591445 204.66933668514807 280.45458235052115
478.78448118003234 206.78436794618224 279.78736801958127
476.74897736924083 208.7712364565268 270.5866384218246
482.720324686669 213.6446427582729 272.30891949854583
478.7375787764614 208.70890126001152 265.480257341688
486.8483950263688 213.2911373398419 261.6018048614968
482.2538246103468 208.3756712802022 263.7193496766376
476.49784241512623 206.3387636041744 257.649026066787
469.89079424828753 214.5710433315496 248.06829834790955
468.77816143512086 219.01905339877914 252.8406653379672
470.3128407309625 224.0488836783636 249.35967196191382
465.1812640805007 228.83340665427238 244.24004984770207
460.7221940563572 229.31477740930475 248.71575049771263
470.46302925676883 223.6412158622724 258.10388912658345
471.3516383184787 233.03708360954977 249.24555980304447
467.3913248794972 237.08604451718887 239.3402766117536
462.6234269847071 241.55607615487992 247.75287410477947
465.5398028594947 241.4336759926337 241.6546560892916
456.1068071539419 234.87746833986319 243.24767551047066
455.5609584087412 226.5526783307224 245.0608648425768
459.08652319236677 223.10837480064862 248.2145224195439
458.3830233664541 232.2861526968042 239.79636730096715
464.5376820540231 239.3314656555289 242.5255061186272
461.1766950650985 240.28972411167044 247.54358293864252
454.91240673128056 246.21414450378052 255.75860289133098
451.0649661917847 241.94064067980918 252.32129255921282
446.51312708853663 237.4566255578594 251.55636831562524
450.44988845768455 241.68676656407942 243.3546659172222
449.062423893471 246.77279626991336 237.65342393456748
456.776999867867 239.24985678343845 240.21601487195517
450.57023801994086 247.4627612655012 249.21175990953643
451.25650679810934 250.41472442098532 240.87831479557883
450.8148168401409 249.6077729105215 242.28493744620516
441.65426348785513 242.66662777720174 248.73899644361413
432.23409188227146 244.49892336868072 244.45724999673078
432.4187768462475 240.45127209466722 237.66919569717518
427.2484876506848 232.1467444378607 228.27116151978007
432.3449811988192 222.5737808131144 231.4068240990368
426.21452389953623 229.7240537868815 235.52600526654166
423.58588697263247 233.72169823085292 241.0124316547476
418.54158390542216 236.21511268811852 233.20968224024722
413.7930761564656 242.90818332218373 236.60217951787322
411.3103573573181 249.98046503050247 238.90333614750134
417.48545147413665 250.95589510270855 239.4713695349891
425.08256704885247 249.31137413020207 229.60491578890733
417.55235907576804 251.69597620691232 237.74692744681417
425.5064409063453 248.28648889461905 228.44848283999877
419.7017927464148 246.35983001375212 223.56514984816684
416.7405926120604 251.4096180149852 214.12727897491672
421.12651290103815 250.16346268361923 221.44727049555925
425.5317701390816 245.23594509066788 215.17514151508064
435.1677772627719 250.68941253937325 219.09472145700994
429.6808997457729 250.09921069267574 218.61130754242382
421.7229866335883 247.66440564592625 213.13768784808246
417.445816169718 242.32809434847292 210.3353872524141
409.8297905240811 236.2069202527435 212.85730321156996
414.78422145122573 233.44254152130046 213.67799372501554
409.3661407103218 241.03803600950928 219.2852052905196
408.9942900203547 234.05061552903683 224.3515574604162
416.95172299950127 237.36261395583688 233.56250208884634
418.10068252527253 228.82470673144704 231.2638526939009
414.89346616783143 236.16649612959452 226.15709892228912
423.96154529490735 239.26019379211166 229.3107352370609
426.37285755333767 242.0385644428356 237.0369165306823
426.5406202615436 248.20348997179485 244.24162364686615
420.8943582873218 250.0210301978301 246.72830047146851
424.28858190736105 258.15134080464026 255.82503042258938
418.79100130330255 262.84390915181666 254.0882632634577
415.3290327364997 256.7563903513587 251.95572301079156
411.25019803459185 261.95070464107783 259.12314087720927
406.5741863679211 259.86570360868893 261.2853403838458
401.8706717506737 257.4385191843288 264.6670943177334
398.8457064608317 252.07750878125347 269.3219287904115
392.8558014556837 250.68922815637688 270.1227583629887
387.1294298381347 241.37592278982953 279.80905310470416
390.0253476166347 236.75739469291278 285.6025362879641
381.3973397397184 235.1269279362968 290.5688979960142
383.8561832758568 227.8242059723887 287.8500282004152
387.4426022178882 231.739376070042 282.20558096324714
396.1891623335762 234.06443680509642 277.9259525312275
405.5116694337285 239.90163502845542 270.52368721283705
402.1706199940911 243.09450369257283 275.5876726064445
407.663028532118 245.2493092975197 266.19819873148225
399.2946347575593 241.5276137748303 262.37010051290486
390.79315494424435 232.1836510480497 270.2602923712472
385.01833584577435 223.48426060453383 260.67498154479995
381.2356126283342 223.9800388561253 269.24719446278567
381.13104001819386 227.27858780355035 271.8834550436288
390.0221985035088 221.27768725644634 278.111065537395
388.2205643526865 230.74535840098608 275.09636363958464
387.6676031440845 222.81162751077062 266.1924184102727
387.78987095939135 216.11320862591265 266.68270376092704
396.29866422555995 214.87683913399715 268.73740161745366
392.55440805831364 216.960167579138 275.40593052654316
385.08021494996774 213.85585195455417 274.0766021655503
381.5846584103944 216.47364059700783 275.24167431960103
376.21491903763604 208.58870602337757 281.40397239182954
374.0455031058775 199.98669153818184 281.8109518875603
382.0686432004932 205.33970000150427 290.0231580826549
381.0215005902361 215.23634202516857 289.548455281473
390.19507806890846 209.44754195922923 289.94935672583955
392.7045297133174 203.29125964052582 290.710991204434
399.83956873823314 209.702712703919 283.36328925413716
396.04965604788185 214.67251599284347 276.12300334418353
392.5132134649654 209.03590585206234 279.03402299663844
391.90999248029794 211.92581301794945 280.5649492378232
395.5072458796875 205.12133796196096 290.53780069074935
401.6247501127124 202.323789442074 297.729697383319
395.93833893519803 197.44495764265747 298.8060353524681
398.2769794549496 187.85107302346952 298.3311774707501
395.3988947271945 182.3677248189192 307.5403130360666
400.97087396982744 185.8237174690247 297.69451072222705
408.44109255241693 177.40538450316535 292.6139584380557
399.09730293821747 178.63755254861016 299.30069043814945
389.57371847664365 181.9226484081429 306.87844857240736
382.5758492980561 174.09515257424866 301.2265470502968
374.20964032293165 174.30839778511756 298.0622700187761
365.71412913854795 182.1706159433326 304.57346976227177
361.58943443870334 180.29677684667456 300.3731658623833
353.60608058337306 183.5008258513872 298.4167879436664
355.7055924771309 192.61439767602548 291.76039803976414
355.87533700242966 188.87623163754915 300.4921047288352
359.5614132610306 187.97600210815526 300.9807288840294
352.38172704912506 181.00919181223026 304.86979281396407
355.93082710616574 171.21419386057934 299.4884158441804
362.10182028045114 176.39761432056653 290.87701344788127
370.9230250887468 185.6186294026843 288.9345330893784
377.7284182491168 178.93417308306766 281.3598717976271
368.1818492144917 188.08673843806346 288.4568644638302
363.08210284603575 184.73572121181107 286.7692077774984
364.7520448227309 188.51611405624715 294.7035104261574
360.24196650101436 179.42879494514105 291.3600321603015
353.8117728724405 188.412665400829 300.4443870710349
346.1433910751293 191.10067053731814 302.28523257508357
343.76762621052217 198.62858580923836 304.38331291461776
334.7657449275816 200.70805274438305 304.3136985435243
343.14724256687737 209.33707369982002 295.166444756835
334.9131898071216 206.66157887265797 291.0321514721048
341.632071569784 207.33110753606823 287.5453399557406
349.4441420800924 203.81182905151945 294.00371469729845
350.9254309136756 212.37653010784612 298.3061159467723
343.699891962299 213.22603747373225 296.7509862088969
339.23638573182797 217.13460049618791 294.37622914377357
347.9356947632353 221.61329241149136 288.2057968295421
352.68153417763756 211.79926928165514 295.5847978627238
360.3760882221556 215.396425883137 288.8692465669093
362.1509210424242 210.82785855673757 298.54352223016406
366.8811983754832 208.46484345255686 302.0517041270483
361.7795636232489 209.19923446486902 299.49773692279757
361.1845669874404 212.46018677264829 295.7357018230702
357.44871738276476 208.00691572785803 298.6840132522482
353.52162735911816 211.7338834776677 291.1398653392581
346.9762378154347 210.56239236528484 298.72276890991486
352.06639558032606 202.3337723427634 300.81416140072406
356.2356675637818 196.20244958751445 293.5223750420021
347.50147368296456 189.01383429303215 287.8481930173385
352.12868435257695 192.553737432588 295.7101753541943
361.82987659393257 200.41983847161148 301.75348178776403
366.7978439225083 209.00948599519737 307.64935632386954
371.27147878278055 206.25815053418822 299.32757801652167
370.8671616036052 209.46999982266095 304.1734253764318
368.3659530267952 204.15458533749086 299.57799254570233
365.1135784575129 197.33954975330232 293.37940758567004
373.46105409336883 196.99214419935714 293.82346860153865
375.0933123485323 189.44555721510716 296.9989795688629
377.20547608206095 191.19913131112395 303.70384645186294
377.48333572935877 201.1263211492622 297.73483968632416
378.53038639981384 201.1249806354868 297.09206268179054
386.8223236205616 198.3542071326356 295.91058987323805
385.12772865784393 206.88442925359362 286.71839066149664
382.9802360124305 209.79103019446003 287.1341280542526
392.47225995540714 209.13414843279625 281.53271175876
393.8284391592313 207.44643501414515 281.0325460629591
385.57150171863543 205.3666287911277 276.5330186588208
377.7030521459173 198.81908286661186 271.67491627161246
377.31258357246963 191.5799043116795 277.0732596383472
381.6987894242178 199.88613141302227 271.924280464895
373.7932732380944 195.0696401483964 264.5403246745466
371.56000099464796 193.48055411737667 271.2484371815274
380.3851698854545 188.87187493787533 280.8379910688178
374.77114557753123 188.48882388108032 287.03228677990126
379.65168218598416 191.96555711670396 285.50071096482975
387.70216335570245 183.7258068424273 282.4773217286829
383.6180337170546 192.10016802839186 281.9591436935421
389.6115956790116 182.630293466634 283.3265680596835
392.9351835704987 189.81697937723462 288.9099340574411
400.84942352112375 197.70825238783323 296.0952530192949
398.95052397076216 201.07592850924655 295.0028932117464
391.42037823587424 210.19155144299688 289.2949606205076
388.6065977065437 217.5754569088204 294.7650024983907
380.5772462150127 211.67570564956742 286.98812612361166
377.1207431738906 218.58879449307594 282.08828350852446
386.19688600526183 220.9347234231991 278.710203542166
387.7851244697272 210.96605054131152 285.99342215632885
378.77294307521504 217.1610808271828 295.84908306098606
374.03280582762204 216.3200944210036 289.5961846246901
380.8069640600622 211.6711743395444 297.7972172726057
379.49930776886976 215.99831113574854 303.12895477756814
370.4697027640328 225.7185087509201 296.014626441971
375.24206204683065 217.73107313512966 297.19987358005676
365.38093723438965 216.54310324735258 288.2891082577199
362.1299535166764 209.14888793546015 293.53540919310535
371.3353280891298 218.62097422224443 289.25839641259313
377.82593518112213 223.2187352801421 297.35502448712055
373.4812243425488 229.00691297118175 287.44406367499096
363.69636776795375 226.05059648693697 279.1351206015155
373.1722418460768 219.1059678474151 286.44423863316433
382.66361736363245 217.8600291846503 293.55887133279776
382.4135882324505 223.9303427888247 294.19053031990546
388.1903097079672 227.51202498687482 290.7967689157879
397.76156105558977 232.41328978592335 298.59605095377395
399.77584508330835 229.21276818723223 298.25563470903745
399.09472784192985 223.1517182074489 295.34260479750213
400.32499059528993 227.04227902805295 287.1414533416156
395.7077692552113 234.59741208728164 293.1073110825075
390.24424157570644 242.17370448805588 297.5780323658899
380.6286900624744 240.6513379994005 300.0310896734741
379.56160028190783 231.41410677541634 306.21476099573476
370.8995108794784 234.11569136235977 311.65285519718
362.803891561643 228.2754320477224 303.2645347333698
354.1354969173152 232.05204566236537 303.11555850974526
359.10546735306275 241.69813279638507 301.37143051892895
356.0629930592094 239.6291968741204 299.3880021969256
351.36403621623225 240.4306201532965 303.7975447751024
356.40475875757187 245.91296857284587 306.4081336630592
363.6803917193788 255.81741769442277 298.13771276130973
365.2550535839242 251.2434299070185 290.5127917079202
374.24974162018145 249.9552166506059 300.26097920888554
383.26540455831685 258.21037550834586 292.05593731149213
373.7129651536302 261.9243771911105 298.68633327575435
370.702022885017 263.6984659798424 291.8084229473997
369.6451430086729 256.37176662755803 295.7589170980307
362.90881856854924 254.98754499745323 303.8941098350452
359.9846787288844 254.2202438417138 300.2829922055426
368.16398901548246 254.42181797012677 308.72867338427466
362.56651423580183 255.37220935258404 317.07259940266795
372.0654099450957 248.84708973526662 318.5653340089581
372.9503244540317 246.30090446685597 312.54084825651705
366.2571828612666 245.71548157891672 305.62773879322344
365.3339182393496 255.0269221296879 315.26646366044724
364.26388380076514 254.3515361715642 310.4003376441431
359.9464744074112 263.9806488756658 312.26557799031264
357.31578746934446 256.6253536685034 309.5051882412191
363.95817731551915 251.2253703099883 308.185533843534
366.5221078647812 255.16489244972033 299.88273511681825
372.52286079877393 246.04467698430983 293.5300251505625
381.87581237209014 236.34231751164876 296.029074111343
388.86417129318596 228.24957853095404 302.9108995634734
385.47456242492973 228.95234094048223 312.5269971311467
377.2526956728193 233.0693611298441 320.33162762589154
369.36909704539227 235.82113826129168 310.47625437715607
379.29406006701936 240.56846423155548 320.24019709331304
377.2588876110182 244.77220871004755 311.0922235244775
373.69039060406624 253.79938468003766 312.56525274465605
373.49928812835316 247.36596104241337 314.652358375248
370.06857660759556 253.514445425689 319.63303019614074
371.7105393212538 248.0778836597787 318.18985957208474
372.5871386032219 255.9552915623213 321.24172179744335
370.24453889158895 257.53732647891735 311.37420522468915
379.696715543081 260.91677791284843 305.4026659393517
377.0731450164225 260.29079135802766 300.5755347574668
382.36533270796093 262.2295097330567 295.1514696238619
372.8781295835472 262.6527219669849 298.74719834783974
372.38321151879484 264.94055377753574 298.1078099202716
374.8940198687377 262.6999482404478 292.15597027702825
366.88271140936257 272.2885121952258 301.2062560996517
366.1020192785101 275.53575382130145 296.7500116119532
366.46112357808033 284.39120216705606 302.310703600159
372.6642397347634 283.42412206389827 311.47936974911147
372.4072269010108 278.3670675047072 306.68840485346266
368.5950086364865 274.891203495406 305.64168283872044
363.7923978295668 266.26625404050424 311.28915559342147
362.7062485124565 265.26172495020205 317.36846538756254
360.02801742362726 269.6571832192321 324.0302164305469
364.3644010229601 274.38487272228963 324.22476425467926
371.22049631693073 281.60888563452346 331.43929621002064
364.3409350602685 290.32395910002475 324.34309164436587
355.52603210168127 293.8939364574048 320.55865435663657
356.2715275902654 288.19569977235227 320.49323787868235
365.0693044452283 290.63735646010446 323.7072265726622
356.87214430277675 288.58213790691553 313.88938326765464
353.6801594515689 289.02523713249246 313.9877139375213
344.35873292378665 294.63444694089753 308.59784703068493
350.1576664814243 285.12396134899285 305.49392663431786
355.9800340574982 277.1468380879502 306.1726763429186
362.3550574790749 285.63089783549054 297.13619319633364
371.1330202353402 281.90280082521315 295.8620706603789
364.58836534404116 275.66866763882956 294.22194736815015
358.9555788650444 268.7831705448109 284.3306426286535
356.3604226412542 276.4144585879983 288.0927266183116
362.2424801388493 284.26673239087495 280.9675037682557
361.26375560418705 282.48536778479973 281.75650035637784
357.5989642552137 281.247800203512 275.2494943498603
365.87110379779796 271.81000125071887 265.6938251749626
366.5279680537381 279.94303588878967 262.00602414863897
375.2271967981701 276.6794511271633 256.56682757647553
371.1548893633562 279.91951279951695 251.31496308080912
362.0645729431707 280.015566036597 252.7633363634443
368.18718091689726 287.7105440865734 245.49344341018613
375.10694047237797 279.20693997816915 249.7884484740891
373.7909592582487 278.92281695710193 244.83523956068808
365.70964629870167 280.3918913036083 250.45662983813926
365.37779617479197 286.793042068162 248.03561229121257
362.64166542158847 287.19912859164464 253.60860864500563
365.125606920267 278.5537331019629 254.5440182126448
366.0874232871537 270.8293357789633 247.75833461201697
366.16109134983907 276.5209356273366 246.4878598745946
373.5916535815134 275.2837759242624 255.24807154609726
374.1514307969289 280.35193241600615 264.27994629820125
376.1158666563129 288.2635453913303 272.6277833357991
380.2940347060847 286.4766281032566 274.0272563649328
373.08182648590287 286.98747076558203 280.299477309772
373.03744092680046 286.03272026512553 277.9053284961394
366.8883153806813 276.28025508632265 283.80798316629
374.5863144059901 277.8709541042679 291.03420438699385
377.2550152972881 272.6477392777563 288.83314016544057
384.1927368197909 264.9330021327378 281.3862066572277
376.88522637550346 257.28698572358803 273.57998432039756
375.60493301570057 247.41524359718568 281.18986525976953
377.97647708534936 256.1149328724767 289.06733043901
384.2506417600119 258.96095339400426 293.40900978262664
389.9286342237787 257.19502547472126 292.34972876335735
393.34142024071343 253.94860832249591 292.53494880707825
392.29271555676434 245.84324879125154 287.7095871593344
400.8176888759929 238.61047966022124 288.80992065269004
397.05330902211915 230.7363170031165 284.46286830002873
396.1173708727816 228.31311896164982 290.42067683505184
391.6673729597832 234.31346344619857 295.32446997223605
383.4929863614031 237.13911389487976 305.20799135979087
386.52093370245217 238.60785851868167 303.3605856089987
383.7730384198336 231.8465102168252 294.7809691419132
374.33607716889156 223.51794521563926 304.6685489020742
365.2561184070087 227.38566162670958 297.2775337443967
366.2523363164612 221.95891291193064 303.5342949426483
367.6153453429943 231.92475232608442 298.4169466993647
363.0771380606666 226.129608684175 304.8500119636147
368.52837866311734 222.52133553553793 308.2437899590163
365.20872601513537 214.46709327405233 314.26098637463326
362.7464506063437 218.9094998078633 319.7455762532514
369.6016111916052 211.34420909163563 326.12217606268393
379.50291047684846 217.0265841552985 325.76933857174754
378.55449955901645 220.2515238068227 328.19423416271377
375.1713770012264 222.0766636709646 322.51680475056725
379.4462718105514 224.10146870914758 318.5875025873213
381.9864026662738 225.8755136743928 310.62787118587414
380.3567357403255 220.8794152418638 309.3673465495045
373.40612715187797 225.1252914220396 314.4214742030716
372.7915281848851 229.77642693078934 309.5283621295724
370.1660630622635 232.44083175935396 317.1645497822764
375.45704191674014 228.25588608796497 318.20809849182064
366.1578630039495 233.75580772920645 310.2537030631283
363.47284597990546 226.5954773571457 313.34114603430527
366.28260582193224 217.15543027135547 306.00074395610244
364.3651720671744 211.85800459198123 296.8219138035386
357.9716470823022 220.57394609871423 299.40249900130686
365.5226717798828 220.6858517852244 298.4863521975188
368.7495333550964 216.9072947810685 294.1640217623478
378.10460903819575 211.52572555168743 302.2780095263519
369.71739988231906 209.53450595408168 305.635736627795
377.4790890147595 208.64121336931015 297.5753952430885
380.3422253184791 199.33624796117505 300.69586810345186
374.09181601378236 197.97472122150407 306.10984526915695
366.9613017140427 197.61384592059207 299.5150935713706
375.36710013407463 190.9983466874819 293.30926455504994
370.5938443113241 187.37374252575324 291.4280971565521
379.69345027560007 184.9244301439473 298.8752598871705
388.9980028760454 184.92574043219207 293.34361455667494
386.83118214017554 183.3315051963452 296.35289870421985
382.8012182237678 188.30390394653386 288.60373143510367
383.932588840072 185.17136881677507 298.2039654798387
387.0456476330375 187.03208696141888 295.4350548009999
393.4356102015919 182.90268357542809 288.4262964817634
385.8254934378709 189.1480726013224 289.20967242116177
388.78140517396736 193.75278280405377 280.7941395907751
396.75440130560196 201.20314558630778 289.6525096690275
388.38153962992624 211.03397515728705 296.51252593070615
385.1240547560725 211.60405354400905 297.65276404090025
382.643206201085 218.82447702669862 304.2267570511848
373.65347804976625 221.0296480160844 306.29075634825045
378.9974226447012 219.3393454444836 299.0809616986263
383.1979618624753 228.4269308016925 289.5393067712157
377.4306854761465 224.3379115936182 291.0679516208814
378.25381159559146 227.66553590552715 286.71681141141164
386.3293779247403 219.76301934969737 281.91060486649644
389.8541365905607 222.76572955754082 283.61472811817464
386.39168011199286 230.6947237672084 283.3678263510086
394.3522496057798 230.871509469956 283.21358157783874
391.8319077127481 238.59406392666108 286.53063702118175
383.70892917756566 231.46342013381351 285.33570539647303
390.1327453578167 228.4332984983134 294.80161567796256
388.7004493406943 223.64951548021907 296.3167674203519
385.9620354555092 229.09146269622315 291.50027254142594
377.7957060988551 228.38193369283505 294.596257637719
378.9519269017384 226.41168826682076 295.2932880913164
382.74861237757193 224.81798788991773 295.71167579122636
373.20333959684456 227.77043893544058 293.0832993104394
369.0063821271395 230.97092579857838 292.95892543022507
372.84370266309185 238.70059707506698 289.42091211882456
381.09226310803484 248.61622454290452 295.43678629589743
385.68386385814586 258.1483116272244 286.3680843204967
395.5428193247021 267.5039284433725 276.5838859012127
399.0738467155262 271.3453570776117 279.2732572765974
397.31735034368154 278.16599312849866 278.2229482555396
388.30955957366655 279.3853423612976 282.8431196769244
383.70254508670564 285.1251150404715 276.32146738247656
390.82621936805776 291.21813271053117 275.6020256143925
398.91964118030575 282.55502180678593 279.47951566900883
395.2415906913635 289.938641498212 274.91623350782595
395.84535739141813 284.1985166338574 272.59989451357967
385.8845023493855 292.44306333078157 275.06755992809485
395.4877984930603 283.029296721384 272.7363865520256
400.0574187050451 277.9881580771318 265.3368669259155
406.00954349500915 284.67069786549746 265.4362426398475
402.13472349503354 274.9215656859442 273.949616324085
403.04677329405547 283.88208185517163 268.0248777211984
412.16075125589157 282.8749846390671 267.5088564614767
416.629064477908 276.8403315383571 266.2133848287698
414.02762909129433 278.8033411558288 262.60016370433976
423.6913359598725 279.98396816624484 261.0125735019471
421.7356737016933 280.44103456099043 256.20520514477806
417.7873133002219 284.4871046662081 256.8622794127617
415.9848467596564 278.35776240995415 264.35970074139914
413.91465959198183 280.2538188779848 273.4625443547366
418.79370631590115 276.85637103505593 274.5606894143578
425.29877543057154 283.1223459868233 266.9043698739717
419.6746490666799 280.0124102637679 261.75604422471235
418.49040675196454 287.0256834871502 267.45978658934877
416.4051885279665 293.1957995225334 262.5272815922139
420.60972000308965 299.8317338631394 272.22407539033543
420.69472628627926 309.7032789937608 276.8376833928467
424.11576618317247 315.0516101802578 275.4297929611176
422.83566481380853 313.4403372957776 280.8456101344384
420.16393795024845 305.9369898570865 272.4241134117066
416.0663626688821 311.2880770984341 276.0636658827476
409.72781259161735 320.87728293802866 281.82514882849
403.1735325738389 320.75510309511884 277.8454706554521
412.9737873734068 313.8806334103725 268.90588751847764
413.6400604058795 317.587467960068 276.291441546911
417.6393921440347 314.07057964200874 266.96963727850624
419.44545410632895 306.1796533627182 272.12375696577243
423.8152879661265 303.4652899869666 269.7569652316873
423.76048782793777 308.07104090444176 275.26518333150375
428.5446454001035 314.48444864056876 270.77057352987805
426.5434025016167 320.1527437421175 265.7736055630015
434.3404227211604 317.615776180685 265.36017604809604
425.30507171608906 309.6232574281951 272.2913180566036
431.9574632565816 318.65025969143477 275.61552837288923
436.51335632777995 316.74266548492915 282.4766921405334
444.04113713597985 324.16594611335535 280.186921187316
446.64797595239753 322.1277333097063 283.9978120209781
442.233067232893 315.18849459833893 291.83604078725915
441.86648335131775 315.20781812504333 290.041386975932
449.62931981953784 309.34057748976556 282.1629255678073
454.9216393442325 299.750217756495 288.3692511376304
445.0096257650272 308.5153772063307 280.32206014431875
445.2966321223544 314.3552439329091 279.01090123795126
444.8586743227222 321.89576834522853 279.6264425201192
447.07168245891995 315.9528451634729 272.33879139800814
438.2256315628498 315.9710639410442 279.9370091911736
433.60223430783066 310.5792283345928 279.7221661521732
437.8396759085872 314.35446082223996 271.49357555939594
430.76388644178684 319.48262318471717 269.75001329405944
436.3990785183641 315.5388665213331 273.3798287366258
442.8128931048558 312.1272586340213 269.4443129735431
435.75525076721345 309.8144591990087 278.5030953915574
427.4833251902808 301.6153348162259 270.5535741726509
421.1147545295753 308.0052089545953 272.09251032897794
422.3709512390368 312.0107866692401 278.51758474839585
429.70947328386865 315.64226610178775 271.6747285990515
434.5229012266221 308.7420823612922 268.37181539271273
440.1389181593499 317.51600661196403 260.63592818450945
443.4553175362321 316.31336410469294 258.9941412437701
448.4716974740576 324.6402391707501 261.98990985900554
454.9898376430695 316.07672839592226 261.9995444659673
458.41547508809504 316.164047975646 252.320675944858
455.31508266658545 312.4202037874386 256.1531816160394
454.1991392934494 310.4277147469996 248.67040689307635
459.6060974755303 311.22612478402687 248.87166635693075
451.91946068221614 305.5203344647549 245.1736189937627
443.3569265002419 301.2041224146098 240.4938390730133
442.9968662765449 293.0681793317364 236.97572776529054
448.6361408810897 297.46872665395716 246.4640258554195
446.46873649875647 292.79508247534204 255.84654764947283
447.12448693748627 283.40825516775527 251.6523880882915
442.47533505875276 280.5171135491007 245.80530598485245
442.87830859672204 285.68598558669186 239.49832818439666
439.8021898786406 277.9346311192565 249.4815648915075
444.9708720271702 279.14557750053956 251.56591777629325
448.1866072140178 287.6696199208163 256.08982662555087
448.3397504316281 292.8889719100201 253.70427094912677
451.3927308460431 296.9766407024834 245.92793088757014
456.20140405983994 288.1880412917767 248.7699455078221
458.59982197101004 279.2462989129813 251.42919224472453
468.5593472889983 274.3163356637033 242.62304899942222
478.4195366389961 282.0162373568613 247.46475997116573
482.95822380761217 287.7970696787042 252.45666046372855
478.93674419143593 295.3926022966605 249.02892332248265
469.24795311699864 286.67956282825025 248.52077016936016
465.7625730286486 277.765620194442 242.30684551065625
474.6863524103111 282.1636512732648 251.84542230921318
478.170065833985 284.0804723697094 252.15202759388248
485.181325989923 278.30388806119896 256.87303636245
485.4848415823671 271.9608409675472 259.23738201550185
482.8156188933925 277.867714507662 252.80378772356448
479.7783687497451 275.1440185068631 256.37273771173136
470.05409768630267 278.11264940343017 263.5712803004077
477.9355233734201 284.22712990586666 259.4771031711534
468.3343506220681 285.1225077017724 257.24532549150706
469.2464469418195 290.36431123368465 265.4234858483563
463.21884318292626 287.9620358632098 257.1712071781741
456.7318249229044 293.84303310461723 252.58171508807916
449.76879071161545 293.76697547426613 248.36856941024212
457.3824510606818 303.1672197742763 252.82498009214302
451.1635842147948 295.33333430692477 262.23289495629683
458.7683029834956 290.68695051397384 253.50883257935124
456.9521357096379 290.9414143625917 251.10998161593798
455.30281964016007 284.71265685772096 260.58686694121764
448.744453525208 287.3068806095717 257.94070829732595
441.94487611065927 281.9307315844962 261.0152408144948
450.9354965909703 275.20101330103574 251.87662729201466
443.9446068466653 269.95114924523614 259.2641508041781
444.2964449923623 259.9818052926365 267.3475455248494
436.29558286746436 263.57706468222125 277.0453119530943
435.07794519200644 272.71978450932545 280.21951520013465
434.1481204068449 273.0620953792784 272.4838458516018
429.7388246291695 264.36528376125943 263.0716430474841
436.84627867554474 259.90709397710606 255.99135878507292
428.6085118287216 257.60376425368514 252.73801702763797
433.45690106203824 252.2508233519083 247.29240736339074
434.1492396568518 249.03524493268088 246.3422027269121
425.37165808702156 252.60882289763035 248.23873051352237
430.1485304168295 247.71841816987427 243.29216609194538
425.165109880685 239.9507879211562 249.3159235186461
425.9166499248091 246.51949920891937 251.34501122148944
434.8362551230401 241.9721886429073 251.09501018867414
440.50782380868145 239.82479932732463 258.857668678985
432.84076226160624 231.58759960720855 249.10033075502847
425.7447167354775 241.18625421577138 241.75381318929018
434.8078145310108 243.86512910934326 240.30018850638615
428.3162478043722 243.91482037295665 241.67976310214877
424.87656427264164 246.72121754474762 233.6133944135725
419.80018281849465 240.6084888142705 242.19425915878134
412.73540532924244 248.54195092324935 251.08750095413956
405.1475446922443 240.15991411779055 242.21195415372108
408.92759672416554 234.70977066841485 233.8359765360926
415.0282516074197 233.2164273031892 239.37010899033993
419.7983375484764 234.62561378823818 230.50952107173174
428.5014309193498 242.49844773234858 240.01935267817595
436.7416391204062 235.78480957132487 236.0958063502307
439.24849561951476 242.26665284962988 229.29406587655507
433.72235199729926 235.55455896121416 228.28404437519512
440.6410460949397 243.45549946323285 223.7964138824721
443.23502034083845 236.59401704589493 226.8649185560536
433.472586968678 229.41673641004041 231.84023704344511
442.5103912456394 220.6675410737757 237.35306019713414
442.4995030863857 210.8230373906067 245.80182246720003
433.9870314109721 210.2243006972041 254.22025844719752
443.18872927490867 206.4525799872574 245.29962274571938
441.39145681383275 208.4121628934956 253.94301491802707
437.9487667802549 216.54086064132272 259.76866841224916
430.5880649911007 219.09825689204516 254.215984416099
424.37597060679866 210.3967668564187 250.7700935215654
418.155803941107 216.1952095601824 255.93325728881095
415.9539628372249 217.90707294184006 262.9641640061546
423.35390304571104 221.32895687530262 265.9370757222435
430.86104663906053 217.62280445313667 270.7647206190568
437.7918049478692 214.15297210648896 268.3151526145109
447.1931463870699 210.7767335785447 264.2137126207601
451.6893173601454 219.81781526261943 255.42894214082318
452.39303528316026 221.6933816456299 252.05495146717354
445.27339913131516 212.1688146512808 256.3507066299676
451.51698505154116 202.26058583838966 260.0756040666841
447.44849292026436 205.06374100917213 250.63345626838066
452.41628996283174 195.2038223820804 252.29939810446047
444.6460071569204 196.37461814096238 243.06635910152977
435.5592591347505 186.9488093957654 235.86136750060075
437.12303585408057 177.91467661933046 229.33506339410474
431.3935187583417 181.87383164152965 230.5591698046942
435.4822585022666 182.89275802808086 224.4076688296602
439.6548683492708 178.7890942451372 219.7410025334976
437.4086447457596 180.97692247182948 220.84498296869145
447.0765766003617 178.44141373485112 211.58192246729706
447.425984158149 181.77175079286596 202.20909272392055
443.5142338856828 183.03524093622613 206.6081777232062
441.6536942988134 179.25710147119906 200.9559766431312
447.1137986838893 175.7955994759055 192.0277716555012
453.9396544952758 172.7973069214242 193.84246721350283
455.41553920557755 166.7006273472491 191.0686007749909
449.4975030673722 169.11538392743049 190.33234817649966
443.34668259330294 166.4535368125972 197.50220094117756
447.7347885987701 158.94611919859943 202.3458450551398
437.7759569649429 150.07716444576232 197.68823543418966
439.10909886676274 141.84067583344083 192.06172896487075
445.9266187170492 142.32945081200128 199.89020207622127
451.5564613189401 133.89300900596857 191.43839355254636
446.0130198845079 141.34211744508252 192.96442995919924
447.8399132543047 136.86389899455997 193.61868716755345
445.6341877702934 128.81500333272277 200.81795242084982
439.5944050445798 128.6526127568024 198.2785753292036
40
354.54739663671023 294.35644721553757 273.80329718927567
370.54173573468563 295.55370389521147 274.0689810589079
372.64956798568613 283.1701038382535 269.3577725972816
386.0282725107027 290.67033344017847 278.83569533258975
388.2257632817484 301.5819005376277 265.3095870669551
392.0565489516506 296.4122685510956 266.18390913265677
400.1342095979536 295.82177991593244 278.2066313318714
395.6112643938638 292.22711900678684 260.4375015633296
390.0264715156553 280.24117305367605 286.74229289143847
403.9370135529478 295.37416532740207 276.8964119218579
406.56938071169077 290.58133302230607 270.5443555144923
407.93107002040546 279.48644769380013 257.04200965891886
412.32490926529863 280.1757036504317 260.8383808391496
397.1885429966929 289.68129446962337 260.5995251487979
397.543505427854 287.36392364936705 245.14640960902722
380.03106449127324 284.5737783861197 248.32915704539994
391.8807571378643 286.5255651236124 246.8370299348346
387.8053326915968 294.4352235641341 233.96161533489598
387.42246076947833 305.08219992741965 253.38207558264418
392.63659183044797 291.0059648807904 246.559227609339
399.63185894467836 301.7279814582656 239.9475162186555
387.25065900792623 305.8754857552545 237.3079587932557
376.8661969671986 292.21277339982413 234.42791885221047
391.9923199867006 298.00739887971616 236.19205836488445
379.41524479531955 301.5087219919251 218.98390611743446
369.3215954476011 310.76837111064367 210.4225291083517
358.5394780539511 286.9655908759239 230.08764222817967
364.42244562023154 293.875395880074 222.02106415683258
362.71001830494237 286.0213360164676 226.25399163456976
371.0794786617795 280.67527706593955 215.5467434046978
379.0090798352923 287.7454821121988 203.75071217051504
374.2588246874529 292.66892406188833 211.29286051802586
372.4948475675206 281.2984517637629 222.48901625220591
375.55851865881397 280.7730867422918 207.63194171031986
392.5316705599908 284.14360618347536 223.36616372371225
402.2391037800677 292.35302593348183 214.21466038892487
383.51922668280554 280.4601888131536 210.41956635341614
386.6833462395886 288.0117898440227 213.92681199246402
392.92709086056584 277.8307551473841 206.29683035264748
394.0545144559841 275.1264788831838 214.34688658429727
