1000
368.6871510987452 340.17362798568905 382.3256219130348
378.5478057346767 347.5518695065422 392.0010694871194
386.28580845231573 356.5563488618384 387.0275599783934
388.31459101360247 359.20567673707893 382.89994088774796
387.37699807053633 365.344531811171 387.6193015264188
395.74037645610997 359.3982377147876 381.5697709923396
393.6506216576567 364.2056172021889 381.75353436490434
390.92614746109257 359.44798475152294 372.7786325607981
391.7290768829176 358.5469219311498 365.8503120465164
392.49293498235534 350.4808038754444 373.00784719603365
383.80361733425303 352.6642963326664 364.2417440616836
392.320375566508 357.751415305786 364.25202194433507
393.3345629407101 351.2501706003979 359.3079638505667
393.1741178909333 356.0465369303588 350.9247577079584
383.6989631241423 364.6564761215299 358.35124067886943
392.54354404190127 364.0759379696647 356.1433792212893
395.3205398986209 367.7232415470775 352.9975751168395
398.4592407660929 367.99299671814265 345.74836185271334
392.8592506706626 370.5478254973277 343.4378930509314
388.93033626239185 380.066701924464 336.20770079452643
381.16667639719884 377.3898217515155 343.1944766994651
377.71283098397004 378.8727131549604 341.08713283657903
374.09273922997994 374.84154473674795 334.33188993011026
374.1818019071335 384.1577930611492 341.2485098858052
373.93427836188266 380.4357778041488 348.7710252722155
380.7230441006162 385.76073674215377 342.05530708394446
374.58428409422606 376.67024352930974 341.37166653675024
369.46951703302267 385.40584185626795 340.53617427220183
373.90722821646193 387.9818239802058 333.2786605391959
366.12523014508395 379.9648110081015 337.214199048385
370.71272192105874 386.4410982210756 342.44112774489435
376.77041372070323 386.7606000045523 337.0093336157805
377.2061598472394 384.6654734960358 332.5998325665322
378.8334781642482 387.2376685292448 328.4969256300844
373.1405517087129 391.79573052579394 318.8404063559863
376.0802131031867 394.5949693285614 315.11172938709086
378.3134683323465 385.7500814209362 310.7607852167293
379.55893218669286 392.5566692688966 314.76204469060053
383.43620069554794 401.6563258471699 319.6385218690986
387.4759116696739 406.77616388069134 316.0212983443572
389.3423603766318 399.71901893662545 309.89521922818034
385.331273116654 392.8731799744227 317.87211877067483
383.0443112962701 398.20059807899446 319.80530579850387
375.3942598802252 389.2343136871826 311.6127861990673
378.0710748386696 393.10921080370184 302.67911618259836
383.85646100367217 391.2585509577998 301.0073758986963
388.85170244400166 391.7546943457885 302.09525981356865
379.4365148662908 390.5624384359368 309.17505160959786
386.6036192759252 380.88725223755273 312.0368864409165
389.93996082152034 373.3940010224108 302.9253613696653
396.77255096677914 382.2504931599654 293.66018458697437
405.76833500191896 375.32129231877224 293.88340443914586
414.95348390334107 372.7194642153431 284.82174333925593
413.61407927129005 366.17184636923884 275.9828301319683
415.5676708494248 366.91432712314787 276.8887351972145
411.1048017570823 366.8036957733568 270.8383093882462
418.37834121562383 376.53504683353 280.7582281586023
425.7522677768808 373.7700004675599 283.49375318474716
422.1968338684388 365.03357967303907 282.74407275461357
427.27285983386855 371.65733039103725 278.11321805531884
431.7347862059813 366.7477323155864 273.7080760908679
433.78179657696995 372.10089480529825 275.83175365945897
433.3045785945688 365.3730681734164 274.2900953124318
423.524604819136 368.79014739171464 279.32532798396835
423.62888557493613 372.6637160335562 269.9752790388172
422.0926767254749 371.6395908045354 273.23857989887813
429.5075168793804 374.1615310787285 279.47200787084387
420.23096309417184 377.38407010700644 281.66776201158996
425.43414706147894 376.9129962332561 280.10925436339295
433.67666270302703 379.74814294730623 273.218031493716
432.4402964351741 373.41516783454654 264.5604362396392
431.7775517495178 375.14852852151495 255.93167823252364
437.72801807987844 383.02679783550184 253.77372097856045
441.0177512248184 382.05433928328927 252.800391728366
432.038398080425 386.87573940180965 259.6444458254878
423.4909556203222 385.6296611442181 257.6179163829434
426.58297163650906 384.94219243669863 249.23130600784094
418.5915223149394 392.709927216219 241.99825220919718
412.2412728281465 396.45442387974833 242.44226238752944
411.6839911077656 388.5678224372236 236.4894390793146
416.48130445667357 387.4930549283995 227.90026608358696
426.0817594032485 387.4770052476347 225.61123885280114
416.94655125551367 392.89341368916735 227.93489995303895
416.5336448593553 400.12898571122196 221.26310888458735
420.8643978648894 392.18941019445055 222.39308449073047
418.6185310477924 399.6805034901693 231.45059471792186
425.33989384391504 389.8880194933322 233.37321053483078
426.30659001411885 395.12322909585464 240.4785141159095
419.45445967422074 393.1632640253436 248.71590579014693
428.5142211173583 395.5438796510772 243.08374930390607
419.76613531711774 403.59283542789404 239.96560255366143
424.747625900647 399.8365589075184 233.8254669552671
430.35103673928745 406.3921565467947 230.68128956597133
431.05132997337 405.16660812655533 239.71352522605878
423.6113209242048 400.2119754918331 238.64206953562805
416.83556242803184 398.73059710044845 241.55203508528015
408.05839178644 388.76504733107924 246.2545823234345
413.1558607551758 388.7166621047652 254.63353285170123
403.2830016978852 391.66422314751514 250.07969896621742
400.4270176610701 399.06044391627245 253.50264997254894
397.53629099057554 390.6380162311548 255.11103888411088
391.48559803154063 396.54849692660355 261.11237811912946
389.25073647079205 400.58915887620543 263.14251940466335
383.8264285015678 398.17557683093344 260.20596073350004
378.7418868361908 407.87858106366764 255.3522475958513
384.63079312674256 399.64762908959426 256.03008493056524
378.20610800317996 404.977839819168 255.72464779474214
375.2811520165938 409.2001157891512 265.05515777909255
369.9947769548124 405.7183704083973 261.4714332289323
366.1412251069781 403.58332081574326 261.6124653835254
371.2131935865695 401.8434119296973 267.3968919191265
363.7096061937362 411.6974796116951 265.6437551410542
357.8912892042391 413.29391034279433 274.8614464036808
350.54224821949583 408.0671402248494 269.9625890312411
356.5965367671553 407.2455468610632 270.7659103602012
357.4165006085189 413.44521369516343 270.08124350051213
352.47359115620344 407.4339949832124 263.06377626268613
353.84513332756194 399.9691195017427 264.370713883185
348.6192098845238 392.4863967076236 263.1908236778185
342.34806575042165 390.54908886772415 263.1256948917286
350.41260673890196 385.78675675047265 255.2825039546338
358.70878418649835 377.9689544452563 260.5119246713152
350.94910221108773 385.3021204021994 261.81986229845296
350.840119237241 381.9142851823764 261.9443198535398
350.14397444560336 373.00895354408254 260.22382384394587
350.3444463038844 366.5632234810341 266.38602219314816
351.79703569156464 370.94643604694284 263.4537148823553
347.75118870339793 367.90035201888486 269.38611566339114
355.68085802213375 370.79184136772693 274.78962357918726
347.3886169640678 376.98113679373404 274.1186174573577
352.58908807300975 372.7399406054511 272.8603771605532
360.8045967678334 363.6270100587127 271.2920942850467
365.0005161214986 372.82822109342396 276.71144763082367
356.221067615274 378.33522895906975 271.2338314771763
349.5898582960717 370.43909594924133 280.5704723738808
342.71136546372924 361.24393606348923 285.5214892420567
342.11083527254607 361.53388005539153 280.38448584582335
348.6699962416615 360.7595661005992 289.8056548950561
354.8974711066519 360.58403678441044 287.99418302975295
361.7941683414042 356.24451786920145 284.00043634053134
368.7661309279065 349.8986819569568 285.6709489774451
366.5121324986126 342.45884810904914 281.17070705527215
376.37822983683674 351.80337531557956 275.5160560257089
373.72361474500406 349.45061364545666 273.51718797106594
364.4917774635253 356.26240286512814 267.0537739547792
372.21075169467576 359.7020472181552 260.112861841986
375.6463400612538 361.3052675061878 258.7435510114458
366.35800609809326 369.3926236475237 262.3302928295541
358.30176598382894 377.7010467532081 253.44333276661197
366.59754700699114 371.4451250548888 262.04683366307324
376.46826617702123 379.4015911996466 258.34470377157623
377.6754130258381 388.17853705012317 251.8312452981981
378.81795010501037 386.4245197092563 245.80507709157223
386.25191001634533 382.9715179279549 252.86986730239462
390.02180120657505 384.7758792864231 243.81539512537313
391.27617050388943 380.74288957788565 243.43658301127502
383.48283229611 372.284078062286 246.4370952841381
390.6285585690047 376.449604714978 250.70496744183288
398.6400167350767 375.2622120460332 257.1058711036809
390.431875108251 375.5612535704665 249.59587001458624
398.9054721484053 376.6214731481727 259.18314638534275
393.4918485270103 370.15737862910373 255.80317871009308
392.1035525625107 374.4866551399142 246.60117073798332
386.9529409149797 366.2583748228824 249.99126641806174
385.53937283799985 358.27165222490254 248.89601856020371
376.96931928187166 361.2773040161349 253.8837867220102
373.8680602980778 363.83835922362084 262.7214811963014
376.61729711145205 357.59133219275105 254.3287523662303
370.00564431630664 359.8191287873579 257.4884908755808
366.5439129297016 363.35467198638037 253.54304590739312
369.0289050739914 360.8405631232075 246.47333380844702
371.6550772503333 359.0987130254229 247.35555357674826
364.9572396459816 367.93808993334676 248.34328732664494
367.7183286687682 371.075233636778 248.5819554523517
369.8570046955643 365.65276541505875 253.6024486718807
374.71206207960546 356.109429077149 257.0694945470585
371.8555111013101 357.9475224096364 259.60187279684726
362.4441022942418 361.43434200266535 268.7750011433193
360.01023387701144 354.9327708988502 261.0921279802264
356.35804211338757 347.5321379314826 268.1593165102032
359.7220204626075 342.89527977007236 276.5857560018972
367.67917966750787 342.4514750415848 286.4974426319598
369.2929639767189 351.7145799495312 281.5770733313282
368.86087324374694 356.9146821869091 275.11839924834993
366.62742119304266 364.60723048831363 273.35500120056423
367.62599040144397 357.8265687364766 265.62587622356256
363.8268044314667 348.8410215855087 270.43424870703467
365.0314983672926 341.89298960861015 277.55536565277237
356.69489062605555 336.8472540254747 283.1407644324667
363.46784602411 343.0880190043864 282.66388575643424
359.4806068705326 347.80188539190146 285.9693689789561
359.18438349583533 340.8022251622629 293.13370652352546
354.87155855184693 344.86894470385465 289.1095346158554
359.1058894146957 337.36643767902683 292.93868843511217
362.8621814429463 335.0753073757483 293.5327528305155
359.0610333980346 329.38570008634565 287.4531212951517
367.8642032333191 337.10697130237446 289.7810509462916
373.12017448182047 332.59715586434993 294.86194650884926
366.83921046172816 334.6871650948112 298.2582683384899
364.63948710281613 340.4551757147123 304.9401680999887
359.7768080253877 331.814206619783 300.2400310415679
368.5936390872419 337.8000357729517 299.5221378471516
361.4031845972828 338.44727694029814 298.37914049152965
367.5680440782282 333.72520210050425 297.4445747636425
364.9451884524946 341.6064238252283 290.8640798527022
369.2146213916805 351.45811517099605 294.963816999975
368.9635983406346 353.19652659819513 286.6972530619079
365.0353300584116 354.1220282955425 296.4432233824092
365.22806031631234 359.16690254482745 296.13106495399217
370.6174248074372 356.07769303700223 296.07391189936465
380.4984496292748 353.90091073857576 304.7863242019674
379.28797072009786 362.781016569248 296.75937423956526
376.2040298152443 367.4040287660732 306.32663962694244
376.4597057887458 359.6310863165992 309.0501799135255
374.4299576679588 357.87113350090095 303.2392316058883
381.4885876407901 364.1585701630741 306.1612557462162
373.11326287743 370.9020940787618 307.7648662841713
374.5391863822824 363.11855577914014 301.6887381162661
375.31206462608816 364.13576895490695 305.99967000901927
380.6948463879881 355.07277421734835 315.6763992133831
376.7391761072553 349.94978652668823 307.80041490259987
376.1054188332238 359.4209405520664 316.1008406757738
379.94099451367657 366.07383859555887 320.89956045309947
385.7454715825079 371.70488707211575 329.2178214338428
394.0976961751701 379.58861311549765 336.3361090386139
393.3548738364995 385.25665468891356 344.91122843093024
399.88046136771504 381.7935371902538 340.6109520457408
396.48543976691485 374.9767429138403 344.97820490245516
404.256702855694 376.02589217108505 349.6110316082627
400.8778524026116 366.3590490414721 340.28399718072546
403.02977552402353 375.01244161872256 331.58635870526246
404.49739343178834 373.200764023765 329.36785013049325
402.7327488818171 372.4927928916324 332.26954186596487
409.33175561532573 369.0635118874957 322.6168766451528
401.1409010441519 369.9268625448492 312.96749574487427
403.7882303911251 362.00189244029843 317.46284788965636
412.66419952449905 353.5036211345957 314.69455597959234
416.21376554099874 359.110414842386 308.5673389138571
410.73426938989735 353.85237718981176 299.0363972239011
406.78749035144847 345.52445078079484 304.5042678101417
416.14510135864094 344.9597871463585 306.5533734252884
406.50703123619644 350.05019829963516 309.6015856059946
414.4224502973369 341.36482330814255 308.52008959622117
414.70267310223505 332.06840897411615 313.1349983851093
416.8348879913474 330.97475687567953 310.26660517359977
415.537221658057 324.97708193758626 301.48387444949253
423.6106791673722 329.3628395452016 309.14192229647864
414.6926525344892 332.2592056885502 302.33891473391844
419.53687423792223 340.7995727061662 311.40874665432796
416.77132355998043 342.09632075438486 317.37067874006107
425.25329990317783 345.58227483030066 314.76604785387866
428.70159461537946 345.1452186538417 322.08866489045386
433.5374113660181 349.6341297264245 328.4013537380961
432.66324487879484 341.9511460023488 324.3936936289054
425.2408479397967 333.3839380447702 317.3729623883644
435.10534744607753 339.22981995737075 318.71697643310875
436.1882027446432 338.71469746897776 321.1253469483099
431.1400609859766 347.680476570707 324.306303081893
427.70577982477516 349.71980066544285 316.2315456642405
431.352758259587 349.32739932216134 325.6262742336425
436.6907106203945 347.8245043430996 334.1899660695059
429.645903469876 346.3588543675429 335.24345533083164
421.4566169757937 341.50171755647017 340.2250274880347
418.0825577274291 337.58087547346724 346.6148830405859
420.0741963908949 343.1183090432835 348.64017462416797
421.83885775572264 335.9899205658391 352.19427698223416
415.3136265726417 326.51223297286293 342.41385179553356
425.1052205335229 316.65378634669435 340.04432650569305
431.6032705409842 318.8597471000147 332.33263367051325
425.0204355375944 324.5788684763187 324.3785739936612
433.55028780859305 328.69382103374477 319.1304730459192
425.72018260474164 328.8933144974578 322.0148779142608
428.5527382212809 321.4375414460313 328.1774558866175
424.01683146147525 320.8432657435054 333.09683326470065
418.7600308592317 316.7875673106252 323.95125243349054
425.6024152095719 317.2388116985761 315.3480497700388
428.2643494526417 311.9634025444106 311.6711533830298
422.1794335691682 314.44785590352546 309.4088727139479
415.78900961178886 320.39661815496993 310.97558940095416
409.5250833618431 317.0376598683763 310.1038445200842
401.01461339788267 321.5975982385429 318.0806796957781
394.5306169224199 328.9510114262848 323.1293118197364
385.54646756117785 337.25263836218215 323.1057030438307
385.18716534035826 331.85308321949486 327.6946708184746
394.22245093160814 324.8791091063295 324.80650843361843
391.2873670300709 331.16890777265195 319.5071984093441
382.9735303968252 327.25480160062534 324.3909568113555
379.3214101439856 325.42633676881684 321.5387609912711
385.59200655590604 331.1968766441149 325.09351759783465
383.90179626318417 339.7785696377108 330.3580944786583
392.5304410106616 335.5732459275567 337.7537527093723
386.0268081665483 345.2344564313231 347.40222004449026
389.9491702956668 351.9090364586087 352.5245530583056
390.68760853074883 357.72901491461056 348.4955633941094
387.0821544071249 367.02004021472135 350.14652883787693
379.29751322111 366.4786565631181 357.96789546566407
382.77360803979036 364.5277105917957 361.3019066356649
374.242149898693 356.58324521157505 357.83405888173723
375.50184500832296 351.65658876341 366.7140910054139
374.41037768581197 353.9454336799061 375.2692611045382
384.1253339253642 363.34728841599434 376.7126438127086
393.1880755009508 365.93580709440965 377.3700463676143
384.7154469992816 371.68261549555604 370.70431343133987
393.37935232365163 379.8881081911247 362.73748256420976
401.0053769955593 388.55809175395757 353.64239349926095
404.98609525977946 380.83606757384314 346.6201854726725
414.86862478335513 373.05046360943794 351.9568447240462
419.88393746754167 366.4831387526001 355.3601064926771
412.16345449353736 371.2188081305436 347.1863560385442
418.91654611305506 363.4751176105102 349.67701328731823
410.0474967148676 360.63498843967113 350.4020305773634
401.4666968428875 369.74291427321845 355.3314435840772
407.1205675846967 366.1617022263944 347.539133756432
398.410272853698 364.7309891226143 354.6028256781037
394.84970281809495 360.264626434751 347.30257982575125
394.12687674633656 365.0101140902026 346.991622714192
400.92866033486223 358.7368536562334 343.351436585293
400.88115257395816 351.24824837534413 350.8792417847276
405.96922444867045 361.24794913193045 344.4841391158715
411.85555522422874 367.5521750823398 334.624174671411
421.5399889169122 375.47464611243834 338.8528651315242
418.17485878622375 365.91523258913156 340.0869609448781
409.147709813241 359.9106736084059 340.0743049060847
405.38006388056226 351.4443940009742 348.5353870563918
401.0770837033145 349.23179306724876 343.9097806936974
401.07972006648737 348.9949337226643 336.1861436470355
403.05287295415667 347.72182047872474 335.0939394107416
402.08798332739724 341.4665612947248 325.1174528590702
400.94709097841195 339.418106171608 318.536790872984
410.87071018599613 344.94907409428026 309.44853745900656
410.8795823250164 342.9379810895668 304.9100036750494
412.7462523295577 338.2691912617279 308.71401926011265
402.9607399884744 347.1062098273405 307.97979015997475
402.030197973507 350.25929864790544 313.1209342320621
402.7657745559547 353.76730421770446 307.5173353837076
402.7680467529712 348.4263665295427 314.94876905369534
411.13592353865874 346.2992855617533 322.3123686431713
410.24224049251177 345.06744111664847 332.03857417110703
419.2547231872938 354.12189321026455 329.4452771786404
416.7019387640405 355.1004428072351 325.9776474655304
408.2434745581961 355.38337931571044 328.7204210988745
411.6905934922095 365.18233014681925 333.12488879855306
408.9923665121508 359.2249281457919 328.07104812852657
410.67653334586714 351.7901785388308 331.7141974915476
411.90514801537097 344.55684053531985 336.1146676544284
408.97772015187206 344.7577532126025 328.8353480329615
403.46120598570064 336.2401632190538 328.1177473823633
410.45267694634657 341.5956241085168 338.0491754021924
401.5631390597884 341.2479035629737 345.64838237120244
406.3743363418424 346.60098659379435 352.4257223998752
398.59282712989994 343.1955705705149 348.3960548112404
400.66388741588406 338.08273353307595 351.205394531528
404.3527150760873 330.33096161602504 350.67683364211325
400.83713003458064 335.68910741157345 353.41739790183584
407.88073905903644 329.5944870851629 357.3746208980155
411.65759711628 330.10268262879913 351.4565732173102
414.7433175903145 330.61825831907856 344.7148883933792
420.7124232042131 337.1141454611316 353.3864010227567
416.58980490265657 338.951456219834 355.87914082131795
407.8992900193764 337.3520097721462 351.9131773927717
413.7640899604977 332.9218558579276 348.9072656763825
407.55463144603397 333.12273137846745 339.5481796688161
414.785651933606 336.9768027525919 339.5970284072923
412.0695365843269 345.14327883328167 338.7613026685773
404.9224268242378 344.333957064227 343.53369459038817
409.83782189468485 344.70246206215796 342.2984339227672
415.1144744162333 334.8653257332024 334.9546414143959
407.4401549345988 342.760946080495 341.450487604525
402.2332107278404 346.4402139104642 333.7272439028141
393.14454784568164 349.9852493991076 334.368227787828
393.95633508100434 351.50342420144085 325.7518358174916
386.3754135551982 356.83909930338154 319.6046838276076
392.84415706117176 350.9225124481672 319.39949474573797
385.280888021691 348.4359380695631 325.52536182602677
392.9863453036558 343.5115323026454 329.4479016403725
400.7822716007544 351.73447332430936 324.1856777983561
409.38499806846806 347.83505840486157 323.74402563267455
419.3473380273479 345.5591265582383 328.3492041566687
422.25620873857207 343.91501627195066 321.1328099097192
427.2068646048148 340.3203975672429 325.39298857653085
425.9295794438777 338.5697128540407 322.68533171966004
424.2369593586177 336.4888562125785 321.66221724562945
417.16512714449993 340.64342615295396 318.55264429870954
408.00991776362315 350.18976452461817 314.36677676444424
406.6880909538009 350.26483742188395 308.2320659833194
416.1074880890798 358.81617544599294 306.7305398217472
409.0288890940496 354.78478559026047 298.9077269754067
404.81648095914466 361.4494454940917 299.95495036928173
407.84498162888906 366.21438176687735 296.52670339437555
398.0822273302721 375.9893080714186 289.66021277138253
396.98958203970597 381.6421603209469 296.04795355376854
405.0575564526361 383.9835856573604 295.49702197236803
411.4310137170966 376.4387900913075 293.4807425932435
406.04505783021114 370.1639743932153 289.1715312308835
398.9960970871853 376.0890815084895 296.74475108758554
404.9720763858779 378.3633742693776 304.35388508379447
395.4302206583456 372.4968783614068 310.80344652483967
389.3364719832198 372.02387495073816 309.1604970978989
381.4396232376624 380.7684278565377 317.06546864987286
377.6605155178789 380.50641554907935 313.821321032084
371.9347466693871 388.0986852187528 310.6375822441478
374.49589172897066 390.2237084193135 310.8632790571965
368.9701880440448 380.80193156500775 312.08996927187354
367.2780234201095 384.60867909833394 316.562842162917
370.4451179946126 383.60037616314014 308.96974502859956
364.64803125069915 383.534554179332 304.0609206428303
360.61976384376646 386.586800798134 307.2758729380058
363.4097039273843 390.9744608278582 301.41197640678064
368.7976248956556 386.8378545906094 301.40083434711477
362.708290679712 377.98184273384527 302.99356592116794
365.82031165681246 373.0432651820193 298.12474656174436
362.1357577221449 366.27785387582054 298.6826186318391
357.80141226953606 362.00842250803356 290.134050053902
358.4641185407995 366.4045863450164 293.30690425132275
356.71358611230585 359.069694830833 283.7999703652843
346.99391527029104 353.6264821343606 274.39351599689957
340.6366693951117 361.5781705307283 265.5154333020654
339.5002768578873 370.47823271661747 261.92143182188823
330.9555092810417 366.549387988964 252.38696726134077
340.5517412881838 372.01655152163454 246.1369458689997
339.7991563579253 367.6402771857132 238.08056430299678
332.3656339659977 376.6374863390209 236.4660629695748
325.19039691778653 381.02189086359346 226.86895284621284
331.77386024694084 384.0840091418185 230.1376355061552
324.368393672144 392.7830135205141 228.37614791368676
321.9310132855178 395.1650818777136 226.39921889351345
319.9429293101756 405.06632859053457 217.96777587468804
320.1627108418989 411.84431159127104 214.04165618827926
312.02202299976403 407.15841002822225 215.02007605475134
306.99971693093556 414.6567735296245 218.3677765260586
312.13623945217887 420.2202335734781 223.1238731379378
317.28559420849143 414.9744066878797 215.64381468726347
309.4721026609568 416.64484176674324 222.61521781345078
311.25332053297365 420.7852180348615 217.57189618502653
318.8037362660092 422.0514815014073 220.89137244636487
321.0668156176544 414.6565008506911 220.67921146993592
324.2967225970282 418.3265839604399 221.14098401530114
323.1787584494502 421.0515197665552 218.75495037205448
314.2497548236456 420.70926990076265 209.03116581237114
304.7383546389648 424.69145458234453 213.24580842661183
301.62330682323176 425.9149662907183 205.7078195178196
294.48410657753993 420.20194032526814 209.86807007244255
289.7038794224201 422.90611098437284 213.7497846513707
290.81914749076805 432.76010162789635 209.8756578593911
283.2478692327715 427.98297546101094 207.37286527435046
290.0117235881373 434.63258274881315 206.95111881475603
297.56805545067203 424.6483877530095 202.8099029997877
301.29437159994467 432.9797618255434 207.3649775564462
306.4369245996823 430.6003215135867 215.05463342855893
313.1363973939019 436.1612879239342 211.60603042657385
315.2692530939503 430.52792023874997 204.2556027122182
317.7350109110417 427.7428054826666 197.82795771102218
315.2541428655838 419.2702643919485 201.2844169890847
318.7560037515347 426.0584625310149 203.85401346465343
318.3178563345415 423.8566091567194 210.87133427972228
312.9724757118109 433.0946601588561 209.7319257913994
312.6914342410356 424.6078866651244 211.57954694751294
320.000721613298 430.72820558772725 218.5684080709045
323.50842847946006 432.1573937301101 221.41783447312193
333.2381209025061 426.05168519654677 227.00082102565858
340.2298334833884 427.87394405303957 221.4272198028796
344.07256799931656 433.42901489308593 227.48218274985305
340.78980127623163 424.4780965377277 226.03897713855417
336.6459129905615 426.50250849443574 234.12964722766932
333.1166321290533 419.2711076155061 226.78146184104983
327.501429839335 418.8903209526444 219.7704942058276
325.8786378254805 411.0075854209363 228.87189305606944
317.4189694534801 419.1203665064211 228.23535957464117
313.0800279759069 421.20742177931345 220.14834816661542
307.66846451270766 418.4524771477263 226.54911394851857
304.8426145554731 415.40716860096705 235.92952749561846
306.0621377653077 405.9556324234622 231.73432286297555
305.52111802188176 414.2425674997934 239.90730386626282
313.6984899380811 413.3232986085268 232.34691537329886
313.16182612879163 404.743520530387 238.1355455529091
306.7167658594975 413.13985327416543 229.72289704997203
310.08302146536715 408.3312014182445 238.74611919459133
313.09228967500184 405.7109520970638 232.42605371015847
320.7244270903079 414.6904485541611 232.87579553230202
326.7802730676794 415.782928243756 226.49873726647036
319.47569738009867 421.4082826623605 231.72511802544872
320.1200311922529 415.2224840332362 238.3037667923927
323.0577621869413 412.1282618292276 246.06486428607064
327.21449262316565 415.09267496803363 237.1376769797122
336.03412056465845 412.2671409574631 246.11853553635052
343.68845313997457 409.3207613712715 248.2333566922712
338.1112056756156 407.9431143866648 245.77279033112177
346.39266431388927 410.2998361455369 252.53820488864216
341.7006442367099 414.0465259239146 246.43429942356804
346.28108689395384 414.7782838525495 253.881689901483
336.86725115053446 412.2854054126265 263.6823407832465
337.35331132703584 422.0190984922978 268.00196618873207
340.49188368042593 422.7009136397251 274.45330568541146
343.77037774349907 418.25175562541574 280.5816831561768
345.4212573122484 416.4029007459785 288.3163176323987
345.28330454761544 424.11247199754735 282.57068448819064
340.84968131349336 415.3606431669786 285.4635319939498
348.3123253991191 413.28445260915527 284.24851739534523
352.9602025169838 407.9816080922919 280.7196765484353
347.42810643862913 403.0185127826475 287.03950254130973
357.3657724247266 410.9134787608643 286.16350591448895
362.9136201398646 419.9938879771458 283.67536787422506
358.016235022799 421.13062103485987 281.6892448777983
360.94513525572876 415.7251816582518 289.6271408776509
365.32100271611677 425.31117400604677 282.9639154044012
372.2336986679255 421.51904924463463 290.8424817728228
367.02158083530975 414.48970460458423 283.05998784917995
364.2833855502833 418.9340590562979 286.64551733266705
371.8682556546755 411.4448731637896 278.89172675824716
375.6692673980637 416.3542356990646 284.87737046210253
372.54342537862385 407.74060572910804 287.725079483992
368.8354017992179 408.5259738335614 288.300405771463
377.2925883984005 418.33711906118043 288.8197513966588
382.09294748772544 410.0208610745559 283.16148208633075
389.3181961146527 418.7468240874033 280.5882655702462
393.7285429512938 428.31328679598255 274.19642883021936
401.5127607376151 437.9758272359485 268.2762139745663
406.09497208736514 437.9879656870362 273.5169211973031
406.15885793367187 447.41717312172284 280.24424297121885
402.63402377458215 447.8610554229083 285.2326228541922
397.8468941378393 443.94132551542407 289.1636154340049
391.8252865173425 437.46589187121776 290.2671835106257
382.58125260666975 441.8280991463499 295.18995974315897
375.4852425725543 435.91484720664755 296.74775850330957
383.9369396277731 435.69899025162135 304.04650894606556
390.91147559164017 426.4679858580485 308.6117200511446
396.1134711962794 429.95463279216466 307.0242623868551
395.2939982928378 432.36251924641834 309.5577298776949
391.73821047831433 422.7993470745014 316.17194483643914
400.15424575058665 414.8361105646194 318.2452528407777
391.4021571062651 422.27108272232397 326.9749353411801
399.48505842107465 423.7115188710641 321.0743330814167
402.4187175230052 418.5617659583984 324.36923106147026
403.8434906700333 419.2124240866312 327.2464976762159
412.7860241965629 413.61623126364765 326.8727041014171
416.44722452203536 415.60065300550855 329.6613302303334
424.4848781805292 421.71197650111816 323.9464899626734
426.7022624997995 412.01987498422017 315.73916902493227
422.441607889219 416.05020194917824 310.6991046721321
421.2495813932142 422.21465844256636 303.8365245474176
411.72282843762173 428.60370378411835 312.1255090595967
402.76573424443455 436.21455606624573 317.2474270724404
409.9832595050175 431.0777033593465 313.71924823934387
414.2548081721713 426.106149004537 305.0557236441212
422.9185143010016 422.4072391651081 298.24277351725965
420.10060148262676 416.7678417661926 293.1270434508708
429.0875642646848 418.64967685270125 298.1778208767932
433.58690461180333 427.25488919386356 290.61736419326184
434.45442389366156 435.99795726352335 284.5376793038841
426.0472624347299 443.778066273798 289.65242651596674
425.86300464777037 434.99036396219907 285.1110872122333
434.5884072024691 434.3578333534114 275.20999782807695
444.5846782527264 440.9406606792998 273.9191011167596
446.8092861977946 444.59585219503793 279.80645214340836
443.23301341364447 436.582009150348 280.88094535083525
434.25384705906 434.7208155178793 286.2067538578662
437.710276456565 439.82352782405565 277.1933864293663
441.19995159427987 438.8564079005386 272.7086010768128
435.5334491604248 438.7522713527486 277.62386181336234
429.46167144546746 445.4115572888743 282.11789394008287
431.55068773265464 440.59941232294483 282.5544893621597
436.28084330317864 433.5250346579291 287.89051822185036
433.6286966415264 425.6155455626548 284.4176532458784
438.4561541682449 432.72181199015677 276.46681754572677
436.27033453670526 436.01172624727224 277.12281973300287
435.07277447548745 431.74599137370376 280.91485824719143
426.3600396561218 428.74504294883417 287.74937153879733
418.4793362999 438.37327766228225 287.09206814765844
414.3436293683399 441.66703932121493 281.00472279510996
423.03077066001265 447.4342235352307 274.6820498727919
425.96595419392537 439.6954670936184 280.1125765420948
422.30223754105805 436.5134528479947 278.34467252362464
430.72104245060495 445.21662306075035 270.88604709304997
432.16647960590274 449.40716555999506 277.5178454597174
435.07929714361313 448.19975193752583 283.11465791578763
429.2396788750717 451.98252869171495 273.8089870589913
424.9155851484221 449.58042256181966 268.0026396897268
433.0785452153229 452.19195984957685 262.69028647602437
442.14896381626187 445.6995438518209 268.93199311314834
446.0410829140703 444.1948887432927 260.8071484391282
454.43365392497435 437.34256740566406 264.8824444516793
449.69535841466865 444.8496452314177 261.8648558726569
455.75568094861137 439.19613151877917 252.87126401196184
456.8357615708104 446.6368937750804 247.44041800523195
463.0458938398884 441.7267693096457 248.88215021632905
469.80099798243776 438.5590218021886 248.79093566309186
470.80666264344666 442.5767400814082 248.9917314923115
461.73913354850737 435.0908513176905 252.54333439010367
457.19454957114186 425.78268536182253 259.5944675757497
454.7395188878593 432.07459784302654 259.14901739653504
454.30255339491487 430.4417258388384 255.00578661519637
457.2377830326864 429.52284917831764 245.4799888774614
466.5212550004458 434.8564451447972 247.4592679462686
458.64519695908336 438.86328111846257 253.48196040370215
449.68636241662085 433.0579848277086 254.05166745111134
452.27614664389506 435.7966589911954 259.08512151024297
444.24373701621397 427.47334659340333 249.14620269889514
441.6213106550909 423.93846678233825 243.74409222600153
447.4146406271449 433.66890265478054 246.04167612708923
442.51401533823844 442.1450004579205 254.4126972499745
449.81629615964073 439.9909046103182 258.6621562944232
458.95252866603806 447.49652420972245 268.4546403833439
460.40367503148303 455.79317621712147 259.81643367660615
450.5353820207125 446.1508178492677 255.51152726965842
445.2406905952393 455.06862444834184 262.9372601843589
450.4226938565423 458.2200411182428 257.42466594633197
448.63348004601875 449.3455627122036 265.3324356056242
454.67475093738926 453.9459944647216 267.7881081027044
450.753089672373 447.7137632715006 274.6723893047558
442.19981445073176 450.36796945936254 279.0015267702493
447.98708391697323 452.59945993481097 288.4872662071111
452.74912022443016 448.33974197814484 293.6584655859458
444.26250263965494 455.8128384541838 297.6460341036697
437.7084568366892 464.6100181117313 295.59919172217724
444.0593618219868 468.48321359523663 294.627020078094
439.37255775272206 470.5589577170178 304.1646997336167
446.72235421155665 471.06257556900107 305.20446320951015
443.236089638536 475.5026769814527 311.1605001514446
450.32193118457604 465.9787459240624 308.41532960014865
457.70254943094994 457.89756317639757 317.1379375572654
460.9722645382679 458.313810948142 324.9290367353204
466.9257616506865 462.81485852946065 329.42314728000207
476.11175710517796 467.32445853296826 331.69549572868937
467.96763960848864 477.28400602658087 329.3097653845782
472.7914310350476 482.75320841113546 338.49823770114193
480.9010646825188 475.62055572791604 335.52967664307295
474.25464735799267 470.46825657248706 338.4622893351447
473.1711591256567 463.5706671601968 343.8012396487554
463.3667348458821 467.3619132178639 335.50689816466513
465.8969737814128 465.0758077002458 327.7701771389702
464.767167726206 461.2892885272987 322.7263694114924
461.75808016057886 466.89313903081546 331.73832677441567
461.78872924904863 466.40466221566334 328.72901979181466
455.21747226380074 461.9421414950248 330.70836010712503
458.70973201927404 463.58855381756536 326.12339338328536
465.7737791440383 458.8906378381116 321.9305851064685
456.5921977110785 464.49538760699545 323.0102810278857
447.38483413299633 459.4270425832884 331.9838406266721
442.56022155861433 465.69230885730224 335.2203218169145
439.16726791667804 460.71821717946705 333.08353828300227
432.53569153491196 450.78291589632465 323.28288869474244
429.99580536337885 446.0143003169424 323.3516704895965
436.7830726033447 446.7659633776389 317.24815103701036
438.09823542612656 454.2028467245677 321.8117804234126
434.71111412609554 457.3886772315803 330.8542852949482
428.9743719032595 459.8633182902589 327.71759055059897
420.3883535290949 452.06640728754763 331.57321461697785
428.76219713166074 451.6475860529336 325.1319246544988
436.3354628472319 455.596042182126 326.5052862123866
444.9810154655773 456.3890556663907 329.8544926233192
438.38946136256305 455.2649967965243 334.9075889888353
440.66487758993065 450.8378734870936 337.4241988588721
436.2532648875769 453.3967212783283 344.62032851655437
440.44476943917476 447.68480692989715 344.3821940007677
445.427969088608 453.8907212509511 352.35472106551197
447.5116212057197 459.06746069658516 352.74300681689004
456.7446944743972 463.92416579661426 357.79679432752687
462.0726775353752 455.58541388838387 361.5364979063335
469.82605151844484 447.78231324833956 355.729211359105
477.13601191447805 444.41073506010656 347.3675031864223
470.6402906662207 437.7686446338755 349.79571267183314
477.5283982287581 436.818960890354 349.97792229653135
486.61949238476427 439.3474770748835 345.1746440252523
478.1908401517975 441.04546179904366 353.4039110774493
477.8454528626031 443.90609104794555 351.2216325428594
483.4972371770546 451.0658584658176 344.16188709230397
477.522032283949 453.26672299497056 336.85013084337817
468.9310013893701 461.8121777687011 328.29391442071153
475.5934206269968 457.0548739186938 329.0252472019351
483.25314442033607 464.2206625547403 337.7953497750139
474.6546959751891 466.99933622186734 328.8062565636401
478.46546904347593 458.9636075781516 337.38139547600247
481.7651318565389 451.98765262024335 331.84072212698135
472.75386353150463 444.206163127112 340.1379472469669
473.20934138276675 445.6419866830797 349.86980087790596
475.95874984082906 440.22000883082285 354.8906471677744
468.8599812353939 444.38090094378384 360.12886969219613
472.43842897238255 441.14205409706835 350.4107561069517
472.6091398742507 440.11602170728264 348.5836890327145
475.99242520144315 440.92926158081394 343.30486175148224
476.34960590023843 446.1951884172583 337.3816080850444
479.12079890425133 454.03054434157934 338.53859938741414
472.2689017661118 457.79648571428226 329.32392094977087
471.7705860063173 451.8384171836812 332.2257831518207
464.5599333201524 457.864570211454 335.70516205184725
456.412148455124 449.45532153225366 331.3102449133771
450.5981196563098 448.37754125490636 336.57540135561226
454.7591937480142 449.08709517205534 346.12518230334615
457.0447615649931 446.1376296553974 347.90338429730974
451.4843797468309 444.04031941126965 353.7042117369005
451.1339405129775 448.553605825959 352.03549807500696
457.3164746887127 440.3644271521413 347.00740090868896
457.13184206460994 442.64633157168873 354.26408009383454
460.6357435166449 437.3909467574299 354.5815062491274
455.1462518100563 432.72005603489066 357.8144396260948
448.9052180975087 426.6222333277717 363.65404720934464
440.8840767121388 435.07534938167856 370.90486742851186
432.595510760779 443.4387644906019 374.45392042483564
442.5683647901699 435.15577694584664 370.3119978009594
447.6157934684967 431.20003153669495 377.276215128038
446.67084376816416 422.14091967897946 380.3195080964785
439.1969649649914 419.39144023559015 386.92613813291746
448.7961051601399 424.20663075212235 390.7804016786568
448.6360705210865 421.0758312755536 387.4997571826594
439.6674983636261 419.5597514024226 388.54200102534423
446.97163292559185 429.2613031210989 395.91753419376323
454.4509861835155 420.5255161718029 405.531628081037
450.2850710321108 421.4348642381371 408.8757575755946
450.6230488698066 430.5633838601401 413.4950392642516
456.60195206797124 425.7248100590626 409.8265356920576
452.11853464206064 429.9522473080628 413.94127067567365
455.45561768926814 426.8272961983116 422.9036056880255
446.88140403510465 422.4129792301337 418.2725316399829
456.4552311799055 419.84267458150015 416.5537434193744
461.0025405170714 424.49565155200634 407.17408282627105
468.39026547399124 432.2184647889279 398.2881091933558
469.2683189214908 431.6696800737557 398.6649802629959
477.3745305911721 434.6627987000437 403.9620779877098
474.5606072448518 436.52972452244916 406.4069032803364
466.8237359175092 439.03804445474105 409.4620264195881
464.77314839857297 437.0529957135642 402.23621351977897
456.39195671747825 439.830748275332 398.73985779141157
447.13469774864416 432.3950628828161 407.47942410071425
450.5010086373527 436.38931604064294 416.0791616102541
452.08803626902346 443.70364253971445 424.06767691140766
451.99283854290644 451.4287970487492 423.64784752077315
448.0141170542492 456.6270745108387 418.79388630159553
452.40877356248825 459.62009957587543 417.6063518664883
458.35478638380846 450.51899383726726 420.5898839810237
465.6046449912381 455.97036628264084 419.0810433697878
459.1884474362808 448.5663897114015 414.31547793199
461.6049632482469 451.62887816196115 404.6273398490596
458.6217787068808 449.4310382268738 400.6934887718328
449.1425409144905 458.78531519904027 402.64040650847545
458.8404779920762 455.45109829835224 411.71083530441007
465.6160567546845 456.9470951529257 403.1297028194367
473.9057241529316 453.7934005751693 406.261134913685
483.0808002356088 463.33823033671314 398.06413990408026
484.06057041170385 457.5934736519496 388.9487561523521
483.44694818139016 455.94756657900507 379.8009440660238
479.2534622423994 448.4072793446899 378.75665955669655
488.4516632860711 450.3530416129864 374.62964277922003
486.6614823705277 450.5632886565083 368.7078264062557
477.5225886291511 450.9541053645498 359.86312329720175
484.5352287768032 443.3317856843154 354.8132124900012
486.89779338551966 436.90232901167184 349.94587827808726
485.1965843765566 439.99406768042314 340.896239353586
485.91078666397283 437.5256535559349 340.3281565174316
485.61232495374196 438.1835047484009 333.35241640773
482.2081821217405 433.18444411175216 327.98436850912725
473.00116812190737 427.8684534478999 337.1380612523509
472.3826096169772 431.567137561087 338.0170248867579
471.6807185880896 426.7016204075278 345.58463432590315
469.24680240601276 423.70068451626 345.47037201311
477.617488000616 418.9870927290725 344.4178918415156
481.93767562876985 411.6313375442556 352.03296324701256
481.1718456211488 417.1834319487392 343.941872843337
477.70434555417523 421.6482700302574 339.4532674898388
484.09828975379907 416.29951874805096 343.6581946463173
481.11703690058704 424.50257352148566 347.22095146649247
487.88365955035636 422.4658880754686 339.78693765706646
493.8886660184341 429.9200309276439 347.55013188657
492.4142170198379 429.30991171212276 353.3385811945159
499.08910237665714 420.79730997766285 354.1563310258574
493.65744673678705 422.01793097292176 349.01016156137564
500.57382087585313 419.4498800254485 340.6249018153605
500.7806108460798 421.6934725505954 341.8767426923731
493.9703009342849 422.93249419959983 332.15908728725583
491.96927322314906 420.24180067395105 333.64993874133273
482.49524611625174 422.9843892276794 325.06880967000995
481.38788300301474 416.0496816552066 316.6825912861893
480.9293881116283 407.6514615854438 313.6863468108997
479.93819778364247 403.8281238134755 310.3255973805382
476.58784999947125 406.4475736030433 314.23142034115716
472.41207950441634 408.3976576272044 305.25962427169975
465.37784286327343 409.11026876947244 295.92201330907966
455.67499742423 411.3231464854659 298.8260556093225
461.32145967669027 415.5464649822232 292.6203968197076
455.2665206805037 411.98168807188466 292.0707705855332
450.57969805950626 402.10666280264354 289.80329595324616
442.04116269593374 400.09355637299046 294.0443030670805
446.7826686318021 395.5131055238699 293.66521733176415
445.82364587344176 398.02173740494186 296.5404991947053
452.90998601236606 392.39481326744647 306.2682826967703
448.35220105458933 390.7399794414051 312.2624665566871
447.8700654048277 390.85332686784704 311.3936602480563
443.63841587565184 383.0568347669543 317.9037501945277
444.66964488369234 385.20632523362207 327.04211877703915
439.55777522236366 388.4349215605795 332.0364691953651
435.7803606320073 387.19770424916095 334.1723263303546
433.87792015138893 381.6902782469964 341.0635225455429
431.9705927564991 391.46111518041783 343.3580299996603
425.15969679481236 384.7924965582689 353.03232403151446
420.729701538609 382.58285733119965 350.4429177220926
428.105524629884 391.89622921006634 353.83770055321816
435.11635097128965 401.64062378708763 362.33146081809224
432.25828605295504 394.0035048867356 368.7480522217485
433.5973152499967 384.2026987632435 368.3842862390916
432.6306640138146 380.0480320571223 377.473856559344
432.8543870092966 380.2065661716268 375.24033231726145
438.324055014121 372.51683328513576 382.556410492167
445.2516977440862 375.68408161729536 376.1482252456336
442.4228166197737 370.00678744746864 380.3486436616639
445.12591813202 369.04206410066786 371.4479873555779
440.87166063487876 368.10077587060584 368.8733795782273
446.9605761800155 377.98234962034513 374.6238484368282
437.4004134836863 370.00935819438837 373.70433948751696
429.72214531952176 360.3949375768151 373.3285153600448
425.80452898077 364.7443383732499 370.0328596888154
421.5829982252089 363.79845727423714 374.685320234365
426.63270147420053 360.3206946625699 380.92770772305283
426.0541043099418 360.319544857208 390.57035174600003
420.2997429173525 366.3822092589469 399.56341455992697
416.0706709014943 376.32956012939263 406.8864371554243
413.0160275099744 381.56021343622587 402.26251294284333
407.4287196325966 388.43780075419534 396.93986237452737
409.29281757308934 378.48863201767153 405.36105645313285
410.8458951060401 383.8329068660074 404.12259716196144
416.26450582844944 391.39536051542984 408.08907926563194
419.5643148389459 383.8901972118122 411.88509837310147
411.4089799154892 378.22338771450876 421.0331316279809
409.4027802054748 378.32376993542266 412.0945528225768
418.23241199505634 370.6560435335298 403.7338805022451
417.17266445141416 371.46678420691785 403.6169872448642
425.5560692220272 374.781107278801 412.46790052005747
430.4016487295936 381.2411374247842 407.0301509216474
427.25212607257487 389.32835984660557 411.7622336718636
430.1562250970331 386.691280638652 416.4043097637471
420.86106213379674 392.61661553833846 425.30655514234036
418.68219929657744 386.2938480142953 431.2121391941885
427.66379764788996 380.7162805738563 423.4665647053285
433.8728554317448 388.9146369797211 425.27718596444333
441.05327651002557 381.13088931000084 425.44670245333333
447.1431448668188 377.92283186988965 422.9782367022302
439.47365079164035 377.06678591949617 419.8764912157035
448.5243228974931 368.79994798737727 413.38441356025464
456.0915591056355 362.70564360195306 422.6096404913529
454.8097105537458 354.1074787395113 431.6172137596715
447.98310131871625 349.6312186111309 438.8250685710201
451.4185908425335 358.6601555235176 437.0858302471263
454.2765418628245 354.2708388453759 429.82493420161086
457.8721873670132 347.2521866223004 428.35288588526197
448.6138610478704 355.2240272899364 433.3424592323541
455.90844148302284 352.94739736609006 431.4233533728373
450.880246591647 350.94335588800914 439.71596889580394
449.9836484071744 342.83215109688035 445.2916749617542
456.2410336539728 344.846844188654 452.2462605113994
447.1073778171246 340.1723664999227 453.90918172336745
439.25869520171625 345.72878213811833 451.38159063937644
442.4215902346714 339.712088925264 457.282422946023
442.5616267867848 330.2925443705183 457.09177109271235
450.6216624376573 330.3210765813652 459.2203938122682
441.9088477410788 328.9773379777816 449.81848037178554
451.29063924237556 323.17394344854955 457.242201436975
457.54628783816236 323.77775993871387 460.0029243534273
452.8230600696328 316.95858855063716 460.7311066015365
443.0303346914948 312.8923793563545 454.5494611817671
438.5473669745897 309.1955402178648 463.8085408084096
439.90590455586533 318.29805402552444 458.317876263352
443.1626691068187 323.08811204116756 464.3995436367425
448.2558000989201 323.3658977960699 458.6839846303225
450.8279608319288 317.5141205663461 450.7282825373136
452.40432656400066 323.1677682722119 447.74716955613974
455.99028354699664 323.6742842532619 438.13629778725453
451.5075114102921 321.37791489033026 428.757964718481
459.4218281589724 313.9532931919571 437.1956695710519
466.0501940860297 312.44109562764214 440.2596048137536
474.2333318813503 317.7753221859251 440.0879211274466
483.8971764924105 324.35853144135615 446.4767075681569
475.0099173763212 325.98120698768867 443.61098274294295
467.9318757694743 324.4835595231147 433.9279264687543
463.19590749314847 322.84722733211026 428.855564004972
465.91920890600346 332.673945428761 424.38592617219484
464.36263338896845 332.95602999712025 425.16804635252396
467.3230358368997 332.2749398114796 416.72048040503006
459.6811819979304 327.2217009510823 417.54766639456955
467.3988396961937 323.52052039800895 413.2301414804589
459.53192498202964 326.26313426727694 420.4674122895322
459.18589745180634 317.7517661547525 417.00301917460985
461.3325087157095 313.09212637017606 423.1838466968264
456.82109682769584 318.8691711957961 413.1942794749697
456.9001487060045 312.7452915933928 416.67581707070576
461.1782700960857 307.29400040778 408.5268144642373
458.55520693363303 313.73277254961863 412.3353576287601
461.77840424135394 311.1078673463672 407.5196901632766
466.64926964087726 321.08017441250996 412.90240831692194
475.8389891130348 324.61299522022216 405.1787505690894
471.0271394736247 334.5339161843513 395.7898847897154
476.10944670050446 333.48914510576344 402.7958044407216
478.30976574257204 324.9458943049354 411.5020353340065
488.29642712983446 332.8342721230331 415.6914834132206
493.10944976011166 328.5868465930071 412.86844001864307
488.18776501512815 337.1471221576339 404.13886285154604
495.42238869765987 337.4610835564773 395.48702463858444
489.65582009801193 342.7462635986269 395.31375610505086
485.3012986060866 350.8623961096111 392.58367124224213
485.06835642692414 341.153408640568 395.47796556103896
488.91223273582403 332.67151980691654 388.15113130597763
483.97708189702377 332.2568706126665 386.8969539288469
482.1230255654913 327.9268385880881 386.14520970870393
481.7237691103886 323.53436408217664 382.99448385115284
483.95999737480565 324.2673597757805 378.4709038144957
492.42311377373625 331.8432505650791 380.6406784132534
495.0304205186814 328.4303288966217 387.0811657222561
499.6421246388644 320.70931459089945 379.93037058527915
491.5159185444074 318.71277411882164 384.9444055587697
500.04111811563934 323.87333034195024 394.30140394556383
491.21874650026547 329.9058998330995 385.89580785075924
497.4384634484745 332.7041305402254 380.8182530736436
496.0097507310278 324.32756616223554 389.2306914327727
504.48739436046964 332.09337076991824 389.38946246565746
504.7250207180996 328.6031356783504 384.0319028522674
501.54507966955447 325.0172600323494 391.2382036380119
508.25715732360703 323.1519201299641 387.3582047310874
515.8132817107163 329.8229743758774 383.5005678571766
506.11527811652377 339.26958375376864 378.4233197930889
505.6633394701746 329.27801782796354 379.79005694469845
499.2435560971885 334.7551208132187 383.1560811504871
504.1800566191099 333.9220499611283 391.2708066152365
511.56618443732185 324.86103576864906 395.8511113305227
517.2706209930064 325.7246248807374 393.9535930038487
514.4206664988432 324.62307483489747 386.7203796754844
522.1401243915434 323.7900542208874 379.35010913362805
522.4615866518797 323.03021670010844 381.4027428431476
531.68190679534 313.1562273466984 379.2204416499077
526.9755986017872 322.9167209870366 381.75351106634497
524.393407629698 328.7221331613278 373.9479836304735
527.2747651172773 336.0398906721377 373.7023820163297
529.4979605657637 343.9265938825592 376.04169405350854
531.4214414859978 336.0587772136143 371.8068553463066
530.1021840749327 344.19925211153827 380.7404650719357
536.8970065883594 340.8471331488684 389.1874416107998
535.9316545762106 346.9095682984803 383.59141395457704
545.6701918295843 338.686843715623 380.42861551428325
542.8726715709375 343.1268082950984 375.44269297741783
537.8887231119613 350.1617467063965 370.79361532051473
537.1865330978367 344.75014534013985 366.16832612809463
530.1313047683869 345.27856072936345 373.6624369597988
536.8964253783494 354.6925076025025 370.04497279512225
540.1282495988571 360.8289919874057 368.3769982650004
548.6902534625953 364.85000809477907 375.35695548313794
550.2181192420409 371.0140535870821 366.26466356012094
542.2408589116474 364.5667382409541 370.98904658770397
547.5375514507792 373.68778811505354 364.7444383982108
549.2868106886737 378.5449247558989 360.2028209040677
549.39017512631 383.6569893670631 355.33337230808587
540.543052828293 392.1212692489295 347.6023349608831
538.1443620304105 399.35478339702337 343.5735377730009
534.0346128290925 392.6458724269501 343.01736407250604
532.6404265301151 386.54160999792754 337.777873263353
529.5625952832487 379.73010641234885 340.1647147249072
533.8703186464643 381.28433408842 334.84826402904594
542.6378153618213 385.23612513273446 330.2485989099457
551.2115814923013 391.44728454634486 326.61346657803773
552.8130209446812 392.4516543844327 316.80097771072076
558.1459928427116 391.2208260385213 308.26155487172565
564.0325307562732 389.2951162468389 301.5296709350108
563.809845732442 389.5389444228398 300.7395658669412
572.9600559771267 390.8014752740145 303.2517224337575
576.3197200292901 391.75287302906764 293.5171924215936
571.9580793152903 388.7508350582228 298.354196084859
571.47455108429 391.30888956769707 303.66471312818896
569.5739972081439 391.3799706883763 311.1387481910934
565.2905036108052 398.6623579153251 308.9410157078282
562.6307421347607 396.3556348766193 314.4277703438577
570.2333835516636 387.69803841466785 311.0915492241261
561.6800806823439 386.0361126042082 305.36229462330346
565.1553715272835 376.6368322372782 299.1348543208935
574.8446271296935 375.9398827110273 305.982308943771
576.2834407945161 381.0157568564851 298.3613750294079
579.3186618382002 381.470523068996 306.2017919897558
579.3590271380749 373.2346652248339 309.9201895137425
577.7599655709791 382.50043516510107 319.1870506588804
576.5233449097905 390.2722115371301 322.6183662072515
575.7729147966431 394.33760661992716 320.94403846811036
582.8878975456514 387.64682615173797 324.52742484488664
579.8396394843023 383.74969874527795 329.8139398118367
581.9645263318149 376.1079387987446 323.1075575079805
575.5673764064675 373.6448976041788 329.72253506482576
577.7467445048266 381.73054760966875 335.6552797654307
580.3597470975187 383.4003896190114 327.1466400971788
580.9268667750378 383.4976143575071 328.7308546481899
579.2634744658275 389.11752697510343 326.5686262057678
577.9515131050317 395.5943675399488 324.12914162471986
587.5063888765363 400.09503177426285 320.3396749419005
586.1978841557975 394.30867883929403 326.76554817476347
576.3160316067365 402.54582006505285 321.9721097793822
567.1584152739939 404.96643196287033 320.8901157610316
558.208602744445 410.17742753896573 326.41360388565556
558.4177086315574 401.5725823502066 330.69114473047836
549.0460145725875 402.9085813736833 337.5648626022374
546.42673249224 403.0481955810835 347.0837966747071
554.3790827302823 399.7916955313692 349.10017551133893
561.4516170253781 406.9409893243446 350.6217298182996
563.5550457904268 414.7630496161681 348.8750992881445
556.2847675018517 411.27721893198014 341.2746073724929
554.0719798815144 405.9305808759799 350.1897702129153
552.4627179568481 406.05804922805953 342.9491554459702
546.0738677790479 407.42538686567326 334.1892074537582
536.462798624167 401.3694322626342 331.8831478897415
40
464.45912018214455 421.86311333008734 354.38347338325326
470.30543096591475 419.3086473203051 346.8202900768994
481.7846570657268 410.9501343964028 343.37730239483983
479.1622541721178 409.20866607943526 353.07784596631336
472.7526807875443 419.15691024687936 329.809210624465
477.0221763635324 424.4370398494059 343.5575695007621
477.9920219995779 432.1562853124381 337.60877632886314
485.07606893103576 417.678725049287 342.2776004562829
484.6381562801246 437.22105935230246 349.08211073730973
482.4874857803703 438.5793116830755 355.9522125808967
504.35589957519284 411.42965750045965 355.88664814800654
496.6289695222481 431.33990858353917 356.65296745687476
507.31916344852107 417.63554988996964 336.1235895778993
509.62490162382846 430.8259112860134 349.0797664250496
499.13840211855927 416.25042955225894 340.78908049521345
489.7109033541267 414.7316197959901 342.58861431399475
489.4438954103142 419.17758529669914 326.85598865376113
475.2757038525393 409.4198821385929 313.2223768999867
471.06259840807417 400.1964411179476 321.89750617815986
487.39246512310217 405.40598250536743 316.21242507410693
468.4250146598137 415.98417030895826 307.0632076193806
466.8366065298759 417.751348795578 312.08907738214106
460.6012311941847 407.2677825189017 300.0836392909498
456.91019547983683 414.0464976066867 298.12483150287517
465.3977162772897 409.6902320455655 286.5534832233006
445.36210333794025 412.3391610604197 299.4365625134847
443.036895259946 406.6785705638809 289.91136157931163
441.86636073664306 399.07580432585723 286.22982425159864
453.36324568754037 398.14963054035604 287.90563756950553
445.9619443863599 399.21386164894506 306.3634709858406
454.89923267850577 402.21320016312404 316.0520352880545
448.1015189488105 393.2674186619189 307.40772124138397
450.75231292709054 394.06287577221 319.47644612299706
438.99008989460117 377.0575467006807 322.70317784726177
451.9123362359064 383.3482955303915 327.1180586204955
435.2591209558684 387.03495268019964 341.75373418294123
437.0774161349549 379.71522986290705 329.4756943981954
434.86221005388694 377.5759536161526 340.1661542893925
434.1881569145273 385.58809410189343 348.93766257938057
433.54843655499485 390.29645490290824 361.7139073895312
