1000
473.68169213368054 300.1192309670507 131.838057259122
483.0354622940749 308.1004839571449 132.57289241409185
480.85739928596234 301.06643910914335 140.3412026765579
490.79791675034363 291.3113663855039 143.21468070839842
481.7176831097967 293.846070534419 134.94642699511127
490.88215558186863 285.6343417548746 141.32708512668506
481.44007245671565 284.004245690912 149.6125177206213
480.66442807464074 277.12836117797417 156.75384452461003
487.05265778565587 282.3528923811112 147.73266713298568
478.4701778592612 284.76857539386816 147.34599647135252
474.17833966122635 293.40303884772436 156.04123695992467
468.19671679422044 301.5525179925979 150.91689806776344
472.1955861450692 308.01910376445056 150.06858192302346
463.0326862132787 300.3835854547517 141.33845249979092
463.6948337922195 304.1608032689876 142.04712965568288
456.3559932001019 310.90363126707564 146.0760714824987
447.55807059842334 301.81676577873736 145.39240152808446
445.97136701216016 294.5386890386574 148.49756686418937
451.9607192880274 286.22083032194416 142.04359721538833
443.65632704872723 278.9142420058728 140.09712473059926
446.2942671473402 283.5864354903515 148.3242733065777
447.31127636084176 276.13553782781344 150.86746133414727
447.1156888685877 274.8458081705272 146.10330381281344
454.5017395587714 265.07904240124736 138.12346863079188
458.8303478803633 264.52500440547976 144.54465261092145
461.69084840806596 266.7905190281474 149.0774805423195
462.9475220402004 263.1354413680093 149.6192961176729
453.83600127524153 269.1239303178465 156.00922999443137
454.4307071493861 268.84807199471754 154.1664916769812
458.5253503596859 268.05891455210167 144.52683179029668
463.923109841954 278.00822583951634 142.1669988073066
464.4111921152209 273.27237148366106 151.0973875711866
457.3778932988384 264.3786117402421 142.60091577392473
451.5581520041745 273.19795014120473 141.40658050076894
451.7000833489655 274.04131625770066 150.30343160801286
442.84471656278635 264.91570538885395 152.66154411674881
452.3037758387659 260.0041964971703 151.74133558628762
444.42267597424797 250.1502825411253 149.94379799033757
444.8499114873317 248.02639636934677 140.74322919227376
438.8275369852322 254.17379863264998 146.81175537622912
436.0199594456492 251.72558947813562 139.73700640487561
431.5930814062592 246.64850251836668 144.9196915392747
435.60437751130246 236.68866870368254 145.52229542512472
428.2211645897869 228.52945561164685 141.4905782169068
431.95345374495076 226.74718905291613 138.27700167595412
439.5437814979714 225.86699832929907 139.51756378176194
440.65040419430875 221.96652943865854 143.59584360603728
443.62363580875467 217.0862065323861 149.1709047037253
438.42036062540507 217.48291292189433 149.62851161736828
444.30241473729245 219.48388220225985 141.40313346945607
438.5281526722908 217.7006020633413 142.94884962960037
429.9598484158619 208.93577490478972 144.31055408638636
431.3931950347305 212.90618123417818 137.80560972471767
428.1991603383871 222.16682255820723 140.08985156961197
435.8016123458621 231.67660643275593 147.24404658366296
431.59559218243373 240.27009555141763 156.03906742835076
439.74266319201183 250.08238298292798 160.51680321384808
434.38966911937246 247.99919658096383 150.85600148551762
442.3974100130092 246.0211077473621 152.93196303647437
439.1985223203931 241.16860553259085 156.4571262466983
442.9848566489418 245.02642956927517 162.55636993113308
441.5509604929949 235.88952945621625 166.93214266033175
441.35039836664436 231.3005231577598 161.6785263729236
447.8639487455712 231.26574547391056 162.89983977899553
450.927230569986 235.1741403898094 170.8884447989916
453.7967453825929 244.68707729756377 164.66375014703752
449.4672142792306 241.64726559943773 155.3302963042651
448.3474675716613 238.46611248000042 158.02788458383668
449.1757899884975 248.27504238750643 152.65005067644762
447.0167597569581 250.23244518311563 149.4499488604402
454.2022016373463 253.4267494362737 139.74425943122733
451.2205697287313 261.27173556985116 133.32666848041492
456.0800012563946 268.14956572048607 130.9855221550983
448.91587350238495 277.17983718219324 140.82223838503643
457.188062477329 274.46928131518865 139.3389728328812
457.1917347151706 266.6915562266531 147.9168446476614
459.14436412581136 264.81413102825474 138.23157981075536
451.3284923516956 259.22959343061893 147.47475774704012
453.1494757685309 254.28919595276608 143.0187171488222
455.1663169192206 247.0007759256908 150.38407922040653
463.2364640890889 250.71561480946897 146.97937597666922
468.328523748379 255.5222327648971 142.06982397257337
470.5850967395565 261.2296830656068 150.00396871378993
476.33292075046 262.4232908697685 154.19622849698544
477.2781645992272 253.81062414936315 159.47755819347555
482.5973046207267 250.8725422311017 154.2746970946037
482.7948331514658 257.78668538778845 163.0834672993295
476.37788873568996 247.99197206255536 169.6931316042735
471.60790547454747 245.14011026442003 169.30606122932485
480.2475354962173 236.39196392404511 168.37699950654388
484.4939561045557 234.67066600399733 170.59499194786048
480.7221970335676 233.7506192256501 178.75444803751734
489.1460683854494 238.66915707763908 172.35600211157328
497.545521859632 228.81375422418313 172.49597325980918
501.7166697315601 231.22873036698823 172.8711688378641
502.49436574035064 237.34455284697432 171.67058000804158
493.4375321954315 238.565052822676 166.34996061178944
496.576051467934 236.05706142101968 166.70216681268494
489.3299992166033 234.7690779079204 173.50483541290146
482.12724857613546 232.5832235459535 166.43137128159523
483.6350166661993 237.66161703161234 157.76675931092697
488.2295415849259 241.83274289354455 166.21464546203396
494.0731301457669 234.88382776232183 172.84062559389602
498.84507800455486 234.95394988938426 180.718032901814
495.25847177476635 229.0469609204426 178.2271507371363
491.346176477573 236.67308746159557 178.1720355467535
500.1202844029251 231.06993325589414 187.56725632903908
499.5367569816526 236.28365264815 191.73233774253256
496.40345775480677 232.84936962089617 188.00263471843718
486.5014670826599 240.87678075581704 179.60904700651326
494.9315854972176 246.51015806638264 182.49118367715064
500.92477590006706 238.84181033617355 191.56096365829774
498.3988724955704 235.76022370092966 190.37576981332973
489.3124720296576 236.69278445639608 195.33981028316214
496.70859810886617 240.3109330409986 187.19484648136148
495.7435325562848 232.1089699708343 177.20909580176652
492.34326225460563 229.48526835560682 183.86552154193637
488.56303916739154 222.95662914691286 177.44635599464365
487.5366061461126 222.5410824690427 182.71951636133159
487.14506306339734 222.74202613823084 182.7814962724329
493.73059131093953 214.25503111719337 187.08688222082185
487.3326749699588 223.908357766185 184.42394327568132
487.83280126569326 214.01253973346184 182.16270323149266
487.6476256581016 214.117419739905 172.4385586198208
482.08502133787647 214.2087777643151 173.0065930721964
478.0185288624005 214.32518770368307 181.39185216138296
471.7778469460843 209.91812222364612 180.904881849651
479.25150047821467 213.90634108228352 187.71815342955165
479.37185371284033 220.39074875066757 180.08047149121344
472.1547168515194 218.9612016675529 182.32792381657458
477.8580573674613 222.1339134531327 179.42527763937264
484.3789884347574 216.5986129896401 185.00202881112847
482.57975648264966 225.46338381296044 191.92347722867754
487.2744419089158 228.96462816684715 189.08391678959538
492.68821643204285 227.05232073937543 184.1791426048297
494.4286739051711 236.74305430378226 178.41274443601685
487.91614264447065 243.03572643093966 188.12507548463017
479.67655731398725 251.1476485602826 191.76121755047384
475.09112696417816 243.4483274632603 184.30882471561202
466.853716067486 237.33786236645707 182.55494386315775
470.52424822913275 237.51604779230593 185.90363511647539
467.4698285240383 227.78983199130357 190.888481102081
469.4533085760827 230.76990890396974 197.6268336461615
472.7854192847369 232.3983022484021 203.95359200800198
463.286806974838 222.91703357219157 194.75747940793767
466.31355313078814 221.0402569014861 184.95051734298528
465.0733341511774 216.59420961612074 178.18506971025081
462.15159627834976 219.78549144898065 182.17476067947456
467.2783195644036 215.43648051396627 183.84901187575537
471.0296411484399 224.84693798474046 193.23298664040692
464.9035240566453 229.33199380221794 185.50078009666467
473.6883762540336 234.22543069079097 187.7989380689192
475.80880959358433 230.7834099669955 179.1068778338898
482.2801384238745 220.96602908918686 171.0290120170732
477.02024512891 226.0534112950396 161.9143277687942
484.1231846344537 229.59593751057795 156.39290487406555
484.47970529107573 230.39035333275348 166.0009880789955
482.03364290496523 223.00045569395346 158.85027909816404
487.4783882904404 215.39430322847122 164.6214517411074
483.82644033939783 217.80630737673332 166.7728818168491
476.6823876309275 219.83018651342795 158.3087604626241
479.9321697592641 222.8701209525469 166.04951703872277
478.8406172077079 219.74449338500193 169.78153885208627
479.58936924067444 210.84775432229665 179.2969386893153
487.85617350420466 213.8233522866203 185.87816974086044
497.3082642200115 209.47189652780082 176.5699534103877
487.698635108606 211.97105622173203 181.0932471521753
479.46254030450444 205.24183326698048 179.64485746742915
475.80610350290044 200.26426149735488 175.15640879013912
477.752822709084 203.91741663261496 184.9157632060677
476.3734221406536 194.76878140097733 175.32510290018092
481.6278095291693 187.81972247051579 165.8227496328498
476.3767366955448 191.50681191033544 175.35790414870615
475.5166818309531 193.29380982768026 182.59281068626245
484.1151199880345 190.66309614901266 174.5641810323895
482.0355533595057 181.98194722068442 181.00917424713094
472.1606782726089 182.4891560357121 181.65824699024532
482.07509206403876 175.53981570066549 172.28562450763025
475.28352637603126 185.15803417794754 168.95818346163924
479.8458294571133 192.39468918713683 169.79232045621217
480.171664687462 202.31082772260947 159.88919409588541
478.0414042190083 200.47945466409402 160.20226987426256
482.8428528597194 204.6521398721795 158.18985073753484
487.0658056505082 210.7405148975875 154.2360354926207
487.6940216031946 206.78933861426867 158.5389060257468
480.95559620984443 205.7651812222448 159.98878788476833
471.9399397736307 206.875621098907 152.5416471925534
462.2780923521343 215.11087977800668 144.40127102164232
454.0610667525172 211.68457486601798 136.73923090262508
463.77550562724514 202.99060953900255 138.5210158412522
470.7473231792421 206.57258318099596 143.79725706654762
470.95885827799367 202.56353620668665 143.88003358964852
475.2000977772109 212.43089781961825 139.17719640629988
468.90368382481086 219.8586332970425 148.95401266135175
467.49337080135854 218.09784394714768 142.71084880487405
468.02673680576476 223.31520695039535 142.69872980799008
464.76297286954866 227.8920877003044 140.82362007120628
469.5139669350846 228.98728278393864 144.16642125405394
477.267762395017 222.0615055018759 139.43573690549545
485.1114778764578 216.432362513515 143.54697268485447
492.7703005573826 211.88094267317334 138.74577535533265
495.4982937019946 207.63423553710368 132.50468656329411
493.70269766041366 203.5499350154447 136.14784888574874
488.71219684436426 204.50824663510872 139.5104933433716
496.61007401456914 199.56337597874494 136.26993637100804
492.3556540022607 192.49197657205076 130.7548549369867
486.32446167437024 191.7315036399354 137.03502421049
484.31061074863885 185.70902566918562 135.23036232995153
492.83014761478745 193.82139652499524 140.69890873483547
495.9027713102555 201.34887598745655 135.6799139458817
489.462187384868 205.01739386424464 141.76426140382358
494.26816228821184 195.59722938244926 144.91129347911908
494.33559239059656 191.53091547703593 145.27099511286391
499.4014565907975 190.5596476670983 146.08070575333872
504.44822848398917 199.19878213195292 146.8641283654598
499.3553474311939 201.25220067667536 148.75536063709592
498.5200021892077 207.85718843194996 143.40575781834968
494.16180270753176 213.52778605427062 134.94773148768832
496.429571912355 222.81126035308145 144.19635995147073
492.09349104480964 216.00005534333695 135.90098165289282
499.03548424085733 220.13278048238965 143.78072367455172
497.4468465193766 210.7185933547582 152.48166950200743
487.9168074315802 206.19411736689688 162.2778039282368
482.33689123481736 210.04242637683404 164.63186818835814
485.32733323290864 210.32083100854274 156.49331700732859
481.918451722557 201.94164586484615 151.63570764140098
477.1211839095878 198.87080231991945 147.02488983126867
471.0079338414997 199.12545558129057 139.81160320769794
475.9456484895426 200.19869535564212 134.71731332803049
484.7962432044304 200.47013054774277 141.24473666748816
482.59183657579837 203.69173134719765 144.60520193279385
486.29794701466574 201.2126377317496 141.18880369640956
483.1665791511528 210.50317696075103 137.94896282512633
480.01560504320065 210.52405559692767 129.02663337540486
482.18497628596793 213.90265571025276 129.84526099178785
492.1038379608597 215.4260883595871 126.40971981793732
485.23530385820106 220.01708956782858 130.99381989638172
477.3158183773977 222.4798681201119 131.49204510298046
479.5024580092126 224.3811434073757 121.79675958244795
476.6112249211542 223.48298109829014 116.46901587329721
478.24929005090263 218.67446667941556 107.25487552973891
481.30053321207765 224.53609551734468 101.25707602224944
487.56480603713067 232.07728744919723 107.90317737093841
489.2979315416868 232.84696201910143 113.66313625322019
488.7494747453159 239.5741402774968 117.40804021675679
480.96884735842406 248.59911807026256 116.21879182463614
476.7005205587953 254.3545097548319 119.8830096388767
469.0785917909192 259.1531753192204 123.88460108776728
474.64162495586135 257.297529982901 125.09019733920745
473.1957400465557 265.5963097361983 120.90742728790327
473.7045121464845 259.013487675027 115.24841856723366
472.1303293277267 250.8354281092887 106.06817595433742
480.7206325491524 251.42032386130143 109.65853965478433
485.7962922192835 248.3665114550421 117.85861590486046
476.1791931051445 257.2709753316394 118.71522358885755
470.55599107244984 264.083430275977 123.46407718346572
462.05920018261287 258.47937553069517 123.42563855402157
466.67001358532065 267.89097626269177 127.88069797921312
461.5531546617881 272.78692502769786 118.2359039063603
462.44577845664503 277.8897153138939 120.34984454508455
465.69433867681636 273.3498942266653 114.85934451183077
457.33031447712193 282.47319935762437 109.72464343683066
459.38438725691435 289.977670364111 119.48433366806016
463.6042321499628 293.1515833476399 120.96253572744372
462.83881091633674 300.83868151690064 115.63491300464193
466.61148171927806 297.5816806297998 120.50029968410124
465.40682648997705 304.83694840316844 124.43165361274244
463.323743987938 300.52238986416785 129.45939239285534
472.1425022780029 296.7707721341059 122.24426485692871
469.42697401592216 303.71039975005675 117.12816409118119
460.0465574347939 306.8917534863449 109.98480027551982
453.80181543232936 304.57774396292467 117.04306154259062
460.2070300643097 296.3263773133075 116.41348727483451
462.7765415153931 290.92144804999606 120.40321741754043
468.3503198956486 296.0180631019658 118.0764312648106
469.11301001119176 289.7983575943365 119.68161839367657
464.65999661562256 283.2588383719004 117.64554715476585
458.35511522208026 274.77854753041896 119.03190717906348
449.25424094447783 270.06695198603137 116.18351061544203
444.4735912678293 261.14014897141453 123.9286811476831
450.9749129525455 267.91384381774145 115.40373940112646
441.81245624563337 273.4530063024366 114.97478396103385
445.1212999451319 266.1182816298256 109.78330668611112
453.8305897569959 262.48999083224425 113.21554819883056
444.2057185085324 270.2024270885033 105.61151111600324
443.3678674622451 268.6839801583153 104.3162963976431
435.37701586924203 276.5820603163176 111.54402225596272
426.58147743620384 269.2670468276664 104.81217853337122
432.7667980893367 267.93247487680884 96.45845279871423
425.9848232059878 264.5578862968958 106.24544640682976
420.4357701014544 273.4874676419608 113.84290194952409
410.4838419716978 272.27236098724325 121.32865485335188
414.2462698507336 274.3827047335356 126.2086612895463
414.12595952215946 277.3744458956846 133.0109078069898
404.8901842281592 280.0990099694487 139.19470131293525
395.9431691230849 281.1486460449084 147.85250413276043
387.4668059069233 283.6523048598072 146.3737930947276
393.67000067783545 278.8171231480457 155.23623537463496
386.25798097184406 276.6783375164303 150.34413100032972
382.3360150682744 271.1603838093443 152.42604135637583
380.0648017818207 271.171549425329 155.7045229778154
376.9098673756011 266.92471124006545 147.11133173859503
373.3853887020767 269.0172826106817 139.58840056557926
368.89695825947473 267.8344204396063 135.8794332205017
363.66781028582517 259.5961264797929 134.4662629622672
360.7383177338328 260.4220258753898 127.1382588501198
370.2724311436714 256.34192975095993 119.23138592079133
363.43118068304756 247.81581282384155 116.73278958012902
365.77107329039586 246.78402169333526 109.66129677365771
366.2852401940243 238.39758300207225 103.9072750382411
365.8306465470916 231.20147174418662 105.5243381284993
364.77381332510316 226.847939144725 105.45552073784224
373.03184883018963 221.6622207931732 104.42790259262512
380.8099017112882 218.20257041188734 113.28526878034064
375.1034351947598 224.0657179487306 110.52309341004138
378.2539226865517 230.35705726219123 102.22912493457801
385.69729961335935 230.1923910912151 98.020058037486
375.80842032365496 239.63702748409878 88.7537784287052
368.2360968961622 232.1241486133186 86.46258395909578
358.82315347722187 239.63959495180768 89.79110391938542
357.3208926857657 234.87501361246012 80.37278096871096
362.8487450330662 232.4785484269584 88.14968898999177
362.21543754306043 232.90552694367923 93.97166841719925
361.9036599959857 233.9241627455572 103.12011348200623
359.9745258440998 243.02232708498607 94.26083491594312
351.79868287909335 247.51680338911606 104.14511356396487
358.6725493845811 237.7759356402051 113.22368202367434
367.74170296132274 247.3417042025623 121.83327368173677
359.6605800485174 251.6767376413164 129.10786799959442
356.15620618769486 259.06758501576076 122.04865201240756
363.7323366068419 266.6730737918786 113.89473318046292
369.92859246733605 257.9078287786726 110.08527481391361
366.3021858576534 267.2144498137491 112.33298861267566
370.1611312453997 259.2521969585513 105.84706856619019
361.7091477050355 261.78736914015417 107.27972520005704
360.416605139392 266.4069873047338 102.19032506278856
361.37922672376413 262.2712542275374 99.37521232100839
369.7800597418138 268.7750539371284 95.98275679703438
367.3548290359095 264.87301911291286 103.12093897593627
374.69726883116084 261.94000457245244 93.17444974808618
364.91926025405604 256.76442200216553 100.2854173101228
356.0562907162782 257.58700409237406 110.04243827388039
353.0703749986383 248.44695731413486 106.02257370586271
345.2238969358396 257.13814415939623 113.77304593000355
340.4598086206883 267.1122188109887 110.26732706103932
346.4572956563404 259.4226844011896 118.58610704541387
347.62772310398816 257.5848726239261 126.15954517370324
339.1855391473097 259.9593617353027 122.79157710575357
333.27215525552646 264.69539829399434 122.47442198556526
337.04324909608437 266.804482484139 121.61490681488003
330.255799526458 259.31037124103153 121.53293977252295
338.0808357038969 267.4506379108291 130.91335924464585
345.6956863870099 272.51679244344825 125.48265505971672
337.08462719711736 277.8461285832342 122.98228503494492
327.3945685550536 269.8365447409421 123.27667516983955
321.4558123356391 268.1196673774096 117.93814306759622
326.79373487597815 277.02777820524864 126.83958727396822
320.5992175260602 271.1910421413278 133.38961004561338
314.9594103775577 279.0707354995678 128.94372853507326
319.6878050600136 275.5833427421824 125.54612923133706
317.75161287868843 276.33693463950044 124.5348078995824
309.3543331006805 282.19790549318157 132.88851509294003
308.2473426739098 290.4897873968541 137.86037240028983
306.7431101683225 285.15251451102085 132.61956551659492
303.81571882569403 279.38117583585125 126.85629058122073
303.04416785575154 283.30701266944254 121.85791887999682
309.1536268334403 287.511783714753 129.66988128710446
311.0906055009672 286.4124187266928 139.14655135564539
318.08722113320397 294.85823452763475 138.99181574699395
312.0680706576834 287.2116946617067 143.22402893276094
302.35890795828914 277.84362117616405 151.1169046793309
311.12741718470926 273.97950852019096 144.14372898258895
317.98035706313976 278.46853049941876 138.75026191975206
327.38638991325314 269.00256533511964 143.26966796084233
323.9959366037129 259.4288590754547 141.1176094521257
327.8876322682008 259.1218661511689 133.69965706431196
327.6387468557876 263.3144448416899 130.1409067941346
327.30331409739165 255.6233348836662 129.9694768380725
328.96266034912077 250.456029407609 134.55863457004475
320.4671448327193 246.19365233428212 133.83479891308554
322.85403839612957 238.37784647767072 126.37471142277094
331.6868654642982 235.36501055690852 122.48481729496618
335.3036102078092 238.23460205122228 114.21591990555599
333.20276349323234 241.3446802363204 117.89277432111321
338.3700526634925 240.79064427627355 127.28363718394576
329.1330075644199 246.15157060864004 136.41466600684146
331.9046442737442 248.0138130064091 128.33429883638271
339.8027362393767 254.09735018705433 129.11411896306925
342.718084466871 261.26671678865864 120.7240069540011
347.8196185007038 266.8311817271517 122.2218649179448
353.1419151504799 275.62181982658194 116.3414655572524
360.70253338696335 269.4961807928845 108.04990338974616
351.3808861953615 276.4595257548952 115.31920321998227
348.3411838725401 278.135265283931 114.51103304419287
346.7942097427838 270.9173763168112 108.1915836508302
342.67011424394025 268.60381374061734 106.15993191173558
350.65898262271656 261.0880532068644 115.73397469373779
358.7885708675234 252.22768310509795 106.00978647741798
367.59047380647877 259.6638141027926 111.8111597934938
377.2798343339266 268.2123305808701 107.5454594673308
374.1365096606724 273.17942729861323 101.53459680218224
370.0262639907405 263.34684633491406 102.67662452049976
369.6133831371873 261.57463967169053 112.232111518162
372.9234113728915 254.93532723252915 120.78096293547664
373.7588966532583 251.22397641711845 118.32958869517647
369.9075026740825 258.9678339791317 113.96426793950882
362.6651432217035 258.5150050361625 119.06632755827816
361.1284438345254 258.9928094190544 121.54285661589716
365.33707957955284 265.5245776587234 126.95131238823579
360.47479434924884 269.8100458496871 119.84370687326019
367.38295212730185 264.8147301564946 110.00349707323383
372.53464417895805 259.378984685452 101.1212277759036
375.11309396452884 252.01751642170174 102.4951639606073
380.1656281454346 261.3463967343618 100.58154273284575
376.69327439625636 260.2370742392728 99.46516180340835
381.1698495750935 255.6568048026161 89.57518891440714
385.38035365658465 251.5290798275497 81.41528071321807
393.5926733102046 253.4422024185483 74.3283512554438
386.9303335662586 256.0453544214709 70.26680758127912
378.31856853231926 247.98566731951854 76.68673116400534
371.0912046140001 257.3672258703966 71.83233508615875
373.06815585052095 252.52356329664096 67.0383715979266
370.0841339152946 254.4182102831096 72.90589806947503
364.14606690060816 247.53718462490585 80.11738077437873
367.2250642076246 250.84212118129062 81.22855827049236
361.91178277131473 251.66510792855178 85.24576775537395
363.3968216019385 253.82636053714737 76.07142842246641
361.60067705363286 258.5773965617906 81.46844576054647
357.4875610218735 253.5679800465266 88.24095104511238
353.2341660393114 245.42093929076123 84.97600471285656
344.6407129312753 237.9463950760607 88.74621397262014
352.8194487417607 231.7817884944861 80.1151464635705
353.259090899016 226.2858341120057 84.85576558961996
346.46182502617546 234.62079255791264 82.53641077030848
354.5858755940712 237.136596638768 86.7560898639079
351.73815218120296 236.8569971695865 88.62137375087586
342.59998158832605 236.52772711207447 78.81652988927416
341.54181260199425 228.63062584890972 82.58615552339484
341.5660474098308 220.77853244234214 82.3328312764749
333.908177042578 220.4590859711905 76.12879809795089
341.52089484328644 225.39399450238088 82.25271365965743
333.58634348537777 219.75353784397967 79.0052579204985
339.7146694439951 223.1140965254857 73.55160409674832
345.0705971022518 229.55689123349006 74.99968139890922
353.5000442556143 232.98143602279586 68.9806970046089
361.88633500324363 231.75563971621608 77.42222443084144
362.71612893153366 226.90557608247596 83.86349163654523
371.6069177288432 227.7609592280507 89.27327416635111
363.1411357263604 217.9895875441891 82.49486565665005
356.4919355772617 216.67469531781305 82.9912202942177
358.42321690464684 220.87083801733638 80.31646961923155
366.10234139852076 230.25237629469933 75.14292279567898
369.53635524726815 229.27060119323397 79.14915841679586
363.96601360455963 231.20316880935854 81.65576777556774
356.05274171273936 237.93664010426951 80.74097974717543
348.1162988399129 241.683457398812 82.90077991734226
343.2224006931305 246.92161721888806 78.55641058335509
340.4968772031018 250.63953454191298 79.67336699588203
338.24412320853656 259.3842433235064 72.18779967745057
346.61129922169926 265.52193921520575 70.61962172681909
353.71528519408105 266.067699032567 74.77893904150353
360.091753446765 258.06300681535583 76.2712138797719
364.38228142017886 266.9544786909857 83.87131335024303
355.88060308186175 259.00782244427035 79.98881743487087
356.8952953290515 255.86521153366064 70.32808326550027
358.2166455036078 249.16746342352178 75.79234275462653
358.4899751291403 257.0642138326136 68.7635321408607
351.94949675128146 261.34726453382007 66.53726074611521
358.10300794526574 266.5036479994569 71.48761614189779
356.4021048776619 274.6317360610637 62.40485288149887
348.3710399843 278.3071760712592 53.76170140886133
339.3907662377612 275.1943857676244 47.85989033992408
345.43292323320077 272.79512604723055 48.75447384718647
337.1618331801451 273.7331788837717 50.501205000849716
342.0282049325084 276.9415502397587 50.23360442071096
337.16339648419773 271.0680655251814 50.18866069561581
340.40277646560213 265.44423305838245 57.13501696269828
332.2857770647605 270.319818994534 52.56806291263271
335.4132546022195 269.9075833294438 56.00643211539161
341.82147217347756 277.27187447653256 53.13137016560333
349.96682807541765 276.30861120814495 54.7027217333913
350.6559408344332 281.46033557819163 45.08478650119497
349.4858529125951 290.8682462396148 50.04241364580271
343.22579389338506 298.5545964015987 55.08844389370351
350.89326477690986 292.3959458889401 52.61287477331305
356.0367489901705 288.13581482384285 58.66134910996217
348.86993660769485 286.56172767378877 49.7760037147367
356.0816902503685 278.77482009491706 58.319622571862965
350.15874127258604 285.5905754805325 51.35034830571526
351.87848590968053 283.4874439949059 47.502700984459004
345.9697494450224 276.4200916453371 57.254343626462784
353.34593333990597 273.71003611413994 63.839939220606524
352.2721215140919 275.16883970913364 68.89413325118666
359.3429369636516 274.3478368412669 62.112120527548
350.82738068881014 267.89589844331226 68.51103718712663
351.9428559415774 274.8017549146316 77.97709997576007
360.605512708545 275.66245171956655 71.73779639222982
370.1169248234815 271.76603542287273 67.94760940149037
372.8123731355743 265.00290059577196 58.885273779675046
365.873980851651 265.353655833629 67.98377995787362
371.5098987261691 258.4167264489056 70.24291297611074
370.45662454214977 266.77324913760464 66.70886193589926
371.1460233922251 269.87945957009435 68.18311499751992
372.374490071127 260.4602023625227 60.02943098653924
381.34344537401745 255.54975305177408 54.02891446259136
389.9999650949074 246.84367927181236 55.30333425163903
387.02833085238683 254.9966142943966 61.41561716026519
378.47455413477775 245.19555118080652 64.42187780694165
369.1203447107245 248.11676413627157 55.920531449372774
363.7597018407891 252.05313259855544 51.50393451530758
355.6955923503349 258.10750517948975 54.07836916252783
350.5574232053148 260.5636116906849 51.195629902976286
358.63125933215514 260.7243926746545 52.4508496091737
359.8742068109918 254.44526602541015 58.99883663142713
368.80133168458633 262.26446402335347 61.515228017342466
372.8735047236016 255.52243936545042 57.5222221855247
362.91419287424515 255.6329146393452 57.644230647995336
358.4440773239888 245.78455377936064 50.79927416804263
351.2413029750043 253.63768161697104 46.98276231732589
344.82851263542796 257.3607507787542 38.017390633724844
347.54024953435635 254.69255033563743 47.29274858935654
343.22249325722095 249.73534085000156 45.47067084659885
347.4649542749332 257.3426272237377 50.3929684729185
339.3306556334245 249.30611167047317 40.407167505787534
332.6549189237804 250.3313507691022 36.69155087752435
340.69368440262883 245.09737818677593 32.459070350395955
340.71865655413194 241.48728334135177 38.520805580042584
337.6651351338083 234.90141975808794 31.518693284921845
327.7851127345495 240.21632996546268 27.32686418427547
330.320568668288 234.30838150076218 27.832769450652037
324.0879074116132 231.4641298662077 33.65223193759208
318.18430540764336 233.74761759334322 40.32373196580646
325.3371866488874 242.91328007202185 46.8083744116079
322.0817188452397 251.30949836971237 39.22677923846344
327.9745724059173 257.22200049671704 39.545594886583096
327.0333775745546 250.7249767950491 40.43873526013673
319.6443490186659 246.96940423993087 43.41482897393745
315.0405298477135 251.9380470768579 41.185751240801864
310.79349121983 247.17690481867734 31.57800940080231
308.25892461207235 248.3237409152561 28.82980906125253
303.03710802905346 242.77737647763132 23.925499586401386
301.13901476175045 251.74280403799062 26.279415534074438
294.5657230019376 251.76642653479448 23.9474305233431
293.8839257433087 257.8257778055222 15.544253109711875
293.3644532907791 260.29343223018435 5.9037030368952585
302.2381103340926 258.5517097739365 -2.8554267788306564
295.7188315823261 264.3356154149291 6.176061686893034
301.0180285492739 269.4001623239393 0.6091993072654498
300.66897053547785 261.13293049742225 7.478176209071029
304.3803843413392 254.4584089683915 7.030617381269973
299.1046996906607 263.540588919498 7.654532284295195
299.73875030832556 262.7716502078667 2.2033216368080604
303.5483193034102 255.87360106859273 9.319238034895768
296.01231180024814 257.4020950846283 12.669469481026365
291.54874532036337 252.0084499333009 14.892685395777562
299.3670117325853 260.82190018163953 11.85316962851654
293.43775179212037 263.04554870096007 6.94683053046956
302.0829211895304 267.52955990652276 2.36299032758118
310.469715123829 266.8061511656879 4.338613095269898
316.5549802479415 275.31055267841424 3.63128083807775
320.2062047612545 277.1787778634554 8.669342917136479
315.078103048757 280.86164579090394 -1.2586544015414454
312.34068642530576 271.7046115902865 -5.568285351528985
307.83828252863174 279.5068305421002 -1.1101937417985752
301.59167805310926 288.4295343915183 3.394548807631546
297.2098526078907 296.23934640461914 5.077112535730693
305.87631652087373 286.76100806427036 14.535993491472256
311.83636865550824 282.0957770080609 8.340323624917115
303.65636782540196 288.8070727630273 13.445234829629207
310.64263454554435 287.81965868522883 12.091561175108536
310.94692500210164 282.5100371967371 2.649716636838649
302.7284182374842 285.31445993702636 9.002478736121649
310.3361510762449 282.9677915005299 12.41155452367181
314.06547990638893 278.4589247344315 8.880219634742158
308.4138023125565 274.40338401325437 7.087113212642882
311.59294276555966 282.91615873091666 -1.9145614497555359
315.08682239596186 291.52700713645805 -7.0185592484346815
316.556186383338 293.89231277971487 -7.759990689394536
320.5705829000293 291.5408405703865 -8.826151049671127
319.78985178755494 285.32612014186327 -0.04232017817300182
322.0584189705439 280.5053907195618 -6.498343984980975
315.7484844787764 283.78560120901307 -10.022026775313314
306.8305204609116 289.8232615560381 -16.826633509669918
298.3509752913198 298.0844772457127 -14.438232114124066
304.19309080819426 304.0307746766842 -21.41597691348704
303.392968196514 305.25819617147613 -11.647846279745686
310.99048660403486 311.79348836401033 -16.984297411656726
312.6334715208874 318.9151352680397 -21.74100460596241
307.1896658787494 315.35345705636854 -13.472577782654522
315.07624822504283 313.6961952303123 -10.37797700464476
311.5257029356139 320.68271719598414 -4.258949644972514
302.16486325386006 319.15871151475665 3.8412975876201134
304.6069982130919 316.6439189543598 -4.828326821242841
312.97712397280594 310.1645867771184 2.37904140105646
303.1336402106051 313.7198676234068 7.422210542825882
294.3480464108324 314.1996576860675 12.04854393243362
293.75233550552343 313.1989416213127 20.250022285740727
286.86187029477304 318.58529754565035 26.2611283182168
278.250324630004 318.2193921827843 33.58042397254144
282.1287176666195 319.2435575260396 29.792364574354533
291.0006644591798 321.77241568142165 31.36572759323539
298.6817614520634 321.5426884725826 30.883412037845094
291.1896602726675 318.9271603856712 36.43968052027824
292.1288988784458 314.5767437711255 42.76749728664945
291.1723336889901 309.0113812028323 37.056475212982804
300.2367149413591 317.1411102369937 28.874595096272373
294.58412611320955 315.08108608873675 22.827185121949697
299.47136206845124 322.5780305539015 22.8814162509135
306.40109345983706 324.2668279918694 26.76360477066809
315.8524152768242 328.5941623229197 25.641637972177673
308.23157781030125 324.7833710147475 18.919606015549526
300.3257820875758 329.9630679100986 15.287738784864775
296.5840480257842 331.40228101613894 15.755480857416504
296.6998558905872 333.96616435138907 14.258006488638111
300.8459886394743 328.55237234537833 19.610615476514415
294.2279232018829 325.61190060920404 17.81175986904936
301.0927115385868 325.2034396041456 24.22774856667168
296.6837283578223 324.54968383224843 30.211478959785556
293.79961351611416 314.804250318201 28.949491593790526
290.7788158055608 318.3051246654532 30.113334742704808
289.03444597042244 312.72210220527717 38.15964412093571
295.28974889533436 312.3964244314686 38.389193690902374
294.306976520346 311.4904929894645 48.04520963698326
291.0939095962816 307.64815207316093 43.322172270521726
290.9143085546099 307.9150806506967 37.82042684878985
296.7901316244847 316.9108742435335 45.550048227008574
290.7218730042346 309.77848392456565 50.24307212992956
294.5699682887967 310.48974138091984 55.79550711889289
300.0423929306454 308.3537408594348 63.85771382468778
304.6141828074781 298.45021501994245 64.98245707220799
305.0357048158796 305.31833430825213 59.88429730702092
305.9859922266545 308.0370917736156 53.11278626973113
306.1402768772119 316.9722188396521 51.33188239207566
306.68440589781045 314.0702491050085 52.16771257719201
308.9832260253109 322.91740436595205 49.55015560235625
304.86453066849805 320.0857849697245 39.9451267701981
305.67646624674825 318.91925746749354 44.52087870574125
311.1722937798795 320.8312959508566 40.891413174194895
304.91821725287366 321.2777277680699 48.95145381349655
311.34747454160777 318.4051920291832 50.35967004611229
302.7874314979143 314.51757546205545 44.865548560815476
300.98060157524105 315.1322362497861 37.08801649032413
294.1849578614197 312.42201572884596 32.793326932085634
286.2162382306358 306.41587121392 33.61232102452652
286.66250898136127 312.7613288681546 25.009497093870465
282.0391132929602 305.2118327792023 18.21200173164683
290.3723285717087 300.13800299607726 28.044645808190833
292.77795431405946 292.42312261408534 27.635397453405318
302.0099563437836 296.2766182444438 21.622031141347804
306.19849030925195 290.44841221708464 28.137974923954747
307.97256512650347 291.66481758495536 20.699572028903503
307.3107817442057 289.2808946351164 23.527179871413367
299.31426699826164 293.5521198283924 17.914209164927637
295.7313078907559 301.53905028908787 17.21257559734839
299.04875170086194 296.34544094125806 26.176828331582797
303.60114342998565 298.0195428113855 25.354316208314422
308.42514818636977 295.6923781912998 26.059826734818973
304.3157233514182 287.81084638874523 23.79835031551628
303.158389023765 283.20672844720985 27.773990320578744
297.98618826172793 288.41123381650124 33.214304951689904
304.3223857304831 288.73259825601866 33.6302793906901
303.958777677854 296.53550817820286 34.667415343308846
305.7375036702554 298.91173263522404 40.691373356168555
305.99424845269436 298.8952495865622 30.99518889578809
303.69264091283526 298.90524035569473 39.619620358223685
302.4646996443107 299.48024724979103 37.94300454000836
307.66980268336255 297.6475809744293 47.04843560431097
301.87893233294636 304.8184486249412 55.98366685596499
308.2338281033956 306.4679854371683 65.7802391867836
309.1494230241207 308.0466364751416 74.0271454617237
305.1816459158287 306.5076461026655 71.03938020501762
298.27202261634716 304.7071329888064 66.25820782843009
306.67303592238073 303.8396023206859 68.55307626434134
302.1729298056721 311.134266491973 63.17054336202944
308.3199933256439 301.3896554908942 72.53103442812251
315.52003738237096 310.995783233371 65.57182180605139
315.39681643385927 308.68818293522054 68.62257936375818
312.69943237859707 316.8998045335949 59.533163721347044
318.6028686776982 316.29821377397343 49.56073908825864
308.75395928166665 312.28109432812306 39.81500881968322
313.26179798489005 320.33871521085064 49.69735162799756
317.63674413154433 316.5351488706575 56.8688958694596
327.2471898477372 312.80826723228756 54.27244190713789
318.88567575037086 312.396653567457 57.22127556677702
316.40574663010966 321.3300044393751 56.56948613074575
322.61691421873604 318.022896861859 50.1639307124484
321.6685231436907 324.8648308162943 53.93140117311354
329.9742804407114 320.9358888417738 45.04052465096873
322.69754124753484 315.4014054601154 54.63430613226552
320.9709997156605 318.2347705925338 63.59377416124207
316.73627959620944 309.23216975055783 56.04048630480725
315.89241522916524 314.9056257010573 61.073517506498206
316.67905023751024 311.9427820239532 56.23639103128366
306.71866959237883 312.8858113434609 48.80419520217033
305.76764975826757 309.7135101271633 53.54969354107063
303.40267826529 316.5299172010789 53.507720707868216
303.89004851832755 311.911040420504 46.77969870390052
308.47148964796077 314.74205056879947 42.53359956075264
316.1371871170831 316.99814531907816 41.90759456510039
308.06904219482175 314.79179207809943 40.59911623347742
309.1984023546655 309.834242499531 47.10327307484418
313.4558428437148 308.14996886365265 39.09852861414557
310.0679526109641 303.2719898974465 46.437586669840115
313.5810424028987 311.5126961412048 41.60345081613039
318.4243303778153 309.6205634206964 40.50276260420693
323.47912721468975 312.35198085830854 31.963366696184515
314.7368037442909 314.95966707997667 38.036642334736655
318.9362609711927 324.8859996034665 34.36203221260358
309.444201462861 318.8423427950088 40.750797372398225
317.9618288320959 322.2005485664786 45.226055822336114
310.9919026737514 313.27335653398796 41.866638530826755
311.4570757737493 312.23283631976346 40.844216773886465
319.9173511171514 311.3918024671328 38.95125354970344
322.8097803545767 312.9003032403982 46.12852998538396
324.81866404750696 314.31024649132445 36.553333812450504
315.83169255675404 313.7562680397525 29.213086539917107
314.71393006980037 306.4292727497509 30.094386497559263
305.93303496487044 303.1599118894027 25.92886459739597
299.05590731335826 301.8276792628705 26.392167628453958
300.10378899077153 293.38139859179586 18.382800422239537
295.5519595294829 285.99211442204563 10.048573017598686
288.12870261938167 294.4938866447751 19.462130423651566
294.8786832997049 286.3896528525657 10.575350204417232
301.6714210701209 292.06482554846394 18.00651408707524
292.3649419138677 283.93190575432743 27.14515199892883
282.3767216689739 289.83504176914414 20.30785626086967
282.6780612790855 280.5082756998707 17.63634750684906
287.66366461532414 277.89288210292005 10.429531833539672
286.3699266160152 277.02531336531933 0.46039913077039074
295.40115160201793 285.0213922301274 6.012535747709052
299.99664471443936 283.5758945769292 14.150043613320339
302.76439264905014 282.4233836713558 17.03890737028833
306.4773467297407 281.49331229836247 13.939201143904898
309.58998459608785 285.49085872348695 10.512494880374618
304.5534242123461 290.1859864567089 18.41221158662176
301.8574069529378 287.78286216335584 9.107199420622647
310.36628019022817 283.35567269788254 10.451619826176684
317.4486222164204 289.178680704041 3.270334222233167
313.78549753358243 280.4715241818317 7.075288520128119
319.10576581590584 283.7423048449693 2.074029705219221
322.74330087403945 278.1895141842847 2.911649958859853
326.8475577757208 281.7976958909585 3.49139300934543
329.61049553115424 272.92995198394 10.417867285502469
319.6889713704729 282.7946837208618 5.896450775267887
322.7531056266746 283.59237974986826 8.013572675202214
319.53047716932934 281.6132768932795 -0.5504314030613315
317.36911061575853 280.3553389142524 -0.3798789546768693
318.2369554783802 273.73329890395644 7.4167311223804955
324.4192375984614 277.04147479146826 15.650350864471408
327.50474765135743 284.28753979767055 21.673557254194307
323.5955473418126 289.8289586095657 18.051616148331846
329.3373042368935 282.24916665877083 14.511305413350911
336.58381512518923 273.81585749142323 9.753980056965865
339.11149062264303 281.03376548311826 0.2505634392596239
339.9841151630399 273.60617941755936 -0.56706721126571
348.8260967297469 280.7465260135697 8.008300495330605
348.79654329060315 283.24398203599753 -1.7084182439928774
354.5622168080822 283.5869152143182 1.4818715406714333
347.5375321841538 278.4909973250415 11.36558284568433
356.13252812108215 279.3847795071599 9.983237817375105
353.3645745157224 276.52168227498527 13.976931652462659
356.12987468530594 267.2343494872451 14.401850222478663
364.23640185452086 262.1083133906555 9.265696948468223
362.1542956851799 270.3962340561019 4.784726257040964
371.9508160675675 263.4024857718467 1.7637864818716236
368.38533975506124 269.04350808029716 -4.316732035441115
370.66960249463983 266.15265809774723 -13.000119370903866
374.6788645256657 260.44923981513483 -15.516190822406195
370.2366955248257 257.49181665170664 -6.11177501719615
377.49707329866675 248.49836355268712 -8.399629113190535
378.9074155760099 242.4067257339318 -14.546088040697564
384.258524189612 248.87915743146922 -15.914902535398728
393.74133735280543 248.04954524543646 -18.86339456960682
393.7187639064824 243.05776698653838 -10.467508123873879
389.46345113996074 252.9494175231655 -5.626193427608044
385.99042354360967 252.88934994107225 -2.4135277376014153
378.0785707802626 245.7333704405301 0.7432707314191234
368.4383637524458 237.06502053191016 -0.8317111418661716
367.7694489286743 242.30093600413997 4.997404762121016
372.83746136154565 247.59263169493255 7.590307627085868
373.36433568063745 254.44323563767495 4.854989768709983
371.0358247205011 244.4699275657913 3.918560768284311
375.2941367151206 242.14205771843956 12.143599707417255
379.05557140661546 239.1567009778224 20.64103199968129
382.0817087862608 235.63919810497842 29.316989471888192
385.25081844889195 233.82041069902718 20.801100744312937
385.8433134852035 242.41153160024263 27.896645463567715
379.79375389621003 235.07307291776073 24.28065862211554
373.4404599587331 225.92322033134897 25.950155266387764
382.18150323162274 216.40316703296202 30.39039117370627
391.2733768848836 207.0083485917537 34.39608954144379
382.48330617914087 213.22519528676767 28.222191454381907
373.6279715201098 205.2841067195836 24.73146927650576
366.617056614371 210.82239514655305 31.27749382964535
368.35962852471465 213.7126568015318 25.021604123849418
360.09056297792085 220.38496579948594 33.40799182306003
353.2335809068972 224.45760991180398 37.620933402489804
355.4419218673303 228.1704154492778 33.10328606870754
364.72892525999043 233.57394821747562 35.89294005785438
369.453647007554 225.51933298019415 34.687274977125625
369.8771724557826 219.0762406496269 28.63069652988387
367.93615699123035 217.45395380776685 32.265811694029615
371.79925544009814 211.6525083930963 35.42959839537044
378.56523491323173 215.7518408503959 42.55277432812365
385.72664208897123 215.2636551035951 36.549776473810155
389.85707026011113 211.61895827051245 37.3480078006686
391.55141194139117 210.30380110783491 41.28283262985708
400.2652261020338 211.10701930209686 43.13883151398499
407.71267801340326 206.91424302988872 49.08295239018998
416.45714886623875 211.5264581935061 54.0711719715075
426.257223282711 209.57915614259517 48.71558388247663
435.17892845749464 216.4861294676481 45.60856489942601
433.6816467256096 224.70547406235318 36.61329544178705
428.7624867609446 216.39269409874788 27.60606849741274
420.64200806750057 208.531241022722 34.22966408319374
428.06160854430976 206.6214111351013 42.843540247613234
428.6869901410675 200.65203486043404 37.89225808265674
435.166318335162 207.79284439113553 36.38277864871382
444.8328351503941 212.8462894072184 32.674272711314806
445.5495914303326 219.15811010145265 30.94000314433892
442.6565345411979 221.58610914475807 39.28751834241632
442.6018107636313 225.8618704801183 31.789793491073347
442.6907852328077 224.92909235515927 33.04540669225693
438.3505366992146 229.87343441274044 34.322686414697344
440.02840522532307 226.7060021075381 34.66055913600025
430.07333769960456 235.51675580720172 34.56840509812531
440.02133531799126 243.5236704339851 39.4986339725352
441.44674041716274 250.60208205409103 47.43033576778501
440.59623046611307 245.9368363335467 44.27401449128484
436.1339181839429 242.1112823632042 35.8387133939964
440.6563724997625 250.84365912884243 26.057072749616115
433.6802116684139 253.47975644484765 36.03909095598866
426.95960467676116 253.39659482997786 38.05205625030485
432.4754761483998 260.61802338636556 35.41211793653657
423.30367494528696 263.03699886255805 26.621062816639586
418.5982985469293 260.1006127612778 19.310804949857662
419.01452534711564 260.170380068603 25.979561900143903
428.08991469857557 251.11124123028617 21.052523170749666
426.9534572743473 253.42345640178567 14.917175179555192
430.99456715346946 262.6319811388208 5.519422017207271
422.2950333763779 264.5406622242246 1.0931954165155746
413.33609599740424 261.1273291285272 -8.267076571551375
423.17279906885966 260.68013778900934 -14.264369498532343
421.0006619177934 260.0507230435741 -6.6080684123429325
416.76168945065666 256.4378773516916 -15.756394600101489
426.3660846382362 255.1228181080765 -17.37276247555029
426.3777998256861 261.23609546301657 -13.371950619931983
417.28101242206344 267.79174185761417 -7.607072881591444
413.9935963440948 265.4722039828448 -3.8832476178982205
407.3743014596482 271.15476432254474 -3.015783286159757
416.2141407787742 280.84183811494546 -1.226245932788606
424.8613817391959 290.5376348297209 3.103829628902579
420.3121950509769 289.2709323871924 12.477412190925664
413.5693971820709 288.23200256209856 11.522758324536722
423.15040147405983 292.19576409132236 6.361338627312845
417.43646270352883 282.8142752930845 4.755686166263141
408.59603114340854 288.668112669245 10.669959473903528
406.95065796931675 278.8346648429182 12.769230744283426
410.0897047616013 269.0433536108167 8.380062524036152
408.85221762397055 260.46210181568944 10.803184316517987
412.7922148550717 268.692961923773 14.869886490374483
405.95773514751403 272.1576955982779 7.976538929920803
405.61692314547867 281.934972765261 9.266793249047117
399.7452287371261 285.6537424099794 8.676971003204516
398.4845529777319 294.66535201279265 14.983621407105725
401.49616465024405 285.2877906199064 22.377327180477266
409.15833818681875 290.8539794302188 31.960294192813436
417.2638930745251 300.34892983296777 39.0042835535974
417.89561873968404 305.3043394590156 46.39011428972097
419.0386985126025 312.8477526959528 56.03503944423324
423.1865204886764 311.26973515478375 55.46641307082423
414.020219278482 321.02130635188087 61.30701530561204
414.71963019095796 315.69987482662543 51.9668473712182
418.33682285737507 306.74726685385144 60.41586409663694
428.200313419847 306.81753617520667 60.027393731722974
422.98042430268646 305.5438669059453 57.05577112882689
418.1923977208365 295.8385436695898 65.60596511746962
417.5416638884143 297.9160301475422 70.27653975506914
412.2749407442842 295.7320582159537 65.24548928468951
405.9072499453952 287.9725827509486 66.5379048239775
405.5642440850204 296.59148360576097 61.44486974500317
405.6183363676868 299.2241146269396 58.23100224752256
410.0958470286267 299.52949127557577 57.90021688905776
409.4865886069488 305.33178313744367 60.58434024186818
411.71611104529165 297.7954442961327 59.98881956298308
406.54628195536213 294.2514310042802 52.10521786907199
397.7558273726971 288.2199522202932 56.46585931069973
405.2727562562035 297.04847652979475 49.098913096885184
396.35868279936483 303.9747273796708 39.80563202727361
391.8246038997345 302.68428829733585 44.815660909391255
389.01809991803907 293.0478766542395 42.11754203356718
394.97007178346325 285.8248051866959 37.02578694026189
394.9070424877609 295.4320630398559 35.55956613308246
392.3021256027054 299.8019534280648 39.04886524140363
383.5218261144556 301.46907784336014 37.33774683508034
385.53222579950784 310.13508951831136 47.075534539162675
382.07131738166953 315.59227843301 49.9010332295388
383.31738221856983 324.8360841225455 55.82684219196216
382.0360157667173 328.39472297581773 62.803930371556746
388.08351611292136 325.94927803881365 68.10443773458417
378.69812364609527 335.0761279116082 74.46826785733622
376.0693318922781 331.8107676919592 80.15498647964384
379.9344728143532 322.1701656604191 87.13551890509716
383.18332546344374 312.19599515759967 90.3217053669026
378.41940207940314 318.5364816344087 100.18003844802223
382.61982570510014 322.42498185432197 94.07123186449566
377.7420586665313 327.03781567373625 99.59481670960558
382.32173514592887 335.03719673428634 90.73267942328641
379.53109505579977 329.74683083241734 81.57006189386537
387.6179725791571 323.1535488680895 87.53672297971366
394.61674092862495 315.41491595344615 95.52034446415107
394.2707022278563 325.0303113056961 95.4907725806282
400.0331829233524 323.1702890978891 96.34665388298825
392.7383469380667 320.3946400780278 102.22630625390927
394.398299247835 320.1225905388463 96.62587250106809
390.1692295391985 310.99263909208963 92.25943736696792
388.19806812123744 319.1279312888393 93.09174553872663
388.7538161896738 318.46370315984564 85.68433240802756
397.6845632801227 325.0914639074113 78.04916151187714
391.65055973505855 327.6174117925122 76.88250551457001
399.4202900865635 317.88415349352016 85.2903593241218
396.01791703827246 318.9697711990936 90.05546166836416
389.0486378975019 309.80109513447957 82.95467787499784
387.3919183357036 312.9615325712246 76.10219574398857
389.6306251220947 307.5245081626629 81.62761255862944
392.0693285117033 299.07752580718955 75.38436212693584
396.44247607739663 289.73170403328254 68.66044657527075
400.44810467763153 298.2473036928071 72.32099551620026
396.76689983540865 300.9995317231338 73.30970793786369
393.67808037241406 298.22878171041646 73.67037899822229
393.2122486493617 294.41514099308785 82.28380362236246
400.19368693621897 287.49192455460013 83.54546056833509
398.53663275307173 285.97207783780476 80.48418312706387
390.821496683565 287.9967132419136 83.54770583077946
397.2204101107535 297.833180117668 93.24543675456445
403.0360509377026 307.745128943706 92.61739687883811
411.8986360351927 308.49448814314525 88.36893966590848
404.7005053711905 310.0578546648754 78.67214905872846
400.5857670058484 302.55028041598376 83.04160238872994
409.93930264235377 308.32381627598073 90.89027818513878
409.9692594928442 315.9506387315411 84.1858851512728
401.6434006953617 312.9854280299908 88.4351502607739
403.87873519185496 304.45362643180937 94.38757500867781
404.5393706584146 311.538357033103 100.23007636449644
406.00158147860077 313.9135962390429 96.0331736673479
414.72204694488727 318.1300479967121 86.74784991478883
419.4326229785954 319.97531992712663 89.34448527727456
419.3201574197261 329.3414052261603 92.91004097322757
424.19935726315646 326.16201580673066 88.94141357121339
429.6097386445506 322.024104928158 98.93892158413155
430.07155770837034 318.3387664191853 104.22702309160827
429.586873699771 321.0568045925919 94.32616832446456
434.33282655288644 317.844971288149 86.12425261816989
436.9871665598883 321.2829631155233 81.93591744316373
427.12293497292654 314.23384790990673 89.18164156501417
428.157821075697 316.81132186331905 80.36299729120344
435.0292758311117 325.4719539048861 90.25491567093869
432.7728261024101 330.07593746203094 88.85057515790837
439.7602008791258 330.83204754807224 85.81902515409696
434.5358874334731 334.1263595882009 88.25369885504325
443.9240670059664 328.6197960591921 84.7276608313022
435.38169216068115 331.8228397331549 76.23383724679906
444.3046287641804 328.7744123183469 81.17079882318369
447.61092278894193 336.42277282889194 72.01614102513757
453.39700907979784 340.39652174798056 63.25793168775175
454.3516543333408 339.0203458784908 54.381685472585424
461.94677814832863 348.75716459901344 54.78540357219865
457.3281718136641 338.93030963320416 55.12182925693162
450.5961406719204 337.76607337767285 51.350978689162034
442.7317537296012 336.1264527248804 55.14763228885761
438.1056503713544 331.2014947543151 63.314112752084746
432.0244960732272 329.1484282184777 68.60112246753637
434.2756988395326 328.15671279551407 62.40346430686651
426.0210929900214 328.4783307564189 59.90511902191587
426.1869222177857 322.30629396067064 64.48215149859688
427.60537398356064 315.6779711775726 57.611214554597595
429.43722648397386 307.8129361637768 58.883709828799326
430.22113871864093 302.26194346167557 62.767836921967564
435.8609852929395 298.23986705414075 53.239583180559
438.16678884018864 298.2084939914282 44.58643153958057
439.6875960981023 294.90638464382766 42.061792638218044
432.27755477217426 290.1684152412382 35.657146955546885
435.3276271107914 289.4581419451345 31.438212024651637
433.1461232950394 291.2640046963023 32.20231766072794
435.0780355121905 287.77453138589294 36.27920718891162
436.7103063626893 294.05963720035083 32.48524189575865
442.1035150884133 288.3250665922832 41.015904015231385
444.9676077667298 281.13316393944393 34.048836563403455
447.67724867949704 290.3829550384263 38.23799747299723
450.0865123394961 281.899521035436 34.13318242720874
460.0278171258677 283.63334984493633 33.78382673045329
462.5110816174696 275.44618100567595 36.66190036484377
461.06771968946185 274.9863334641085 28.490444880315913
457.49486040696405 282.3862634368803 24.615068309082833
459.35142071710476 291.55183681889946 16.411470204005724
462.6974567393759 282.6006557233198 6.990711437806368
461.4485636757686 279.2526486353104 15.270825257359622
461.4319669578759 281.6655875328488 20.49312374923079
455.21930583809467 272.4247227647914 21.797911482628468
454.9812425456355 276.79197988085264 15.664642574566873
40
309.6769503830795 324.6536745115043 26.16894314326392
313.3877782409612 323.5306874722984 31.714745337936034
323.5920698453542 316.13178270067453 38.14711425245825
305.08344244818306 310.7512077711289 40.3309714312964
307.04495055419886 314.09162239163715 43.636583969973834
315.68141213356364 313.5516007269085 35.29209903209928
322.9878766352776 317.7375789626483 51.02640283172756
332.92984753374964 309.57210335581294 33.29241975882744
307.7973209566436 320.81104338368755 30.937884236216288
309.0206992406465 311.5140066390277 20.302219688570414
305.67042929574677 308.2987623541526 25.5237026844257
300.7371392052207 303.7082874101683 26.9593238248817
306.1386192350678 300.94378355696335 23.475884022816047
302.0827594641194 282.00961294188915 19.23721066180239
286.1504072004378 290.3420294538758 27.31797089896437
297.64771126227777 289.3095685242017 10.22502031903261
310.794627465434 283.9969433712 27.235157684382493
289.0943240263154 287.1020060977414 27.914007421570904
287.89203136918724 290.02450500002226 11.129835325076742
273.91935655027237 273.62403716429765 23.993175364952748
296.7228819152776 274.15751861239556 10.248943587466295
295.75126917045054 275.04233926828607 1.4397247647248128
289.8295345000362 291.2865856199346 -3.890283333296935
303.82125393645083 283.0810379623055 21.92156317551011
300.3426068628458 277.09560905026865 13.499178284215102
311.4439782387066 274.171934120245 15.132171734837222
314.69618337511565 278.29776549660966 18.023799837641185
309.0270479125149 291.3572536041049 15.779686359467664
307.0204158151401 280.78189493581755 14.447797527125529
315.36209643737413 283.33470831087527 16.42538068442194
314.81861886854085 288.62742863272155 0.8519033985350082
315.91518048988644 274.6172327051017 7.292996768816319
320.1666366433132 275.1931756390242 5.164521654063407
325.51704749179424 286.170379991479 -4.52375830110546
324.46514418944884 274.35144720931385 -2.1430150143602424
324.39396680438523 269.9753233518 6.65916168917871
320.47789652015854 273.68522540993627 5.747821701715338
326.4313896039961 292.45284267115534 -0.09116974260616573
318.61266563825035 284.7651144826405 9.367637373210151
310.4711727261262 278.4558328676744 -3.1670530871891405
