1000
173.80081417105362 322.5228984529586 467.41398076358024
177.16235141046891 315.71514217702963 462.012006916555
184.1937561905585 321.8740948282497 463.4234755450047
178.49710594332984 328.93966489595164 463.3240487558815
188.03911382308064 333.7762790497608 469.8483343438408
194.10537105185895 331.3846245110727 466.85674491588077
198.03239927900185 338.70539864618854 457.660910078044
207.43072144344995 335.000858069613 458.1113630259722
199.87605484226893 342.64081953834074 466.38390698677773
194.4273178586542 334.7442075257374 473.13404172934037
192.791878644225 327.90931564350143 480.3146206746437
199.81836563694606 333.13353291385505 482.0993701817387
196.46181958578777 328.0518441165469 483.16273810726796
195.61657465393682 336.81784862486467 476.6443072848854
187.0802325413227 345.6341528636589 475.80757663114093
184.34517433646155 344.8477809951325 472.5105141011409
191.46888670017321 336.03983984272776 479.6166484565891
181.7595117784409 326.51062455401467 472.54616896977825
186.9598518955 329.6080593631922 466.53987359821554
179.02517019660633 320.95921948443686 474.371180526108
184.46033865586864 320.65652309514917 466.7730078354074
193.26150800151976 329.0237217060331 466.14429092955214
196.10513145000562 319.25364899170887 463.3903423469896
197.2533810101482 314.2462135340711 456.2566420291045
188.58021529075845 311.6986477299938 458.43514529461044
190.2443691362363 316.5474521145991 460.3964399571582
194.40909890300566 310.03213125269605 467.16670527156634
184.4118652771228 308.9047048438402 468.1256178179682
175.49792826787026 315.0123969272946 466.40160892912627
177.40494910887585 305.8520423114371 469.7627240535238
170.466533968206 304.9798356136205 470.9679959586771
164.62024755840253 302.02498312822524 474.63418768895895
173.74276286198761 302.485960759712 476.0524651872844
164.34371681676913 294.5456048476143 467.1369011867327
169.81507720748024 294.2689589667781 462.65567777549927
170.54181040884995 294.4853019081018 461.5096461498934
165.53732438716543 286.1854615490386 468.9345503229674
161.98592813206503 293.87097271294385 475.69390984505503
154.56120779922887 292.25591787353386 480.3726242030594
154.671636996275 284.2010120794365 476.80563815917475
159.4299115644111 286.20287479547505 472.49568875985074
167.72506790191696 277.5439605449101 475.8694145437556
173.53172501692472 273.01133830937863 469.6625122620192
180.24480123410666 269.22655012971967 468.27457954394254
187.18217221523406 266.72353586540385 469.8932910795095
195.62323275432223 265.1307588707344 467.42921286429413
203.1014107129207 259.4424400495635 467.09376996411754
196.2165012828398 267.0811225375103 462.6100530911051
194.8797591168882 258.8118814235025 456.8091896047883
191.80634880552458 251.20688238543062 458.5531917104026
185.00373107814818 248.27566383797992 462.874868015303
188.94951919423036 245.25965004717156 453.5721762672642
196.72576291002807 235.8423693835797 459.50504350641233
203.65832496797574 239.97223108253405 463.15661739331324
196.50099324846838 248.48480417154764 459.38634124843844
201.22461442348373 244.25739256549952 450.4514663211757
202.51834293224434 245.2700599296189 452.4010645818344
193.3164191335309 250.61095519933932 447.22604743464984
186.6080637926478 242.05764093951893 447.74533244350243
177.68931947268493 234.09190269930792 439.12284279454474
176.9202687582692 232.3720845296033 442.69465942014267
183.73597850638626 229.00633972755267 448.8498162707022
173.88042559718113 234.3726726629126 448.91042874215503
181.09590935671483 239.53819812688238 450.7003134707205
177.75992685216366 239.2611982764807 442.0726305666095
168.8155323878492 244.03817956700829 433.02573154599617
165.475386620785 244.12349926303656 437.5022976682889
174.8184680206649 237.4798523572701 445.1836637061043
166.57376093807628 246.0957211292951 448.9322818254642
160.11713757066232 255.008735553795 451.01995506249546
150.13550332899194 257.69963644016275 446.60769460254335
140.83378833822402 262.52347629140354 448.25785968705776
146.21213898068353 266.9205933631657 447.06272230541003
150.07390503003774 263.4882218171273 439.1297550325705
148.91135107640233 254.33745099346146 445.0715485664082
141.6567503608417 255.68576348895337 443.1113389729401
139.88200807041395 262.08893181817643 446.0370346091677
135.40532960722854 262.3290373627176 441.9689229836798
125.49656383487836 265.92024461298047 441.2034746568554
131.40334824877442 265.2597597726512 450.4108129394758
135.38883832544533 259.55021727661693 453.6439146377875
144.8593409096529 254.02582130599217 448.58640932078487
151.84613805740503 244.8106586779647 457.75686654936754
150.7459774069477 244.01671897281386 461.90173108694444
151.06943513745915 242.69951862061188 454.6884784297456
155.4760502947682 242.5371004540295 463.3624472737575
159.7439873009768 242.5805998056249 453.5363845985907
162.56502643596212 241.5939125715429 459.11415456156817
154.8315739743505 240.0813825648976 451.7017606469328
155.91637658122696 240.85211348191703 449.68356980985294
158.54132299125413 244.72714795151802 457.4737684368115
167.2897395825964 239.58545915211937 461.9686073450951
175.16324921261915 230.91676625986446 468.5731655030739
168.63122162372258 230.89234296607233 478.1570379490976
175.31897126942843 223.5865381877503 470.37940545065675
169.10234380642322 213.65162056359733 476.9181842561889
172.590646240173 207.90000131340759 485.27837457454325
170.9427419242633 207.36047262951044 482.56955488469055
169.19627710615555 214.94429306757436 485.87030377926726
167.24835427307718 220.04154566653824 478.67351686333404
173.91776077317763 212.16678577839895 470.33234519019436
174.01441210732472 209.33277263530047 461.6144485105735
164.81309404815477 205.65160120358797 454.3969401031006
170.16723305272075 205.17066151739326 457.66170197818155
176.4414344241056 214.00669190895277 451.445244870123
168.77381353782596 211.46542115660296 444.9374908637374
168.5087164151149 207.6642782198157 439.9882643086298
162.2374160570197 210.22691379393206 434.8487620582593
152.6031500377231 212.15182604847215 443.77126080554046
151.14861523827008 211.78391665651966 440.88025417709827
143.19191965149918 216.10520607103413 436.78277229273453
148.39348152789498 207.2918330699004 427.73087354437376
145.20394454016406 201.77989111259495 423.9894169004986
146.64988684586035 206.84637176394276 433.4141891468447
146.6811396830336 210.66249386180397 428.3227391655829
138.42011309030218 205.7549238736184 424.42784012044626
134.0160012802691 197.73547234104126 425.6245565234101
143.65743391885778 190.15701175158804 418.9290955020382
147.59914909494915 197.08465337349296 413.35054203863285
148.5439391748855 198.06306070485476 414.4989140123151
141.73166427361588 188.45683457695418 407.29284358492396
148.00342643752563 187.56263094155875 407.9569936215686
155.39815303776652 194.6532886172575 406.500857527736
163.17191290204323 196.76266451694246 410.0694194492702
166.72526345091728 203.369945701723 408.9577353972735
175.58734771393642 206.67706639349015 401.5930463869036
177.11630705153178 207.02016466730643 406.00349766852975
176.9763281674508 203.79441758841 410.6804775984953
180.659897618662 194.87075266882255 411.84798320088964
182.35959490156154 185.7750351126221 408.81226220472405
189.5274869802998 181.80878496402298 417.2760762064803
190.94421674656996 176.6246857793451 408.46130733331967
195.8851593700666 167.24399721686268 413.8550544039089
186.50735965914888 175.07696143993417 418.20471177885895
180.75948097819472 171.11362192173442 418.79511840569467
177.7559321070547 163.17620164077107 422.72290089167694
169.8742331160988 160.88214283348282 416.5477763926953
166.44535159346282 154.20735552892924 426.26846857117573
173.30833088297945 145.75483833158992 419.535781664069
169.7014494211837 138.03444064399844 429.2224627991455
173.24637022505374 134.00502271508103 435.62927371038296
167.03645392484748 142.327812765695 429.01689713880927
162.47408238409747 149.03192526220946 424.79638465797285
162.5923812728812 150.9842765060399 429.42175449399866
165.35702018841707 148.00131943542291 423.29156353170504
159.76388912045633 138.23008527095357 424.7491370943131
155.50915574125793 143.73928749506828 417.75983250669213
148.9043614666741 141.97770446926495 408.90729979720663
147.35219994413396 142.51653922628523 401.3751210058196
143.5281014905295 150.92487874024562 391.3907356141362
149.47413681436248 154.43568978800255 386.1591285415738
142.85471659048991 150.95584199876927 376.3201990051183
146.86307882584128 159.0166859982557 374.80753661955885
153.30169989838853 158.7647343362125 379.06291846378576
146.7600773337697 155.71461769740355 369.48294414197665
146.08945882085578 152.13442154199768 370.7586240791029
140.4584582207379 150.4402634561206 361.8178638433196
139.46738318334755 149.7378081930939 361.17672763747134
138.09258541220532 142.67068973488344 359.27300558006675
137.42213490305235 136.68710299381002 349.3950722712782
127.94955540436449 135.46558219366483 342.80395311774504
133.47209111705922 132.18159901178424 343.58491822872514
143.2375162427654 127.01595568705793 341.0042371305662
136.83679227355157 119.11513581147884 334.05440697288196
142.59849838679753 110.37587260530225 342.31688879389657
138.64176993169502 112.56335632296373 341.8713277936916
130.24543160530135 106.96113170764909 349.66277878161605
126.21022192210626 113.66616854382694 352.8015998549459
130.80242566299953 106.17388009902872 344.0707226259427
132.97967593587643 102.314717477755 350.95121274490634
131.19540621115507 92.59559335695283 347.5024343923668
140.18324009390182 94.97630125102266 338.13020740726597
135.45874905561865 89.9073490647372 338.32759337802906
138.70752339288856 95.48741199062333 346.55573130225366
140.1891006499811 90.67138138839145 353.7834642218895
146.47131446230938 93.53876305036165 355.0118122643545
150.75109355939068 86.86248996716215 363.54108264354915
159.51691099227705 76.90973995630969 356.321166429591
159.06406332393422 78.31110249952332 360.28349147784434
150.9317766261035 81.6305305707366 363.0118519366119
150.0930607926815 86.98313971150431 364.14934101976263
141.090491510899 86.11330879480656 358.61195710303815
136.56665661491564 82.82647708427369 348.7610551645211
146.517359041289 86.65146117602895 357.0191534757844
138.96076155754562 92.86161735554347 361.289185465806
144.6602228070317 98.67705350764129 361.99389482862557
144.17091556111566 102.04834900940087 354.2378976881949
151.3836599431218 103.06044447080792 351.87274421899826
158.5487860762772 97.10346599571015 358.6276542355445
164.0497409850911 102.73638452520525 353.0672717064561
165.61799341902443 101.83591081421788 350.5018699278082
171.78257139831155 109.06194925334584 343.10302138857946
169.48247230384402 119.04160988540617 347.53309011988364
172.78164616492882 121.80160022783477 343.84695551833966
179.8560737584338 121.58064845332986 346.99735905333785
181.685276186269 130.4954878718959 340.7202050865675
191.04623164351923 135.64242387574316 342.77504966086866
194.57649753988554 143.39827862342875 339.65767336329225
188.30771547325944 143.50125349000726 334.57476248630127
188.15988789862394 141.7901929384722 330.6473115825785
192.25374809865636 145.4138180851132 336.52582684713684
190.96437397428605 143.4970154979046 328.5143490492466
193.38726737939092 138.10504446043052 328.7830424292184
196.6160446699575 134.75261577588222 320.0170553222287
202.88402573553375 128.96206429050198 312.02435518915274
198.7516975481486 137.0218975236527 308.4526935450892
207.68905079061233 146.74661031411677 314.35087736926494
207.7860174503935 147.94348001605414 306.6458680496321
211.20452820281713 155.85036315333676 311.15322144917474
220.37018431812152 161.0728398101661 310.72251787813786
214.438281966412 167.4034040979472 317.8210760189014
208.3891491598775 171.08698336098453 323.88868306040575
215.0362718958893 163.33642104082386 328.2840991855992
208.97001624188388 167.03105956566273 325.44822586229526
210.0034223278197 172.5236727120121 317.4265032613713
216.1307733602105 182.01535203211395 316.03580829972003
223.07924045011214 181.41466676716652 316.8889482752515
213.52606398493575 183.0954428480994 324.24988960639894
203.94711299617748 191.45972183935464 327.4580143725936
194.04629381354837 184.44834028226353 321.3885585937346
203.22387083909297 186.24785305709534 321.70145596694596
203.07083435441882 183.49427539015701 328.607731016559
202.6612604531639 187.45508400171929 334.92119594655804
209.40795045288175 196.94482377258433 331.47198247147287
204.40332081152184 197.19254633033293 337.5182367212262
200.33591215026485 190.93048960258747 338.27827153020667
194.05751750756792 197.55459034144263 344.1379974661199
185.42299685696923 194.49860026091727 339.839080226366
181.6783971699193 185.23461487193018 338.88167423779885
177.8291677057558 188.34051634735496 340.7380293835064
182.2810231085668 191.24230665440686 336.39032762776924
185.13232547754583 183.6692443863429 338.1894476999817
179.81726064556088 178.46663912609733 343.28673186403716
173.5485853157544 177.03657340395804 335.19055159843583
167.14279809774166 175.47021681674775 342.6112511512043
162.91734690625745 172.61695088584906 339.76782550660715
160.34247180926315 173.4232064020992 331.3179461905194
168.6665672007329 166.1670466765265 335.3269222085055
161.36481439774465 170.62565197804344 330.3640632794351
152.7360941009228 175.97450722118822 334.6095201923968
153.36841024498628 182.09757918386916 327.95435521944967
162.33345441433352 179.81972177345102 331.2439095865951
166.23078186513385 184.39475434686585 326.09473358538463
159.79661305773698 174.66149416403135 328.9174505912386
159.60514231648742 182.12713808665745 325.52945852877593
164.7090611275295 179.866185948066 325.13879600885235
173.61800687382342 173.4083072629814 319.5384656213096
178.71853013404063 178.02174499450427 320.9214630586964
173.69623657832693 177.10741599059307 315.8560838884488
176.76420566005413 180.84138122546182 312.37913468654534
179.58420463346656 180.11147683611 313.01261960690704
182.6284961554673 179.1146101605794 316.44904941621934
178.991326063284 180.1697517567396 315.9195775066263
177.54231361049935 186.3674170431878 323.2596511351434
183.9973340903053 181.67226201929836 327.77375127790594
191.650239490244 177.46825915099345 326.1050811594943
194.12059992988955 182.09457078139215 316.5893918809545
195.6912521344717 188.75627610040908 319.3165769775967
198.96088755771822 189.8042493154169 315.73806566578816
207.86436157914153 188.41635452690394 310.787828736809
202.5692759114431 180.4726294673117 307.17758132774725
205.7554582118171 188.74255775196235 313.4082556656963
199.99396841229122 178.75583768861912 315.4636841703633
194.26624184402445 173.80025674843864 319.27613269020287
188.55584926087317 180.27317005672526 328.76620089699895
185.98611664278175 177.49478463043752 322.6568855240648
187.5666077589667 182.3512444677186 316.687174336268
195.546544457398 183.6340991183257 322.84241944352567
192.52344251561254 175.82297713005096 318.5055583989805
193.96690321479474 173.40004060837967 319.70030842120235
202.83153096823685 181.71785004592246 310.58766847065135
193.18959505246724 180.38476875815982 316.0259925674683
192.95011618885127 181.06955431152397 314.84255406039415
192.7298850523392 183.7986911138786 309.95934199334386
190.77237598422457 192.8974347366786 312.84591490650064
191.37611641019058 184.9907370884623 306.7537186132655
192.12661580617495 183.6671980136507 298.56604274062937
200.76627216128526 178.20715778282593 291.35618664398254
201.92109514097035 179.71864455287798 294.57537034411115
197.67888999665718 178.3330820175825 291.89115865238375
202.8905183442591 183.84059821502655 285.56446764668254
199.60033083983632 186.2676149083831 281.5034566215321
205.57500225561614 177.57843734675023 289.6102100304889
200.04682839627054 172.49559283396442 296.16620865039334
203.9607041768214 181.37006550348286 295.9912955243128
202.19490449097597 176.34635604840832 289.5181251917531
192.87335929477064 166.6158581208926 285.0408023666963
192.99183306698583 176.2700028857406 283.84939998044445
184.03325972610966 171.2903068180709 292.6017950180727
177.64174493376055 179.17771983475944 286.84051372794676
169.40028401136917 179.72403088455064 284.317735871492
172.30916293877152 184.23015434548523 281.3470578044792
168.68958578865093 194.1303442100848 271.75073819339264
170.37841279430768 192.39549749682675 272.9252423884399
177.1069846109142 187.60072627513298 280.0076063540136
174.75041091191656 180.02055191332354 275.4648913141322
181.81479629971707 170.11489648781242 280.8120498107481
187.52810252941833 178.01768103151872 272.3192231896598
196.6004266161346 182.46517511913902 272.87059523256073
197.67808625768254 180.474355482163 269.6434031637024
205.93604865322646 180.46810751674602 268.2173425288067
206.92365239628558 182.4811973750572 274.26547007632064
205.91638887340108 190.3778348041038 274.5408189157176
214.4332482082246 184.648479039756 276.68744185991847
215.22027389671018 176.4771559049103 271.4657429110316
209.24929606842926 171.16385972279645 279.4980603701447
203.5423710303941 164.90525696560275 284.4279159132378
194.18330490371247 164.38082430711071 290.49111093400626
203.21208676506518 164.96637626512629 294.5529576597064
193.55619342705384 158.78516623617045 291.23013997900404
201.85377180475658 167.82341537618248 296.926669281308
195.88253569195825 161.51828047681215 291.8318776374519
192.87958831234147 161.5481072067626 286.6706426411113
188.6834719564198 151.999276288286 291.6059182796539
191.38884794146225 160.0231429926451 300.61488114995603
188.39067817406467 167.81723436171103 304.5114202146209
185.39469226897057 165.80226961300565 295.06575173040665
191.8141586762996 163.90078229116625 292.2905408867787
184.2532010846746 166.77401472318965 284.98350564079055
188.57447925700862 160.1517566700302 294.9077044172373
191.58373156437773 157.3373791045147 301.84330774511193
189.64181394474735 157.97437458354167 300.8383601298013
185.027908607159 159.12984155089637 292.8572035396237
178.01482459881072 164.37056855827993 297.65799916307276
181.2564576467436 167.7299975611508 297.3106148373325
171.26201133515198 159.98178142381784 298.549663006486
181.06596194134036 158.88719209527764 290.38309758372753
185.320495519288 152.85271203605186 281.59245936389
184.6351766188515 150.63534234787673 276.63524020438274
179.7890231536052 145.9489940331145 272.6448049034978
174.5617652024935 143.38651846500704 273.0172770438788
168.15368502924076 135.255071323519 278.15295382162583
171.3554385214551 127.30506391228637 284.8428300169469
178.0448741238041 125.77323549178816 292.9925113444658
184.9172503214322 123.58586673180022 283.3173141409653
183.71671080762147 123.27754994782926 279.4343550907472
187.4076621736595 124.77434812802008 281.8496166758719
187.25759855491955 119.83132392794505 280.90485098938393
192.68864074981062 111.84847793244 274.8013939462999
190.50594651879837 104.14064298019514 265.76002225289665
193.9940851069177 102.89313993827538 273.8679575467987
188.11541299261424 96.23344470789144 267.19600534461756
188.4145921787398 94.268120160779 272.8152983043425
189.84113890880593 94.14875414503143 263.8034271186167
188.6417837061924 96.29226374167143 260.5894243774686
186.74230735961777 105.92788466947931 256.5869916569245
189.85982027761673 109.96103401314525 254.77115806220618
182.63163536850305 105.12716480846436 251.5297900611143
181.14782155443402 106.83286951162476 247.2033440693641
189.0556399124067 104.17175747914023 241.78449016396314
191.49737822377153 100.817518807675 251.56216581198012
185.26363749449288 100.63388309148081 250.1869795155211
177.16292312031902 99.38293716456397 246.51170279471887
186.50331985425228 108.03896883029873 241.90070207321648
186.70485699806315 114.90283953562776 233.6342204698279
178.89209176843994 120.05591895771902 227.26440577842934
188.60206841930074 113.53332569222823 232.46173398543513
183.87372406028922 122.71166329942083 230.30827709588044
189.95869846767857 122.33530821739244 226.91542709056444
188.47350181192596 128.8818152213898 217.6534662497745
185.64101852700858 133.0623240185677 211.8291250185659
181.83642356990407 133.3276250243425 215.613086542445
174.11489079556404 141.94382467044758 215.77699952081616
184.10244206384087 151.74819676746947 216.2323921175676
179.363793746791 160.49361478633523 212.54871685662476
188.88334832813254 152.2898003180852 210.29069567793522
198.78187326800418 145.13920885511504 215.81990768337974
203.99138589808177 138.43765612968892 209.9233196011164
212.16971409967078 138.84343465289516 215.54564857158394
202.75154112129917 131.64331098886151 217.42482925086932
210.69611021691838 136.47922537988296 215.95911570673456
201.28317324307272 139.54637559352017 206.10522288821937
202.32896012525515 142.77656847841695 199.68199562150969
212.22916486244722 139.99454404620565 190.43278516276544
219.6378388817598 148.98715343847738 183.91139076722322
228.48048708261743 146.9082819718222 176.07384947268096
236.47959851705573 138.2089197511388 180.91774838177977
232.0907332975852 141.33223656815184 181.92126909481064
235.1539116133878 144.7459660703211 189.42518071199328
231.0602893692851 144.54581908233217 186.0857876627019
232.40332274866745 144.50955886010507 189.91484616295773
224.04776903823856 138.97881943405545 194.5286805350997
233.6394504207009 136.05880478441892 200.95483618490425
241.29945185867192 129.34761580738896 194.0310103833673
232.8632633599824 137.25188784013392 188.8169148451693
224.71371369190877 144.15154686476816 180.82259090182234
222.22220681945333 144.54614244255427 173.85891708215303
214.50278603139753 140.75590429420305 176.99166987660087
211.28106488058174 133.48957426970475 172.60293361853604
212.92168557148125 142.3185987078741 178.55925777834364
216.15783360072848 132.96519546262974 169.3725631793278
212.42435604418327 134.6011585879982 162.60565288821005
216.53147710433277 131.93335939471177 169.94495042660373
221.27291865880053 135.33861035073855 164.26814415069248
226.5948113196246 143.34594138233723 159.51599707150228
233.35537294723957 144.56259702460346 155.8940599339123
233.9192594108711 145.77752451604482 165.69752289557294
236.54200671426213 140.17528470478487 171.6975709452423
235.7555957986329 139.47313413966825 168.6019670868045
234.8562310583129 139.3171496811982 158.86162093579975
232.23424693590096 133.18593073785345 162.8472033244461
222.672791426289 125.75809570180184 164.01587580856835
223.82314305721528 117.61380344548769 157.18019998443958
219.75330965783138 113.40705258002166 153.3223049015124
222.4643845064016 111.82326095698886 159.8558371034569
226.2512217657993 106.34698854815117 165.49525206480612
217.98402997989257 108.37238967972014 161.1727049680992
225.68679521411164 109.23480333830148 166.2170731740228
235.649779355936 101.25206717462737 168.3746137101966
236.62205118896367 103.64352723572539 169.87538930264006
232.0471163762129 106.35186311214339 176.76288288461188
241.787630647315 108.09566498118252 170.17843901483747
247.73789655421666 102.18419479193426 167.6576409874737
237.77709512544877 108.6622742696237 170.6458685795755
240.99160023791455 112.41136556200516 178.935429494685
239.20380610256382 110.743645863568 172.74745435217406
241.34684870519516 112.0708939656035 181.84869828997938
238.96396853620797 119.93880658486343 183.97273085115907
239.22698156674144 110.59112839361998 193.39871265181753
229.98911651425584 107.84187287157795 185.89809248996914
230.80071156312096 105.69401425449094 189.97604463415772
237.90250760353194 114.12562699167992 186.2571818537252
233.7155596311937 110.75532036476028 179.79474835665096
237.33985648538862 107.46365143625577 189.28992279841697
237.80158290980089 103.12325373110488 190.5570388766068
238.38114688835842 112.89181016738885 197.13845523135754
237.83170549635122 111.68387593269576 192.04406998871713
229.3163330920571 116.15639557547016 182.2023072798473
228.51855586778615 107.34256876371876 177.41298741801975
237.53951314832406 106.15914267172032 175.7708921981132
237.69026962053164 114.58837477879149 169.49992567727034
244.23590595885514 114.75857812320177 169.86509465824685
241.24965195673894 123.92172593759278 173.15793461937128
236.49515159028806 126.79509416737227 178.82735238758565
243.35613443860305 125.15709900588324 182.4111654931249
248.4539627252971 134.0746685867464 172.92337954540668
244.1461491204447 141.54135846625888 173.51506854994048
236.39451952913828 133.52890489454552 177.16705168108106
239.37667789454747 127.17399080378453 183.50209000879195
234.99639694637267 131.44942346450588 182.68478387623745
242.7753806448015 129.84164905245723 184.7881380424964
235.77809240644075 128.8729975281851 192.06363298256898
240.66824295016895 134.97338797095935 182.1430382930271
247.26208824742616 135.88716271706332 191.15574254664963
248.589924387575 145.48742591609204 199.55150769817988
255.9791651690651 146.58799907457268 204.0533664774287
261.8273150471275 152.20719729174544 206.5410987692161
266.7058547852831 155.03391315304214 205.47361674335065
267.129894225989 157.25815362313568 211.04676184153973
261.0094952894836 156.22863428492357 219.95110647511507
257.69364304809733 153.96346478788925 216.59709536500193
249.66322935034168 159.8982409102689 211.4426465019247
243.40924286596385 163.50577250185083 219.56322168427508
234.34209347055167 164.09007536689631 218.8419771487983
224.89797787522767 172.8115153806953 211.17369226140755
217.40468119948736 171.38253218940585 210.41534976762964
214.97700905272274 177.6708904450586 202.584955881743
219.75445760964922 172.60482383367867 207.3660633356186
224.05975360458015 174.7526611147358 198.18876864749805
223.72239089588047 174.7813981195702 202.1453148934074
224.9947940002433 179.1490767986713 199.85533027177902
221.51055266100084 185.80493449936216 209.2795685384737
229.5876229189421 195.22524552697612 201.9321067374933
231.94716877183959 196.61036177938917 199.92311503913314
232.981210884782 198.53790573409546 204.8566756175081
238.7597024158827 196.22086577499974 212.29801865847372
243.75127116194713 202.00677974840906 211.58002077644025
250.91616960776287 193.06318598032243 215.0918846134892
243.94654590389854 194.54773154177545 207.9236565223576
250.4858459986293 192.87036297611962 213.63614659470548
259.5176895318224 197.97887841352 216.5262591104922
256.29919371567604 204.04444578745372 217.95393191667384
256.91208828144755 212.6104009567845 222.71194386657658
260.1159891928771 209.67849293428088 232.0507810241345
254.38312654106747 217.62776452364733 241.71439627869918
251.671251704784 207.91728870732453 237.85541642199547
248.00176888054446 199.23952207163222 245.39267706050308
252.07074275002955 202.1411039747514 253.32863026170264
244.13425159351326 197.17916047768733 252.04198770616156
239.06427073328354 191.3003889241776 256.74747085811424
234.63405815450167 182.2692851298266 248.30267126401537
243.56338172623438 178.50194630672308 245.32589615870944
243.66573325803782 179.48437667262064 251.41022985772494
246.8115471003719 185.2904826743913 256.6532228573711
252.82864022035946 176.69879825813808 262.42735552901746
246.15333378450651 180.39731185547203 269.52747478408867
246.14209966125173 179.26822381244082 261.7869224577762
254.52770123361486 182.23885494058015 268.3674540808315
247.59037265747372 173.36600121600932 258.3916701172191
243.7099454390121 180.46733448181791 264.4393278600871
247.89360638169026 174.55745483850617 259.7196461930601
242.46883082238978 179.64874289052486 260.0649177180868
244.97112185393465 180.34814541785875 262.6655600444287
251.62253155507193 185.7481221756335 252.7132145748976
256.0846252292163 178.4993683243675 258.78146349450606
262.2059730983934 177.58968268664063 255.80552868755564
258.27739050423776 178.64950067996924 265.6286027960313
263.15536487650746 181.16533186051396 256.6673173559928
265.28766614056417 181.7023081060447 254.82025610497178
274.95221201470054 190.92706985973712 248.28525796594516
277.2311844943873 184.3677972767847 240.57615149552856
270.9123298876374 187.45054745305998 250.44629884723722
268.1837106473124 183.86494622719667 244.80976797607644
259.4954953877959 176.90514013230418 235.65807501384205
258.1878255011364 179.74687248348832 226.70555572504458
266.4683530015678 176.6044286331038 221.20210302459964
265.7690945083051 173.8476174649705 223.2091539357109
258.4519085064344 164.7437609093118 220.0688402765227
266.9494139268778 173.48000928105452 225.00860408798607
259.3299498542399 173.96162621607016 227.51258215802878
265.2739499896451 183.59615125750543 232.83340935843168
268.73221955679054 190.65457191053227 239.81498936869522
261.0938186943376 182.97394330588904 247.49123282883875
258.7004282171461 191.83872272235288 242.68432344485805
260.82635863896667 195.3993252253866 244.89746706073532
266.9967965162543 195.11397587647554 239.43649246345674
269.8175178837632 201.9513589736746 245.95383783107312
275.8584228740613 201.02126848207817 237.62012833588562
280.01619814701144 193.53130314503153 240.33373918971586
284.57058235410574 187.03402569061555 233.80514213725343
284.04406455928716 196.50066478481622 230.6222855420442
282.1230990236033 205.6589186312159 232.44634805079684
275.7774199143073 211.28778159507027 231.88875516970228
266.24579311149586 205.90326370178806 231.82899417470435
257.9153361709086 206.998484503007 229.46636973807975
264.0265179679062 215.05050298729395 237.26215046565494
272.0883750195103 211.08208374860072 242.5308288140122
272.5040598045393 204.11309885757422 240.22454258925953
265.7702670379348 206.28235782302554 236.930688416701
267.5353045173094 205.8331713159045 231.47446352334566
261.62339488537856 212.67220008785037 223.14921701523969
256.8006760055946 214.14397700709804 226.6381237983412
266.5552950139812 219.13911759063558 232.61625050388676
265.50876331892306 225.4301529958054 230.14656189393673
258.46681090776883 221.20306475570553 238.85405434499287
259.4204081363184 220.5608350791682 231.28755773199313
269.0437506556315 224.14856721529694 231.16054930728717
274.36350140978107 228.53694074081153 235.7120654682044
281.22986496190714 224.0239863996968 229.28731441961332
288.254021942646 227.51845497315531 231.20266178910168
296.899011825592 235.51292684012404 233.82208400798595
287.3212614080724 237.62320386375455 226.41896757363412
292.5756423373795 234.58123134770275 234.9066518290683
289.5742598595456 227.72112196928026 242.14432979941873
294.4957178827439 235.47381982554992 250.7823251242494
298.5869409436704 226.7384779844158 260.6000864934613
303.84113779397234 224.2815716210242 263.5664368402856
297.44769474154117 228.37351069439592 262.2554124980083
294.3615461379355 224.18228053715447 267.79646986909205
284.89720823377047 223.26041557035566 274.7921390935181
284.88747105315673 217.7511874207441 271.5359977697194
294.1792761311819 216.11974829990172 262.85203957373113
296.11077205882725 210.8955015856467 269.6602327863918
302.75823977811996 207.10821458967754 277.4639176804495
301.0485234359516 206.91086012616825 286.1261463737872
300.6253711433761 201.91299624208068 294.798816960125
299.5090900870308 198.73104209554447 298.63443007236424
299.2973513821122 205.53984063673394 301.05193843124334
298.21427137634515 204.71260056193057 299.9875786306065
302.7890746511511 196.9584357074437 298.11656255659545
305.62812641038676 188.81037628647087 290.3603487474264
301.292686899249 189.98457471316718 288.42887576683603
297.79942601676595 189.06464131525516 285.4376207456863
300.5633456616928 190.49288632495498 289.81959604896554
299.383919497492 193.90081078304019 295.53207769168444
296.08441415038686 188.13348617906055 291.84271549817373
287.0862834791126 180.5503564383103 287.07573749336973
290.95669328946224 176.6225262828147 295.8858293926169
296.4928753653684 184.62649707671378 294.44019006189086
300.5357494413047 180.36591865799244 304.18579214852764
295.23893326333626 175.61960247656202 306.12005304248345
301.86269412606305 183.16372173714265 315.8914656606826
294.4185575672739 192.88879808873875 320.42393699857496
295.72450524313854 194.78042978915246 319.90299385169317
297.0745012668615 198.79788380411486 317.51402955988084
297.8250604427685 190.08483360625826 321.66880015895975
301.40267204387425 190.18607451337786 325.3791079089044
291.49264828662535 194.61557165322205 327.0487620430323
291.34209196495937 202.13917616973444 323.0248830674742
291.4178258522127 197.69920065587155 331.07002918010875
294.8546041924635 198.98285217754352 334.4510997179411
294.7858546048232 197.3252907323934 335.3969570478676
290.08593558985024 192.21014789807816 333.1926478140523
297.5763879693514 194.84192736396398 337.00367910014114
294.1698377311223 195.190854116795 330.57751562470736
303.5137635840996 186.2252175756638 338.08575742289617
299.9461972893104 190.91918930104328 347.4117230682033
298.12330417958185 197.1684038675084 343.9548810093326
307.60722252627085 190.10302881131878 338.70452347091015
316.2870278551841 180.6523588428454 332.20321997004675
325.4584078380289 171.6859554274281 327.8891739811128
322.6207341649182 164.34005375809332 334.5841198145717
313.5594509754752 167.44326823434497 328.39639738443765
317.60024520888106 166.43467780892766 319.12797390500265
320.3461762531504 163.68848820443463 314.7014575343763
328.77019319390627 166.75639398399775 309.0080703809148
331.6444895142371 168.94243031819295 302.0860072959169
335.72857596352736 177.25701058866775 293.39602567832395
335.833439399206 177.15886285980412 301.8374870769147
342.50820303292136 175.13414971389997 305.0660149865183
345.88171707856674 176.9130490018074 309.893720451795
346.6797581305853 173.99430030699116 304.9089835204469
354.6669519765889 171.38994494436466 306.7973613747416
361.52573651620787 168.46086012820487 298.67603645067044
361.1362084610124 159.16285577155205 307.060248807578
358.54736642793824 154.03840832301546 303.90047365407895
353.8363060370184 153.98832011053398 295.5657761049015
362.3180599653719 159.79036013932253 291.08381392743325
361.4480466492634 165.64783112006256 285.37069423256577
353.4838228878876 162.46667267632398 277.5291644199794
360.76034969653864 159.79271071738785 274.5796993417902
359.88444953146484 167.9495107886119 273.96076163126315
352.1500373972274 161.09099092250895 282.02730986570884
360.37765924773566 155.31836846546406 273.9855699395494
351.65474736845636 147.08283811812774 276.693481552505
358.64642270288357 152.81998513697505 284.6269453050884
353.9094569117565 144.53944760193946 289.94287606296876
362.1360460723295 149.7239116529478 283.62338226952926
363.4249569860795 153.0675800412025 289.5141303344318
364.6356457540939 144.13199454565557 297.3994332065109
372.5013260280479 145.99869579314242 305.28558441949724
367.2867149080253 144.22023948129973 299.2093078516008
368.46135754241806 150.24460091717225 297.14899518298245
375.7101053070974 152.40447476342422 299.5889149447861
379.43938615926857 144.7319494381001 302.89641997001786
371.0054036147667 152.92605232033193 312.6844984479072
369.75836539875735 143.81397519797162 310.6930794002982
362.281103363506 143.5442043556023 319.5542388491049
369.01164269762324 150.7533614140218 313.8182525995597
369.08148472246626 141.3032518583044 308.1778518715556
364.0958325559711 142.15043979925503 314.19662745548754
370.1500273107843 148.90168938553416 322.38491719100244
378.19803549439496 157.35028676756443 325.72761703880275
373.7433320132906 166.29608335347356 318.90428573618146
374.02267116844223 174.63892180932703 309.0397783495163
380.16904374563273 171.75988240079056 304.3373617030304
382.04492806249175 169.4681602659807 313.31675747771015
376.01219708365227 161.46186157142165 317.72015192349915
384.71871818222047 163.41891870481834 326.81528557528134
377.7795105099269 162.21920529886393 322.0598018221883
370.09863881046414 169.76722400746002 313.13050333686954
373.70637432765517 169.35275001317254 313.6491546661395
375.615965393771 164.05744355251858 305.5294359776857
375.20703098672675 168.46010485636526 314.24164330876596
373.1553337361955 175.5098936547996 316.7265856182947
378.75230790722014 179.9944011735082 308.9089946994214
370.7228350838814 175.7879331199934 299.84494844226754
375.75546489238104 178.91425320757781 290.3652277927829
378.5547692373045 183.7100184146814 299.8558224727895
370.1322870934675 183.12994126949343 298.09832268848135
376.0658255224324 188.20057086301165 306.503733080063
384.7319410169612 191.16647933214838 308.21259342537275
378.87142480153 190.20838045988748 308.45992202989163
381.92204745541454 199.07006540600435 301.1204141907854
388.16943948385045 203.35744162916563 310.22304484488575
378.5267690483499 211.52029783105397 307.0232201723367
384.21799359542354 204.46661664546733 310.03634175014105
383.4787267854729 202.56900040553344 317.3904802416459
379.677739870949 206.84716686388833 319.60753117660965
376.29013528052667 199.66629230851208 316.28372245265984
376.62272287312857 191.64170759541136 319.918909823695
376.43566669709725 190.93286626241374 312.57163313694275
378.07381823694726 192.07618861995428 305.5743567799831
377.55758528675995 191.9799339067482 306.2867861058684
384.65099748171366 200.43004895452228 305.9298584454292
385.83297797794245 195.19338225638373 314.380549409802
394.3254314441735 189.51918526600068 308.20226262797604
397.70908213527446 180.19963552405207 301.61326064295486
404.363094143737 171.8383089578739 294.53174178061727
409.4875549549028 179.9142051668969 299.2228712833506
415.25240135413486 175.30918833519956 297.8999484302458
410.5462515086066 168.5178897250285 288.3518474996772
404.96939987862964 168.26773039616842 296.49206119427174
407.92022214231986 173.29104102607948 304.12964580183666
402.773424748089 163.95481655103836 298.389398430865
399.33524158199583 155.6106066699787 307.1818064368657
403.9045540653334 152.5040158830406 314.3772359395511
403.6990027742307 162.32207548161924 309.0140411298113
406.37229874089707 164.9694226689889 314.7735858964591
414.7513530573621 163.76430908974658 315.54926126365257
407.87572679531127 154.92024763692646 319.1053878700726
398.7487700158457 160.63659409957808 318.2871299572984
395.06492305140677 158.53934107967382 308.60428959744974
392.4973270697293 163.9985738407427 305.61001227889403
384.57382223464197 166.13680196924145 299.14471801178956
380.41460892520644 172.31744110704332 291.07134433638254
378.60869048089904 174.892648316691 290.37352783094684
378.6903811685718 181.99486579271039 294.8999068854975
387.6370149099663 176.63288547292674 295.14195330933654
386.8127379501364 174.3017980874631 286.30726878049495
389.9965486855147 172.8073964790661 281.0273877474172
386.22069421151144 166.53654825105536 279.51814693190136
378.14328535534844 176.36855262663067 287.9457953010248
385.6119818875154 166.3699238105578 296.50561888980377
378.38877149305154 157.2629483304273 298.73395449657136
378.6914133200446 152.432374611914 289.4584028916802
370.41290058124997 149.10853134333757 288.064961848366
365.3606247188218 147.18040242348687 297.32598455523646
373.86125620095726 154.6280814604644 305.60539587536243
370.7237715009061 155.9477846278898 296.76959822453256
365.74025684874556 165.2705958618882 297.26128974406424
364.9958467851777 166.35802567893086 288.3203207786797
362.90524150403763 160.51096311395932 284.3611480330369
365.3645549901463 159.49725426501834 275.87661354735855
366.45871444291305 167.9631092187906 279.0917397363681
373.34619619811167 159.62423046966214 271.5390213631095
366.0930863854363 167.01367718488535 267.7251480289244
374.6997652967206 166.41624892494215 275.8869342144776
368.6869882904814 175.2541245509922 275.91644936544907
373.08233885922834 178.23353076554255 269.41521587490206
378.3524645579925 172.83313327437835 259.4715365131401
388.1857788763157 167.73423377885865 259.125803905512
396.20882467168684 170.61729748653357 264.48633657292976
392.76705296594156 174.09501788172904 268.2428806622532
385.88885012415784 174.91436910499587 263.86447385718077
381.93371997166685 172.493424088466 264.0137123952021
388.7440747271315 181.83523154827722 273.1306595695135
391.68642063434027 179.44196127816258 276.89517315787333
400.4454818718834 170.82963199877696 276.56043059348855
397.22743463843335 164.5342407568952 277.7941951780438
391.7440606004108 168.6790149467894 280.51482617042313
397.39548512481736 165.6646170413307 282.375091355946
389.8439497112658 165.3906244976568 273.52607343103375
389.44303780515634 167.57948590944528 280.5667531089774
382.1857384477055 163.95727283793272 284.8410959988732
373.8633533222218 172.75158455143333 275.4128134399606
374.19470264070446 164.39756003842848 271.70216947430765
367.2922221897429 157.31204874768054 266.6714052863678
361.64929479018133 166.8095451713861 269.56823852786147
368.23766165224504 171.262545084388 268.1270774881783
366.54363424190467 169.90797089966216 263.3970883687746
371.33362705490424 175.327347112901 273.2086996861643
377.2722573327921 171.61888207005984 274.7624936846112
372.4520844097891 179.15834010484772 273.05785170165586
364.81347488945596 178.15976913360748 278.8368931446936
370.61062568499517 182.42158540140778 277.36267564198084
376.7677418223777 181.68695291736273 276.02011625517366
373.66511268332135 190.8288199559456 273.5325456396253
376.69051754569085 188.72086060013908 264.097459623473
371.8046240742008 197.7023994259217 258.87985044302025
377.01156829970824 193.76898022645594 256.4616649824721
368.2018104080526 203.0013790486556 249.08650736292836
370.98480993287643 211.98563982161633 246.60598569420085
365.0136802975565 204.77437836418719 249.42669741520578
363.6561409158515 209.66554446145216 245.90987617622105
360.0280807694663 203.61508019188733 250.41460543829834
369.50005893858474 195.47596770021752 254.97140405449034
359.67183864211927 191.3524418185788 263.7506515386636
362.7392914473001 196.5631984344256 271.2203267604512
361.7443337739708 187.24022658410527 273.819966332686
365.382310310764 191.13326088471825 272.6857889933317
370.9492147511269 181.7115757433986 280.369379262141
372.0935999962435 179.17355137273776 270.89569312779474
369.64979452051523 171.67928191867696 268.73392216962264
373.4959299722205 176.21190419317853 270.97010633461866
374.6242253696032 168.09346857239626 276.67713459911954
383.2776855930543 166.7180079489221 273.36310433949825
383.7191304619668 159.34792301215188 264.00367706881747
376.60690242212127 155.62792857728633 268.0595190757663
379.7754767006909 147.68284038970964 261.6616039693645
374.3205000984594 149.84644748861015 268.51576090438624
365.4199369471059 146.94267120409756 277.5915672802267
374.181355679306 155.920444646069 282.5862841012825
376.4880932355174 148.7907991944522 275.0807686989097
370.2614394007546 145.66058555047272 267.46039314058635
363.5591390602882 136.6868654560145 270.39139302695594
366.09540801586166 129.20698039984654 280.1050128768461
366.19543188793244 125.13199067017179 279.63709519060535
367.605503428663 125.96860567304525 283.6995955371836
362.92267415662275 123.91762195528882 284.41242389834935
372.1839364781586 117.93846530236732 281.66666551779525
368.01255942122197 125.09601307179369 287.94430713550474
360.82968415857124 115.57311441248169 295.28730754483206
368.97260075425044 105.78050075320101 302.19547950013174
359.84710336384563 109.86408748106425 298.8103750346685
355.66323880389234 116.68380774727031 296.0285133981946
348.89124220621665 118.27133664365253 290.46885295423783
349.10417043483585 115.07970975514334 299.5414232177434
341.591694331447 116.38179772610117 294.7108353206915
334.95158349066685 116.40834310299478 298.2061274845246
325.4463060144353 121.13186681761451 289.57266466809557
327.16843287865225 126.95563975048421 286.00978345662185
329.3297315446521 132.5872567066304 280.24614871068314
327.9970292582566 141.31910244504581 271.4780977855311
320.00362475424276 137.4940681903014 275.3146193272289
318.5012375515265 136.9597968756795 276.3658224025831
313.7618274971641 136.89185715968048 278.6489974927494
321.61608502376606 134.66294986219123 283.89352434632235
314.102276119201 125.6776086051692 277.58292504667514
321.54983708661877 116.30361692342021 285.4590504320176
328.0408374367808 115.05610683009225 286.0589083278978
330.93993468263983 106.51973105574272 281.7084346989259
335.53134754561046 97.05010552846306 284.4712638021015
336.15438902705705 88.49187990136159 280.5263803938665
326.619866362159 96.10517097091699 288.78902342443786
322.92407218379213 89.26985514363163 282.6153820367483
325.1145741760269 79.44936973648134 277.12782058516643
333.7806708062144 83.07403750840386 279.5925695891989
335.84064593598566 92.05042243625762 270.30399315042916
327.02891441381956 87.51083219504243 272.0278725890301
325.90581117548834 85.5326838630713 278.2341537883133
332.72229005311505 78.57799751507457 269.21926761529255
325.8331043567234 83.5803771078626 261.1659936415931
334.2442809964014 75.2478585229576 258.6286246385126
334.97341977222226 75.36746422630256 257.22841119208226
339.3276923931822 73.71215999036606 249.04821800880845
336.3160026699503 74.68743308392852 257.0947504032393
336.2041913971979 84.63345522591334 266.6117915430094
343.50482367560943 77.35472684428667 268.7889874653967
350.5607819381711 80.26437574086978 276.30841020061746
349.58297999643275 87.39937944616115 275.8738664888607
353.4037496493363 80.19868167668248 276.94406195826724
356.15693643614577 74.9584294176701 276.9524917923538
358.03006257323733 66.89895763503091 282.43066275057214
354.38370537870316 67.0150199652048 280.79696833453244
356.57254551733035 68.56254729663908 282.56165736957075
357.7585731818717 71.7574758386141 284.455040913156
354.46763150339706 68.38436689621261 284.41912318124037
347.52342386682886 61.863619508381326 275.26856328851187
338.9396347786861 57.422758693037096 280.3666820696414
346.39229379449654 53.33958341444844 283.96279268791636
337.3141911393705 62.202621798089076 283.0070839937516
346.23771455815825 71.97822340679758 278.3584935223001
341.93689901486334 62.8166639613812 272.2377161401247
336.3235428470492 55.602193538121405 264.3011661449584
341.12191512941075 59.254958109845454 262.2994868170996
336.4385869311498 50.51059415119928 271.7815700473295
335.1747614922673 49.53800813288849 269.6462858478018
334.93263349954526 54.94283624974369 267.90587605028384
325.86596042842564 52.5510445593349 277.2599747845038
323.61740339392196 61.73696194736692 277.1397282977718
326.2485303687246 54.16370172493275 271.3605494557999
323.4271218456879 47.260031076854744 263.139284678903
315.9351889943284 55.915835343492915 260.9518200239848
322.8560557046691 61.37447009190705 263.4408060471753
325.07100908155496 70.2591093397327 255.57332241779253
320.9453834601486 70.96106571322716 262.7594337454737
329.7648516934871 66.02784726568407 265.0809703011173
338.1693448164703 74.40794799561576 257.0838399203179
347.10264431230263 77.9621961965672 260.3387260691804
337.7375304010506 82.69340479709192 258.72337742306587
334.69937031443163 91.27807879119484 252.203043783104
327.06505212641054 95.05949197869604 258.0026126018094
336.4349602198317 101.67593906132727 266.07901142664946
340.15822045620655 93.56385024544585 259.5781327730133
332.59473109884124 88.88273316383601 262.0856010242114
339.38958541227845 91.67477208662442 266.47415837835166
330.8833062799169 91.87537922124824 268.9962899698743
331.4528907446291 101.531458448878 260.4498315973873
324.72711787595244 111.4369350850925 259.4272869173782
324.3772169681658 105.16571092369124 253.47662580842186
334.020680744479 98.08821142872452 261.431187111442
329.7666984882611 93.69548240530817 253.77776378748013
332.56713919900983 100.20385274378202 251.67168421281303
332.29234134642087 103.64081333989922 256.81570767905725
334.42067688876006 107.91262781805881 253.96304114920923
330.7185184076229 112.19168651244097 246.64962749072671
323.0308351683078 109.93365562101452 252.30473942919983
325.2054380949948 111.45149768648609 245.31804959482722
329.7130883564781 119.66891588562395 244.23787802617807
324.09465029879135 119.13371121354834 239.2138379538108
333.59534055587477 120.75242440903004 247.71384315027422
328.4771090066698 116.86648522434994 244.30069925976952
332.0023121030556 122.95893644871441 239.1202836775033
337.93986882163443 116.67191606125611 233.77106235023328
344.29998199726964 107.84793070881805 241.9759658750075
348.63117282169617 108.4482777974593 239.6028182874913
344.0461298269025 105.43998895889892 234.7565267340683
343.09062391720926 96.56055875387425 241.96296933137504
346.13148207779915 86.72006231981543 245.77670138671115
339.93673741632546 89.66992007679127 242.67834251961835
340.08477204919376 87.09665572323789 245.51921098211685
345.7721245727558 87.7670177056021 240.90912930363362
340.1405415023524 89.83341295722569 245.33339162657785
336.3259234761465 97.92564922873812 249.60727295839595
332.5156630174864 89.35362661181335 242.3894669941714
331.13449737336776 85.79513307466586 251.56421106282795
336.45792766536255 84.40054383328426 250.41172674575787
341.3009505970038 92.22316332537547 254.59777731576926
334.1944066978501 94.42340765813991 259.4317655113323
327.2463289461127 97.39759850249607 262.19949128180326
323.98190822441217 101.78263418800053 255.4050395436577
315.3522913940658 97.51232215203758 257.8550746541119
322.2061013096376 95.47692017047443 263.78505483607046
316.78697916290923 102.2086747419432 257.85434500613616
319.6705767673183 111.62075507706174 258.77727189465963
312.45011190487213 105.42977468809545 260.4925628598466
307.6653624632262 115.06590491624752 266.8052840481983
308.7011828463345 106.71981614681111 260.1077721625833
303.9070902083289 112.3926458262629 257.61378461888796
300.24904160856926 104.24289012582551 252.43266022990014
293.0649566776512 105.17071312170286 261.73638033605505
295.9053948044641 96.44527783179048 266.42175084565537
301.83334552599115 105.84247738205512 259.1483133632817
301.8534501991114 103.61290369071577 265.5568258618698
310.41407415718487 95.46667868747909 265.10683243154944
315.0052288952375 94.19036087026227 271.5919622899526
317.86928497300437 92.58472336534906 280.6841104582469
325.6559017699818 98.41476852856293 274.33282298980174
334.07758922975535 89.19854530578544 279.894636217361
325.1337126084882 81.57776461256778 281.3849673490938
323.53331115575435 75.69408720494704 288.28215142349467
331.5277757726264 72.7923807602851 295.05231167954526
326.398030418995 71.12907389688041 293.8894064329148
327.678639062809 80.43182694478662 303.45010610092845
332.6689049248787 74.96995106842007 296.59418674457623
337.9094208725367 78.22570272016618 296.2879703376676
328.94661912927 73.4647110793003 288.4085015669568
320.15881595187494 82.53137256878611 280.73977583220596
327.5722496765638 90.05425722987088 281.699771013134
332.85914369420885 81.489940982636 291.54873865429965
339.2362990581982 75.86956997290028 286.16320643822263
336.2786843322328 73.40817542137934 280.4238400002849
343.36095557496174 78.38573573440785 287.35784286834564
334.3811277343888 77.39579523627997 293.359037530739
330.7166438207772 78.04891311342286 297.83012517621535
323.8129472808238 85.25367131317182 297.3913255968728
333.2330935263238 85.60642317570058 298.6661905955543
328.5260537290468 75.87345381076592 304.5069434774306
334.75268519547046 70.28190868110842 314.094283872022
335.4610638202663 63.86663089282301 312.8511225453312
339.2829730946224 72.77356178209125 307.6422700413577
343.00423067749813 74.87411522966757 298.56357095966735
337.9343190354154 70.14919695678867 307.00713894497164
339.3777292289655 76.06235925659863 300.5505851820381
342.5402295440451 73.32955720169402 302.5876306285203
345.434625484067 80.03875580710684 299.25329509481537
354.12620404464406 75.42628940286187 289.4431314092274
351.9381226491159 68.4840525472111 288.5899196904138
348.6404772051318 59.44740133852451 288.71717364905686
347.30659137921566 52.41246874474329 290.7693939293782
345.2468371850816 51.43698166915675 299.78703159536246
353.5061684096666 57.9487735921469 291.5271176149395
363.20270626692064 64.2353882615878 296.5223432821085
364.06203650155845 60.24382912342883 305.41512435771773
363.8941886150892 65.7576011773734 300.5609387672944
353.9571196013603 73.46057735640736 304.45823022329654
348.5230003621314 65.3939734953891 308.11422423750537
349.9218235051192 61.71444935450021 307.67482210467887
341.843933182985 63.324022793078875 305.13802414982047
348.41322672980004 60.35013360566275 300.3255431670385
348.53106685915833 51.022881498640764 305.5790767219992
352.94897961095137 57.55354689801804 309.2385512158564
356.2715284835512 49.53319312776167 311.82688622963633
365.0371421044382 53.504509751514426 309.90691135449987
371.00641665031 62.571719646383634 319.8336769185636
368.4687637961509 59.49207300817647 312.47353813429885
361.9635051615196 52.9844806741863 315.815775294035
366.35677303642575 49.74266988470449 318.7659244833956
364.17643745109257 56.6024713502717 317.78199792314655
358.9569919213912 56.671470741454385 313.30772576217055
360.60649803463207 48.156231272478415 318.3533282986215
361.9391709321526 47.752460963307435 322.7732542416392
362.1548176999216 49.96474133315007 322.3827404960583
368.8348391255885 53.343482918577095 328.5619736509282
376.9395718077952 62.38963002874618 323.79101012834974
367.56879240214363 55.54243284230759 327.1107719891576
363.4002739870195 46.69110926724181 325.1276944442854
365.22395971040095 54.83808118943239 317.955001622728
358.4681167741104 56.64843499748479 319.881814093274
363.1059676304751 62.831923780292385 314.80675295687183
359.1346580403832 70.12089012125423 320.8958617600462
351.9263187008348 74.29585869199578 310.89680569478634
356.73881664183995 73.63654990760244 309.78443198623125
347.93455617650244 72.00765969300458 311.88158506567373
351.4901759383324 78.71309237679009 317.8125238041552
345.3314761909501 77.25752946713753 318.30773958377785
339.4288019562153 72.65116459967848 320.35793016896065
335.93259027774286 66.57909613650126 319.8525291972628
329.77785595256967 59.1156699805563 328.5651856509456
333.1160439447927 50.54958773868221 338.0468784440393
334.21894857679314 57.528419782094694 346.43417679518194
330.01277482959586 48.4324152381379 351.9176114421614
331.7163357705478 39.284798667183495 355.040884052821
328.94516559725963 42.77555826327013 361.5499034318937
326.7276437025933 42.858512807803265 362.19783738054423
334.0798178728268 48.999794606405246 361.32550384859786
330.1911276103652 44.9323752383392 360.4590976336615
329.5236034467065 54.28115781972366 352.47915832911934
331.05685828357156 62.93439868511754 356.61530606380194
335.22246920197244 67.32913994009229 347.8540402523361
338.8063221729296 75.7073093542228 344.74911775661724
342.50701743614206 72.31373395555742 352.4429294825546
336.26839166507864 65.20134150237125 350.23867423792893
334.51050478810674 60.285517983253364 357.6140828617379
326.269577338679 61.34875963599732 355.65407228780975
324.1606171499322 62.086760221270794 346.3381145541995
321.2537005796746 58.25326663298219 346.9291175792596
324.00141357858104 66.39504933757955 338.6157069968756
323.8254234019891 68.42752798944471 343.7508254186759
333.6822003640607 63.23281004388652 339.3808230645693
337.95771464890936 68.99177386798407 345.55927503587657
337.59628305519135 63.51044250086213 352.992601489789
343.2221015544254 70.30343697247562 347.33397151158164
335.7673620536706 79.52182655345823 343.4908736855899
334.22106037051594 84.8639418740771 341.5519250140091
342.0526980959694 92.08043468334697 339.5899089242975
350.60676193956425 96.91811702330888 347.26407416467123
354.38075265744413 106.3725950374128 351.94314972015695
355.6262560959421 110.1646796375793 355.4488765975515
40
306.08256235641073 94.81945469013766 258.9889382651917
284.02793819474766 111.76247274211975 263.0729825992808
300.78798047300324 100.90148236893182 271.0559660716673
303.94603582120794 102.86644813079873 263.92613591391967
307.86350465819004 96.78206743424698 259.3088695662056
307.6119356054924 86.59400157201684 260.10896554422675
311.6226226615897 88.47826855031316 277.95843142139444
309.40605862991833 88.52346346099155 278.3292363062547
317.477332676944 104.28505761112613 278.7717717576361
326.676022450876 88.94196633788371 288.02774717236196
324.3954421670855 81.71527905777037 271.9513349777003
329.89758817748435 73.00759685096483 290.3646678908773
323.36277023222425 67.09571279685763 303.3091442437754
322.8665040598731 77.20831956058169 290.40839216993976
328.2962733050015 83.83651626342709 300.39916900722136
322.9737253024955 74.93045498707323 297.7979899397254
328.3059629137442 78.88772066424792 304.40783793846174
336.47789610698794 79.64617778192064 279.14208595718276
316.3493384006221 92.24875479322843 285.8388549537091
320.3989728751223 93.46685606859293 290.3645169788253
331.97339470098575 75.19225998280417 297.4917964947522
331.3374364463901 72.99736535433559 292.66931428436305
331.0034914732814 68.44572530459129 270.9073240877918
338.6128662486847 74.88066260267179 291.26509019981825
331.9712034757259 77.2561237137029 285.0740924415503
340.30709091772644 76.21069181191699 293.9604182672858
317.0236486200154 77.96171101702302 301.80846248145303
341.39505636605526 90.49493337787746 307.035164061039
326.48815248448824 67.58317519867965 303.1458294697588
343.3819505523437 64.65316471851989 318.27660591161373
338.1149916457339 71.4365697078704 304.0060913756267
333.9207684288615 78.46021848381073 315.7943212861048
335.13613643105816 78.12127763507556 288.856439192165
336.80904003971915 74.5107710303392 314.0567143982774
343.2969548264066 85.13406867825006 304.1583417244809
339.48934881228513 74.80597945001833 310.83830596308496
343.4272995333385 71.07004383801457 302.68823451951977
355.07592923890894 82.9962242389056 290.63378350104017
355.71299695541296 61.049841249099934 280.69280775611406
350.4417167958965 61.18028830639486 280.78124744174056
