1000
193.9336026902699 35.70895840967867 468.1851196119428
185.51377285262996 29.17087546054676 472.5569552106467
188.00258495189868 25.622761173284275 463.1186017048596
192.98412265784134 30.568132294552434 454.91878870935597
189.60052588294946 28.618622366319098 456.73434024427365
184.2510515453468 38.196436876124345 452.30033598714033
178.5738534673251 40.056845037883114 447.6025178834375
185.4680501715609 45.587214652016264 452.7146594432361
180.3561255727754 42.30026545267485 447.164051164018
177.27453339026067 35.87416469203811 448.5636347875001
186.8750092825805 45.616621461200424 443.7886365265733
190.34786466322603 47.8281451883212 441.94138448079093
184.99978383948235 54.70175924964627 435.713827462675
184.0536470254932 63.342466557499336 430.19704392732143
185.2932500437872 69.51147364896192 435.200644663859
177.85247522303428 69.54976868931858 442.26162747701596
179.60636743242333 69.43458810932863 440.56498492479653
189.46774200342955 74.92792512146637 450.0899068060582
194.98034018669006 79.53278860629432 458.819954551434
201.17394877141473 86.4477991898057 453.5498615167348
202.19016647138153 87.57544947292214 446.7306116222239
198.23496511143878 83.53552171704733 446.2256211650905
207.83033345017543 90.73186849495617 455.09898345564915
215.16236890775815 96.36723718474957 457.2262824712197
217.61304513493445 104.84355782024116 454.5319435326656
208.53675420268718 96.58009061546528 459.85152610137027
202.88895731129435 99.69498434365012 464.79453267207805
211.048137486763 91.11111936416346 474.7184509746944
206.88866265586262 86.41296819278682 467.5575068796596
208.83278267831233 90.90160511882317 468.3587827255227
199.99086412886106 92.4247684147534 464.48769637978864
198.37808002042232 88.36452209825312 456.9092070624158
206.92890584273255 78.54898235434734 459.76340213564043
210.23178885428695 74.51018598457023 467.72064195731855
216.39877802390612 67.5523742489378 461.2653087708994
221.92271676561205 59.59287879102431 466.05413902212433
226.97871877941827 64.18285179836512 475.5588729982989
235.85980227579756 62.29013698252438 482.978366472858
226.19012081585458 67.62690120761076 483.58056523254464
235.1278419662502 62.4363869069426 483.5896895075963
235.51048401610836 64.07895274085126 491.0341741589697
234.36381652034183 68.73634275666717 488.323444165436
238.37401498446798 61.191714052320826 479.7399832783195
245.18474411545208 53.79229347320478 482.197601154557
239.3730866267834 57.925947176253345 479.07446112395587
236.02610662887884 55.42324982525645 480.66907140349633
239.6350628978945 54.77857454948335 490.2832965796191
249.348214561342 58.91260613683413 494.20399183983704
250.46538247983165 63.23478565696873 497.09159222474955
258.33928793463025 61.346611655436284 492.5104625278515
265.91979551964397 59.95024853821848 487.63247420960727
267.0332140646485 51.558692083823395 484.9947240278458
266.12138692106936 58.13276817465023 482.9192241542774
258.4302029910165 54.64729287856672 474.2416224336632
262.6784522930451 59.023378798256346 467.9935837708804
266.8743518457811 60.10960081426762 472.1125017098356
259.02588975739485 69.10271720799447 462.16668270121545
253.75844054344995 78.61653983347918 470.3624517239187
263.6221418679381 74.75157400152715 474.5625047783476
263.8582031510263 74.10590234516506 473.69995084502466
262.38200246189206 66.58192426845523 478.84047624966
262.4971004544328 62.591274550277426 469.94757060207576
253.1255873233882 60.7097734955418 476.2763890508532
259.0618811141338 54.41057931199094 476.53702128643874
253.6889127435259 48.308869138683605 473.46585830274614
253.2143070749058 46.79127572846994 463.56787223222614
254.1456995436181 49.01231459856148 459.823685479268
244.63283718237997 55.37055541577821 460.21376087812484
246.71081892896947 54.31950802618022 457.0758582217159
241.04557448647986 55.15371804940348 461.79369561432225
241.70768642243084 46.46849109014259 460.0127505150245
242.90200329907617 37.85366901229132 464.94265109613696
240.82913876279997 36.89120776620277 472.4858585259464
236.5261745853192 37.79416167662713 480.8456498863353
234.3555380941862 37.124263560789785 479.0561801862494
230.1555005162348 36.993340684882384 475.8259063297525
239.94816813515953 42.50604032823251 485.7261539657903
231.93818203368187 33.41819169618793 479.42095713141566
237.36153223177195 37.01459766417691 481.8097149132227
244.56014781512553 40.37107685431132 484.9246760069511
249.79547723347977 45.221219624354745 490.0315413617356
255.59194955188963 45.537137596493835 491.69137214909824
263.08790016086954 50.2724795672174 495.22660720692284
269.4573930607933 52.396282769024054 504.8495264962069
276.3463092086183 42.90107218846139 510.1379786037127
283.36454162908205 45.25433326117586 519.5754696377888
274.3512332718818 48.37165185225148 518.8480621523262
275.7275206966958 57.41115029391421 514.2450052428113
271.0964426357968 49.257912864543854 512.5458219816206
275.9213702699591 54.36491265204141 521.2550117310271
268.0612926898024 59.769635075167194 516.4766250406433
262.75222866868563 65.42279844682797 521.6827902971739
257.28282289422145 72.41719903408176 521.0981364312678
258.84858015118687 76.17093226790162 520.9330819197705
251.40004730048145 67.1813841516395 526.8772519842579
241.43438490392268 60.28583876160663 517.8617464377342
234.1610830395194 52.64668490404654 518.1929026699285
231.98124125162485 53.10105153514047 510.21762181389744
237.2009432262279 46.04664327375939 511.04781941038476
240.41783124525685 41.35951762467198 501.2154478933828
241.9368786437325 40.17156521953497 504.86741235372716
235.92681083279018 32.14573781489163 497.56379302298615
240.15222471659334 37.63046388358394 502.86988733970617
232.08590958078895 42.649241367791205 511.0510085712187
232.19400413218432 37.39279231355769 503.2056230025516
224.87960891487126 37.41017634371871 512.895400419162
227.7427388195209 44.170960219772496 516.2337407729589
236.25051607577583 45.09513991341898 518.8480698782329
230.05470792885745 48.81923114966105 516.4545121016664
237.52578800386397 47.34684515735975 514.6364253831194
239.82008488860887 55.72934797503929 505.67704982189537
235.13693866241883 51.35708276417223 514.4973168618654
244.6383966092282 43.49798027898271 518.8930349229526
251.9131682983787 34.32296015540608 519.2696160967851
248.79710058473117 25.23386613697013 520.6899008508645
247.7968852319206 21.917089423866653 523.4483061418059
239.50557126185652 30.508264206170814 531.6985351245748
229.5190890573323 21.829318749362976 526.8777906975807
228.31958097870475 31.34926253993273 532.8479692462957
229.36912337093977 38.88569821061403 538.5577514286782
229.72922002680926 30.686528260563442 535.0424010810689
225.79147866337973 22.490339124597163 530.315634600816
218.87211627649833 27.60993165077525 521.7426697871689
211.79792130517706 30.739291518956804 520.8740731924274
209.26818879023972 29.40469315498778 514.0797084997918
217.3436817525132 38.15944228056436 507.3942666955875
225.63513650529768 47.08131423167813 501.6896160737008
217.35097568164733 47.63136239673874 495.1019012124106
226.1580231229338 48.343732472628375 485.5130153748076
236.11834156042528 44.4726955790338 476.40163473848264
230.79908391350816 50.104196697284024 483.23009610820225
223.65975244671145 49.91284566967365 481.0966172526813
230.08708870807905 42.4509009592159 484.9680068376952
222.68752630241434 42.102988371825326 491.61042784603086
232.60386318371627 45.785176334159964 488.83258187279444
229.36722423697213 51.79264841310185 480.2778907260009
219.555837368417 42.41329124684064 483.6229767699197
216.75580660031744 38.366052790689565 486.58310867089557
213.58365950818015 36.48688384815445 481.2373214973161
205.60178792060236 38.176884335201905 477.69693614769267
199.8047379604836 46.45255417229302 482.52099508308515
205.83074802088004 50.36701190109619 482.86228877286953
199.72450521280922 51.919292670217594 490.8825193529044
198.2963761913535 51.780135258365846 484.62547156538733
190.1049836833584 50.98844887122943 474.81459218709676
188.33982827389076 41.79084228667324 469.3584143489192
198.19670972950607 46.88072835210687 476.2777304895494
203.3295556107486 46.54885038449406 473.85862826867844
201.80325284017252 51.504477753862496 476.86265031810734
197.5412101869397 59.24346867963398 468.49498245135504
195.17082759965166 68.772053331009 473.928348624239
196.5016923544509 58.910132020954144 470.487323784502
198.1147230777932 50.542910870965144 463.7438930112748
189.9828399319966 45.1676764279901 454.45347444666226
190.1662766530675 35.18137920729535 463.0807461250312
200.03371770720142 33.758324235279424 472.27775257308355
209.08607630609188 39.549425365704835 479.38824023874946
210.89631176557054 43.801212117797064 482.02778749448817
204.65510544225953 38.7941513145181 482.0107404206686
207.49707273875623 41.71352449554967 487.2486683612766
204.5617540883097 37.86115700183106 496.2096582179149
197.34468374162745 36.51320959472505 489.80440269901504
189.17478812226372 37.568456699796705 491.42370196195844
186.35332551178524 45.21607930668114 500.56058286322093
189.87868649521488 44.93218785471385 494.3553488073323
193.28081404760184 51.682096120715244 499.34448022824927
193.64311511193608 57.122149495906044 491.59652853446016
202.79549120051692 52.10113927661719 489.4064285761778
200.0576973902208 59.933741258603135 496.02357227714435
203.64190966761979 64.25959704001454 486.9542009994184
211.05240099983328 58.40345614435159 494.58200920209316
207.46421961089632 66.87935125847328 491.49108375436776
217.0488613910471 68.91350957711123 493.9846388126476
212.31602607417642 68.28418030064682 493.6716792493895
214.94166080145462 75.96596139462643 484.1755269899563
214.1835091691943 68.10634423469627 488.22100819316427
204.75791945580607 74.63699238413486 489.022563605161
205.25216742764218 75.07969641491135 498.52718481457083
201.36457965104896 70.1702756463632 495.6792553600129
195.15544222053097 69.8614083117473 496.505277254435
188.46274603975678 77.06621025427108 496.4583831459262
197.9810097853112 69.54629188143832 493.21391454400003
189.42248480215721 79.5352957568212 493.7277655500865
198.66722064528813 70.71347233308967 493.84705518404763
206.74113586151702 62.81422119825501 489.20929548943934
200.57328603930299 53.229025239939475 488.8447050987867
202.50884529346376 45.19903983712631 488.0880400567412
209.52068380725908 35.36883497562425 497.52533956830604
199.79477429702865 43.37169005966807 496.9561802212245
190.01272010382573 49.941836582029914 500.13044210134
186.02276778301444 55.6583422737025 501.6439148973816
191.84122442187524 47.39966812246 502.6711142833596
187.66385215701936 49.443653456982716 498.9172280842968
182.48091292536134 42.372240423203394 503.20852370626045
186.11874775208756 33.45422675906666 494.4911765012706
192.8477644281166 33.5799589748253 490.99291793352273
185.23799976036292 39.05461375609004 492.2978153381965
182.2422844257887 46.32168021290298 497.1278830136596
188.73227225129546 55.657099150222905 501.75000062689986
179.29235055537117 61.19267476006645 492.6254089175546
184.66393472045283 58.811887594174074 490.35622172958614
179.4132544920962 60.565957878414494 499.98900053708934
178.45731293901557 53.99463016331956 490.78604836625624
173.74970551858135 45.15479372638708 491.1498347508603
171.49179264008168 41.547420473445456 484.0961735226998
170.50381336259497 48.09121745102242 489.5388906603148
176.70030711327624 43.08237728407224 479.8584926904337
174.58569731195558 42.840046752128195 474.93842245256513
176.73378644221532 34.21710952012427 466.50252103395627
186.23279344013807 32.696642290943984 472.4803399325605
189.85614021337204 41.945983635856834 477.56211936999307
192.03011876692335 32.352861994151425 471.74544730862885
202.0265969190466 25.29629525856853 477.302479372521
200.4641641904753 19.68780830444112 474.0286119770311
202.12232158546328 18.57908415626948 470.5361549436345
200.79345227497188 28.470211090073484 474.9210984838996
200.6787240180251 35.66237672454174 467.7708698631902
198.955540201479 33.52229358967693 477.5254603358814
196.36662351783156 29.183153483764606 468.9693903536339
186.62241638223864 21.390110815149168 462.43836835825897
178.05400137168823 16.296300766384498 454.39035571726305
187.8379675990283 21.698420740431736 460.9873216622599
187.39653316040992 22.52562014542079 452.4559636747533
186.5139914394192 30.92214250753077 445.7854498561208
183.92429661502464 36.63109242078597 452.0011016917234
191.28408260744902 37.559265769725585 459.37198209515986
182.86447684736777 41.0979273970162 452.4595373210291
188.94533463060728 39.918457090169184 455.1298920077367
186.52500309273506 30.978103997104306 450.7001485683584
195.77554969590034 25.216286968468033 449.10651747709414
188.30678973771919 23.336305184114124 449.35639622733373
191.56888199282696 31.639974856479952 456.34363633247904
191.70713082292838 29.24300251755443 456.83555376540255
194.72654387818 28.492710379277682 461.90617635693366
195.1308284823259 33.166861105321914 453.22353149258373
194.40704783520383 24.825855748302807 453.0884195742974
186.38728860578115 30.878276755009708 462.7960250510609
195.6321120972318 27.090047373922992 471.3658573909015
202.1517590826429 31.635278274936333 469.7625357165314
211.23720374350768 41.3136610804043 479.74376285594076
211.2128583647181 39.847250574745296 471.858865363256
215.463033054689 37.75414866562371 472.92898888023285
220.4262886577501 39.29533071721755 475.7247610197515
228.19327562550103 43.225169535123605 482.5327277544837
230.60830416605174 48.86911496354677 491.95216507761256
227.58702645462898 46.77910844403127 487.43243846954516
226.0318152914652 56.56984168224939 484.2988709575454
235.77041172091975 63.08128146490341 485.79073621299557
229.92992702856685 65.77626376158466 478.4651529472654
239.4988544486973 71.0498594362041 485.51540909205676
242.75159357191546 67.65675296901962 478.1934547947438
244.0932456810093 70.83840847808064 476.76353275285106
240.93333535422244 72.76684130123819 480.9718193519267
233.56303809267152 67.91189128826949 472.4921558937101
232.14960276707777 59.300702623940744 478.3746003792224
226.40960089756007 67.85886818115448 485.2028540172594
223.75499541291288 59.45257634470278 485.2586056310896
213.9587810379576 50.36486509450681 493.80176438522403
219.03446396656736 60.24809811548897 490.1089857466408
228.5520513593527 64.43254301609143 487.10046525042475
226.57857519685982 61.225195183328466 495.3810765743342
217.4069765790088 64.34239246139515 501.9269711689791
216.5923842934078 65.98717584077482 510.75714372725616
213.57280448272707 69.40234717241631 511.6149516499878
207.55283803315166 74.29177865087722 502.87444764930416
211.29983057613603 68.03922998307435 497.3823977510445
214.69188563794754 70.1457819510462 490.254384799253
218.56513664590656 60.49176702447584 480.74532030639335
212.45979822870808 59.50867239750225 488.7297861154894
217.91506726102034 67.62614885264841 488.85770179721123
226.43508280570808 77.36850489162862 495.65523545788704
228.96888861510635 76.50818750120582 493.21183234659884
237.7996022063886 82.49655128787538 484.16507453281326
242.36922302076377 82.80948894700003 478.9607410550952
239.30352213161586 82.35370015753635 485.6213985299037
238.76096646980932 81.29154458412278 479.6106286416258
229.7520331041248 88.8462507060906 478.35736309157033
239.2173820017847 96.79787962700641 484.10894251790745
235.97109876428598 94.62739540885228 489.7292429640937
241.1377602887329 86.2573987248046 494.77093266323305
245.57949997420837 76.89877662812088 491.96156236577787
251.75931889279872 69.93154896753224 482.0268123367677
248.46842137568345 79.75140772632172 475.54831415317346
242.9605417136964 87.38965827910809 482.8661767542131
241.94737457790058 94.32776579275644 477.109271188482
239.63986957002987 97.61567849931917 481.7870493026775
247.80806112748155 104.81169595063746 481.99516675048807
252.830293690432 111.30523015907951 480.6035820089828
259.6847129985268 112.25906430657648 486.8785714641476
264.99207597686507 112.47303125431785 484.3224071607635
265.07795806646334 119.606397612716 481.34258776741444
270.09159624580786 111.14156993821659 481.19120202356646
279.1615862834431 113.96317391020708 488.7711888097349
274.66913710310354 108.82035303313941 490.44465415619777
280.85140081213854 105.86090139752727 495.2776905079532
278.6319278404908 111.12967423449831 499.0441069223838
283.67776623204287 113.51428537240649 489.8091699170815
285.5468314523139 106.11630258630012 483.31237136474357
279.1209613595054 105.9004340000352 487.4630290731378
274.3175121848106 107.54525624507625 483.03698815364066
282.702602223989 114.39337499682168 490.53468174363746
284.86894038198045 120.12074833703124 483.4586566065847
276.82248234013514 112.04448763091588 487.67992191500804
273.26311100529614 113.39680873721815 483.3575491430796
265.84368922895874 114.94961903298763 483.88168350169775
256.61014475423804 124.79051611198554 473.95140804437557
262.1356719351478 130.38510535609927 465.50429829734543
263.75224188360846 132.3776884352909 460.98404412126064
262.8351362681843 133.69585090479023 456.57925391213433
268.5268858799938 136.25004070289825 462.1631123597826
265.3341933259325 139.0108940181743 460.409886545782
263.6354613787176 134.02468395535766 459.2976023288744
256.738736479354 129.24672394713565 464.95860956753364
253.13095888108558 126.24228816346691 459.53686302918607
255.26031708654526 117.68582580331294 452.85771810773946
261.66207514448234 124.52252734304068 460.2634574396769
267.5815629948159 122.52580151454488 464.17159126813465
275.4151038494741 130.3934003032845 465.0614499190986
272.1738772386753 128.2663751443584 457.7205918109297
266.3465560150947 136.83190278394022 459.8005249887706
271.2836433380547 142.8225599814129 454.4538792958035
275.4990706284187 133.86458149823184 458.3525031592716
279.8816120678332 138.85145139084005 465.57469085956836
273.4268087315005 147.15045211605565 467.5589762435076
273.820259502219 137.90022609405958 464.8796133633453
278.6108751371289 141.1878921025415 470.43903824469874
279.1482106432082 149.12995277756653 462.2794602387865
279.16719791632175 148.39909451380163 455.8238990030951
275.65716834647156 142.83334916307567 454.9161442263917
282.29667200524904 151.3204827771862 449.5621456161693
278.1541964986522 154.54567084870183 455.74479927359175
269.0995687404321 161.31912302505097 463.65110333273606
276.40435378090547 162.85613621972172 463.1776922653206
266.4048161777942 163.63912236459592 457.54461804443685
261.8164492696877 156.56356873726986 448.24479595859
262.6170846892539 152.87947869690066 439.3436335941818
260.39616377821085 159.39708048385626 439.1890426859289
264.2162426716981 161.82465990205833 437.62465149872065
256.21655259230124 160.79176904142653 446.52624076919204
262.45906955408424 166.62604991371072 456.0327541217834
265.1318143804805 167.55891454966206 450.91743561950653
260.1490911367178 170.43029195857204 450.53636192778754
268.69653547865227 168.34121525019128 448.87777844599805
275.1425551091071 168.15201777428902 440.2325464941277
275.8635548712775 165.16900933689158 441.90220500735126
278.87557887887004 159.88860292771056 438.88468555095227
280.45421406455597 157.26201373832606 445.55921456101964
276.6304577004667 159.63001168970132 449.2251933338719
268.31103321358785 152.3998247136503 458.77328590240484
273.1365831727644 149.9484874584188 462.19009078225844
277.04960398927005 149.9302191482395 465.77255423165604
281.0293772215653 143.66445897718557 462.5781273739861
279.5342000266818 149.2137208415583 454.71444869817134
286.8289561698743 152.90011081079606 449.3132468119892
292.38546470193006 156.4454330726648 453.4961729938102
295.4133832559701 153.98347544057856 459.20915631908775
300.3356236251611 163.3135718583744 466.1905908045994
306.75467534922785 170.1655639586668 466.05847613736756
306.130995871047 179.7543184512454 467.8270612105848
309.4963312537381 188.4857429441734 464.8383942521901
317.89621968440605 192.48938449482756 462.68014194294125
310.8809042401627 194.9116102375903 471.6898633785228
313.8245794912368 196.9364643490517 473.2682322563665
313.20532649062864 204.7768214325156 483.1469109605234
309.39274800866366 201.0920361270397 491.3578354915314
306.0732010999633 194.1919831824529 498.0990301055056
309.61483165385823 204.06697163638418 497.148675525656
314.0496537937111 212.64286658999237 493.6385037878506
322.71510960576506 215.79754985070977 486.67635295806923
318.76859158467994 218.0442562745838 491.1528925543228
310.97403949342623 219.53172461754798 493.02565059950507
320.89258883529885 220.05377073537457 492.8107798562934
330.3509782455903 219.43389268100992 486.9094146707098
329.04902915379864 213.68897794285473 485.94419281795103
321.9396829092325 218.48278509957052 488.28210124606375
329.06891104528 228.47053635936265 483.4779846561332
332.8557981211212 232.4371930763915 481.23127777307684
326.56451443853746 238.7095325521716 490.07660277505175
326.8070461724962 243.34034851829995 497.3465917769422
324.7417855844985 236.23609881106245 493.8387475925553
328.81728899868364 227.2633030271059 496.7052405082318
322.8682365611254 225.78911532342624 500.97294018893865
322.56437813625894 217.9720655731459 505.19611682031785
320.4989566353475 212.42979130183 497.1873373397023
322.4754036597901 207.47803290242373 492.2303649847435
317.60152768272667 202.25317730616217 490.88993307467433
315.7956712889591 203.0379665416856 490.67139947929655
312.0913743986588 207.0367189388437 500.04103946952756
308.7663273060613 201.74390874232205 496.4401965933345
317.8463996767915 205.01352118655106 487.35840444891613
327.59841704974934 209.93846241184607 488.42105601713644
320.19043030059333 213.6328630501247 483.14408908976856
322.0951574837669 218.376061848472 488.50112278492384
330.81672417282607 227.84429095206627 485.62018510636796
322.91333454624066 224.298099782393 476.0731487597226
315.528746963567 228.4074665602688 473.6157704073967
320.5797979998268 237.26985039564198 478.5782361060684
324.277721888326 239.0816069109686 480.527653784496
317.69246996614925 232.73915775831793 483.63960750245525
323.3631075556531 238.62202895727694 481.2600160705851
328.9402223513095 232.67766663404893 483.0041929862835
327.25442559782897 225.65384765517624 484.45871327270356
328.5169509180222 225.71301993587764 482.4657595202554
329.28731654861116 233.70149712482376 483.21984136595074
331.17423534496214 238.09159292925946 483.11274052353394
334.8021122301376 240.23231385017428 486.8483358280012
338.643291765985 241.9526504207115 480.76450876398957
335.734806612212 242.39022758302332 483.2903404831562
345.4729740090394 248.61307204950674 479.0445755793564
335.8720545078589 252.40841250859006 469.528635686453
334.45903703992354 243.80840024785698 471.3748138448246
324.7501056928628 244.96563051844174 470.97350158319745
324.82873601206825 247.07279118906578 469.2270973929513
329.6113129333903 240.45731413941562 465.5290357970846
324.07458424980035 235.33303183717476 468.2161286403747
322.33349078232135 230.38808193723833 461.849724046493
321.7558445572215 223.11164780140695 453.9749252998986
325.7368194003527 213.98927356402524 456.07276560800153
329.39264157510434 218.26493403197372 461.2710250565538
333.45704692302775 211.9319914035904 470.5461021102429
337.8655381990271 207.11612433702854 474.8331537065879
333.70390190687993 212.03078034864657 476.35615576420264
326.3644469515258 206.79481101527296 483.41512170552494
318.5593033182102 206.64676554868169 475.04170105092356
316.5631067510318 208.90556240092943 476.344826135354
321.1481817501428 210.65010214980882 471.57675592437135
329.1948970207636 214.3483013623272 463.93051404225844
319.9607891763093 222.08707467258034 466.7085904195605
314.43376466523364 219.22545658421436 460.6702418707279
318.43567290974136 211.38034551922482 454.9288274879226
322.14666550417496 211.81326325423422 452.265186233061
316.8820093659599 212.80725891613804 451.7131404227503
321.66542294169034 206.1567047256862 445.1568737717481
311.701043670324 205.6695466105859 451.1673871978428
306.76888678031486 200.93091185934634 447.6855968994994
298.7388926751458 193.03537279255247 444.86879665663963
300.5430583931496 192.34765674025127 449.29922140687506
295.593786517951 187.99900632055463 453.97720815808503
288.6930073368868 180.0914905662495 446.0963617077201
290.1694555652711 176.52106388902172 439.9293534212754
288.50488043606975 178.29243532618432 444.8549640958376
293.88531843534815 170.01276539757927 452.0299864497168
283.897503685862 167.66491689659054 450.04264554150427
293.6347410821944 162.31857597003955 448.5810613606758
288.11893916835777 170.56188025525557 448.31071139949444
286.0554937654521 174.26901824781103 438.7740995023993
290.59150440015947 175.0948088783801 432.5321799908258
286.4426518482787 170.5704058511635 433.4425234587256
276.9789052898395 165.6359762119614 437.53280728730215
278.1949165104998 166.82645842229817 437.4174447946189
278.82838838478665 176.3343953502542 427.50001978349076
274.62320238879664 175.51790323158588 434.21400865985845
280.5463270041806 167.03555332673895 428.39402871899193
271.92048221250207 172.46421880503453 425.8972052816539
276.45700380581206 179.21124208293747 431.60528484596625
283.97548093849935 181.54588369066892 441.57765334736143
279.17104179481294 188.79834558743894 432.415964391301
284.4041683817709 195.24491888671182 424.6254217426544
280.28064824748094 202.14938584687104 415.9779976587675
274.1095200013707 209.70667173798046 420.8714295892942
272.02639224983886 215.1227659471734 414.27788284517646
267.3506316321311 216.01837070403658 420.34758952389774
263.3378205717667 208.60000568767634 412.78604649766646
257.5344950619932 208.41404349831532 412.5745549817086
263.69909180334247 209.21027100922797 402.8243449751381
263.9948353840965 217.23058046053745 406.7617330180135
263.9642086448123 211.25403963614104 397.7998857838411
264.1042509870466 207.62339332465365 394.09112146686977
270.52257080935266 211.00995471247296 388.3350020120924
268.5475833516741 219.35947893134977 381.69738779931504
262.0655696607726 213.45857199143907 380.4228694226282
271.9735335855122 207.54129383473992 384.11823586297123
266.6471497865316 197.5862050882853 377.26710354816186
269.9564455872322 195.56388510316856 374.8031768618554
279.2738463020114 195.02502092398197 367.05943624712756
279.9965205048736 203.1763724546803 372.67192526357354
277.4480659750263 213.0656955978945 371.8301030648287
276.69987858640144 207.07604801204945 370.63395026049466
269.63449923508097 206.50069914731898 363.3845093126114
265.8766866353867 215.67143278225132 357.1780597866701
258.87524507388196 212.69693754214543 356.0497660786061
266.47105651793885 211.82580935663995 346.22651022853563
269.9516314336589 210.47546818056784 350.4205581612714
276.94113245338445 207.67242381590037 343.1315251426574
275.84981798560614 214.9547778282378 343.03088966037046
266.58768046616603 217.61009487583323 343.16601444543295
275.53961643153957 216.93025152213804 340.13076271606263
280.75493162322044 215.96438155668906 339.29778211322736
275.59759691056985 208.93296134668128 340.33173472014244
272.1394286475921 203.34254687255145 333.75113519855097
267.08919183044117 198.12844932411335 336.40457260556656
270.61139471049245 200.31789503202108 338.0917547209815
265.00888930195043 201.938760360059 331.526619847151
258.64525017968896 192.91594767389185 325.49195962299785
259.8872420289192 199.4395422344737 318.2305204814748
252.06013348332596 203.75786496384646 309.09019825123914
245.12248202105468 210.00273679446823 311.0220386456855
245.00785614370278 214.70980709422824 319.72134741502765
240.843934101525 214.46346127111522 318.56213059808795
238.80702745797507 208.85365203708113 322.7950941638783
236.34843578353878 210.1203653707951 320.4549817971981
235.18059652277503 214.2802858506801 315.8054846112098
244.44903809118557 214.1097471666657 310.937057671039
250.17688674485987 223.412052106462 303.4647560821488
251.93661006586737 224.0893438494449 308.5908927419394
252.29305881646226 218.31503912684073 313.79986544063115
245.37747606395527 209.96718013365222 313.55359951263
237.41637158241008 213.14391532622997 321.96242771587805
242.70269613872884 221.68497214477466 312.6864121975099
236.0039181391993 229.54660812946062 310.0423781451711
237.83654737861698 222.40382947982863 318.4990542036768
237.23250278656138 223.68483413991956 311.20659016208845
244.88502729438665 215.0637566909996 320.7623967844759
244.8181003771275 221.11863241038478 325.4871846502899
240.4012126430582 219.55838535330915 322.96441526861923
242.67335887638205 212.51986001720311 330.8343973806946
247.7228403837269 210.0383403280473 335.4671051774531
250.63939112934452 205.00711344715262 344.8516512614884
252.93202460000708 198.89983189720826 338.8781151625695
261.4345845807754 189.85258568549617 339.63648152267893
255.66088301368507 192.0030859248418 345.19143405940133
250.24047341344126 192.14776447835533 340.92558300385235
243.27258339672855 194.10781054001188 333.6850157240391
246.25708836231433 196.8276438938473 324.5673731298026
243.18911182620053 200.13379447118868 319.49035927852447
248.62631180612863 201.2687096618603 325.8521599130824
245.03207353893504 206.00831380449958 316.5423686842258
236.70824885602207 208.77855649480856 318.8967401427475
228.36347017411225 204.40472805440137 310.966017301687
229.42972637800548 196.66528525263124 308.64120708652626
235.0603268261589 187.99567931584048 310.0286813414981
244.03911306842707 193.42427505489974 304.0464876481272
234.4609508875421 188.26602127108097 309.4865792791711
237.58624854917036 181.8512894273431 309.6644500724965
229.6746761077519 183.14616257592988 308.80871235143934
223.95562162726551 190.92181624309882 304.4332845582892
219.63495258936186 189.30249427862256 298.0544891067604
219.82763087221127 196.65979498488386 307.7048623262991
211.976085654924 195.20999447502174 303.4206884370801
212.12518386439004 198.08437995366248 300.8430381006849
218.18689705952087 189.0786132338665 297.211779773156
225.91474201335535 181.30573417036584 306.044702556855
233.7066562565483 187.74745668861883 300.5917986273031
229.07940073711382 193.07103148905966 293.31373479187823
227.1481943793264 199.09356479301258 296.0300557930764
222.80238157629628 198.17756189473639 294.7627750174023
220.78393655283082 198.46434995879403 285.10900227247805
211.778624810902 208.3136073796383 293.5005564014481
206.60623547722597 214.7394148491305 290.6272387699083
210.4476591583163 220.55546316111207 294.15326058443446
210.61898928390497 217.80728565715185 285.0468084320731
201.66449003747263 209.42639140339892 283.7006063213654
209.71521464177727 209.77687176500604 289.9861697164792
212.35451029985308 207.3915240446228 298.453932714347
206.0776438903338 199.28834434802695 305.2290976941004
214.75878896807248 195.34494720860306 302.8485110957639
218.94881298379156 203.57071599902142 301.45883035336516
210.27821605848538 204.82799153450944 299.91426109263136
212.32955967900557 211.54369751395313 291.3191830952006
210.44470939544243 202.73897754014882 294.5451890207969
212.5713832839549 198.131795038814 293.0169763246293
217.0600802887315 201.61616931617166 283.32564880333786
217.62312177424297 193.1030322210644 290.71308244684855
216.39806931391783 195.933157033474 287.11573845554915
216.19932918583558 186.2189112992374 292.8481943778638
212.01742151045485 193.86036359761465 297.65434252840106
202.52802423641492 203.85374014188662 292.25823975427835
199.96471776248927 195.8861454671604 289.88001806379526
191.52757862479427 187.10904350837853 293.70862146736107
195.08331694662155 196.09182812034402 295.03863991947446
195.09553224525854 203.02541954526885 297.11320761064115
203.71941845317593 211.13434030712438 303.40867503141783
207.5444991527518 203.39396297331484 295.9533079102066
201.86524320447052 203.99212971981152 287.1583418451598
192.31349607317628 196.66633105732134 296.1981831972578
188.1439008231115 198.05599958015807 289.02902673253806
191.30601333292924 198.30771547773122 280.40739798923596
191.61504781913428 202.1656144120802 271.97357954349457
196.05439938411723 202.71422558931664 280.3917937262625
202.18985088582096 209.55140280487362 284.1473160605988
202.92927221673733 201.0662927587638 279.0574672973962
206.9140111045135 205.3905015265598 279.49711929222275
198.45322073316265 215.32827399217078 280.2674552855475
199.3777440081389 214.90838160027164 285.238411205257
203.63150643492236 223.0900161909683 283.6524283781673
203.99683488945885 222.6268689763986 275.46882893615253
208.36442356339117 227.33102421638287 276.8210537643221
200.06868481217725 223.41022844825363 270.85665719407865
193.13822647703535 215.2735279700239 274.63924811617136
183.51397007834856 222.63770893310655 276.7541942830803
177.42708474685864 226.34070072527965 275.61792595898214
175.03067740333836 227.93988249108216 279.07293658607585
177.96957896848252 226.76676164675533 276.7385158221087
169.80335447773618 230.13954019113046 283.511027621895
177.07346280151597 237.46421032250538 279.58048051736716
169.48694418961313 236.03345642443185 274.3287083539788
168.4423549709514 238.98987357836032 278.32131775875314
172.88227785244672 243.80445418331922 286.4437643844234
179.5581141117797 235.4232834048098 279.3943435559481
175.85000780005208 238.77029673231527 289.3625706146461
169.1549195254906 230.939425736515 281.575481494747
177.630106509914 231.45111097104498 291.16580373935386
184.4042632957407 222.65767171500852 281.24484065720503
180.65558510928275 230.00964443872277 281.7822478699092
190.25386521356802 225.45414150709098 291.6523908873752
188.66512197275856 231.35387657564522 283.95980675950136
195.9058307767593 226.8315643632029 281.37005968473323
197.90191586845893 228.03490995911395 273.1602571404188
200.4868834541118 224.3155446905447 264.66513138673866
192.41779844494798 233.79609603723867 270.8840718718846
191.47948499509246 239.9226116840739 271.84954718550637
186.9449860514915 241.88843182575445 278.5223441726657
195.1568620854832 237.5140906055405 272.3223443768026
194.71150404156504 244.5121359516878 278.20021135666866
184.9209324600196 251.69615111468642 273.17800522865167
193.41617266529536 243.5899940927718 273.59313791812696
201.58802290534032 237.0822317257996 271.8320692988517
208.11506981339153 244.5107377739608 280.9080704658539
205.00153988678176 243.98022067620906 282.2877355677258
203.63043040826415 245.45518493699765 273.58789893932226
212.57666495664697 249.5660810139818 273.65174988651574
219.65172247665583 254.11690147136107 266.74589755213174
213.59235898982757 256.9469427650318 269.0333319225372
220.11657265174577 247.82202532672903 266.6032234986171
221.4617507626279 238.38059131640327 259.6882584199274
214.81915780595895 240.54140502710808 268.8820273426004
221.793183682524 244.8822760880201 264.79869717671994
230.98730308819765 244.87926357543932 272.8311425441726
227.17217513484007 246.73769841797107 278.5709641289233
228.2917312191756 240.20545203693885 271.3289646997714
223.42963855377968 241.51205341254305 263.09664813914173
227.93953549246498 232.0223620734499 270.76013944859795
228.95768478022524 237.7914740977508 268.45285579899854
224.6058093446785 235.96361285763223 263.0986923471635
231.42291510342105 227.64215802736527 265.1595092664703
239.4549181055775 234.19694037436835 262.6325897408018
241.46285856330212 234.9827233185026 252.94126399358186
235.05476190955062 227.3512817006882 260.75421246716365
237.43525853384787 235.62467849589157 264.0234777855941
237.1273006417051 243.87643910938039 263.61806279620413
230.3634966722493 251.5718600875453 261.6100264961048
232.0891704130904 244.6837863325228 269.018255107054
227.6733342257208 251.46650607063359 277.9489030660028
222.99315671180418 258.4452976437386 270.93033776737906
229.3017578283983 258.03750878632667 277.6152574921168
237.87042712175818 260.3062204177386 279.88473934848497
239.51571859578542 263.0469786007377 283.9434294601358
239.23006558514868 259.0715286327101 277.7944471749798
235.34475493655532 257.8912980878127 274.0049419205994
234.50687863350527 248.16021425814077 275.8365679907554
233.06084278998108 239.82511100810115 266.58582428069326
228.47934818234864 239.19072083230796 269.6084870458816
232.09161265118286 247.6022348381046 274.5939936160859
235.73454647699467 250.39885040055924 268.6044839572056
240.37148740594867 240.43918206043585 272.8515887438196
240.776263978666 240.526561212094 278.5514801965725
245.0748788961913 243.36621376728317 272.6552982874826
246.5571733030752 240.07427875695518 263.78981289546067
241.19777907523203 233.70655574126772 259.9285051238049
233.26722122663398 228.37457982465017 265.60355943258395
223.52277093687604 232.45644024805003 259.67013026439287
214.97913100951763 235.52439488360164 261.1237285217248
214.91042747852754 245.1980715937449 254.22161274884778
211.3685786014517 241.34271585136068 259.58304642590235
211.9541981731139 233.60522221413953 269.2297847488386
213.18951343509823 228.2618552305958 266.9348402562088
216.39271583406543 221.38729662588275 260.95101722416126
211.65066486264442 224.2085950890879 265.975349514141
218.35897073510094 230.71523457772062 264.7818062677413
218.19424137755703 230.04113355272847 262.24515072992284
208.5286999510024 221.0034280621654 264.52922698677173
205.40983192849308 214.64191672701045 260.4928266904301
208.88700887758648 219.45095442520525 251.64495155634657
210.3942788467171 218.5736520869426 250.3750180177943
210.30398026216926 214.5770966940059 240.98344019225883
203.24817398495236 211.44693206563485 231.79419671263275
207.06886849922265 208.3199033930107 227.1434920174909
198.8064416141879 214.158569516181 223.53100624119253
195.6581153917177 208.664042006574 221.06872344619174
200.33902021568338 209.31194458414322 215.56560384947446
194.34972732142106 202.1907030507401 215.23248335155645
186.6725350179303 211.04250517378523 214.06296355431505
194.01168879843465 212.08729033723685 216.39789635419524
200.17290760733175 206.25960917840592 219.59238853999676
200.37737999654055 209.77902017514157 219.31343022053755
192.30378063338648 199.83740780326926 212.38963905123447
193.9446752718914 205.6615767266955 208.02648459623285
189.04592687852957 197.28165881264277 214.17153325602308
187.7186956839486 187.63069202295893 223.38485370403964
182.4858062100786 196.9323044623473 216.70601429950648
181.8607186718805 205.98207042070476 223.10384129131359
187.71670631644452 204.84436331269308 230.44008897705777
196.94744071753306 205.6647249152524 228.96078431073678
203.41007331470414 206.12602543914628 235.10017190595522
204.5086767869537 200.62546741714337 241.42300757297315
211.1076272323273 198.36678044214602 243.16800282955725
213.4173758723005 190.05480058469368 234.04885821231167
218.44168192534568 185.67281663782146 228.25834276562753
209.64165956214882 194.2463562892463 228.007799225901
209.06349016803856 199.2596514616854 223.3604155418229
201.99634134337163 189.55707152153167 217.16641001488205
202.49401389378676 183.93425534393478 210.89981951864948
206.40835600520222 177.83939225266502 207.52471024472135
201.4741132209008 187.46253036544482 200.73276017079428
211.38437074459887 183.19079338457718 199.04403990831702
219.92578950485262 182.271486600763 204.7133516525609
220.814161658342 173.51602722448013 209.85739471419586
220.04209929824384 165.28481075243172 208.3104801525889
212.54528071253546 156.2315685200812 211.12380511801987
211.8776851119567 162.94212550326003 202.63320767817137
221.26747458387257 153.823253917668 200.3799276198771
215.28084072129138 145.71769418730008 194.8000838827614
214.23232213492918 142.39490573960734 185.2787351850305
216.42310686674844 145.95572127219987 191.32388566481492
218.22783421298251 150.2786694822156 199.90889929413166
209.4682472656025 157.23131441731474 207.30389640495272
216.58024460738164 165.67740414687154 201.92130463820106
221.1871797025617 170.99220275548174 198.84710297303366
221.5101166029712 177.1454201857675 197.95142497458943
215.46621528845523 180.740671256473 189.0676199952826
214.22264767233676 174.84691375568065 197.17335959681398
206.98418651572342 177.83671373033633 194.47515279611397
208.5481744568782 177.07160995204322 200.53672094524535
204.06162380963357 174.63745601464873 203.96686135515037
213.99451811478582 168.69715398546296 207.17994800236607
216.36722366708432 170.14562614713105 214.65627172408983
214.20525792994437 163.0828980099201 212.98455513144688
210.88932521764997 158.86723219257564 217.29823104114442
200.93642901821516 157.77545235865554 218.2940057548556
209.52993595381415 148.95752083289335 221.39640751569758
207.77062037415666 149.0259195197906 221.6991122511884
210.4856220420497 154.4773424979124 225.90246589152056
209.91864684313347 148.43052798660017 217.70481696476347
216.40827508337526 142.80996451397135 223.87963373518068
220.30030242366624 144.315933322013 216.1431145169495
215.78920892871633 141.9381859361972 216.6647163573478
220.63639598119806 142.8154244577622 220.93668979321478
218.20520707590862 140.49496669251891 229.84652227114447
216.9042556968591 131.0842267068627 229.15049063266517
214.4100860202144 123.04095404357042 232.87330829477838
207.93809289265295 114.89752791299964 242.20978798748465
209.17235546188815 114.94589686832872 238.0337541150214
214.12735148838618 112.48009764875223 228.87454804833214
210.50871673300773 120.7021511659366 237.27497212444064
208.59243419351384 114.83616008227216 247.15947589696785
212.17099659684024 109.83966555601906 254.693000291505
217.6755473805677 117.66475997973589 259.4384121259262
221.34010251759946 116.13694379199849 261.91065989936277
218.3629923139957 106.86558676826746 270.9806299727087
215.68276178063897 110.19967632948558 273.66475071707686
217.0892835622652 105.35106477256888 264.9186733860094
223.12021176197726 111.89441800070895 269.83101265376484
219.84732384584484 119.58151117807483 267.59225151990216
212.66769415660573 128.58174701670757 272.27831437818094
205.52754871288874 122.05121275930905 276.6405676549064
196.66996344702784 119.20504326177971 267.0428966614995
193.22102712903728 127.39776854633404 266.4408755403992
183.96222064967952 122.52461009590893 259.681025154058
181.7086741330883 116.2171716348312 257.797198009872
175.25849466456125 111.33700946024813 250.09807166839286
172.0815668184776 103.8083565622537 250.9142765660438
178.14572140681713 103.49031938726098 241.7967305912599
181.47856393142618 104.08342913169173 234.65550080167435
175.10434744111535 104.863404654302 232.16977556954458
183.06695040006355 107.32684709346539 239.44682910213317
189.21669317052428 107.0623193695167 239.9997258100922
183.5703207331227 97.65989465585966 244.28524054876283
175.2800940635646 101.56928050337042 239.4331807654845
170.14553228288904 107.5882612010222 246.90301605634374
163.9711570978138 100.79907850585244 245.50978354330906
161.38822937024065 107.47064399598591 243.91582791489043
166.3060578867376 113.5478748156411 239.25443707949103
165.2775554184973 117.98292695441256 238.7547046115319
162.69140965475137 125.95003856051576 230.10414230671677
156.32495970057835 119.32614518409144 234.33646291137026
165.01634196577513 121.22475721273601 236.31605613694367
167.78176527846975 118.971672267552 234.3546603378718
177.70986815752178 127.75817832497238 224.71391575615846
177.76679086100987 125.72809372369355 219.64456677196998
170.6581000934876 131.40802335401293 223.61596527128927
171.9694125296093 126.17257254405122 224.23990603710396
178.11318477329525 132.22438788730054 233.83932633558652
174.42495419364053 137.3463562323978 243.47050964651092
169.75798752832995 138.61489536588576 242.35580513529538
166.91283196156894 133.11394000066497 239.55737792314673
166.54523681597007 127.5692810006416 249.35674499088066
174.30580610715006 129.74972876085883 249.39389044720787
181.23797758415031 131.49604053460993 257.6668113254393
180.71225337869672 140.69152082831278 257.0360719029836
187.4479852069278 141.4765119344555 255.74975105359692
193.2736318669467 139.1984289240446 248.31491401122688
197.21724641244015 137.32835659957166 251.08900422803328
201.6922980447246 145.98511781811135 242.97053910762412
192.76038588541687 155.75507980363872 236.7968750151355
183.71491601694544 159.3049053389278 238.09007965916786
174.3498679479736 152.44803070071399 229.06637037352485
167.72418876125434 157.18461906139896 226.8752449342368
167.18315931065965 149.55693432082217 222.29360238961755
175.4820134620368 152.50360890974005 218.7711619940409
172.34658300246605 157.83973113447306 213.77564705228738
180.80903340195934 152.20877123846128 221.51988363376796
183.0871549874561 157.92995246390572 226.56846123967483
176.52794466832623 165.46969081401087 236.5068791132888
180.75900845973646 165.42950981846496 235.62823838003305
170.83683402999145 169.91262236487862 227.54625677694685
166.92643091061197 166.3915473902559 236.1182364405429
160.43747098511358 172.03554402077793 237.4191458840939
150.6202087410198 168.94327481727757 246.12084723852797
148.00360420056137 167.62793454340027 240.06052150216647
139.87796953905115 177.5267143779357 230.83343939092737
139.87713986240323 177.50635454008332 233.41620283226308
134.45819455010127 180.85468759733507 234.66153225186525
142.12870587191145 175.99762366598048 230.04032403945578
150.66147642122291 172.4354301080541 236.75118472964087
151.8007307721953 174.8386544260033 244.3667864845024
158.8658398627403 165.9541800883897 254.3370221558004
150.4881783877006 157.0173347731037 257.9248650747313
154.46427327270536 161.84622066729966 256.3714850720597
152.3425736495116 165.82695624627686 264.1760704144003
144.0038302689688 175.36004839042752 262.2264619524712
145.3923734963281 178.03932447919397 265.88646180782496
143.47095200507397 174.1012602652399 259.71304955268437
143.30067367664196 183.91785876181206 255.86195477121737
147.19857603236485 189.8789355126553 251.58413471993978
155.49012426970688 180.83248556401168 241.850105258602
152.6692262295436 187.38799401013753 233.6571821894419
155.85009400840454 190.1329185169714 223.98558153602778
151.22291697165187 198.84662113792683 224.59556041193588
143.80701172065844 199.05672441029927 222.04016325828985
147.5606554673034 203.54003636589368 213.42695860416472
152.99335292749146 196.24375035533694 208.98628942656165
154.4605210623262 194.57856847869127 208.1036897985349
159.88331952395527 203.7094664242071 198.90791411207104
154.24789114300722 195.1048837913193 202.34118197757158
151.89529174495456 190.48975804341535 200.6653332286833
155.98666656621012 181.32364978237567 200.59832310922428
161.8465139620771 176.0489641907264 204.4883828164877
159.42930862583654 179.66211540081375 194.73939368072067
157.18870311235455 188.60344525371715 196.05974533398813
161.9033121007625 196.6076329880207 194.81162779355586
156.10788259001748 193.48991587249617 185.23182527556577
149.13482088234417 186.82497105577832 193.17725116217508
141.5350681138835 178.3073087088705 194.73949082279978
143.98141279243185 176.7028126302653 186.17105651306588
148.54471553320488 181.76276228583595 187.7277076890053
149.7705323915861 186.5929509439373 183.04367136792013
140.41547886649093 183.8627053789879 173.10057552062617
131.8903170528717 177.7331674683725 164.65409952894606
133.55133078836647 182.8205481293197 173.25965756399071
134.1084798774835 180.95197488599047 168.89899300683365
135.4096247122838 190.88462258984902 167.23407339201503
138.53930743875534 192.03073555077572 176.36689124171824
133.44390383485523 187.1094528142469 174.3842312921979
125.17994714009987 188.88211763391607 179.15147089222185
127.91069541506471 197.31147733788666 177.18682758229036
137.86009853278773 206.14204252547492 183.97569204417385
135.3526389475639 208.20510483155076 178.16021582153633
125.78694564472245 199.19978887777364 169.4184598624219
135.6558196831937 200.7313113085172 163.6575389338278
130.25307686444884 206.48099393786865 172.0199473954027
123.17812275702451 206.87424254244885 172.54775417844627
132.7274015374395 205.13116227911001 173.200790230794
135.81142445743168 201.85453965644817 168.39766707437695
128.14631104292855 207.41087342291524 173.82769528649698
127.8430106981112 197.55548960354415 177.7692451227561
122.11824890090952 193.20042873833034 175.3927712865672
131.07379326130877 185.50886054456726 184.56959994946465
136.72306548403338 179.0041339689457 183.6575538486718
127.26043637106469 172.5202005717017 186.22441276375628
117.9811461159801 181.9664649811522 176.8798539665122
126.7958130503766 177.65331622276278 173.87282672173316
118.6249677151814 185.9826138394434 168.6931687782944
110.83263863938748 181.7630498640945 177.62968504421912
102.37436549014049 177.35909902258123 185.88200801100484
108.55537224122591 183.9572386706187 194.91366801951102
103.74991602833676 193.42887092654038 195.75165173603426
98.65891738602151 194.45432253712647 198.74136309492584
96.82613559762854 201.58752762620708 208.62847791059284
87.83733662004617 210.73157363464435 211.55177884353574
83.55425435314945 217.1779591576314 201.97223844982653
75.44847698881539 208.55246861863736 205.30827103816867
82.23498782393827 211.17585167371797 196.91934864445088
76.307258203012 208.85378083065632 193.67918788416773
67.20709794254688 216.32779177472432 187.6474845560888
67.46085497509739 207.87388325533803 184.7767779917021
76.72235440271449 198.2702430684723 180.0147199256027
72.64510339076185 193.9585645152644 189.7594606002208
65.59886499743928 199.160730818322 197.71834993203296
65.15608072293772 191.66512420245886 204.17440562818126
61.36084853641852 201.2648320203363 197.27189416446546
64.10067677582978 192.29119487799153 192.56036790111136
71.41324034874783 189.26834350058866 201.1022246453792
63.11962804301307 191.12619217836223 205.80506743176852
57.654431606128526 193.55189890462333 200.77674100504066
49.894075955863954 186.72375439871405 201.365431238286
47.230362373003004 189.70332359765695 196.32787493943584
41.14773909173139 196.09951012165882 199.5235203667185
38.89795761839757 200.53925930878438 202.1600897207291
35.13458434148501 206.05724388871425 196.75676863910678
25.80668031025801 198.872309494331 199.31586308499774
18.04159282896664 194.71410286055277 200.94281171504156
8.249750667601072 201.62637875118358 202.3503359596292
0.6132777100943994 210.7724976525451 200.4473110351309
1.6940565908364298 211.8921897921629 209.7805026705532
1.983803557343979 210.89151759143195 201.30429576977465
-5.720583500630199 217.87783423250153 204.74029532449728
0.4181323919577613 213.03935265430735 202.33793852954955
4.920423406173466 218.4666848418775 205.75001022045578
6.581151297690117 222.48491241393253 199.18763869616507
10.992522578907696 227.26124476693184 207.46327857717907
4.549267983447612 227.86418421561265 200.85458556618485
0.5146137434746416 220.53139808883714 194.48312610034196
9.315828079024463 217.80175679274805 186.58599796595877
13.240763411653656 216.7422685910819 187.45865943676677
9.867434632316169 213.908675789084 186.63786524779619
10.786052399473894 212.02275833221088 192.93835611530386
9.921595762969876 221.37790569305486 191.38238781119966
7.6761136985672405 217.73508357473762 185.8784534726704
3.821929431519667 215.6108574226838 186.43344520381186
9.417828398178832 222.62103065792834 194.83899636192754
15.757204352662654 219.4573906237409 192.09982967627397
21.280069820912665 222.5161240866538 201.39259237685917
28.338749526180216 221.91797858840067 203.3254637717064
19.041332935442213 226.15817220872756 197.8526993244465
20.402603262310773 223.36180795932657 204.22796612360062
23.109089706345856 232.74939694114602 207.96692466084568
19.413521790307332 232.42183559308216 204.8499929115752
24.237026403837 239.2004327766118 202.59725639003454
20.15589524901697 246.6110854874408 210.98356333644412
22.134599406413436 251.66958491660483 208.71710761174472
14.146251973234385 243.81129179068716 209.4787980793317
13.805880293757495 251.50474847795937 204.92298497170628
20.970968244159558 242.7613544311218 204.69351096371463
11.276510687027205 242.7266732141441 198.06512898369778
20.518996205303573 248.4994426359194 199.7068693146294
18.557981841680217 253.55824084521328 190.86915722181465
21.658653423936165 260.28957854441126 197.04457652495026
29.541316558425237 258.6401935604908 194.30946017675802
29.247727113393324 254.98908790463528 195.69709179449953
35.148373182186106 257.2256115275179 188.73212232265482
35.75649357287753 261.7697863630497 184.11980702220015
44.508348920813035 256.1475266060843 192.45190557305673
45.17259627211204 246.73986056052613 192.08307926108657
52.60752939300622 240.00264329400682 194.59259197191804
47.69415551942296 246.1822448673254 202.1495823295357
48.45405419509281 254.1634134287188 203.248647940284
56.09600689654249 261.80444664267804 205.8720654610072
46.23279657326488 257.87047441925415 206.0119373672735
50.23086081550423 258.19025222319374 209.40214109965743
50.0524505982227 258.11279597993956 199.9578317385662
52.53177827344336 262.25952227031195 198.09656182589444
52.11425668607396 262.0680141155063 193.32625593797144
58.61922733674818 253.94094794333705 194.37880625749773
51.30093161850683 248.58658618372428 201.19755085524494
42.153928580999015 248.43493634717527 194.08098374714757
38.0048618777599 249.16641013135597 195.28722918366765
28.737853750600124 254.63189990802744 197.92143807462742
25.94264378983947 251.95426831218577 194.1005559314608
17.634021681858574 246.0171098198991 191.654508282313
15.812715874612417 248.40025500116235 196.76927057039495
15.66712973231828 252.4674495194081 201.59683537079746
19.597132352945135 252.51553340828193 211.39139460585227
12.655769009917417 252.33425139048444 203.5371314140146
12.934872034927421 256.50116956695456 195.90785681550614
21.285147787307835 256.87949842219496 190.13626151413416
19.471644664527506 263.8174865049633 189.86224842492138
16.240996626376063 260.1671417994134 180.38835721654928
25.72506628901254 263.6893365931907 187.77579385457037
18.756057288874935 272.259046899484 187.11943113699488
22.073972672733294 271.62138441294263 186.93052976831189
19.54441406140185 266.78735835319316 185.78807739158273
27.21519673892999 264.29013411007304 187.7928376816667
18.045414880964433 263.79538326723633 193.13242725246468
15.638674245172773 270.9176918310081 190.9630091860019
16.83621206151372 268.79619984047275 199.44463099319663
20.89843654794832 275.566221085686 208.50678984259693
29.781262912927843 277.34856986960546 204.4744133585481
37.05090496599712 279.62765223653594 211.9280007887851
40.84752657509758 274.8575610560364 208.3413102040234
42.25711686778083 278.54385336198527 205.93176185350842
32.39543954866255 280.6739918655993 203.73974883438592
37.552800546538954 284.9841397429971 201.65964532806797
28.931956312965113 286.39163427600766 193.3102262283104
33.48283578847166 283.62940270724744 197.7833222611358
27.058127760921767 281.60296969966197 194.7889685678604
30.068726429108835 276.1545864036279 188.48191946482638
36.226972485062845 274.70556295709275 196.6993915732845
30.26379173721162 276.64018863413486 195.09524790492617
24.928424593773734 274.34162394458883 198.05387101669234
30.49463177796276 275.0052489175167 188.41109628784966
28.812974750703816 281.3344487739179 195.04918031341757
22.816689417205353 286.78997445045695 197.20511313856804
13.710406284514388 276.85052556275417 188.3876184238377
14.711489649620285 269.09372483937057 197.5392443842677
24.51284572326297 268.74379224998705 196.7299999608302
25.784423586333556 264.69307932296306 190.9184299664119
20.661919429721166 258.0181464529616 182.398242574177
28.930134960475595 254.43724351309783 187.27737661016985
36.22903872501312 257.573946153815 195.2251798236978
34.804082074591825 253.50620495603218 204.19929746631692
40
199.56138581693176 239.06995576373146 280.41220770750976
207.52072325064003 238.4112684335692 281.0299681637632
204.34376871331656 240.73147748356988 266.1307925534512
213.9349076490371 244.3290720768149 271.3754698064103
219.0247599464588 265.2741773967548 278.6524062923818
210.3088734562309 254.76480702884066 273.76688254909106
218.4946936186669 246.9948703316055 257.6401098624047
216.94163533789214 241.1780039361916 259.2488959947211
215.23801038356217 252.52630903052548 269.112225467679
237.79082438731277 252.24163548293 268.0861869578989
236.12667569408652 252.14091951175178 286.7300237216631
226.18353797827874 238.966326333832 264.6239886061977
221.8871816452094 241.40511033208287 269.2548793446548
224.7973132381058 238.49443446389944 276.66594205019106
230.8327130481278 241.00379339459104 259.8224097026606
221.8041121981742 238.3239463061846 256.1688980739731
233.35282398044916 218.47202753925907 261.97143971598973
241.8804638151769 241.41830455867074 260.7416880222038
232.59803011829243 239.8404774709232 262.361573774237
242.63979425836567 222.69807136851315 262.3616939625001
241.40587811846063 226.06900604023934 256.1172363292971
228.36368175572338 248.3489964802323 258.22072566233066
224.1222321805932 252.35826370481163 265.6032925089401
226.55104296131918 243.54973301358447 259.6464543880207
231.3299813841281 250.0603643171032 279.7101792801181
225.81876882177474 254.40674229539624 264.83462372058426
235.0724251962996 249.61306285424465 271.2585204590621
246.30180515391206 252.88593911299103 280.38465283972477
239.4641152070524 262.04941895422905 292.14123545385075
242.80892255685717 253.21359440456771 269.5352969425233
241.18652899280136 262.3428282919381 271.39022751357464
243.8036764485822 240.10923731805053 272.44416119179976
228.90232746467728 246.1722482201569 262.25016895854776
229.6669586346769 230.2144955900386 276.62771502972987
228.03738818281795 247.52873984692766 265.3668546471859
232.09184489936607 257.0344601768677 272.79725430655793
239.94396233140793 237.42724275962271 275.498251728524
246.8001775416731 245.8111488292728 283.5955095905504
244.422799357916 237.07281070785626 273.5314978125513
253.01020601530524 236.67694054528832 265.54745851154235
