1000
450.071740850497 138.79539398448807 440.101605440036
459.91243644448355 136.85856550521632 445.3349553100831
469.79096805546226 136.93238871065333 441.15742603285867
478.5022303172598 135.36518251297832 432.8993796988144
477.7218244368144 144.64343348424046 434.9152880134358
473.7675885664151 139.55275430792508 431.30418341551206
475.8676821508759 131.8929824527023 437.2771784065438
485.14127382661974 122.98579646636914 428.4205038702868
485.03794121100276 130.31554597540978 425.4389205976112
476.90169386929614 136.5756533998166 420.3548185180639
469.3353293214855 127.45654149243803 415.3289595308369
476.12674760531644 124.5154696469845 408.72925992493913
469.38840445243284 114.68371812477362 399.091125551568
461.9055993603479 109.49685485750109 398.9010230195207
464.30386103527064 100.91289161782619 393.39742101863783
459.7677944339872 104.27196309577029 392.0945030204017
458.1942030545516 105.57895148594145 393.13720150033674
463.42328747197223 97.31774447578982 393.86947962242533
459.88693559295734 99.38877773100636 393.7782702934911
463.78098142504547 89.5608968651442 395.1987715684804
464.96788280853735 98.20328868917008 397.01122295464313
461.74803371616133 97.69360265385214 388.10991520812877
458.7234706927814 91.6677561079385 390.1404319980633
454.608900122335 88.48346423260423 395.1509839542884
452.65018456658345 79.28317491865026 388.32543856939475
456.15857030977327 73.42834283494479 381.25467158041675
453.0175503078123 69.04584297616472 387.32629389034867
446.44407619624525 71.60423565025842 385.1592575302277
443.42289044272366 80.7456835765476 375.34481222917
452.8937170402295 84.78609377912738 368.1927153962033
450.2634887528818 78.82981506913146 376.7215635950874
459.63047219761734 76.51470454244709 378.9699254140311
462.68344977209506 71.94008691846966 374.5418574427581
454.20624385202353 67.6016174144965 373.34457012758577
454.53395440767815 71.62670376055638 364.0871552997372
457.69015473800226 75.35610212813248 366.00149662487377
459.25209096539623 81.14816227481278 367.9025192786714
467.93405266744975 79.44448149043862 365.0727951418805
475.74035503662606 77.03588159354598 368.79993597252604
477.69505012380324 70.87338470323054 374.79443117475955
468.7497590926465 61.508512056807774 383.4118878307456
476.0859450832442 69.86758465006658 387.4164825661529
476.0586808743157 71.78392497296036 394.616287743146
474.28445126867535 80.83945802165738 402.3701241927068
481.7395469224948 76.78527996848652 395.50490206357665
484.9092622604084 86.19208415498454 401.6028526239316
486.9212839846477 77.0302166181211 394.0498041775003
494.7114408902817 75.25333536394639 392.57286750837994
485.99754826649155 74.39952005961854 388.738925095238
483.8736234920917 77.61754471632788 398.4593230694539
475.01994133124316 79.21768400203408 408.0913928344464
484.6447756196905 82.97125233392661 401.26895354114873
484.43357265171045 82.31779249429317 398.88257345060293
493.26474514570117 85.32191022221565 399.3272235704097
500.9417094709566 87.85468271935665 400.29210652025824
492.0331412807804 94.21612382494125 400.77379027421136
487.0259303435197 90.45188858932138 399.0415504456729
479.44532557591725 90.78646162647038 394.84048568278956
471.4645671473381 99.34309260183386 386.279949427949
469.7620044736871 103.74209725151431 380.02943874777264
461.5083855867465 111.14916815645314 379.13456550654354
460.25530784713334 110.51313942688948 383.032782039472
458.64179937036414 118.10525066452497 391.9642407282743
455.3854343606879 121.79456122114142 390.1013205228523
457.30269377119595 121.43847286770774 399.1072751614683
451.18124921066175 116.87568781108985 390.3276426458506
460.95524698682647 119.66765085630281 390.84216369087375
468.43709917455294 123.64680229212375 391.0790626723958
463.27625353621397 119.71440361300098 397.12167682674004
464.77287999944974 123.21285072309307 406.6813516345323
474.6321326080057 126.46283354091796 400.7099575853146
478.7278669882901 130.28201720782027 406.8373373360643
472.3004728222782 125.70746444015913 406.7352797776413
467.32396410566895 117.61394308565137 402.29862196292595
471.7111864591979 116.21007729413172 397.8065472512474
473.5723103404372 125.16985973366111 406.45595917920815
476.397895775578 115.29495909839652 409.60867118982475
479.29034140483867 114.68135402020002 405.73886986288363
480.9658779649426 120.67623485211564 408.7553192516139
481.1129668400192 117.23799254853535 406.2417580470799
489.3587929917265 126.30441066140162 413.89241057617573
483.8559908794215 130.96419380118255 415.16008282319575
479.9652113324486 134.24846683008465 421.72805893713513
472.8395549680777 139.4352053689613 413.20288618748384
477.40603195117797 148.659271799291 422.32535708209303
473.47241890036724 158.65000982547298 430.90484899618895
474.55521484610335 160.6233931163052 429.018701662018
479.0559065245016 152.21289245980225 419.0872522812667
480.0717146732224 143.8912967832674 409.485246780393
477.7861861144191 134.7570794543418 415.5012152667465
468.0634128910094 132.18033645585572 410.32576917978065
462.7126028076058 128.35900582842007 414.59823818357665
455.80493965932556 132.10310950697314 417.73533020875
458.615879230413 136.29460392514943 417.019498620902
459.2478724459724 133.35772525551826 419.1811432290948
458.47077115352175 138.0470621649096 420.3271740072277
455.02364511558426 142.35150798740415 429.0852091608401
454.70905036619854 149.66357855027286 423.9938158792164
464.61499526285377 158.6756188670377 432.6189510348975
465.4585333267191 160.8746639898158 434.4263852220703
460.38826405893957 170.7939104500397 439.8196505085026
466.66959440267374 166.224618145035 432.61065420570935
474.45617030893914 168.29087807115894 440.4489329662045
476.9779077033062 168.61650822919083 434.297137786745
478.3524868776259 164.99166097638607 426.7275747768448
488.34077159151184 173.5708772568015 431.3011286999176
479.6220185667592 181.66483851767828 428.6965144445658
484.43342713450915 171.82380239294636 423.6360222658187
477.5671199516955 173.84992513844523 413.6496306870096
477.98569703045456 182.457451517344 408.052053866319
481.02133902984303 182.84811759105128 407.85577065061983
475.61686747580677 185.62362656939123 398.37333042788106
479.7040742739487 179.9583683635014 405.71585091621296
486.38039880367035 179.8693156048912 413.14303639648966
491.3118638395905 176.77513096207605 414.6999347609855
481.69009369985895 174.0186316966728 420.20460984121
487.902797149169 180.06196077919068 426.9645215451533
483.96408107468005 175.30433330693026 422.86728808052777
485.83168967431067 181.0009977004517 421.6698498545038
488.53002028442813 178.74882411443204 423.4490098706279
489.8969518885103 181.97509835815913 428.1417970644731
485.97299067405345 186.19031243439096 427.995334019691
481.0270891310127 194.3648652631171 433.4936520897461
489.63129951658925 189.1423800223834 435.1579649690217
490.74304870372185 191.87270226536947 435.9510088826984
493.8459748939184 184.43352139432184 443.2683445898967
485.50699805982543 194.18004459414627 443.55257855233606
477.504005359653 192.16565874893905 450.3766659656699
485.2820758306802 198.6138942410406 446.4442321560771
492.1106566692029 191.091184232868 456.0370508912798
484.0073407527099 198.11778077983823 454.274021759398
486.92485863411196 206.93203092878136 458.32810975871746
491.5277653404333 199.57169143448175 454.79879254256485
484.2605817549278 189.90173269253518 446.6838876872718
490.46255951121964 184.44571938397883 444.45298618483963
498.44710732378616 190.91405666961074 440.68572399218493
501.1279074869318 186.6408292224201 433.7079215731822
502.656794326406 181.1003040239515 432.79904543104396
508.31299079244974 172.76250677390385 430.2740861684849
515.3256160958523 171.32940085968917 425.3870628607712
509.37758939697017 166.67963718541364 418.16720513081356
514.0855970293906 171.43383210530735 412.7451229657348
523.5469614861648 163.42677027976728 403.94590590010785
521.1071549247519 168.17091186409417 397.88287814866925
514.8433724727951 171.88860966626734 395.73561337884826
508.53316046490124 172.73156451548346 386.21787578835506
517.8116573937053 173.4713026946792 388.70298186396155
516.3543083560522 176.45709271239537 382.4627217904779
513.2250078752273 172.67137751418153 384.19432585316497
510.0529823585109 174.7120795789714 375.0115587241025
503.7787998155931 175.29642444116013 378.15766808809946
513.0286395370205 166.5843783502909 380.3323549027231
519.9754196926215 166.4841956761166 383.3787051272111
524.8153255732135 167.5162926523971 389.26531262510974
531.1768897605433 173.34278316577294 393.85641508627106
538.7943980890362 182.9718508780575 391.9345502558436
537.243704316719 175.86886841674854 398.9241365052272
530.9724190017981 183.72427567533 395.47505912183834
526.3819384556431 189.95872902993946 395.6153885736465
522.2400333403372 182.9152501183777 405.20270520205344
524.068187278206 176.5581074947887 410.20975186014715
519.9253578275159 169.726596634293 406.60819514619897
520.763804806487 160.46328312731748 407.305259416215
519.8087132733726 162.84232734617675 404.262225052138
512.4127327242237 168.15265365320593 412.3260347149675
503.3120596504181 168.69153842230594 408.55137379089285
500.0975659812557 178.38324789949093 413.75857738362834
491.2990395725138 179.30207884562918 422.0067217365652
493.8888169537227 179.98195969746266 423.23734122814403
483.89321406384306 179.0403177503024 425.0336539242901
481.61762549746413 169.54508691000913 433.21639566227026
483.6388839629269 161.35413117341548 431.27655975429946
478.35235516041485 167.61664314620995 440.7887652686347
479.24295113985914 166.7832323394224 433.85331724123785
471.3405747898363 156.89116540406664 429.5260972260369
463.55251100166095 159.06502110385912 433.1006799196736
472.6786528445064 155.590528067544 429.19855433201093
477.93645499917244 155.6416927993154 420.7788481775781
478.6688576762326 160.43051305266442 426.8950268203418
472.9520223101877 169.7732605278342 429.8565527334799
465.6692233025424 176.31479350988087 426.3980278121386
473.3258648362485 166.95194886750488 425.2110380882217
481.4118946945888 160.81925840814023 429.8573600370096
472.8099325491928 162.51269960620272 430.1411229866686
479.0089083560945 163.4129564117578 427.1704475714074
471.072211618661 161.47557750269772 426.9440325448635
463.29467031743997 165.86941454773415 423.6308360218713
456.0300096659057 167.50367670341768 414.67823164609837
447.3234045191395 173.25371692082254 411.9878752478013
447.89030629970904 178.134897877635 417.1126928820287
451.1452468116764 174.9523136842624 421.89311055485007
449.6778800297403 182.3570914129661 418.5299832889229
454.84003455476363 175.88539049820082 419.61711041339044
450.1844252226567 168.24946470107625 423.3968362218815
457.81323638776075 169.5951565537176 417.8386148546723
460.1312264372871 169.8155547989067 427.6164990690332
468.79081062892266 162.88313878972178 437.3674476348808
462.84121507683653 168.31164938615385 441.2838982183932
460.23496682792734 167.54380686561703 447.28696623729127
451.8219361018484 161.12360568199736 442.42405880656867
446.494081397234 159.56008433350985 433.2097575589861
455.07098813813474 152.93160830990132 432.90277452466245
456.4175955899062 146.84143731779548 441.4698342494097
452.3982598822973 138.81862881289427 431.9480666036252
449.6094997177581 134.580772218858 439.1922684586039
453.5221669537415 143.60666448821814 435.4611107039848
459.6345361847497 153.49096025317544 433.0046143226975
463.76641831398723 143.91461121532606 441.8205319487075
469.76499815002904 136.58032540323518 441.4374153941492
465.6313711381824 139.9522975478641 446.8710234291001
465.55364032596606 146.0095722552617 440.74011254934607
468.94377781511326 137.05561320769667 441.41005134629336
469.84066549081695 143.8359962382819 449.2884446294153
476.34100308586153 134.2547755737392 455.56526178332257
478.48756870752305 127.31124128581159 462.38518046390425
484.04256999659583 117.91510342026476 459.5417187941537
481.0960933720949 127.21043337019222 468.6427945593328
488.9098326261869 136.10203660525437 469.20045710560254
481.0716060614431 144.8862324679798 468.6918536599213
483.86906912912815 141.64927441102017 476.48109969880596
488.101074091888 131.80993062094296 469.34842573363125
496.91090891980673 136.44163492140305 472.8007763768463
489.58137856378215 129.77739736758102 469.3940570800861
492.9205428864585 129.27846432566858 467.8574583678416
502.34678331450885 128.61860129673263 470.4976083752957
511.03530792060485 119.2068565983825 471.2951058158037
517.6543685042171 128.084403964593 481.2704158549939
508.39820598413036 123.90144731381436 477.10464275014357
504.04515562386854 114.41678758149973 467.5261230413651
500.87046421000247 110.74804182969409 464.7592139265536
510.39676839717805 115.2931493273433 468.1542461459909
518.3228545696172 113.19599463804994 471.0955035081303
514.9307997015178 108.31060052281161 471.62815637974387
514.5819177523645 111.35976594828337 472.4606512418976
518.5634883889353 120.70763071789948 469.29241481890733
527.2696980080694 118.59575258584063 466.1108815465285
521.5702527780952 122.9401172255427 470.6371657808955
522.5634679972404 130.9936383713832 465.127598599994
527.87827378323 135.6996426180435 461.31204117276235
524.7867662636677 132.86795215776985 453.142908527727
516.0465149812101 129.58313767080043 448.3845476387821
524.7988611236823 124.69211202959829 446.874020916925
530.3483605310294 124.03828221892972 449.3225429414531
536.7450333673311 115.08132950134197 457.3726688398715
543.5531413582319 115.75612173588128 455.557770177052
542.254147435452 107.43114243240157 456.8789743821237
537.0570876678898 98.19682948727878 465.16552359042015
537.4341942357063 107.56642366602125 463.05012943078225
532.2387598068639 110.93256452939862 465.86020097445675
532.4067316652461 109.21203342413908 466.60275058723215
529.9755391629889 105.50536852958604 465.03067361074466
521.301978727309 110.61442191607867 474.99640143234086
518.8001607330491 105.93847158391695 476.0241404619937
520.7080827388698 97.43145154645907 469.0059941920527
520.2912885804341 104.74735063818281 475.3574904882248
516.7855286750387 95.95856459421086 478.4255035799931
521.8957811928302 104.5955734357199 478.90122251366023
513.786095472718 95.71285121802569 478.7151818038703
512.8619176307342 88.79829537146101 472.86477407910047
503.4378966599083 84.75820780741935 478.1765827020355
509.67410280812896 87.11463939462156 485.03648641285196
514.6615360260005 95.21511177643126 491.39285357085197
507.255777169604 90.05114510033366 496.71667877313683
503.93829965490295 91.55123183109987 502.5708890383065
510.2996663873088 100.35765153333655 511.31719874558013
515.468808803313 105.62840681633445 520.3467026967437
509.81019270411394 99.00392464088245 521.1799206547762
517.277479759183 91.55478111492609 525.1697626903091
523.671415392567 82.1611049994854 526.2290872282174
522.8538238142422 77.6182508930713 533.3717221792241
521.6651074661481 73.0474527969658 528.033513788583
530.8946052785683 77.46818120262603 533.0646383653658
537.153908409377 76.5610294126836 536.8449661607996
542.4353009138765 68.19644065418942 540.2603124086726
548.6938847598433 64.11298576494227 530.6193754384794
541.5896603448036 64.68347012880064 525.3803036171852
540.7925933255746 56.7065026866864 534.5188064766826
547.9879775910147 56.281270379100135 533.7379385351878
549.105422544879 53.11197809251969 541.7674930756683
544.8081530462102 62.112749149723584 535.3300298491969
536.6121830493843 54.64763812504899 545.1580252010151
536.3377965993448 52.77381873837079 535.7975162638206
528.2078666495006 58.93497721962333 540.6568780912035
523.3408428386639 57.49639536833281 537.4760278250208
517.3042187625109 61.961840314871964 541.396973544708
507.85595052951237 66.14564896232662 544.1082713420913
506.5196076013167 75.52175256613751 537.685788957148
514.8717842853839 66.9768513648468 543.5261674300742
511.78947482470767 70.08248461815187 540.5929601789866
504.7907386842422 61.66162828537803 540.5694788480837
504.1572790244993 62.232126959408674 549.4897282319732
501.2710877757749 56.45473870960816 551.918708105294
503.05185180756445 54.044065426795775 550.9534036557395
512.6862492295799 59.21522065838086 560.477648839338
515.7971474222471 58.41199360758265 552.0086239473231
525.7317666892958 56.80261088381028 558.0112096102787
532.3439972495577 66.00704580228935 560.9695514168394
534.1495024099563 71.8651142154781 566.6322274861562
544.0908007491201 71.24449814464663 559.7897964275746
542.6606939243896 69.36943884044035 561.4840821476632
543.9880890164161 67.42299388769375 555.6326634175913
541.0630273794619 75.46754226689539 561.0325902892565
538.5585634404679 66.98729853406607 569.1420711069464
534.1507063571833 67.44329568132804 559.3333148239534
537.3212957533649 75.08732532796262 553.2424623046871
533.1493269562743 72.33726732970969 548.3792746889169
530.5087122915725 80.82618655147124 555.3948821128763
524.3865684324741 89.55223440955947 561.889922874424
518.6546291542049 87.5207326106337 562.7541177905456
509.82303575264393 86.19153831933811 559.9681456316567
516.7135799246827 76.66311459713084 566.8824751153759
515.1423280813132 66.8850536612416 560.8591823009511
521.8882595633445 71.84734393505296 559.8692898259714
522.9230401551989 80.72980236241499 568.3054301775651
525.7351506844913 77.82122869952181 577.1370723784707
524.5395872238379 70.03844362505146 569.1650284882879
527.2738610099668 76.23170299760201 572.1456924985631
527.5563712817403 83.24282615513737 579.1674867498201
524.8986741582523 82.21708360513486 583.2579662910803
533.2497584629974 78.4663673690162 579.7216046377516
535.6613052039396 80.00915725631928 572.7314314890051
532.864507649892 71.70292871132686 577.3428587465011
530.4518424129127 63.8764986414305 571.4986879759169
522.82430747281 69.51800912321491 575.9284124077662
516.9877150374152 70.05456309580958 584.9136447589173
514.4673974726043 60.76960549247969 594.1938547365759
515.844617270048 66.36687853285845 590.2439699248291
515.1696097488921 75.36983015835072 597.2830475162779
510.15403778102444 75.52042389238729 592.217407970328
506.92532495397256 70.34866321707842 584.0701280067623
510.2744428463683 64.4724565471281 589.2643400091996
515.0384421700365 68.96011071089073 581.8920788498106
507.6698452059798 72.44083998106757 586.9751495543976
506.5963407466089 65.7379257563579 586.3246750197483
497.776888820836 60.64321516133435 579.6065086569297
490.5049772352111 56.95894035617185 575.41138360374
493.03327879433334 65.83796748941131 575.949848208529
492.1075907096033 60.13767735994827 574.4114013506045
500.07524003952767 50.271378816256636 575.0475359910367
508.34330240644294 51.943821721060566 567.4254609312336
513.9750230322361 52.71313735486741 557.5110510753187
510.8994005922074 51.028210992564695 552.9094513294676
503.68818121149275 53.62593065944821 547.225023963186
505.45006251496454 62.40489000799431 551.8411626316125
504.0232391624414 57.912889521453316 553.0226350880453
503.1172860914499 52.32318599809179 555.069497978381
493.21167840688366 56.33568467849882 556.817718867878
497.01802545943326 63.276877640776725 553.8276583750053
495.9865681431209 69.31670343823419 556.4567628841623
505.71693976880033 72.53250001572314 561.4333743310642
498.6369613665381 74.51942772243127 558.4500308432199
489.0647504448844 77.30103509735214 555.1753424277218
495.6798594268515 87.28668140462666 551.3084036157625
496.9677760282222 82.24627827410883 557.8237799002673
496.6040743882141 87.3638984481178 554.5814408512116
495.67905462249456 84.11172341962929 545.9641339025004
501.6487105892607 90.64131676104992 542.8043770572932
496.94838040547324 86.51255447648222 539.729784212237
505.3649355882253 91.63742556588721 549.2666781994019
503.03369976244966 101.2040825734095 539.7017056932419
507.16873358386493 110.861973385226 540.466186269096
516.1357659812445 119.89051032601775 531.7103026871423
507.83426893072107 123.69198369237888 525.7448138908676
508.90192891563805 117.89354633827682 518.2011824864505
518.252578399987 113.28498787918865 519.1336317207832
521.7954593626858 103.49254384585299 524.3794818910484
524.7863005511801 97.53750588862185 521.0176609381275
531.7035375917055 88.3233337806241 519.6591031609009
525.6557950146365 91.61993204682635 517.6673636548429
532.9096456121719 84.08319674470131 512.5732889650399
535.3623352006766 75.23787041058314 517.7636793808754
530.572513028061 68.77052108823693 522.367412469691
524.6604527648159 71.58743667766694 517.6570586860099
515.5880766226385 79.01578825211104 520.8765876801031
522.0861968826656 76.75826570873433 521.0058304812345
513.1944404527404 76.67414085574725 511.8845598385863
522.198264995766 75.64419711147679 503.74968346085006
530.0019651481565 76.24858202351345 510.5354887310214
528.8875263565102 84.08813789651037 515.885489761859
522.378277145775 82.72670039582538 508.1514320265884
517.9905005751448 90.56464759961624 506.40303493825553
510.46748769943133 93.89574357416342 502.9703937358186
510.6821033051101 86.39062629810752 505.7846730202661
503.5076457482378 91.45613617532165 503.0408777788722
508.1875864966166 92.54147067444696 494.66283618727186
509.83284310413376 93.14833413181596 492.72036094291434
519.0673034990313 91.72276824673021 498.7327490678723
513.5645017086896 100.59770657730046 502.6018956284187
522.8388559844022 109.1171255832691 512.3397106485907
531.6720673878935 111.40506016678401 522.1299472953659
533.5859210927177 108.14087968893143 519.9220565822193
527.8982994770679 107.12877296101075 521.1365120760613
522.4297182777295 105.32109841421696 511.58133653441405
522.2069629516945 110.68426476424929 506.5669831405052
530.3377028496898 104.15375866527738 503.761851076883
522.5902521216324 101.38446320945789 494.9334227866727
526.0698878949459 108.70806441627167 492.46426281721085
517.5621334266111 112.58294595801762 486.6183312313654
511.13469199922594 105.52303931813857 491.2674724398471
511.7651719954853 97.02085211016787 486.38640089191125
510.9365253415994 99.33287844504775 490.45058124637205
501.26794216668804 95.68832638397129 489.6487186011943
497.5575175425054 86.80181373610445 498.6588433206474
501.3444533814134 93.59630324843154 497.4415061463126
494.6281414101078 100.159917537137 501.5303494429262
492.0700574634715 97.58750986253725 509.7716222676396
485.8137913690272 88.43931227165952 506.7245375701104
491.94741059591877 92.32035254903589 503.50825472962754
492.01725275837885 96.83604234993508 498.69995492982554
483.53795831047154 102.00165851349234 490.99098832516773
484.90901555626044 110.19042892192621 494.0578648635533
486.2421949466547 119.29832789143646 501.6247140252374
481.70428733345784 117.72284527566272 494.6582221867201
488.60154055236006 113.50666526767009 501.76056199405235
485.55295755262813 120.60452116399829 508.37868359170835
487.09097165975686 121.49873174895636 507.85033854197115
479.7038890364598 128.05419133921086 517.0656118408158
477.3805102906942 131.63038553247478 520.2762644310094
474.1020385315711 126.25518433758856 518.3877199556506
477.2765797419777 121.29539295054212 528.385983775005
479.6381839092596 118.54635482620742 529.6792298725496
472.58860799504464 112.53560080866868 532.9046352375303
468.7462305887412 120.64182491918962 524.8102704484741
463.1659084952529 123.98990640618891 516.4333442114903
468.12574713319435 114.42500683875369 507.213242799496
460.94157330800283 115.97081087208721 514.1845507126055
454.09471353142567 123.92537669487827 507.6699390373041
462.8103301896817 125.63483776109199 508.552565417021
468.54075269249194 122.68201479251913 498.98272283387223
475.8973832753195 117.14546997951255 504.9108113619557
483.46263700081835 111.64215423003466 496.27533368508597
476.6902687633114 116.11018388505197 490.368307887873
481.74063886330714 106.37058742474235 490.2983617859496
480.01654636503093 103.48229428789841 498.0082573977
487.27797788684893 110.8685995365949 497.1821808601083
479.14387296806996 101.26457625607554 502.89166983580475
469.81302481042496 91.72285795846243 493.59139252411273
475.81289588615346 86.33236002086431 492.520683386625
477.9543648148281 89.25803991336036 489.5471963432738
479.46584844943214 89.29596373308607 488.26145640122485
473.65705992719546 98.47298043927375 492.5934242005867
475.1084231716418 96.2086776594411 491.66284558728864
481.0503215144553 101.17955217515788 489.3299022423373
472.5785651503307 91.19091954449534 485.479305180391
478.2138606847983 88.5478115426392 492.7152872732764
485.92281739129356 83.93886375360537 496.8610476519915
483.70083674873035 75.68017290188135 498.2176893512328
487.92238725036475 85.2046700477025 490.8420330904173
484.85422785846 86.11533006429246 482.7990590429257
484.3262792067257 82.66568205995078 491.06023492468455
481.8265079437432 90.5785159015399 481.8138235523332
484.1129008106425 99.71811997068463 487.4172555022173
475.93772804074234 102.98950880233342 485.15119262387805
481.42581349891196 101.6921529551996 480.0514680430666
480.3568748086887 102.06529006963491 481.15962208004265
485.9312084146082 96.9630103956564 484.0923429345714
488.5978036013869 87.29462168881415 481.02512879337337
489.61023019326086 96.84182095079717 481.4678875950317
484.7439404406697 101.82584757640585 491.46424392203846
483.64656396976864 106.75603170461653 498.7119121942055
477.81508637477066 108.11605464393327 501.00227965966087
483.48732747402335 115.41371813173075 499.1912294397353
482.91187871208894 116.65221009788051 495.0407349220705
488.910069378812 112.46355245397177 494.8097504222582
495.53423836557556 106.64876722064028 499.97125800870833
499.962749701197 101.95806631746325 506.2367358327925
498.2438877019076 106.38055445155926 503.764153856655
496.5912231698946 96.95461200322065 504.801840628515
488.80412631769775 104.38123599363809 497.6149158275142
495.2183723520982 104.30268932463856 502.80830871421085
493.6927204905797 104.82083008015799 508.57509642240177
487.5393295311364 95.67944740372087 500.2241339056214
487.03524055318445 87.49552438836179 504.9414418894183
494.1552064004855 83.83836250224627 506.4626077673168
495.89165840688867 91.09753080122806 504.08198986636916
488.16970597406805 87.14590806749096 512.5849949114594
483.3981655873056 83.25442135786231 503.59050351087717
488.96290824017575 74.33095377484011 506.1486791324086
482.21851666097655 72.98085095596159 508.00676933406874
474.4603946912466 71.91994553668832 504.97451419487044
482.98844120129763 66.66318122060268 509.5776581718829
487.37272325169727 72.27477974534571 508.7055414970335
492.811750667091 78.34697229339282 516.8648981064466
498.79647222705523 71.09386334724836 507.91353668936296
490.1506818845344 69.62503289878003 500.4525104057163
499.70895244240234 77.65756444370592 498.05250036364885
508.30881799577304 86.60283780635652 488.5362187061744
514.0864761204716 79.70994416484866 486.099150680493
521.1389653932283 78.55872597998064 482.19989065563425
520.6856298759448 75.68026414755408 490.7617453023588
518.1239244664544 75.71408645960754 499.283912373814
519.6135621401168 70.09642333177902 491.4602278589015
525.4758275787395 63.8476420065407 485.19631523132966
525.9153617046433 62.19788528924915 491.6682429927575
527.3689978218877 54.78974024101342 489.56153617428294
534.1379267686794 50.151562984964436 490.040118442169
539.6396112097623 41.38806407309112 499.9249642892602
546.3826895977243 51.22870680851314 505.7484447415219
543.9526590673079 50.8829581740649 497.6686946250285
538.9989614090408 52.074238430804684 498.85633985860215
529.1404372633812 46.698020189057466 490.40482609636337
537.6331543153401 54.37924377843719 497.51646283345957
538.9745440812178 47.891524833091225 504.18714674552734
537.2195410624969 56.56705009798829 496.9022059295233
528.0436309131562 51.11118373437009 489.13236244149437
532.2499019066493 61.07386371849833 498.73044173201646
539.6322066993752 59.67552549679583 507.5962776356954
543.6535023342725 65.25255450501022 500.78690474651654
546.8153132095292 68.12872801509981 497.7216275483179
544.6974367892257 74.60557888260915 489.91446303387806
548.4209936473948 65.86232412932424 484.60904147400555
554.7052358780246 67.72058636821411 477.45975212966704
551.8694851422193 75.20140790857525 475.7136949812191
545.505302218655 84.16013710996442 474.03427108136725
553.3085763204845 91.95576525871184 476.7027253469749
561.6447270948536 91.1831546808846 482.64163084172674
555.2532375747844 83.89745085718637 483.1180065331683
564.1181360856747 88.72392492549906 489.9952229064868
568.1978137077143 84.70005908303895 497.2552839626132
569.7629078932605 92.54958909602877 504.29711491339316
566.4052424268389 87.7445776586605 510.58666207078005
575.2410103095604 77.9995123084772 512.9246145723287
574.1809559913002 69.96069213262015 514.5320164566012
565.8682700525013 76.63705411862945 506.54683307989114
563.2518128561536 83.09373428615861 509.39282874465414
561.3797874284395 85.92628266547077 506.36255348387726
559.65348485837 76.40608807504069 502.0806500996859
567.4938575409224 73.55716619675067 496.06496251465796
568.3029353044499 79.7736337434322 491.28918193060315
574.4113188915848 73.8431141054085 497.9789910006979
579.960476134109 76.24151727170725 503.8719019864422
571.0428701213401 75.66794318347684 512.9103238849304
571.6091973171785 67.08010647775971 504.05784683693685
578.4479639093902 71.79845426007125 511.28559921320453
574.7822995748269 66.07843148410402 513.0172262662996
566.655083000118 57.373872985673444 505.3784052574261
573.6717647055755 50.13404296404618 508.2441872234661
572.1255378603262 48.39095373183208 508.472200030374
578.2134516022447 56.708853740876485 506.1876566691711
580.7955973246027 59.177448219083644 509.5185732784741
588.2960926841928 64.4501856509035 513.2459152842165
596.8084704384797 57.83683940543474 522.4656026409339
595.7122297178246 51.27179074657856 531.7971671902832
589.2289352281429 56.11661218363456 531.8809189988613
588.8475745177499 49.30576557006616 541.3428544217727
590.0603180577164 48.91162910996683 531.977742152683
581.9421731041675 45.22029390775456 536.1814104954042
574.8931490852435 49.44599607864623 532.3553448215665
576.3922138779221 39.86334413259265 524.46815193462
572.2210730085446 41.139910622832794 516.2200882719657
565.4293651484857 46.51729685725458 516.134606210215
573.1079938079624 38.08826983682306 512.9199530317145
566.8594651352639 43.665570104747076 513.9118538844493
565.49949949493 49.25148553266247 520.0684154201934
567.4936034779091 48.10892184471802 517.0133879746012
562.661757644211 46.62766026372477 515.485155602565
568.2317522406555 47.90864030095722 508.9734782694461
561.0547424787658 46.34536042769888 517.8799819787534
556.9225926928214 39.19956497959559 518.5315540549506
550.5479811645988 30.720651798646834 511.2443250723203
559.7365873168075 28.05923096243844 518.9504789057222
554.4226147136301 18.314892116036223 519.3972833760512
556.8058973896179 13.14055811782438 516.7448262383496
562.0821554939803 11.779283158182317 517.9666289817625
559.1096485245992 8.178275157081869 512.7082827892428
556.1999482345132 5.894820330257679 517.6911036934782
547.7358758179937 10.082187076505349 523.0182182516426
550.4799927137268 12.479927895449327 525.6880045945751
543.3289747765127 2.689858365069446 519.429574207302
553.2992516450238 0.5585678798860756 523.9529633038156
555.3619315126006 -4.376234062816579 525.9991681885517
561.9512311169706 2.9173768974236705 528.3820297632005
567.9425371010154 -6.849974786604044 528.2469332055515
562.2396220969297 -16.296725099257166 527.511267884774
571.194648621105 -22.00756816755 533.684540083701
569.1469720493466 -13.354191651581928 523.6924601613869
565.5146601516774 -18.255985638873057 525.897964106756
555.7080126284947 -11.137289450708092 526.4275548969069
560.8285720059008 -15.812616168974989 517.3007735802496
558.8268452202273 -16.43446837031758 509.49664968502213
554.3760049169662 -11.063680668765933 509.0602746486808
553.9291026423958 -17.448745718035713 501.323501822649
561.041133555047 -10.432400747041163 505.35202660099947
567.3971845912027 -14.865656172366018 505.37727095303876
557.6528608889748 -9.47756418278545 498.87700067648547
549.2948265551955 -9.546733588060095 502.0599194701943
546.615984070618 -14.054942260625802 492.3627370352541
544.5935672180348 -8.283047637887716 500.50610454685864
535.9144004176757 -4.664860065697015 508.59045658146124
545.6125663231745 -12.35828083054775 504.84119560741635
544.4408814279949 -5.109493057634516 510.9387619521218
547.7641830858499 0.7701277776428164 513.6596977601629
543.1931071051652 2.0107575698456883 509.7634800827761
546.9238879737047 -4.6412078314779635 514.7138919203912
539.1548490908588 -0.7095927982162151 519.9461310772631
530.8755040394835 -0.019854954168539773 517.6505483304287
537.9217988712915 -3.777702194892539 518.6327266505647
539.2112285544003 2.584514310721614 517.895103008326
540.5429957815843 2.841607741423117 510.0876713894826
543.4850054423747 12.165631584869699 506.29436319849947
549.3835503373369 16.053549452780132 507.0628164112365
555.5939290614698 8.795958080360053 503.9322930747733
555.2075070210251 4.142591625123002 503.64366519512345
564.0704791876007 5.289260766154779 498.557532106121
572.2210971413775 14.551662271557102 504.6657931087543
566.0721272539653 14.250685031027054 497.97729386265127
561.3819533194121 21.221777694646917 501.81612185880505
568.0587909725982 28.886551672189817 504.27394460937353
577.0489105136475 24.01922851695095 512.3034654905096
578.5885638793658 20.140096169531805 520.2330809615374
576.5802991089885 10.91402311791746 511.4871142439755
575.2358440663976 14.420916415182905 501.5920524864667
565.6939848543168 13.785067421839619 498.48337758848675
559.4392680157317 16.64516087575514 500.61882754838336
559.4370482285135 17.78641401395931 496.0882473115243
568.2828950430472 16.237323946091603 502.40674696378414
570.8064379099528 10.824235868919287 496.0058168861134
572.5777972143409 9.436829199704379 490.22128247957596
563.0223847765702 5.1965580312021356 498.28404818226164
565.4914018145071 -3.8087103800596704 501.81782068484114
574.5901738453656 -1.8029827833723004 497.62154370465186
584.3509463863405 3.244835888100578 495.4457701101112
593.9977090322031 -2.6705430780727593 494.07575903266775
594.627472745838 -5.777961333694618 498.12998629449334
600.7724956216747 -11.092433346858629 506.5315854538241
603.0638602875842 -8.826136115898498 498.0079281396484
594.4151892898687 -9.75147095531499 500.739192738567
598.4953512578662 -15.831032122118806 506.5094633219422
594.8265922954446 -13.871764795205582 497.6257385914902
603.7633650033547 -22.802225010695437 499.0404942202089
597.8348061924381 -22.451365253456874 500.4824380001374
607.8015226522386 -13.132292461099777 492.91679336853826
607.004938423868 -20.29111548054388 501.36804295089854
616.6222762081692 -27.87243710676981 507.14402831147834
618.0568812111009 -32.213838853331374 501.47230419040676
624.8632313088908 -41.48870213503375 493.64450686271175
620.9396187086958 -34.973828612545745 498.7952847377039
625.8630369522755 -34.258688929083476 506.44335802784246
626.8583397669165 -38.328303754405674 496.79264287716205
626.7747932875538 -37.24493801522318 491.3514167671145
627.7295714572674 -37.700535092191465 496.15423224808814
636.7564673499164 -30.291539479753148 490.2471504880145
635.0189014668595 -34.636476125441035 487.94798443234924
636.8481323842185 -37.40348343753824 486.24293812995734
635.235285144027 -39.82693760762019 484.4028661219344
643.5609545787526 -38.9611513218692 479.6949284971313
651.2866171573526 -44.66276556791439 482.81547742997117
656.1580519178702 -37.87426107552921 482.9118157422429
654.2675191321858 -39.65390080933719 475.2651134189915
649.8554330840683 -31.37430516109173 473.7332828913334
652.163084506568 -25.044546345619956 474.98332596566695
650.7308980573112 -15.771156152917412 469.6586225873465
652.373562345786 -13.294568820592117 478.329748444054
644.4798836215233 -19.226255118440083 468.9446673916336
649.6968442595033 -11.957990993437367 472.06740288869685
642.1566220236106 -12.597509919497124 468.92307726953345
643.1534639748495 -4.412130703865104 465.6143864726194
634.8487815249595 -7.53340639140575 464.4659303402725
638.4311850312766 -0.27727492257666597 464.12679540182285
643.1489779573066 3.6286329532979864 474.12575967033155
647.533605764273 -4.33123308992927 478.5547009322906
639.141787431713 3.2439317349088084 487.59294770270907
629.1657095008659 2.1137989074997723 496.9554858486399
637.0503813699871 -5.5503140338968 496.8593249224047
640.3801953609162 -7.869373816970805 500.29859495527575
635.1241991391072 -9.172297160934423 503.82144040117896
636.5121168796236 -1.1740925911713846 502.71151590482623
629.0132585903897 -10.313316445424224 508.482480232258
630.698955571091 -8.112110244854863 511.7573020241151
634.1421862718386 -0.8835159253938443 514.7066257285369
637.3749296140496 3.6694507208511578 516.5347656961134
635.2505912505675 -0.6987245791652548 511.917508703958
629.5583815305081 5.306592217131463 516.4215745417101
638.6797283150214 6.379257017172455 513.8180390718173
647.594784705382 1.6220979168155525 522.7008774289482
652.9545845809662 11.050953169511043 528.5706565838431
643.6751757667007 4.297338786606476 536.8022035850057
639.8335945351887 13.253859124814376 538.398810866447
644.4609157122599 7.8849167914977185 530.229456370657
640.3720039871498 9.55310913831978 520.2665508353148
645.4144194681246 12.369248637074474 512.7044450787373
651.6494649964619 16.758724473206996 507.7427315443811
655.5095738188465 15.149221142469182 500.5896263374597
650.8703162483017 9.56414195396058 498.14527670614643
644.3408122937819 11.886260667535065 502.0589481360306
649.1046845964355 21.755641761393672 493.1180470234841
640.2374748606471 25.06221648287074 487.38188037511156
635.3855396723549 15.683062714570417 491.8222325658944
644.0138972618447 18.773936996498698 486.33801653884063
649.7670453991524 19.918167167887113 487.2617473765026
644.7359257159256 26.871802094356553 496.0050731445793
642.8542587239416 33.29808435363592 491.02562270093097
645.4789073369996 23.4232935046502 498.9904880355999
640.703462101413 27.702311944297733 489.04130797461147
636.710871508983 32.490783608457065 489.4653979511427
634.5121695988915 41.976154681534354 484.51928056900226
626.8240528885599 38.323072906888406 478.35529123210847
617.1933153712107 38.120248502537606 480.47433499489176
613.6035476294986 40.74355485151462 488.8150511491211
610.8443360018024 38.15270281592272 488.5636601475328
602.7407495302792 44.165152207010564 485.9253915786413
593.5865707970567 50.344530591721906 490.0016909210412
585.3009374780047 54.913083458747025 484.7518019164317
577.3762337725941 53.91965134389091 490.8816984523699
580.9384833823068 63.05198735757596 486.0426998780253
586.5005272709078 58.69964219249821 491.3267906535306
585.5632701178804 60.92053044636228 491.88375402901164
588.4267451316084 66.4433458425559 482.7133511591266
592.6948625724249 73.96795017164501 488.3281937611838
592.7686718208664 71.99521823900213 486.1112470117107
590.1280074006626 78.30457860348989 485.29335486503976
582.6773174349859 70.85826230840551 482.9101189384976
586.1748268460846 73.71170944307309 480.01582084433045
593.0125767984057 71.78603321408002 471.44343435821037
601.5237563452074 62.33409084288337 472.7642096310357
597.2919463812627 66.15943015291248 473.84131324531074
595.0756652238576 67.61462973270086 475.794619118662
599.6324853961303 77.38697068866504 469.3759366111801
607.9666607062832 70.36032205736478 475.9137200987682
612.2855036073051 61.44169408849572 479.66480193297565
611.4316593851238 61.925836212759 479.96721175084406
602.9027841484359 57.04613054156161 479.0254144476284
609.7985808817455 53.68742110977479 472.7903484795493
609.4806554110072 61.772557373823915 473.59401556535886
615.1741114957102 71.498974225473 465.4188733566002
611.1906908751299 63.10852923786402 457.88577824330173
601.2519798170447 71.34799265114965 461.39637048545023
593.6133212013874 68.0695471962 471.34456876230365
590.6438853706418 66.6495789797358 462.71897867695503
581.1788136325023 69.5963039084703 469.7018225779065
574.8121113018672 69.70246586069513 463.55001838385783
572.6222246097441 77.26359911226494 468.1232705309653
575.4323198498229 70.61447407588288 469.74594967385957
583.3049105715829 66.25471879904777 473.4669174781373
582.8305938433367 66.71043867692177 482.30786743743005
590.7783023146553 71.65342651628659 474.9381615031677
582.4395285205027 79.64368737650096 481.4392275535504
588.0792975433075 73.47157910549566 490.48283656765517
596.1957446577591 79.31489219329661 497.88267899079653
604.6707625390587 69.3660682468232 504.8134818408049
613.7314464648741 64.81220032943543 510.62213207538156
609.8448116778089 63.53258736335332 505.6331535766069
611.0277276009273 67.76381099551095 508.4485976598171
606.5798392386445 61.40467451855491 504.9187199026013
606.8631377142672 52.27953252591744 496.3631039155017
608.7568885627686 54.78152015685968 493.2988454534059
603.2664889334001 54.874977232443214 483.4221225608849
594.9312307289185 56.35553489838302 477.8005962314688
588.007899823082 51.613227012780214 480.3964521939255
592.124873073447 54.52567760470708 486.07920639752274
593.3126904067299 58.874096363118014 487.6822519925165
595.1559728987569 62.83811346182163 484.1158669400744
592.642095990506 56.06349016254577 477.07488021799077
584.7459815787511 56.84353197579221 471.7024732208306
583.490195868676 60.441155133507515 462.11583631304165
581.9137557493087 59.53994771216196 469.1232706600507
572.1106368898685 67.44172597178931 464.83916503369596
563.7101706977406 61.77294585125576 457.7102046220629
570.2103113088899 60.633213701303966 456.84121973129294
578.3323624582436 70.05970429876822 463.0414378865808
583.695113915034 67.89910989597112 469.9686016367694
583.5186973931604 74.48112072808266 479.84671878472227
590.66831833606 65.14944996802609 485.2485693578516
599.0267858407054 72.55568237669927 480.291825811163
591.7876783849064 81.02845229897989 487.1514811043874
589.3758831216256 84.00607485445197 480.90587575824225
581.8800766733955 84.54050119872619 476.63990816101136
580.528783332404 77.52687731042982 481.8563291467938
590.1715595318911 78.78074475858467 472.9172323252913
587.3975522352147 85.06283644011242 469.4595528208197
580.7539665241175 94.36228702153028 478.33336995383564
579.3661897209328 89.28885600807423 486.2270501387815
569.7841480239631 96.80975766233993 489.2524248699175
560.7191499202476 98.06465465467238 495.85521170346465
564.7181205902165 105.86615492003887 504.97701576507956
566.0169555476842 107.27701011195347 496.33614983967027
558.966633400437 113.60225569805213 487.97363497023116
565.044287323911 120.67308347160485 486.1009582949077
572.9100410580024 123.07996432567472 485.25454303889603
564.1099985798155 126.4479585695319 487.8734094930571
559.1925887207103 118.60043987732863 480.96007392955397
564.879065698369 111.23495036881137 481.75584700080304
564.3701559056988 118.56846243296496 480.9633532965077
556.6713532070535 113.45632114721872 486.06288241594945
553.9309881646619 119.82170123808658 482.2166234335608
544.0461080546121 128.67728029168924 482.93813355613497
543.4357836073381 124.31994330868885 478.0701651603581
545.2908962451467 122.91821354558257 476.3419754555239
536.2344185997545 119.99339968619172 485.26633194400017
530.2296795848528 119.03142038579777 475.70608477762323
525.6428006563424 123.14093516174778 477.60798298896555
534.1317424156506 113.85732612966848 475.0861107990017
535.6574790045532 122.99173543535207 470.5581286385866
530.9305172766167 117.75977189754215 467.1753207099049
535.2310767738087 120.31107089016307 469.14883371375606
534.6715001491633 128.65147369015247 476.3963593530478
544.1527616015791 126.73221984112861 471.98287715276973
552.9624562062979 133.87135692065283 461.997052757957
550.245403727088 123.89661205413461 460.5802027707963
540.6034467860821 118.94023537395769 455.23907309056915
545.7613878139964 114.79170495412562 448.199505498787
546.978104381465 124.14237471530818 450.63760455671917
539.5733882317777 117.74023434557483 450.3012864848846
545.4302724669801 109.4255885246751 458.5406271800402
542.081810723539 107.11020367492635 464.2540938644488
546.1303934884817 104.42271442434124 458.03254064777883
536.7153388401433 108.75142037919099 463.23795233389416
526.7723493037527 98.82896523743129 464.306782673522
532.8262389633561 96.54688559451449 462.73439223718185
535.2724756763135 103.4460461717999 467.56487800290813
527.1436769174229 105.35065056964022 476.45582232614674
528.1423495994301 100.48281950357982 479.59494602403095
522.2528616599633 108.31296524488008 476.13465076097407
518.3164003129056 107.77759301754735 480.3956396714897
519.6994409017005 98.83369263802531 474.9164931193337
527.4690340603845 100.70235858115 477.67205711639247
535.5152179353006 107.46721249578154 474.9967348949266
530.0264404983152 110.89647423273034 468.27351450034047
529.6718689721089 101.7152029583827 471.46247186210377
532.3635551763861 107.14385339325693 472.10566144187567
529.9573678817452 106.86193895202221 463.42140932813095
534.9027917600629 98.36111637635186 459.4691179728497
539.003984790809 89.28974754059672 468.3514792341228
538.7012502303431 88.61575264684491 459.43980966351535
528.7593811972245 88.84352364858732 466.5395668536126
533.1963063198586 83.3001140073843 470.9065670175279
527.8715312802799 86.81904468459048 470.7340506999953
536.0976806657922 94.36150044486992 468.81517951536784
538.5040715996239 104.23213627723888 471.67838936133984
546.8322152183588 101.72463675654687 470.6074138558493
544.7056946759822 98.22631157065652 471.11836548950413
544.1922629892912 96.55963894117109 479.4577836979656
550.3289489501605 103.18172346564495 480.38038424584795
545.5632567529026 103.049776848297 488.8906526105674
555.1732589794201 96.58833168193263 482.96712271223316
550.4596239932289 96.57566594816191 479.46295463582925
546.4559092351565 99.34821894012384 484.60770672475513
545.6914373058194 96.01038227359568 474.61122470630147
553.796521992638 99.97804194648208 465.3658564298442
545.4900877758627 95.29292824732285 466.5059555081779
551.1859394853985 99.90716677688033 458.29943477886974
556.8831126868566 93.84282403799861 464.47053388286633
556.2887264754366 99.93337882002962 472.4201729476854
546.6470326672454 99.4157725869967 468.5755887480472
545.5092302959597 107.07270298885341 471.31669354520113
548.38345116006 115.01325632610394 463.6300107105812
545.6578359797611 116.23544609269277 459.72681967092126
552.1773727166569 116.1976038500509 452.71166070315866
547.7618788170296 109.04370984326316 452.5690060786629
556.9964645727964 118.56724690643276 448.68630472341937
547.3372435114683 115.27582979949278 445.8399811995923
541.8178928783594 115.78268414881458 438.78542113036497
550.0178041407984 111.02917942789551 429.12946396145935
553.9517439083985 111.4076540301697 419.7431691358364
547.8026401344747 101.81634759523695 422.1762946488061
541.6733840696905 100.8035642284024 429.1129006915465
534.2128586029378 99.40661474725957 432.32615478626707
525.4214873019122 107.44662749360751 428.14359529863293
522.9815651327551 106.59241334810226 422.2604364707545
524.2664945660151 115.07055079179545 418.59817418625994
531.5253514762496 112.71718712485871 423.4813395210033
539.183798195739 118.65202667195818 427.37005247956114
543.9664144127431 119.04324980505571 433.9321834824416
551.2607241240067 128.07510733219348 431.43385632135187
545.0073047701123 129.36137835732922 426.8463407994429
535.4087985480633 125.25197205027074 426.1818436076856
532.7559860599421 134.7292399271847 423.49490850362247
530.325192069603 126.75160453080056 419.70906803622927
525.5419808383672 119.26666624987936 421.703746959684
524.1142095544317 110.95643345562429 422.4927392405654
524.4652837604523 103.96607392252669 430.97047474335
534.045764468983 104.9122869923155 435.256045168294
535.6439377848357 99.58417328619332 431.392120563653
541.8043312114686 104.13669327843422 427.8674882178951
534.0588771065769 101.71234399821174 435.4769542301968
540.196705913707 93.34227559692249 433.38879654456883
536.530312111899 95.43348763658203 426.55695202325614
539.8339094984184 103.38778702309727 423.946389261187
548.9847132153908 95.66949126857354 418.25983282132796
547.2295294635919 91.58741623573151 424.14037205765385
551.6013597138116 98.87745880962635 425.60562528565094
552.3417156351684 93.81238843669469 427.2788209281726
549.8754566968624 88.39281062937694 434.2233586646602
557.5924337570544 89.52924388886086 442.9591404911145
548.4427017561682 99.19109642408918 438.0832933305069
555.1536156862192 108.82807043765824 428.3000953969208
549.722689658544 113.65004325297157 422.6887644602507
556.0095328841761 123.37744168322726 418.40203200034733
560.8029921117518 127.6598050607286 413.4164954977096
555.2247597846012 120.73608541651939 417.8688902285353
546.0431974757463 113.3294127147995 420.9022558408039
543.2506016520033 115.89751001977466 418.73665628554926
549.7888758563342 125.32671745683355 423.6019032178486
541.8673582043741 118.01578317018065 422.22292362069516
540.5217263538087 109.00295148884975 428.67473599182273
537.8884853884045 100.72817015398515 428.30116431533384
531.6796811019204 103.53504504041197 436.5467191147327
539.1437266717232 102.60495241232762 438.877379650101
540.2891660158837 95.4413694253423 442.16276304070914
532.0439404299851 87.04268472371095 437.8818925510746
539.1487521946868 94.80090880274899 446.57438340597247
543.549298835192 96.88601317659061 449.4260902010668
533.9213349920238 103.2511805852135 451.2727769301661
526.4872145594255 102.13408854247501 449.5869406100443
520.1657303094034 98.2198014024 454.73648334538467
521.3238847967953 101.00444095716125 463.05599549263724
513.8537898689876 93.11404485804513 456.1197228077588
521.8707035517474 100.274177365741 447.8634510282153
526.5845502938068 93.62413342377215 452.278906537065
524.2895789743612 99.28427603731808 456.4446203270031
528.806518441903 100.93113159150705 459.9164484900505
530.8809274198153 102.62500687941416 456.4149488930243
531.6869578556355 103.97205217614415 464.30335846939806
540.5478089351366 97.68991966041875 466.2142964708612
539.1194431839506 89.98538777336525 469.58765295285895
543.3201113120185 94.63891347314748 459.8255260674742
542.9857570608079 92.1486426529567 459.81735259759074
540.1932299540666 92.39264903936737 453.92649810468265
535.5370237609612 88.12993992026176 460.7532855086664
530.3846056000035 86.06068716206089 460.4256859831945
520.6844443757643 93.20231979996937 469.7255639614831
512.9025610443512 102.42525058809208 471.7975124277273
507.30144954407126 108.58173885720022 480.8101730049669
501.32794365642206 114.68792750663857 473.3325870190711
499.2118914282592 116.01170797402824 469.7626929806301
494.9707400583628 116.5139609719458 471.05284133569745
492.6794625326705 123.07130820904634 472.4456412869967
497.0560945353243 115.2446816877331 470.0094481436623
497.4957279624622 118.13798780242989 460.1739372427228
505.0621429215443 119.57504623663363 458.4158520950568
510.422796990098 115.18281111915555 460.2317330170783
518.3867996417725 124.41651584572473 463.13233185103314
517.7832732275505 118.34908018632274 462.68813327911045
511.72192507043417 124.9250134563721 465.06698224752284
515.6295834306671 132.24756944700604 466.6361292909242
524.8666169431252 137.16939473795878 464.880321561812
526.4866020610953 143.39349235521036 471.126052169386
535.1986558212345 142.19605399842305 479.2480854905555
544.0398587654045 143.43489536081964 483.3659450773308
542.2715647974898 143.82444014373175 477.8228892376436
547.9237386328748 137.23200521272588 485.53418479987
538.7646204459598 146.89947264519355 488.79302786579944
547.9493670650899 139.46672639311913 489.91101344433275
554.1576600632875 130.7981837040967 495.68868739335386
559.1892947730233 128.10659672654737 486.70055131305264
556.9695403195386 128.84103277276262 486.99538239946844
557.4319822162427 134.44350583613902 493.362796380263
554.0859074685412 133.52543666194003 484.907075451681
557.7215456130914 138.68960860779092 479.203957661108
551.6602791975829 133.7982381086613 486.2915444864587
554.4443185122431 142.22048454409844 489.7562757390748
560.5241848441798 146.874491396098 483.6579289026769
553.2059865168688 153.09929505310328 476.50781473577746
549.2778843947048 146.5855370031289 486.17596185485155
547.8909943416536 155.79303348071352 483.5037888143254
555.2931555157521 158.46281611078356 487.16259878270597
554.4966239425955 150.99728971715516 493.11405075715015
562.6383488371529 155.2491490300886 486.68789373475
564.2994064036575 163.51200218130316 486.99367690121846
562.6753970462385 170.43385852932877 492.4621825282836
554.1540136163962 165.50482984548103 495.67240452659024
556.8908806299645 173.68848556540826 486.6341611520734
548.2177793393549 167.83587434719388 479.6158349823698
539.5497079788513 175.79246364366145 476.58781148568073
535.485873847827 180.36848381256857 471.8655864248984
543.140465182015 181.73457871439928 475.6379530449272
538.1619810638804 175.04390064802288 476.1460989071867
536.5192754313194 184.03072775787533 477.25204221394426
536.9485807447746 193.02222918242936 477.04884903394753
537.2320271000721 187.71345736077177 480.03298194872133
544.6967893975348 186.07306676203515 482.9833484272778
545.4916884029295 180.2465901500707 488.4577392164388
545.3855782083602 181.16880246332707 487.00168981837044
536.2335359678357 188.89938318779843 488.2002960875652
537.6400013871016 193.53135572582366 488.98702648454724
529.2637140875343 188.69176703606513 492.4857184719242
532.7159679880892 194.5831955603846 491.1475993103918
525.5203937876261 200.0227473367736 489.1619196285841
522.4208966188055 208.14493613871164 492.4786653777738
520.3520464719535 209.72910215261618 484.26886960639496
527.5061408249328 219.01357948857896 485.37131587338155
520.2158929407905 225.58963723135324 482.2155166415146
511.2893289988296 234.45858170193577 472.9994760786054
509.3653963373746 238.5872608436515 475.77031658271534
499.58530130267314 241.30079911413043 468.59146701835124
490.3148914169724 231.97103000530797 477.78081050214337
493.2630592010939 240.29408076367116 469.9238553684806
494.0963130999418 230.7387647840559 465.59337663076184
498.2242447747337 233.78842809401885 463.82328928717584
498.79682225549146 225.16797766428823 463.88848354723814
489.3793480242671 227.1594150199481 470.9194320985794
489.04060155650774 228.85352496667053 479.6384592258654
493.4289658130373 233.25118225294364 483.54021958418997
490.60579331689706 240.48766050544498 492.1376103526799
498.09980639859793 243.34020377192675 483.7247178162293
501.89556127977136 246.87374340739578 491.37707925615445
504.74310507069947 237.8808828745686 482.5155994155514
505.420764167259 230.2578980018092 476.12056145175757
506.366293830501 235.7931685406279 484.204082974123
512.3962714925655 245.5562162576728 491.77422285425433
40
468.2652618601875 126.68965646282439 526.4704994272166
487.7976089744593 121.14022661301229 520.9367481032033
466.19962964978 115.3873348468583 535.9828230024045
472.570562067369 116.27930407897574 517.122267495273
461.66964110410987 115.81431411327823 518.6965840692118
459.13826960171485 105.29992750896335 514.353664241153
455.9541666533888 114.35112773610872 505.86563048498374
461.1004340887987 128.66291033890374 516.7620743985216
457.5341370322367 117.90335610805793 504.81621503409264
465.8848957082847 121.45001941776718 491.1285566885705
470.02406342907847 114.02385587102133 505.0457437694
488.1572342096842 113.13917767646304 501.1357153559986
482.05752747802734 120.13438190380978 484.61889935558077
480.5707915869199 100.3662698252731 491.29863213853906
471.65826879938385 99.61938171558442 500.3531623563099
482.20581881255936 118.59446812921081 503.2581457592428
486.7026929266333 93.38007141849012 496.19690078784816
467.5343591818644 97.72653436158394 494.16313964049215
474.4747105029349 95.25184412286978 497.9769132645213
485.2105712909224 86.28185438406483 482.4005223978881
478.2293922428118 87.34084417835908 490.0576241977609
474.79000578299656 95.1544498477661 488.3362839255279
484.1814541348468 99.02728279810344 494.9686728317696
487.6817792689607 97.06622025712353 488.230920434987
463.011777847674 94.1342566144151 490.4266989526085
471.85698526789537 78.68222906734164 496.6120634197941
486.45669467095803 90.73670431572025 502.28556707499996
476.85614603469656 78.58236600834034 496.6745288197201
494.3124519874428 75.6033765364659 487.7761160247827
492.12230131619066 84.94750376078323 490.74469421779594
492.31086190461536 85.27709616417849 495.6536652218928
480.3765799803584 84.12620386345948 478.9512881995902
481.2200211023691 94.0634185889388 483.5067515281017
475.13066110823246 105.92704303673327 486.7883816341005
481.7272288114948 110.55515449414084 477.3077774766766
489.879635703899 92.35510763717375 473.2486260768924
479.66291266478936 104.86658122778613 479.93435608175554
482.2321223779482 84.80570269825833 471.1782548790597
485.3036566421191 93.42933661581294 487.86201003623916
477.5185680763345 105.41134515829845 487.6901109624064
