1000
110.30516613935951 10.879955117872106 408.2260718169533
119.8556495575497 11.702514623407016 406.55115000889356
114.17657513767504 16.599542052023125 404.8555535261967
107.752988232744 9.360944769080685 412.9874409166822
105.18594731597646 16.60482201149532 405.76298904684427
98.22240121141175 9.593861200611151 412.59368443591103
94.80600682982598 17.769230116310222 419.59930991488267
102.67466915159912 24.28748014498612 422.93458693899163
107.0652524254152 15.43212110025949 416.98673728560425
108.98182667450924 13.259898670036932 425.06581305100576
115.30947640922491 11.48546125199362 433.7474768267511
122.05767939485857 8.72332086538307 437.965881974647
119.14614252544361 4.022766352782297 439.89420397579755
119.00184152553224 4.666509753099664 432.3704625176715
112.4001682970804 4.0876570755983455 431.43572119349943
112.39615195701211 -4.893332807272028 423.68653403521387
103.34887025620802 -3.9981147520363987 430.0395548243321
113.21573451644957 -13.165846916888992 421.2230958372412
122.49027877552375 -6.145483509524542 417.44477907649156
124.51708431820354 -15.828398677220093 415.91071485822
132.55989361040878 -25.464729766130752 415.28711530111576
141.1511544692182 -15.686283595834347 419.9513220297861
150.32209712578728 -5.795541923904182 416.32633661904555
151.60005195772916 -9.622211712695414 417.51957374195786
154.76270898227594 -3.0260540031665935 417.44304618655383
163.67692175818192 -3.605449217016021 423.09084820851496
160.7277742331644 0.20669392144865562 413.7703034155624
165.24195802788563 3.79472587468118 423.4097622436341
171.74835997286348 10.055043154815516 417.8511060667365
174.1126148028263 3.8245992923886654 419.3789021767976
178.90940329353893 -0.2671757622177964 423.29227240466867
182.44263113595449 -8.392351983765126 427.26411583219715
178.37927255025477 -16.80137041452022 424.15323303677235
171.71814698811954 -17.666714450681006 425.7594642171961
162.38228017200612 -17.287676858182373 424.5418323403165
169.03593594059822 -24.163599707408046 432.43499111140056
168.58809883826675 -20.206407980458554 436.92243996602457
169.4497354149868 -18.010393799635438 444.7660987727432
161.4151747440675 -9.395274534805257 446.7067330439364
155.84868866252933 -0.8214434420822592 455.1128239376832
163.89197788005674 -3.984936026260333 460.4854098073546
169.3252080278347 -12.546842389690575 453.2486525010934
176.76612984559344 -7.041956200274601 451.44969571214386
183.54179402792838 -15.609918967809898 455.1962586015805
185.80700593017593 -14.38495394826555 456.41194490587867
188.39835978619033 -23.986433178865568 452.37052050615677
184.14108422443036 -18.39641189992247 456.9324912792499
175.4335793999469 -9.743871443707363 447.1227796133054
177.7910082132602 -4.4508354975410676 443.00315146514936
183.79853369713928 1.5547450524979745 435.86064542115895
175.88937910330574 1.9882351414910793 439.13511066254927
172.96397977176562 0.9485536571072695 435.46119734429124
171.1063693473766 0.3327660013479594 438.36322263804175
163.36012436118568 -3.9087300717711475 443.1111825459299
157.21262328479156 1.0788023334164594 446.60889481501215
152.3693369238388 5.033046624434068 451.6803724172849
152.20725349464635 9.29372215815391 459.1462210183818
158.18751748156257 16.9040317466748 464.9737370162368
160.94332857142015 19.749380211674946 457.5470692131756
163.36278937285243 21.40117468250167 454.8380406984391
156.79808866198712 16.80356064943631 448.0847884479001
159.83106938908472 8.678036109566213 445.0956926498852
153.67154549754378 6.71511143243508 449.05083686434546
148.37028929356873 16.429661209256246 445.6484206044875
152.47029520360965 7.524973856467556 450.10098317131576
155.61505268510578 7.481977681272649 445.635563268193
150.29794253787392 -1.1704122873166432 452.20369283835714
160.14485924424972 -1.3456634765033946 460.1971151358228
161.6244891951119 -10.634427680524924 455.02848322692
171.47205488363284 -4.660769845218692 459.5362289954056
170.51739146456518 -5.366717331526219 451.72885244443034
171.72337502812542 1.8818522691066688 459.25949597065454
166.40621611134293 -3.699895543553592 460.8557208728188
164.95118603342496 -3.9254302727461234 454.4070352267199
174.2901529838388 0.8865899954782184 460.06927968384883
169.18670410055472 -3.1216029363487654 464.592317518684
178.20460350204965 3.0681065933809735 463.4536204069932
183.51617146174772 4.8800570936181895 470.79389416013714
178.11012132372755 3.0905096303607813 472.0995080411768
173.69775296655033 9.712893690824751 473.29099246885056
180.84637203870224 13.28884361918187 465.1466272045056
189.71575934508874 5.055519546235034 466.6718868843535
188.06452062009765 -0.321532964114823 458.5733409938153
184.9510228619009 -6.503469003472102 451.51356082636846
194.01254911488968 -13.519567192326704 444.49271582729733
195.1147560252579 -9.690787610738822 435.1975890579023
191.61593672344688 -9.959845468121356 436.3722767261345
185.6765468602773 -9.947395478451655 442.50631773674115
178.08135085791528 -12.482170675169588 447.9416205286296
173.88862732359644 -3.4844084807372724 452.0906423652949
166.25315937546804 4.032801705680228 453.8825527205316
171.4841305620067 -4.127071102409836 447.63907069302087
170.44961386098547 -1.1187004846692594 445.1755541317143
177.3643242899612 -8.297237294598286 438.35639347153347
179.1774911037373 -7.654801109307497 436.4742034876878
185.73243500307404 -7.566158448195691 439.4564547362296
189.11776499319075 -2.9685797018008513 430.11779428342265
197.15282593780034 -2.7027617607694747 427.48951968232
199.1384937635827 -1.3910366087058406 432.32762625251723
202.32740888455461 -2.120547620328948 424.4868382862912
194.84225465119823 3.857556716773695 416.022021697406
186.7866791729549 13.62023770886202 411.89713433735403
194.56604726465048 22.076525677597218 421.1971963310205
189.99042547672335 29.45386791416535 416.64610797431834
185.70713141789537 35.30457678569023 425.8459257304434
193.50664391419843 28.12698050600632 433.87476707279336
187.79818081379025 34.60402954458193 437.4434227679344
179.27217836273684 26.725966602919122 432.08370062369136
183.8986272361674 26.93449745641286 441.7259672787043
186.53510582262317 21.951564192563684 447.1476357567781
187.729296814856 16.815056528137923 445.7849785112751
180.6942888396861 8.153507956901944 436.0008173422076
174.11010297990688 16.59523700056769 429.2848135006157
173.14787467054592 19.61786165234406 438.5576710407255
166.6290315869128 28.938053299500083 444.08569977874777
159.11913655234838 29.56662466897372 449.3797503385407
166.108824953771 28.221793432182892 457.9378157736247
174.29622116786211 24.96767707590811 463.4154795862597
167.81329001300293 18.61208814810531 471.14882776021994
176.3240269054667 22.251128834679154 461.94510794691917
168.57463689370894 22.707335314994875 470.84534503804565
158.88491594159797 14.846294436225376 476.20018453680615
156.31384768334 17.67020482103239 474.9044125689984
158.98172305911763 23.33704820386056 481.712396856513
166.78645402005475 28.612412450388344 477.235861441844
158.55513848070083 32.3709178188976 477.7021699181581
165.2387204996593 24.75030567078324 475.18328841167926
162.51181994706354 29.48161224736866 479.42760177302125
165.29512673267038 20.0771433560898 486.96298848116345
163.77864878932849 18.6912310639971 495.05080079152617
173.50061740963605 14.4622399346273 501.45867301912625
181.1229496848207 20.981120200881588 507.58449542332534
185.76521749199637 30.831635129614718 509.0041022401514
175.80347725636236 21.981513608548404 500.9576115810094
177.5792136861609 13.06382655315829 499.06643930238556
178.04188624708357 9.202202984097717 502.88255776296194
172.94088785720174 18.260687464225395 492.9136076649344
181.92727067701873 11.30735378855212 501.43287744917444
173.89259100421785 14.366263942953909 494.8559269738146
181.98716214644648 10.359895036047924 502.45656815193036
182.47173003798983 12.075754174299984 498.45832990363846
192.3425081948242 5.9648694489305365 498.81013162504075
195.21180146446247 -3.8843560738465177 495.7964824763549
188.34836113468086 4.850222604110873 489.08477294390894
180.81756048346327 12.641185530494862 480.82983301650376
173.22799227739787 11.913522133603546 479.75420842367214
176.97169442132832 15.724841252085087 471.69054297322685
171.98469640423806 25.400230918692706 477.8865361576022
179.3961040906986 32.747875051645885 476.81661911104476
173.95315586197705 38.10188990713618 468.9308455034926
174.75343290666646 32.77997673588133 474.3044961107571
179.65280587448927 27.051238033294094 466.98843561592827
180.7145103959258 25.850378163703205 459.47679417007424
172.14107334698735 16.98598688126925 461.4498686675416
175.41029663316772 25.3052897783604 456.90242750786894
182.42503289656474 23.492927975134176 457.3164173910471
187.80421832724537 16.522155406666617 461.62523913779444
179.09482682220906 18.350927424144853 464.0663379384398
186.45559348078362 24.82018333368958 461.28182084031124
186.51236535612705 33.9423853262915 453.3435534987827
191.62120218364183 28.35617282092781 446.31075284662984
191.32533817971625 22.60909651322834 440.0025541609538
189.71137097749477 26.835099564179473 442.02719282424226
192.1944988119619 33.71604530102499 437.6341106893928
192.06432586863625 36.549008773719336 431.29094096684076
187.58533736492234 28.229453502126702 436.5476211349639
187.44039505529602 36.46030453082723 432.0902382045624
192.94328961062925 36.58718485279322 440.53987736565875
186.92779799553648 31.708713156174426 438.0295392937086
184.25249235753466 29.469155458483304 445.6179648846187
178.80038400676233 33.434509868622456 440.50757147118316
176.29943932219933 36.354630376693066 440.12140042959453
180.49896600226384 40.92301444826122 438.1753088303947
185.6141048746139 32.55149122784761 443.2945268239077
194.04890624397208 33.105607629265336 449.81747738580077
196.47006459981884 26.797005919284423 445.59406857307783
196.534704219727 22.303246953492224 441.91173044987215
191.56661558028458 18.741318552174416 445.6709161942449
189.7092017522661 22.322356658091085 454.3616276836102
186.3929225612912 31.403219867895373 452.1506529171448
184.16406731211916 25.663227757640147 452.1872209891642
183.31549523934444 32.62200410604935 445.87026283266147
178.53129404610738 31.338072756794247 449.0171485261076
174.20316261399518 35.114047348824656 457.84021418795305
174.28233775432733 30.261083834494045 463.1121150582085
176.65934988209753 36.40300725900551 457.4822280277769
178.7862508728829 45.57397222199664 447.88351130480476
183.03850866046113 53.59985406047554 448.23009458630395
192.64452346923346 60.03169935007189 441.0045214555653
190.4885086894437 64.10946243139823 443.34833567333726
200.10686778440237 63.58232495563625 441.35360655581803
199.43403745167393 61.84745533656463 437.99065490458145
207.50778185812828 57.53904019475442 441.88239266497607
212.05248446616895 64.65540249815335 440.1299902830692
209.5911742314934 65.36389400894903 443.5550576150687
213.75234808375575 70.97015589305572 433.65091310886964
209.75672657192686 68.48345412511097 439.8938227880338
207.40706454362962 78.01771676752566 436.52584478299724
215.5501326233197 76.49274179559401 428.0470867768464
219.84514314406513 71.55956944026812 433.80168155242285
215.17961857213137 73.94254079461248 432.2034848303317
221.34679213151307 67.16544632717705 425.07046160441683
223.41965291750995 73.95580065411907 424.90137407778207
214.0518707230184 67.81571710063355 426.78769228017103
211.05261753326195 71.21204063724925 426.3286030093973
201.35124915752243 62.24908271933994 431.6031818743843
208.84989589891077 67.27056324464822 440.60932669125305
204.14114609761856 60.53248703672513 449.3095888469494
204.34027129281898 64.02986495034729 455.56039673110286
197.00115962315095 63.26302907387746 461.7184717975692
194.5766105627509 55.44411425954356 457.8235719435946
198.35381292302105 47.93073243517327 462.0135295590599
198.7126677199396 41.408073566504385 456.2470098527319
201.4416809856517 32.25955837192022 453.9306996079765
209.0178804481875 29.43385025171123 450.8213220497087
218.44822068549342 24.360212443157014 454.20521112435466
224.62298987618794 25.909047777134617 451.40954215007247
226.81381096732366 25.481371500967214 453.77736137407885
217.43513170681084 17.195182151269755 450.4340969480706
209.1515356117242 21.390607866425984 449.6077663016481
212.9361445511117 12.95055008863768 457.1464321033646
215.6061107023535 8.308571764007528 456.66610417347687
206.6711850094135 17.167095522037016 446.73313253590965
205.29339016438692 10.438924442602751 448.8402364101447
201.97131647142257 10.654073442064323 443.21873506742673
193.03322278434655 13.099757274688603 452.29084596606776
183.943317500107 8.43301653458525 462.2088590570507
193.70511427628708 3.8733025219691157 460.38740726154896
190.6835661360195 -0.965268449261302 459.08199390465376
192.26720342739517 -8.20708310389507 455.64357738839124
197.1634712557838 -4.7925785572059 463.62735746000334
199.26667946585778 -14.430014389220693 457.44867891161965
205.87803763201592 -18.245011833370427 457.37493374368756
213.4055187573381 -8.917379701382137 455.798074931992
215.67237759633554 -17.498414235387138 454.66693519527865
217.91341464604042 -23.666750868102255 461.5075901162584
217.1172771970851 -29.11819108214613 463.5280663317873
209.72056815990277 -24.853228434877103 465.666782456928
201.9696268873395 -21.281134365250537 457.1845529300393
206.59753198736584 -12.860589304522179 465.1748208064793
211.68788149875084 -12.636864618653918 463.8180532682494
203.16986781323686 -22.43891498606345 471.14584088269874
207.8444331330959 -18.161214923847176 475.91858071881717
203.03388790060455 -16.82301275924305 469.1048692575097
199.67979172827685 -10.065826324423798 461.3251803919282
195.2908497836678 -4.841888586181836 458.5996902537855
192.71563938756867 -14.293712947418884 448.9121206000613
190.6051098753249 -9.401324930935822 452.77490525497285
188.73850160789192 -13.715518933157556 455.0350247664755
192.34240523741525 -21.004495421678406 460.4759695740399
198.50625436796852 -17.32691101811664 459.1039085221873
200.2005342398213 -22.115718030531855 463.0179944463982
206.21702571144849 -28.89823284710294 453.21973629352243
206.64862855757596 -32.57271866838977 443.5933524979471
200.20947619318628 -28.93806561712983 443.0042702460386
208.99244022914863 -33.64563968392962 450.528798979443
210.03631647238484 -34.30188724633444 443.6626268605413
207.21127080798362 -41.593422661479686 444.9346830172708
198.15626810651244 -51.300027795842965 453.93965521173294
196.81578193747063 -60.866362756978525 456.9144502132986
206.41787354178845 -52.44041738901409 454.83416649007347
214.24246190075002 -62.09923429261112 461.4507637374637
217.51455273528603 -71.68305679392573 457.1142472465312
227.25893949756124 -77.93356768791676 465.3964993615782
228.1954506405765 -73.24076573229624 461.01211409460683
223.34207769649592 -67.35100609893821 461.8744476755429
213.97662646991992 -66.61255359493278 458.9514308524035
223.1541005277939 -63.81128592130053 449.9664624702438
230.77262678900738 -54.971010985238195 459.6979206508731
240.4005921642027 -45.014646385535485 464.59697498304627
238.52621008501782 -36.586515493189054 472.2727366556622
231.04408518677698 -31.719936507416477 476.0173002992853
239.30187731664344 -39.67269077579441 481.9398273404293
242.86438307724214 -34.01105289488744 476.2733130365935
236.54435733219148 -37.43074832336316 479.58085275339386
242.46078255013967 -47.019148518341694 488.65409973489517
244.33299938143256 -51.615979141945175 484.5536861571183
248.47862886743374 -52.15446827502425 492.3574632753147
253.1882782401976 -54.71615843896402 493.2718920168302
256.20662245005485 -58.603265786977154 497.63340668709776
257.72659570834236 -67.16761175960283 495.51796094464873
258.4671585228565 -61.96646914947781 489.23953640367876
257.96919567895424 -54.26997808421478 497.50910055500935
256.45006552363094 -50.72395702980682 494.1450420343025
249.97790413605287 -49.63818567362925 488.32804406063883
248.2461716823461 -47.55292452139162 495.681431105508
239.95818302233533 -50.22666386372782 486.4271039431973
244.43987496482887 -40.31555878612388 481.0494148206977
244.86355895742355 -31.729251849849994 485.6406820939089
253.46106671892562 -31.105701744673866 486.08360934479725
251.60007989801346 -34.81470281458859 477.6408812601457
253.38988092138996 -34.52220083233837 475.1295793384637
257.6029107032776 -43.769887616439085 484.0031372271378
259.87788435352127 -34.14070679633787 489.3606825487136
268.0537578824874 -34.15885615509293 480.362640836887
265.2920807879372 -29.690950978182116 489.2175247940686
274.577031703652 -26.544899274551156 489.26769075237087
270.06646556418684 -25.192340261689264 485.4432349243184
262.28582600955576 -22.59668036440182 493.86903465769495
267.0074131110489 -13.361272700466841 491.11173582495655
263.5684757288756 -6.510864176832003 492.10668774395566
272.57722284107797 -7.222783427271446 497.70789281427926
268.32608560121224 -16.330831748183435 501.6740909560687
259.065141513886 -16.2232476183903 498.5711953628258
257.9835044681328 -16.678587712487047 502.51354711430395
250.17941440003963 -18.159365153880092 500.7287277262144
258.0420060659809 -24.22875685876041 502.2844400762733
250.2493283942942 -15.598899154452054 499.03753454126473
253.48661410803138 -19.933578061068115 501.7010650050937
248.2152937344576 -9.976857216296413 502.33317528027334
256.6176685514494 -19.900739014484458 504.404512078039
264.3817974016429 -11.042671174369254 506.90174684903195
261.13369325727336 -6.638286187891062 498.98858661366387
252.88403098615265 -12.632432405959749 501.93174288587784
261.1943170939683 -7.895952406148746 508.33260949175946
263.20806631382777 -13.40880406396349 516.4566149243457
263.13054288220104 -11.458685316404395 519.0448923216137
257.18404140706014 -17.332269714056455 513.0036942261517
265.7115042994579 -7.7575495429850125 509.4352500949383
260.8482288714017 -1.592024585906179 503.9078784708267
267.23968995221946 -10.07502479171077 507.1581897245152
261.84480897961765 -15.246201215953453 516.352416038334
259.69316925535503 -7.833500421216745 509.2579979615013
250.8430398014732 1.2636274157014666 503.72815398806637
244.93627908559 -3.7399300442403502 512.1045636874119
242.3311604042349 -11.198943071788662 518.0207901492086
240.73205062789503 -8.09832300417862 514.2857496413116
242.29573729686206 -3.0602661690206094 517.7632767842555
235.97887200619815 -5.0225221087266 523.9605240999273
241.81205406121668 -10.742743705429659 520.920567632798
235.1686709084446 -14.102449432884892 519.2117310647266
243.68864512231536 -6.872461379558635 518.7250074041988
238.71374805094567 -0.6924186012785114 515.712345862053
240.38017312071838 -9.9817362781967 513.3202809258819
248.9123174557808 -3.3176499731777938 517.4838307210823
245.90843503735297 -2.363779097361342 524.7966471803452
251.4960947783556 -6.102035156129754 526.6218181747279
247.501438372727 -1.831390095869165 528.9263818257859
237.70635041090287 5.489774439472229 521.0879169926509
240.977724272847 8.732060408242948 512.7270243005531
241.84003128344943 5.257561446288528 512.2155146272589
238.428167314211 3.787559918238379 503.486005793452
232.0201822230598 0.8798055759337253 503.10853916940636
222.84226022855037 9.761755788850328 498.5474011032213
223.81184525672413 15.443566540354016 508.40313265785363
224.11392734092558 14.629577909552953 503.3837414394756
229.28247816214522 8.520004219286717 497.6738380062528
221.70687162801053 6.788871234390342 493.3765002088166
220.17092743216293 15.573372503736152 488.9190576212465
211.92609879240663 6.414316105766119 491.14017808612755
219.5215837658728 9.170772163108595 488.8323427405422
221.76165273295473 9.88623479960502 490.24496977879556
220.0145321842123 12.619961479247518 492.10725852089973
210.0317348377892 19.848879865828707 487.53892268359925
212.3882278854433 10.967109313047114 488.34464868729714
220.517048388089 14.092906507214112 497.81801168392025
227.67441538978744 10.66267315826007 506.8879219746127
220.70808000178351 7.221636642936997 502.0312301237451
228.14416456516162 12.822190835513577 505.82431204668075
236.54858501049068 11.09346990532294 503.58704805994205
229.64702814939034 1.2438133821892343 513.4694468224873
220.71844990057747 11.087489178392637 511.29716158373697
222.9057102196144 3.3848783789063726 519.4789790760475
231.20158327141058 -2.5280470125338654 520.1384467778804
226.33880380969742 1.5171182053735217 523.4100196686549
224.46552277703296 -1.6955668579323895 531.1146345329055
226.88692929196606 7.632994111472524 534.1736439612564
234.3771108471541 2.763925110352587 532.4990269997529
242.16474513251893 8.765022922023284 531.3522480841058
232.29289339797637 14.884278472565839 527.200138637129
226.77491351041772 11.626495723042877 522.3913795869618
232.60222551015715 4.803360024433356 526.2421378332227
239.54548668999482 -0.712864292424598 534.1639470872253
241.58085694678883 -6.672084880811611 539.7038215578481
244.1213211826419 -2.2915218186724973 547.1673767387776
244.69428657252072 4.249815151787222 543.5366327416358
242.70258404641405 8.805741310280787 541.8849647649288
242.65512871487635 15.785315933309315 532.1679316842922
249.89664110005646 21.3784710348297 525.7890303633399
240.9720947131024 13.464355160114478 534.8484052227194
241.2503164248107 5.167838236019195 528.3407036200522
232.28595361593162 6.582276122367254 520.1132581602324
233.4460968768728 0.9958520240850284 515.0087481550194
225.4995719821165 4.180307969976644 517.4632383317149
232.82756462358503 -4.6661877620009555 522.01696004827
232.1746425297276 2.90013960980884 524.7268735216697
227.18605247852483 -4.623173064079027 524.517560811276
232.31056768712236 2.7510722123026605 534.1395933180532
226.98614163633138 -0.2398719214544358 536.9673969064677
229.48491955765155 4.093018548426384 534.5886330724298
234.2081437650727 3.1045674640117142 528.9413181352039
230.0861108374041 2.701674780226811 522.3817839490778
236.1880445586869 -3.988372281253378 531.202545792399
232.38176983300244 4.81791580671884 533.4989240061831
228.51184877310453 -2.2180264692667873 529.5538363180253
226.4614490533844 0.3218519138151965 536.519284145227
222.03223914930035 -9.585229378454372 538.736965894247
219.17865251479074 -12.727830821815632 529.555682653571
220.58501048172116 -5.520841673602744 535.3002636038836
228.87274262367382 -10.060088552504277 525.8362692871762
220.90392267707801 -16.955237799815787 517.0736336461056
223.68843833159355 -26.269015248548936 511.77918713743793
232.05876548517787 -26.38780466871107 506.565124089611
228.15317672093573 -31.232620056628743 510.19069908337923
228.58805443485448 -34.69698682719105 519.1017686509794
236.52276519851551 -24.848009883336115 509.501140418937
243.950331789676 -15.432817206479578 515.8811301709375
243.27342644641905 -16.07063905728821 507.66446064497836
233.60942639448567 -9.734297564912934 504.04974236688224
237.7676158210024 -19.687958070020308 504.8875707431079
246.95098343565758 -12.574101586175171 505.22826668091415
244.30619184375138 -15.096131952797403 500.70922535188237
250.67943511725676 -21.06133048233395 504.0744164408568
251.86085380987242 -22.299777970368556 495.2996578637596
258.221159263792 -31.857306921516468 495.45617704958204
249.0489583016348 -40.725989453755275 496.5332950863147
257.0172255689404 -35.59592716715323 504.513477754883
254.81088720256471 -29.824681546182926 506.42163174002786
253.21954185619396 -34.796041104225964 506.5324623978743
260.46033065488734 -28.317279670109677 507.39322473318657
260.64522000077085 -27.965016102503704 499.4497099860015
258.899074167312 -37.029478834176544 508.8657499679821
253.80904837072154 -30.30081871378748 503.95379383787207
254.9055863377314 -33.032329151569584 504.03310310441253
256.7383308838099 -24.27326298252457 497.29672773282954
257.45033699431895 -31.106625773447988 488.4296887567611
249.17984783342098 -40.90335024084912 489.27108586372793
240.25114579456982 -34.80154302567327 497.65570654015374
242.60874051420035 -42.38254841488068 491.9440854304785
248.85246821251602 -52.10171576342328 490.9246346622464
257.25319131025606 -42.911795453058104 495.67897238740096
266.0660727897744 -44.04633187746732 500.9764433868481
268.53715138296354 -53.403711180602144 509.4051574886264
258.9076880464492 -47.524958520564034 510.4448417535459
265.29767248611154 -41.46776552291665 503.61270627417167
267.71833801007796 -33.35822432024428 512.667782434783
271.80257927531324 -24.782663356041944 507.68015121667327
272.8405949230935 -30.345031489967063 511.1988177921987
264.7818061428117 -36.98226770032609 511.1795098753874
271.76511412311294 -34.80383217078936 501.59085365133404
279.0475895776883 -31.368619436676727 494.7327734509996
276.2354781179855 -25.32620925412072 492.4810603082705
273.24676953890577 -19.966152585501455 491.998791381476
265.525405163135 -26.909197451373082 482.87074366999263
266.8096693041836 -32.52106364006299 484.0644558823518
275.1623365808366 -39.85357848253528 480.5918934401817
274.550279463882 -42.563650836892066 483.1972632870084
277.9953475644014 -39.6342650813633 490.3328710534074
281.4668867777874 -34.27434214268901 491.75784774283625
274.41288618397283 -40.553684387081766 490.5130628778813
266.6492338676287 -40.375506587947754 490.7235042624378
262.20566776974334 -40.842157891418815 482.8413605536767
262.18173868295156 -48.850298640351646 480.6688620001641
270.2099519723101 -40.6133484755821 472.0485571024806
266.51415798665937 -46.540573445352564 481.51798284363394
275.5468828055885 -43.05822195500441 482.84610695436476
279.95791061160884 -44.16997932073132 481.63542957283136
280.8125873593585 -51.46857628947821 474.41971186553405
286.5004244095445 -57.39193168065628 482.43684585528024
278.5557755819889 -51.860269892762695 472.74898472419545
273.8924690291085 -53.195099778394514 475.11988839786824
280.6287698488751 -51.32952672853988 472.0080008672354
288.27042420823943 -50.89196757946701 468.68271138695246
280.53683682139103 -52.31108912128387 468.681210379978
277.8359367905414 -59.13233090093421 465.20523010165135
276.94852530505034 -53.37200547732169 466.68996444070075
283.46852396773585 -49.21951990020616 471.56676974727156
286.70001970193897 -58.691863224349056 464.17913023667654
277.3270299358234 -52.90862900294338 465.1454175582284
278.44330855878076 -58.73375225410075 465.48647537271756
288.18179563929624 -49.58341680081633 463.58073250198225
295.4677873254388 -44.35800574217111 460.50392786128333
303.4002594762991 -43.821615314750616 454.67843718982454
297.13071054809933 -42.32653927010618 463.12230141916285
300.67501592584273 -49.14946876406818 467.4747264766823
290.92786071584226 -58.35426588703872 460.4014737274141
297.3253973013183 -63.239815348137846 464.1708269458658
299.2851402623565 -69.39659599371333 470.00868143255985
299.5585653721997 -69.12221849798387 464.850765133239
295.74520595047073 -71.01272562413888 469.12837285673396
290.68354918798633 -78.34464386514236 473.5185731372639
290.8717394022443 -70.87745661182592 473.093299374105
291.48620528143505 -70.23013471625522 482.99004007557687
287.1646980731105 -66.83354392637334 478.24515882663553
292.3869414160416 -58.35384530269489 477.0069465032908
291.14674080565186 -64.48794353162529 475.94814048148066
292.55001663535694 -70.0404328655495 466.42778617559446
284.4892960570203 -72.9264205823753 459.2957871248235
286.18105532682677 -66.78221382637842 451.1867582898494
277.1950342196719 -71.34241342699495 458.5809361413437
286.93224910337904 -76.0918064576949 451.5464084283131
280.93613454620487 -72.13688723164249 448.8207405006914
277.0651094352795 -69.9882905848546 439.2003894723232
267.3683764026092 -67.6025724643649 439.4535999997477
262.14815682011175 -76.78514953454702 448.6674585561681
260.19459270689396 -69.85185341763476 454.21099474195177
252.5136519893907 -68.95098158722868 450.09864968614
249.2066940328378 -68.37672486139917 444.9446621115118
242.4366787884382 -73.2575654100939 452.16393421026123
251.8523651724624 -71.61327047066372 460.53912054400604
259.1123370318532 -75.0100116146307 466.97794062091555
253.5338102684066 -65.36882409080539 458.16139408883237
260.51268306904217 -70.22478505422987 448.614997559165
254.71789006856176 -72.41634322566989 446.43850020196766
260.2445473663101 -75.39616782568235 445.6960575012135
262.6710057344782 -85.03500608819274 437.1003544970022
253.76825180717867 -91.25028723148401 445.2761305753475
254.45004527788066 -86.48788583597809 435.58607370432213
259.320738952762 -90.66738730100296 433.4900014445132
264.2463306955353 -90.94069827883587 435.5103555284562
265.36421070735497 -82.06333612929484 431.25102198614593
270.82509193761206 -87.19423794865332 431.59102066797914
270.7071048286584 -80.89679479941668 431.996567243039
280.3939171675806 -87.13531158329614 432.51135503970454
290.10584957664014 -87.28835654633437 431.4440617169195
288.20572353538364 -90.47139998887612 425.1305529320757
281.88673426156214 -84.21537386662595 422.2768497035462
278.6344511404707 -80.38261702499067 414.56518623120604
287.5952825090036 -76.39701226647968 418.6586934118322
290.9164149099707 -83.91460099508836 410.18955079306176
291.1518535697426 -75.71840631629335 409.43363183195567
289.3295974778678 -72.83208021579821 408.26586480739473
279.82092282910855 -68.4601172256363 410.06438034167445
283.7080398930567 -62.49238543342101 410.8358540955347
291.3819828599512 -57.42231177588697 403.85679831916906
292.1449853981309 -65.43169587602847 394.1235828888752
293.85146911384805 -60.52883891406852 401.86464249955196
299.3573763154754 -69.35446544927325 402.3843628701958
303.0542526231664 -63.91166548800231 397.56775525302686
312.5060330924997 -61.57748730398351 387.6765906169354
313.5499270052329 -68.20388540866475 387.2413109409539
307.5430252560975 -63.303285326401806 389.58853881795886
297.96246878658854 -54.340333666445844 381.9960877220689
300.4134321989356 -50.93481465715382 377.45775981271544
302.5426902170414 -50.63372807259921 386.0952070460336
303.2825294742244 -60.37764835157847 394.3010062422458
294.2768816669581 -60.6535822663444 402.1969942801055
285.18992493341807 -67.69901749805453 398.6857017967822
275.7134706550424 -64.82265536122128 404.39765872144903
281.31348491379754 -73.13683725528284 399.53336544977606
287.86795514387063 -64.38269200044141 406.3217644414392
295.47905525004813 -65.03923814835312 404.9903821263898
300.03876255976377 -57.04834155740016 413.15064484212286
306.4390987129774 -53.6280861412696 404.95445341476756
304.52029033532096 -47.06133833465367 408.0681139935954
308.9897662478031 -40.57109549181723 414.3661905653435
307.25172252128556 -45.32070263482283 422.6460131954728
300.5439683999966 -45.67336638925023 427.0369317198249
306.76584652316075 -48.4163726043584 425.89774955431466
299.92385218378223 -56.82260514468721 433.8140809278585
304.19922591132155 -59.23084900659151 439.36868449248374
301.97715126037593 -68.49751096855543 439.0739000967315
309.80513437773874 -68.41482143252705 430.4924817494098
318.0261110677791 -72.01986048496374 436.4427022078849
321.29266628324007 -79.28635140575558 444.45236203424196
330.67982970294196 -88.98890936927614 452.9923370338968
325.052878744483 -81.55185525212566 448.87826351059346
329.14585519738074 -90.47559352270144 441.4801604093839
330.874660807898 -92.97530700096219 450.17641299910247
331.70458407129615 -99.78361608318977 459.67414964913047
337.1746291338109 -100.34081546349084 452.3114990710369
333.22951080300413 -95.83718816944905 457.6026258072097
335.3129282445642 -100.86102749234222 460.1577640283325
337.17949796989507 -93.50225503725122 469.0092581409826
329.78351815366045 -102.54328355832692 467.2224464917844
336.20071147364536 -112.06682849884069 467.12782739131615
334.0306373291279 -117.38152954725528 475.94053381666157
340.28070983438226 -114.86611287566444 478.41219594835223
334.98967026571 -118.61919088184338 482.07986737506656
334.4401403461307 -122.59510509159865 479.5215624147692
330.15939722381006 -117.20754702881081 485.5239316189955
335.9352081322811 -112.73162517031973 479.4549005351847
345.8230223846168 -117.12695196856014 489.2931027972818
336.07606673510594 -125.66015507442636 497.0085292912392
330.861319879727 -116.38144509720576 491.88244062380426
331.4014176547053 -113.03016176057369 488.77368115073585
325.28196126717927 -110.2107313300629 497.1286443777447
318.46890093935826 -104.04739165923253 499.5214247046882
325.3109256916639 -108.21159955510714 500.39225582223554
320.43880075354355 -111.1477436683388 502.66044535532706
317.3664382682615 -106.63913992670838 512.5725969935881
321.62789154678234 -114.34281725284296 507.2382161220183
320.30765465138944 -109.26597073371332 502.36552337854846
321.80523203764636 -113.97399858940325 510.55398105641245
315.2382999925088 -121.22157832817275 512.0101119448602
306.7806594463941 -111.33979782645633 521.3888987629767
313.50215022902813 -106.54296089013792 512.1077505193616
311.28825636442025 -108.70634094444867 515.1491105202662
309.04855287452773 -118.40027255221759 515.4715623078328
312.7092540078371 -115.47513346081408 525.4488083403528
310.68925353020506 -116.11772298815995 516.8750723634813
308.5207184745211 -120.02098066841948 520.1239909918675
310.68872353538535 -116.00778517559984 515.7435079335266
306.27368261485276 -121.60825958326144 509.202596508657
303.08414201721854 -118.03151810380551 516.7693251710277
294.9924573220338 -109.9324002467554 526.0156499457536
295.659609384663 -103.80358888779813 535.2205964134259
295.38243612023797 -100.75714034516169 541.8687851855577
292.6664325796309 -94.31410886765205 547.3690873782591
290.13418660517135 -86.7475615389559 539.0355571778259
291.25845633738936 -86.183885198578 547.9004153381419
294.66975828725066 -94.56009430355232 553.1724249175459
288.3878328097819 -88.14756362165268 544.5893480163828
288.68139902182037 -88.125495039099 546.765690836382
291.26284945199336 -92.12822620473307 555.7413732896566
296.165487928171 -84.66876293845002 555.0003571760918
289.7014579269666 -90.91310865964624 547.1270587692445
298.31219391023404 -91.0973243388466 551.8468907457838
306.4204772621703 -84.43318409432851 544.6939235028578
310.1571340496085 -92.20478002172973 546.1025439424745
315.02589994249394 -92.08338016718889 551.9980180397314
308.1064668146456 -84.94621759982269 545.5704427110975
312.4246529005643 -83.4214074086031 554.0329575675413
320.979009622719 -75.97483579453845 563.6432753033733
328.82255821304204 -85.27294771251712 556.9956164572643
323.4882837812909 -89.58603660336276 554.5295868903137
315.2211519174005 -94.04484771007978 550.6953007923361
318.5155804770894 -96.34755117707118 545.0283587113665
311.3197843094644 -87.81580768120911 541.2895141100423
316.2554196036708 -91.43148934834993 540.5958045700729
317.1933586236179 -89.72750364279133 533.3701544539828
310.69478665331087 -92.12088367676888 531.1724614795072
316.8105841290386 -95.28239965925675 524.2562475401478
315.77638248191414 -88.34337119793608 517.4450158798514
318.1150541710448 -82.1986462317996 519.1447744809932
308.4292141465569 -91.66504726570462 526.4088080236131
315.5873201450297 -86.73200687999525 521.1041868184625
321.7917915533462 -76.8422443177798 527.9786778831505
314.36018759195935 -83.46538794572368 519.6367808790912
308.33248985633975 -87.29617391209052 517.8356090584531
315.71579757434694 -80.70203871958114 519.4134720685713
321.7374564577827 -86.70817256918895 520.1893114440753
314.30229971713385 -80.3413912084315 513.478305764063
308.1140805688427 -80.06724786489006 516.4675649369601
315.3283786362094 -83.51815814490014 514.7462318526816
324.68732647472854 -77.87229922769161 516.9138619238287
333.84754456549024 -72.97592173199978 521.8098915713674
338.98964209182543 -70.15038544357257 527.5310789895866
333.2053692738096 -68.18118964542596 519.9743344610604
324.33263298927386 -69.736190457743 513.0693598111243
315.06907817312464 -74.71470535062453 503.63817919987906
306.7477432317802 -75.9712298884009 502.6191695996926
315.477051761796 -78.37409220930812 495.0113799369435
319.94856664504067 -83.85637804597498 499.1156681652806
327.0401072767997 -92.33211883290795 490.8180215193037
328.15716393170743 -84.68306684651988 487.77755197552807
336.8745083783608 -77.94944233912749 486.0412226720055
343.1000040657841 -70.39466692285977 492.3988704254362
340.70209769001195 -65.32462719360029 487.93177919657074
343.1780562826691 -63.124614357536 484.54048930926666
343.6304409820517 -66.25861841673962 481.57853422657
336.3770280359449 -73.61894007865811 483.31930513645807
326.4951434061158 -70.02810752870627 478.9789195384192
332.2547743627083 -72.32689602082316 474.4483627228239
327.5517433151658 -69.41533539773141 466.9329483437091
325.3657040523097 -63.9602401454557 469.7674618613684
324.96087760003496 -56.79917241689279 469.0610743583094
329.02477128250905 -54.98675972984234 478.0876932160792
320.2469385980356 -64.90504684789099 476.41361554066305
321.02802618512584 -55.47103366872682 477.01707392751763
312.08282438346066 -62.74783948476678 478.2988379963464
318.2750396066909 -72.21472895887365 487.17726363918393
325.38379778477315 -70.50636012117246 478.91150771722295
331.005929529847 -77.73835317091765 471.6984305801682
339.2294197913359 -69.67546241629007 471.95359104776406
347.48945211047254 -60.54871652118333 474.4971085053889
352.02405395185764 -68.46843322041913 468.20242316575167
352.1203232227056 -78.3309451475065 462.8042379587447
355.46985213185053 -86.10571264424965 461.68856452632247
356.08971240667086 -87.0457095176113 468.0720016962639
357.0019362960767 -81.00808979564582 467.1113990811487
363.6671587813477 -84.07452910788855 472.19751764997034
364.8689346013274 -82.99896930571447 476.3852142005365
373.03461229654135 -76.56636437579992 472.73638786931696
381.7840650411861 -72.67380696012637 470.2434453310265
383.61840952607866 -77.7164042418641 480.0205835899386
392.8530030045247 -77.72588514522657 473.28470712886207
392.5740241404816 -71.67722630256173 473.72271222077404
383.4821764062647 -73.26424795951444 467.9130718653114
381.4813969228775 -66.21572074790912 463.3608600935896
387.90545855801406 -76.05401133150625 471.1758890843381
397.79351173007007 -69.05746468051593 463.9907883708608
394.77194538861323 -67.84571801020176 458.0084852304212
388.67428243258587 -71.79330122029899 463.2823443476734
382.8773118960883 -68.81455557412147 457.7136669080721
384.6575323840604 -72.70505078103785 458.61135862376636
375.5738781947547 -80.6246315686877 449.78229089377777
372.99854073157826 -76.02157647199166 441.8743473128862
364.53157789405327 -68.7612887008077 442.57550112556027
356.1060562328707 -67.58426693987408 436.9331142514827
354.43588076169374 -61.01065539223746 437.5647891157533
344.9160548781726 -67.13355404922495 445.0614761094978
353.5132833812584 -67.33055068725008 450.78165335487535
358.4374676072684 -70.47104392520886 445.0638072447872
357.24187022322474 -70.61100004172528 450.64909758031223
355.9246518189199 -64.00866669227237 446.464524280377
349.5755178130977 -71.82562093614924 451.3719698075082
340.0316148771433 -71.95011144852232 448.3510978622302
341.00791607592953 -64.52836635524912 447.3502911375138
341.24162965409556 -59.82508649286859 446.1459534540848
349.3546955076528 -53.317265121800894 437.2063243144326
355.90429213481485 -45.33723116572341 434.5514762538687
362.16196201100047 -49.080402174702314 434.26545940767517
352.25366176134 -47.372923585283935 437.0880072101227
352.6173068810637 -50.37711034458675 432.1425760674906
352.0200569390765 -57.637736927771435 434.0422954184547
348.3483575530973 -60.15454263290043 427.0371074737368
351.66148810906833 -63.494130629733114 429.7879068618574
351.24574612354286 -70.04883169359621 420.25549261995667
343.1990888207319 -62.86610665327207 429.59449193756086
345.7460995910776 -65.32467254211457 428.33821118075485
336.9843509540064 -58.7177781733451 423.731331405163
329.14275597766243 -68.06388440532587 417.1700616176743
323.6508138904346 -70.18799762817135 425.29367178505447
332.26867864661284 -66.49019153374496 425.7801954795062
333.91784456165175 -57.30499550704489 417.2952865801842
331.8194876627287 -55.73757135949343 407.71977366258926
340.9154478731536 -54.96216379839306 410.66051227467517
338.64397737058846 -52.747461522868115 401.59705982932115
336.4523248868179 -43.8087347628377 402.21306512680485
330.59353335724194 -34.301058412406235 400.19585855091344
321.74616252481 -28.64067355321409 410.12016253797725
330.99447270060534 -22.57036195144513 400.32743781810973
330.2506458978996 -24.663490203502572 403.1085959028985
323.77530055076636 -29.404236554121585 407.8516555810763
316.5990715912159 -20.158903525701753 411.40045920243483
322.482501967937 -28.434814098503956 419.13186264767086
319.6076609181168 -35.21244200770296 412.70420202768463
323.80573385303467 -29.212499249071 422.24584379045285
314.57538544455304 -26.74067716117569 429.62629474975296
307.99494186466717 -26.498967101193955 426.2146941351214
304.3199026378822 -31.675909070237807 426.60055306256794
307.3623786393722 -27.5636137893938 421.4340704390311
300.8041208861617 -27.084870291538763 419.7449647828575
306.4420226907723 -32.32562122332217 427.7142680036206
308.8854281141008 -37.00797384220021 418.3873874124407
306.0164467145321 -44.0973427072584 411.21109600864787
297.39240947550024 -34.894468619702934 414.9271818001322
304.35052429241216 -31.284149273158445 420.9419384878015
297.50776242988036 -30.63334979255259 415.8562850014143
299.4667640818276 -27.633979677436677 416.5291948759653
289.8492711780891 -30.51643480874658 407.9543244474205
297.4252573733317 -33.04066253109152 413.98177096839567
303.3129808765912 -40.93487103124382 408.8720036326313
294.40788136857736 -50.74806737475357 418.16226588490713
300.46227243722205 -45.06221082586363 409.9848987558897
307.9398687466771 -52.10760787901702 401.7398523208441
309.78933333439625 -46.52654510030869 409.6498038939061
303.5520686364242 -49.246875734029494 410.05496286592387
298.45185457489606 -42.54905123800614 405.2083307447814
299.62175608123107 -43.50241090883896 399.84154716622606
292.0966214218062 -34.953102246406345 393.2560950488555
301.9444055603216 -39.16433743891853 393.22441224423295
308.40898380604466 -37.838275694133436 398.97889659395315
303.68882059850006 -35.10723625533288 391.41284630479333
306.40064785376376 -29.858323604659446 383.88629707510205
315.30519994786295 -22.852543831925956 390.7210833626492
316.95498580125775 -27.5892942460267 380.8543287744565
318.09482697754447 -35.78122382611641 372.57600776937136
311.8021963534589 -38.88301257289558 365.9106184238326
312.0884966426788 -36.21290681375966 373.3620728442388
312.50217761218875 -35.3937421913826 381.12398639010684
314.7080430937261 -42.300957981824446 391.0165313121243
312.2014865071921 -33.75985020093827 393.3179108170051
306.388683180919 -24.57777542578288 387.63186765553627
310.39669181325627 -16.419810574770917 396.9000979528437
305.6777494894099 -26.18862863101288 406.7691379104153
312.2976969524975 -26.204639841482855 408.64801583297844
308.0124130047337 -34.6733106596885 414.8495487013799
302.3632211061545 -39.82066656412172 419.0545827347808
298.62207584231896 -34.31954134952635 427.7366232108471
308.2471229450405 -39.343706193780726 423.2204264457958
312.9919487522525 -38.58725087393677 414.04467587310245
316.35261893294677 -44.92085488911166 414.1384149268132
310.0378794065727 -49.02385649231993 421.99684752539883
319.47376619231403 -53.63682355512492 428.18693631824465
325.832299902438 -63.11396606877558 430.3619066926323
326.0295307075063 -56.2493247017168 426.982670995662
317.4315235807438 -49.929479112978434 422.0743677405894
325.87814959836896 -40.43597386835876 418.0243530419967
329.3087874700882 -41.0264266156643 410.5345455625615
322.5152578027132 -50.00757534557973 401.56470015068055
320.5347161318071 -42.74615900509861 393.3576762834667
314.4290813525749 -44.06309435561325 397.5516283163027
317.29537531073146 -50.01597239984095 388.2420925662363
318.725595034499 -48.91490748271854 384.4656953922915
327.2881596623126 -57.99448159366758 384.82066317968395
318.64297587102647 -48.25906182925812 394.7170145617054
317.9057072347251 -45.191822420951695 398.1642961703519
325.7769997953169 -52.65966815760754 407.05574283421373
322.26319365897785 -47.02088057418572 403.7030982782796
329.0651596615962 -44.16157038981231 403.90518300737943
335.9862980777293 -44.80475620553407 396.5917314870644
337.60080789059805 -40.815423670821026 400.20481603669276
338.5233228157838 -49.2915215705918 405.018239844292
346.5085350571584 -49.52543089337135 399.0381799882578
350.28842595318355 -54.715583139625686 393.1237161193716
353.50603078536193 -59.409249407861296 396.55195015662946
355.4316021943468 -64.0743728708482 387.84321208292965
347.58372059604926 -69.16272847831488 384.90066849568365
355.8241925692617 -73.17825248711037 392.62548282163175
352.18579161774295 -76.35157396830904 397.89836523626207
361.06381991064495 -67.20610245619743 402.38049516621845
358.84460924254813 -66.18034864750092 404.8627602749478
363.4846455822929 -57.541975276418086 405.48666097025125
355.9873735571676 -47.97311828264963 410.84702262734294
362.549334814373 -39.768697641905916 407.62410798228376
360.2735480650197 -35.9535904831241 405.87886460665993
358.81717575037686 -39.829429287945125 404.9443097421457
350.35280078974523 -37.95312481365043 412.5635080111605
345.3373625393861 -44.24238014699723 416.348265789387
348.5699003811045 -38.10259150757338 411.2501552768647
339.5841450897903 -45.823356163308866 406.66143394173156
337.50654112258536 -36.29800155286499 412.7398417269184
332.90672354597154 -31.781228210677504 418.5301534548942
332.9438303587728 -23.750648556140092 422.39255508941784
324.638053540926 -18.37140972748867 424.5455203295823
318.04535780511645 -19.660176405282954 434.41437113655513
310.7911397919805 -29.164152758041162 434.49841330664407
311.51379314289323 -29.64241926258845 437.7563252833883
312.784889291354 -24.667543481656097 441.9314243757984
306.3609068435715 -31.475412818912204 432.3969870252821
299.63659022818126 -26.023770990700584 426.75743442213366
302.9391176036954 -29.672553513422507 436.55765035776017
294.35263471555635 -34.99600583844072 437.96029345916145
293.91294063901836 -41.69929411736899 439.13391961977516
289.24435694085 -36.107980064724245 429.1773915835647
288.4416597474568 -33.36755883419345 430.2174116074037
296.2672214593713 -29.48475387598765 433.08895225929933
292.70638926402995 -35.78684921745877 432.4125991785033
297.7132815786714 -25.828047001250944 442.19403985917893
300.9034478443639 -24.000113709743395 434.284126404236
302.0567264687102 -28.690668114174535 429.35208106953206
300.79882909258833 -20.754949409776803 421.8308912247149
309.6623190508584 -14.82375219468865 429.6937489658692
299.9080371076337 -15.57837154229126 422.13989205649943
300.1391010586185 -16.362962508549472 431.1898319240486
292.34128161821576 -7.198904008068839 438.0832979582028
302.07240647248284 -5.226636866015758 441.61152615327086
301.0338860629292 0.4344357720215548 439.6985447001768
292.40153342373094 -6.315995220714701 434.7926521025309
300.8317372447376 -5.19051595906701 434.25771680275454
299.75305329134545 4.745922184676516 442.7411907263596
305.239173448762 -3.428458138960945 449.4506674015583
315.1594906811041 -12.842125503823924 445.51634241329674
305.97387795758465 -9.818899160617796 451.9664294105989
300.7851602404328 -11.62335049551357 446.1880881383679
309.96440822745274 -14.164640781437873 450.7555899807995
309.49816506705747 -8.028415532453407 455.4340943123475
318.81703342438567 -11.47118653231553 459.4719463618128
319.0396224152658 -13.009794888351967 467.50403395515525
319.94407471283455 -10.907121347645884 476.548760154455
327.58707662521493 -16.123987322395664 486.4976015842827
333.68666266069533 -13.558474294077106 492.0449434620833
324.6688769553311 -12.088431565490868 489.33838522099745
317.1985464751096 -15.40018207009983 495.98365000647544
311.7173740422939 -9.42392342260997 502.03996268550225
313.569151775753 -14.647586691369614 510.9762073025851
323.2076462356116 -23.165894033284538 509.75627529906285
328.03865060844714 -30.583618660486582 511.43109006853155
318.13449376994635 -22.60367002485725 521.3619924026221
322.11418827869585 -14.454350028347061 525.17134971412
323.2564914124129 -15.113897071743292 533.1604459889074
332.81645728537137 -23.991802954141107 532.3795823534816
330.126190759705 -28.76417937798415 522.896749404835
326.1400260586765 -38.23001526722192 516.3594561281416
323.6132268292957 -34.706403172494944 512.8108726407993
326.22497533543816 -31.355908943327837 517.0520160045577
326.1407293662153 -29.83881843186028 515.4752386402018
335.96519601635123 -25.345893739749954 523.6707352346284
342.2484148893705 -28.355949518557694 529.1974259317312
334.2187161486673 -35.56229385508695 525.891807007834
327.7936059399692 -32.26430686351253 520.0844698197972
333.94008877051147 -40.77520931925963 519.0052544009662
342.686446410256 -36.69518498822089 514.8293065995471
350.01683314107567 -29.527172663838506 515.8373382552795
355.0498676140859 -19.73182840969963 509.5257348517357
356.9881673739146 -25.633762754110645 501.74106623457874
348.7767454141912 -15.760165319764681 509.12846498109155
348.5367858019519 -7.644948638985719 503.3435331411035
357.04789329795193 -8.592125649519698 496.32073024871363
360.25862754534353 -1.4228673580031108 489.08524365960204
354.9544523453058 -0.35192435304263237 479.3183569199547
352.52639003072125 -8.592651631821314 487.253999983361
343.5805571059916 -7.9710423560761345 480.3155592590887
343.94159521939605 -1.2316903973342797 470.80141920861286
346.42360141346853 -7.980072244763068 476.3708059516144
350.67513013516987 -1.8277296496295925 469.11759836843027
353.55560804194624 -6.274246526497585 477.50739883566337
355.3677255505795 -8.143935512926573 476.50038385920453
364.22840538970195 -7.520785709251886 480.38042446347526
365.85246469955524 -14.642097835267649 475.69246528533654
370.1698192890236 -7.474465098289322 470.2489250732204
376.6235940666507 -3.7032695916247778 472.21156795544005
368.8637459668831 -11.30949636268266 462.79904171716095
370.8219783811448 -16.41083167567468 472.5416761428935
371.01297443227844 -10.86568371359528 477.75179437693913
364.6625834766692 -5.995700288459842 478.0282668233244
355.49864326525875 -2.4785148561619685 487.72755630003945
351.9919378651089 0.08268657908652166 483.7219930614948
343.10935075344344 -1.5758074585137782 492.2980124107072
334.3282813644794 3.2635321008682983 501.38021802271567
332.0063248144054 7.793863911880344 502.8754114353525
337.8862171340289 17.749555621940598 498.00936996449775
328.36391144832044 20.172674592613603 502.1209604095295
328.1118698208318 17.93518014009262 510.92909960085905
326.4907188337358 15.278936955875624 508.46147024211245
328.1493256250213 15.225658375807797 506.6823804446777
330.33819604493993 16.993066888931317 506.7564222803515
322.16574180250814 9.827002671062909 511.8006417306276
323.3219324802944 10.895555853532816 507.79312180420317
314.65770371218883 20.862012899845872 501.92120829962454
308.23541647131754 17.80890227806913 494.64250602361176
316.15434898640785 21.670608966223654 499.0059280438208
321.2721067640116 15.185437227375528 490.8068103139448
311.50667920436473 23.382017315601693 492.7706991636657
304.35390595075273 33.365910052603574 489.4866501497822
303.0579030009008 41.55657929358097 498.89940148039557
299.11944619042845 41.37585959514601 503.45135547003594
293.47323274118327 46.2635602972736 506.4024085936844
283.74887379291704 54.98073549037535 506.9113435882224
290.1111691311616 48.97381048112863 516.7599420124484
285.7920291035289 50.1644322275038 517.0819511979441
294.85323579474624 48.18432506045791 512.1547926072666
301.4816374129676 51.526425750318914 516.6504752669538
300.4564304815943 46.165208550621145 508.833536290535
293.15755605102777 50.14210477405556 499.4689223839548
302.4159092034729 51.301836973229086 497.5363974563948
301.3978396720626 56.308351972404104 496.12856016265926
291.84292803208666 49.52186913229956 488.35814060747185
287.07608162664394 58.33049391317807 489.3372716845234
283.84667099850265 50.59056952710358 489.9091958801649
293.18663461741215 54.83039648625038 491.44629577797696
285.3923937213654 60.99507610426951 497.51811005550377
282.69109381869 69.31726669701195 504.8214429733956
273.7957099010151 59.583776450357924 506.7022795191075
270.9634163012579 59.87287687261536 514.9061088356262
278.57618516905006 52.97214369704722 521.7794566612537
269.3257814530175 43.06132382081518 527.0364005487512
269.8796157985889 40.23847140299549 534.887815464705
272.4821805004528 32.12099853975954 528.7709708985013
270.42664355223525 31.869866113736432 521.2340252319942
265.54211166969117 27.16672498162098 522.7696808201717
265.6078819813596 36.891320281599434 532.6235441007274
272.382176772533 37.44795424036188 523.9024816208542
277.0950853002575 41.54216466956091 519.5118262873888
282.29698450875117 33.86909462931733 521.6553078555828
292.14672154804623 25.638879318519905 530.398620416229
300.2854852231366 17.36958379141869 523.4640167950738
308.7185452489027 10.035627142372853 525.8481860984284
301.491370069689 13.399606051032352 526.0842399708516
300.40360559040386 12.649676161107454 518.6246383963775
293.1650254356837 12.51752253948363 521.0979963927401
296.054865882162 19.55528682366009 515.7333624576257
298.5745343066941 24.951530142506478 505.85907643684726
306.7800680999195 22.310214554263915 515.3928710347775
314.1405085425235 20.19718417662543 509.87961818117554
308.103980537928 17.518848418761486 502.25982036655404
308.7052019066879 21.337567443753734 494.45288989131103
301.89355963667293 23.765203533920836 485.7281448920227
302.94315448502147 23.766871382343464 480.8738546538009
302.396258975618 19.5994013906789 478.346034584192
311.19053042429266 9.895687817400752 481.3213233499871
319.77424487576235 7.826712859328422 484.1938674592976
326.06947683451136 16.84915133607025 485.6156704189784
316.8296819333284 23.430795151163473 492.5746499181725
307.22981794690764 31.610178731990324 502.5302951050407
315.5623657619154 34.06674892177115 503.4653026421794
313.97235326167635 34.53674498235852 506.90390057800266
314.082899020322 30.615782170046433 508.7755182463283
319.8308941668784 33.40579965354932 516.4530152938069
315.1092449857429 34.699268837424086 519.9365088151792
322.1012510910996 33.85180854790115 513.4930474992609
319.17296281606656 29.105338606332992 522.5968575444249
319.07891327757835 25.86624717462963 530.4152577679993
322.1449945947813 19.262383840193003 537.6856957018224
324.17774676639056 26.16939127273696 532.1143421128731
324.0747919423235 17.67112717440793 527.7567361839955
329.55716793450244 22.77373503751291 530.917191068658
329.88070478408554 17.116379907832293 536.3689450112876
323.23117390465586 13.070767897479936 536.7148362395097
314.855063786756 6.538932869760292 534.2510686623999
321.82173777834396 6.8963160034260484 532.1724245406186
325.8082552483056 14.692886077451263 531.5991917758331
326.9544807212766 8.800817924712206 521.9121689751373
334.57375479670515 4.230484469308712 514.2501967695397
344.29133768607346 -1.8996695855468513 512.2607275675157
337.2279623713445 -10.920189890552802 515.1037982498398
345.3895636246374 -7.544984878443303 507.7511224842174
339.6772346688519 -5.8493578958582555 509.90292940072555
338.96677835294173 -5.849821428489118 513.6368639105366
347.2342059648401 -13.850993442495755 509.30637869207266
353.5341800593344 -8.17310129774602 510.11693711652606
358.0749993727271 0.30067095521727083 505.7176076733134
351.0204247197151 -5.757385712713438 512.6613490413284
353.2902632721276 -10.970412756008795 521.4984076531662
349.96771510325766 -17.512754868378064 528.8046282939026
357.1034745498844 -24.59822707586313 530.6962684473625
367.01443106815464 -24.276122918895055 538.2704952346505
371.39428825043245 -30.809587557628337 541.8495033968318
40
342.3234158609857 -120.0823836250074 481.02936113219494
355.51055629595754 -117.29993720412851 492.2628006763396
333.2687228696603 -130.90116030723374 502.26803078517116
340.24113341691157 -111.8524938761419 486.05641133735605
338.7294986088491 -112.48935913407898 489.5382459859802
329.7905518522054 -117.59430603083541 500.7867234985208
316.6431485369259 -102.70608735970642 495.9595099841067
320.4464555814571 -114.79055893818153 503.5449979222718
324.8037895176333 -120.01669914838075 498.5029987430952
317.42549543656474 -101.9168730736078 506.6482776509441
322.3324780568832 -122.12056859055868 509.9078036814468
312.53289064280784 -117.07633879393181 497.7954932270715
327.5002744834693 -106.71151217466041 509.45982674404064
309.85953241826775 -129.5176109778856 521.3439194406953
298.26918767839805 -113.99085249777312 515.2352850795917
307.5562272771287 -112.78155702056777 521.5674110029681
301.36826342433875 -115.07197661281127 507.7546428102899
313.12264209634867 -126.2631929272633 505.5389104173992
311.738059608186 -114.47031311385004 519.2516884925878
305.12872067457465 -116.01514968101517 520.7772915374234
315.15953109921844 -111.76832278839724 514.2632810101965
315.00685080865435 -117.11406608512702 506.25285180427153
302.8743377874241 -130.04407016524692 514.3473769662438
306.0847323494008 -117.28698398998223 523.0332104460169
294.3059886726673 -111.8086860645458 535.9107635844505
296.61656324418107 -109.94405441575711 534.3277166387352
295.17733778778654 -101.15426929162983 548.7433897604424
297.7806174810823 -93.69927728025851 553.4232320195739
295.93332292758714 -81.83802409462842 535.6956585186642
286.2469438267103 -93.39168510198226 552.7567753027295
303.4829473345608 -87.0709800334287 556.1802836185971
291.6092948361588 -83.25886513792433 552.9959365530942
278.94282064027306 -82.3857833239535 545.2721680270417
295.6662009679558 -100.86874269196744 555.6879552392777
286.2150344736099 -81.26313948893169 549.198405762194
282.2873429889993 -86.13894262259967 543.143697101603
292.3375231212777 -85.41519736847027 554.1890787282631
298.4398032331796 -90.25368854215603 542.4253425027333
301.07136006991294 -86.7167552962767 551.7094577384846
319.66211853371226 -85.64028851626964 561.5140092912413
