1000
11.100230534319236 155.76257162913495 88.38091327291013
10.817201534776872 149.19235903758414 83.25694104593596
2.564874952685413 157.58845197165982 75.50485816947884
0.27468110791499445 157.52614011282793 85.0704617133165
4.184610341495313 158.72202970651685 86.85854098747375
1.2043766208612086 149.04775314574843 81.52204869011729
-1.367880423808204 143.6616044825645 85.7161504401386
6.152080003935335 137.3437085491723 80.3247793005839
-3.4525883730856624 129.67638784535242 90.07945270908787
4.30922635486391 127.15946062598898 89.55606314714633
-0.964661791866904 121.74646101269465 87.44524861886352
-5.105758776205539 127.43046243242085 93.45891675882834
-10.645408849389415 121.17920357785633 88.72529215857737
-6.180979831265594 127.05031759357888 82.48789645093716
-10.641898488138718 134.9661818312727 90.12915000591535
-9.272468574321099 144.70636403427048 89.2163735572626
-18.420645644060095 150.55043671908254 89.95175447916861
-10.994522441287064 153.76581677721785 88.32823083767403
-14.877627809094506 153.64646187544545 95.37199911067707
-12.521833902999742 161.49956693359263 88.94752913105427
-9.291691575480506 168.88304160383314 97.76609128519016
-6.462927498426664 169.7420284212299 91.69275405849537
0.8185817570163465 170.89271219437646 93.89647397996181
-2.1297525268536135 175.10506158178987 89.96307342428481
-0.7827269680325557 181.53637250270248 85.1254978860024
-9.379068075888368 187.21677847292517 87.39019866937235
-11.579858201876156 190.71244016383403 96.60434319466478
-14.27994147736401 196.69316231839593 100.97674119143568
-13.428265193169082 198.9024701574615 99.09545540403133
-22.311510070378407 192.46191486216534 100.53906064552046
-15.665889961107501 200.33433381631372 101.33873507336794
-12.906708959132828 209.53758387831027 93.34961709217163
-4.299440825543803 213.2555118426012 89.74242742346928
-0.020638402800523536 216.0534370048679 96.88339506577316
-4.247855205219368 222.05548513926672 88.97737924272249
-4.213274294651474 226.59683523676006 92.82479725766684
-4.236862815818025 225.34649580409751 93.07693711920135
2.7363629413322403 233.96709428613497 94.03157129929718
-0.846790881012573 234.61057041958315 98.70218789677374
-5.689650675218305 229.56641901934785 96.07881487818686
-5.082052659619449 232.53876432147104 92.19598811315115
-1.9548152547471904 232.77663155515503 101.28100693190363
2.9938072243287426 224.85229632202837 92.54205193004759
-2.363763479460369 224.81007820621937 82.75622481897491
4.195262735483886 229.75316697753323 77.20534898143056
5.155623369785557 235.09113037903413 70.82849000505016
13.15931221026358 227.17400166549797 61.27246783012637
18.491510113161368 235.15759135567123 61.23116248691309
11.226416893630613 227.38891347562395 62.22322902270021
3.194645645638966 233.21156950361686 65.35488380744535
3.6284245217643094 233.08170387151452 66.80437201548317
-4.001309539423108 240.80836821210815 61.91980570197786
-8.704655533956704 234.80342353291252 69.46813743051185
-15.90050367105919 227.98059791130206 67.1058130196734
-18.797590454653797 225.8353010524675 73.89038193662762
-24.128301466495763 230.52511443768827 72.32330003859246
-19.07700099614531 226.86067688783228 63.62450734056619
-25.313030151912322 232.16976985015376 55.72309580969755
-20.622325610008566 226.24459685228666 59.01973377107648
-16.385759708038023 221.67469982865407 64.59775200487469
-19.11929887776032 216.557821697008 70.62488429997816
-14.232519496471292 208.80835362571776 79.38013512259816
-14.53684655262894 211.3892469205582 77.3945462200003
-24.352857609622816 206.70974511594144 69.67758112259129
-26.942989076308837 198.44394468924816 77.58940971571138
-25.405275300062122 199.7508679356147 84.56950210586592
-30.384726902162612 208.52477120514098 88.25840993181305
-27.004215639101357 204.19239851632787 81.32243079141941
-26.232216059422665 211.99489849441622 85.89603686262957
-33.90214500517514 217.16124745448445 89.04084725014776
-33.23725841690576 212.19698375735305 90.77501893432006
-35.73431030752154 202.23533017463026 98.38526292296862
-37.88928476116117 200.05138552494864 102.69937294414706
-37.307079496333316 208.32447761875446 111.04517397383222
-43.36389025195898 210.55033452003207 113.62922739286039
-37.57786065524334 211.77877516095435 113.84023680545532
-33.49537061360319 216.94313259777303 106.58790695545804
-34.365371194212166 212.07082660817903 99.61926919820856
-27.68916809254896 203.56859728626776 103.33567281293824
-21.713135911498718 211.53599100570153 95.1010929733718
-22.77565056290207 212.5005643746591 97.66181620693648
-14.86806691383855 214.52544880939624 88.36007909881295
-15.483685405366995 213.35992528836186 94.6449572269965
-24.96066694919768 205.8685386801348 92.05588492536562
-29.692752283797176 207.12667368430394 97.70312135417124
-36.383584847321345 206.97427546988993 90.69039182875267
-46.32601470623367 202.23076701465902 88.52582263219072
-42.688909692065806 203.55062979174676 88.20714148956628
-35.031536793842506 195.19447101000094 87.62824911582115
-25.043032789010894 201.61195587552416 78.73472311925963
-27.31025464486372 211.5170103421581 75.45289759921438
-24.406094237434715 202.74242386829764 78.54849222279634
-14.63788356592487 198.54410081055124 70.3282803471467
-17.241267574237 189.1627572383137 70.39878289612486
-23.74453576108047 190.8403097905095 66.98933895977996
-17.953625787309498 194.3031853513634 74.7760822294041
-25.684607828384834 203.37357329784112 73.63702042358037
-31.10245725279914 204.4409542511038 70.04748802413386
-35.390766835140454 196.74036407122512 70.19681859190787
-40.70709125792084 202.49253716441729 75.41677690370372
-33.46673025305829 206.03427060987053 85.38530647337316
-26.87455051725439 208.50462003018168 89.23982834718521
-17.546395555585985 208.66107973321053 87.88246179315044
-22.819685137510724 207.61621303834463 95.87446632934203
-32.19777483589567 215.18773973069486 100.39292895511497
-37.821549011149614 206.02673841269393 109.38562891862182
-32.30644669365154 204.39332481916531 110.37926693802665
-27.572265723416162 211.79250168480286 117.31474404531556
-35.11278302949728 212.18113723865753 122.04543743041586
-36.73001963599673 221.32753450204868 119.0882100580955
-31.875636121208114 226.2246643412771 111.00149044262993
-22.718221179170065 224.59446694205334 118.21462550988157
-16.934445022423844 215.35851444750844 115.86095769202636
-16.628187045159294 207.75950250392023 116.88653385903181
-19.20251718322927 207.6528543358303 112.60996418158444
-26.351489698565704 214.88630228320554 118.89602303644331
-28.088327097373046 207.51325763077145 122.29737373640798
-31.462160678303864 204.5497309684743 119.71367116786242
-31.13665241157431 211.1067340663507 127.93621456367781
-22.14292784676577 218.3089851657178 126.80962970110981
-14.448844037479205 214.60064712860532 130.7388768064171
-8.034793904007937 212.84015920139288 121.53612077615419
-16.02886387176335 221.49588616790754 125.91008594316493
-9.152149329361093 229.30145003082043 122.02598022142575
-11.870403774718321 238.45546655045692 126.72734043424549
-4.973840285240816 236.2509107825501 121.11098444880558
-3.0729720728823495 231.13851387361942 113.16781038574483
-7.769663646083471 232.12568234140065 107.79672462062118
-12.909195405351696 233.6350907105105 104.64952065713057
-10.310082066452807 236.13672289260654 113.45153104521128
-9.836415874907093 237.63616726140796 106.38639291384763
-15.267762668817142 238.69269808160627 100.39968532413624
-9.612754555593881 228.99357434878345 90.95747591370427
-11.47853409161036 233.36364225248428 94.85408344625527
-2.1119502533058743 230.05838347259893 97.4937927245781
2.1751014576356287 225.04433960797883 102.03495153656333
4.1533209985380415 220.49646872940593 98.97829490338749
11.169353537985891 212.28493766226865 89.01638185738943
20.5635896088679 212.74361709602405 95.39962226061421
25.537846593151464 203.5729742108793 93.94233834192568
15.776477077047133 197.72356805940512 101.86084738500932
6.918322182360564 204.4555111521936 92.38659479360943
1.2994905499855651 213.20884700844573 100.40671970643197
-1.2898618483969955 212.12519870464533 92.68489796379748
6.093914991597072 221.68689945074212 83.80761499067208
4.971699304568409 226.1575108459793 90.01563142016084
11.552682130710398 224.51179033983087 95.07851600782962
6.666470830145991 228.5072129818534 96.62459927729513
0.3366416477934715 225.92591943129307 98.06555865861091
2.4705633417058532 233.3880404382254 103.80529542761141
4.57569076393237 228.19600475210038 112.31160531886111
8.911703376081908 219.65536334651483 104.28828207345069
18.745820963381536 224.70302537888813 109.95944463989917
21.006592218120815 221.0305357337968 100.45285987370691
18.50956525653907 227.0487254337344 98.47206360797904
24.007607786680538 226.81033318077678 91.67451444669985
24.715321323179364 228.72497910375415 101.33474129675625
21.43610664427805 237.43489229404378 96.14898699166238
29.577050960647608 239.88407704492622 93.15427246567334
33.65904852827606 246.64990884642071 92.15052126403252
28.456695755329477 239.82994869328388 82.28212089187187
20.777198577727997 239.333983321379 85.95540842358466
22.538726943664336 236.2818770983656 81.99753421134861
19.89388193077257 240.34089669375413 91.19030903722803
13.803761311334844 235.84659721966335 97.38263939122447
11.469397726748856 242.34360104063984 93.25110342228494
12.581452317692097 238.36272617743725 89.4460394395143
21.85925718066824 234.67864066357373 98.39944062885905
19.5546156684482 238.26611770245097 104.4480647653772
17.100691160042942 243.20052452214293 105.92716467050526
11.426424121935126 236.32942232263022 104.87999601472175
17.921333807108113 239.48785617454385 104.1679834280616
23.696475818445816 237.08046207423774 103.97963977111229
19.709263221636256 245.46452603850278 112.71501453678242
20.06538792770337 243.10577828110925 107.21892377411386
22.96949816463287 234.10394008546353 104.564349963627
25.522347283960567 225.44853126088043 107.24374693068548
20.666088007887694 230.51250648883502 115.27056143226108
28.191384190841102 235.37059125197234 116.99951296572121
30.123750404550066 227.93554976472086 116.927962952323
24.952516329610717 230.84899953617614 117.45707263372951
29.231104686435337 221.93280576378967 113.72264514682892
27.80573663511369 215.48070952951474 111.08171724432952
21.252335553462967 213.44749277185133 116.0322148447808
22.523095960281452 220.4070023424749 117.1486851398518
25.275357999858514 227.87935492382255 125.11705003984372
31.845564400121816 220.27482211708914 119.9866740501453
35.20705336400312 210.51441306456408 129.4507535330356
38.50630429469325 201.09868810414522 134.06214519662714
34.39425573325881 210.29467875013896 141.12762661100314
31.732267616457655 202.33908986278115 133.07289051370782
28.34036312222716 210.7127636997466 127.53270572888493
37.07795338546712 209.73405481646682 118.01979290853512
41.28298972370749 213.33105615383067 122.86050432130705
46.971115615081104 217.55272092638046 127.51031761004754
53.092449135246554 207.56779565634992 125.51228156136736
53.34829112634704 200.47933383697338 126.10470725241345
56.20814639914775 192.43914024591365 133.42012165307992
58.959152779467615 196.21540545970092 129.1930613908435
49.440991246798355 201.20396430648404 133.70141221116768
44.17784799383469 195.25064659808152 142.78656551005332
45.59206149837038 203.31583551900974 136.00724381836832
36.58557427547252 202.70202148288587 131.84593337301934
42.48922419214274 202.70664091893354 134.42293554952218
34.94143043276069 195.11632971897 139.3512784260411
30.641511710668865 191.77192544049407 129.90559565004807
22.779244660054303 189.4109017228573 130.47415861627672
23.334784673417253 198.0953482833045 131.6493977752782
19.246672709340455 207.97644433464427 129.5201119223865
28.71945436614622 209.0236703974753 123.93926481897549
31.828548210080502 213.7587399026342 114.93168245060252
39.18227471012815 214.9952700083562 105.49384636111007
45.37140781006234 207.050998993236 107.74420566200068
36.57051919889463 200.59351523374013 111.86600027467244
34.355345939854914 205.2304461547409 115.18339295285674
34.68561377781269 202.755668198389 123.74319961037281
29.195508420392237 195.19226640984883 121.09783802021656
29.983783981874797 203.79320865224344 116.51678195333741
39.81139661298238 197.6000122013488 124.40932994669608
31.92742359454459 193.95426081981924 120.60783014438039
36.575293070300816 189.9691579528587 123.06039820497055
33.07179842511381 198.1255558372627 127.65325231997194
26.161066378493835 204.00758322769494 135.1052367027868
22.208716425694313 209.7812511520028 130.9230978729652
26.705823117203025 208.2296590874229 138.14715299450378
20.899247205256096 203.27714798625863 142.92038363286457
15.350650581677634 193.49812199963648 145.99087240866592
16.83248133900619 190.7712643554566 154.74095412808566
10.639398610569598 195.26387358598015 163.78194274294648
11.881505983017703 199.0534049387168 169.48105539442028
21.125373459200706 205.47285122759675 163.96499887285867
14.818188025393171 207.5584175230607 163.18912707651356
22.016215813612916 199.84420652788802 162.9224050696
27.488707816721497 203.06330778656948 158.66581592158917
24.609567107268557 202.35067200234738 153.71192462420402
19.751633912719164 207.9872907967219 159.20896509713393
25.87192093808671 202.3210130576655 152.57554612541966
34.267167275884304 198.46797592201855 150.88571902126418
37.57631677259634 188.63515211924434 151.13367300030424
39.635424502804675 195.98468983288976 149.30045842848057
38.156431535283346 190.34879641384168 158.79815825102347
31.953361362569815 191.13966372418363 153.18234647246646
27.989680548738853 194.26355208663261 159.36234453678864
27.675646686348557 184.44983941221463 150.5546938215734
21.053830404636813 192.1346867094405 154.585215830127
11.64353252311744 196.1409291931377 162.76912113892644
7.877016356194831 202.62987892940603 171.69922372739387
2.6616202037005703 206.7751524803969 174.72474169478377
3.282499085046722 204.74634178144777 166.42889573999017
-2.44729253856472 199.38905901108095 175.9349113490296
3.3515881359280213 195.04606796664777 177.7393940253974
13.114864674060417 195.06139815552436 184.3711105538794
7.256254542742415 195.42020695140226 181.26861048971836
16.16165096591039 197.08174785242505 174.04635340512124
17.76892865565822 204.653705066925 164.22518277027575
21.302800292429986 210.47525913785188 170.94652507164187
21.212395630853393 214.0749243170499 164.26339129054057
12.010676507813498 217.2576321310939 166.0969267243485
8.556418400829543 219.7357045140193 173.79660283517416
11.128931730409711 223.74068966066022 180.89415350072497
6.436594102262624 231.7805412915717 171.30768930174963
6.537788070522451 241.0214833171265 176.93662277349478
5.33172302423257 239.86036128639645 169.0629667424772
12.939710866541184 242.33649171760996 162.2134813308999
10.217477652371269 239.3321463283703 158.54817189020153
9.77258545009651 236.28526168393444 154.19249404898935
5.913079930084219 240.80594334121454 155.17755644786914
2.3953180819801174 242.05208159252768 151.9872106761093
-3.557083101242145 237.1685059098854 144.17014822381554
6.367345029503913 243.02927987910226 150.18453957791354
16.02839460432427 246.28763915097548 144.5525061121165
14.154530792931643 250.5099663566663 146.82489365019524
18.353832834536764 257.12558011854713 143.00970263970578
10.211236588388758 260.22866429762166 143.83100543002305
19.935386368885453 269.5747524498878 134.8961074913538
29.29372928304022 276.5893516278817 135.65283468680076
27.770948397446773 278.69089733595285 137.233984789078
37.19869931177902 286.11515731454125 142.1719594092823
46.811314632838204 285.4428912316967 145.68062077016722
42.64054548668777 290.4635896519429 148.96886797890585
49.86184447076395 293.8524703460371 154.40093202087496
59.468846241221996 294.73021208425797 157.48537193875595
56.246373161118214 297.4216415030575 155.55824293411575
52.087521955999115 298.36992536342586 152.51776030939186
51.988156017430924 295.58303343441105 149.71044959335904
54.24495584317393 288.3920875175295 140.3743547289212
63.35760319926108 289.05935363499975 145.91761765057947
64.43278761021041 284.06857058500447 154.45364237474766
59.804351303940244 292.039643529253 155.86774999163774
51.328799744404705 299.36281152767765 152.65385611801517
47.20184230326879 290.14292160558404 142.92666057618322
39.80108919586197 284.02320116365104 143.6492644798069
45.50014612753686 276.88385422845687 144.57013593753678
51.53819267458587 267.41506619700704 145.69606481633724
42.585924469938284 259.615762450378 149.34150637625038
33.280167067652435 257.6005558414772 154.8750328279813
32.441974274237346 255.89720688494924 160.97156151459703
22.859067239661687 246.56501685393633 162.91871903465895
13.087848359554009 240.2492039103292 161.62535941397957
12.431198052159012 249.4561226411092 163.87528937417287
19.503013592524013 242.1247723188524 159.00422898863584
28.749671996343523 239.92037117781288 160.5839635714176
19.825957056040664 231.36858267973537 168.99378999518632
22.67539143541322 226.10815328528028 176.98159610895175
21.855686714646815 219.53551984520774 183.51481082546164
23.77917418861727 223.98703126040039 184.1790616690095
20.089354149542388 228.67842674489196 192.8876938149495
12.264169599257565 221.57780305868832 193.208632373886
8.219731173735752 230.64811188195472 187.74918424494948
12.789029832944376 228.0666503097267 178.67295004709194
22.038240027303843 226.2200411617865 184.99480379261055
18.79031746892248 234.06411650068753 193.1044821718719
21.277119320339594 232.34605724296532 191.03109185938507
28.524168652826177 240.84382117231965 199.66314240341575
22.808216181766845 234.54437560467616 198.3769824981872
20.868494663984226 229.16592584820395 195.9560851345716
22.731789765750207 222.7211792976205 196.12363317474927
29.42929274523395 221.01043526158497 187.26544286547974
37.728601882909985 223.63779307605182 183.63893231950806
33.15818744447418 230.61193822219985 186.247583169772
24.069805847489963 238.108131265064 188.72586826747957
29.247953651450043 242.03006814637425 179.92753682418123
36.595775688920725 251.38927556267944 189.5685913002049
43.38360144668633 255.81440663390097 189.25532569009616
36.183873113971 257.5145896095799 187.53518686192896
30.805305612117376 258.6517143158218 186.69644744627297
24.164994474822862 249.8482098170364 195.611910163518
21.780506065790476 242.72845200719635 199.80811097859262
19.098524617120525 247.27513679283405 198.1914070037383
26.791342958865403 247.07802562257928 193.40444563689434
36.785122963310585 254.50086689707743 189.66880867500672
44.28398878973543 262.3063781452587 194.18618999513993
43.04075650367974 269.5076442330664 192.39775739857623
48.75718795953066 265.3079998174705 189.12869222215085
50.88857116811565 260.71007112498586 184.88995368077533
46.83440389947467 255.16456220961507 186.8414555059842
46.27442805638319 250.3632426141476 195.5043961995246
49.928282665349386 248.7189028949665 186.37010246583267
56.26871022432905 257.6594231770159 181.5353874484833
56.45801526253973 261.01239994226614 180.32943412411822
50.527366010865414 259.65923224110344 181.61142211935368
44.05635862127646 257.90617008724445 188.38861886470292
45.56347709926899 257.9344384460977 179.68013892514213
35.86578754695367 264.57427251018356 171.18454803613668
41.10526323272054 270.73465935891284 178.48939883587823
37.73420850900202 276.9945940612901 174.06912995569746
34.76279562988412 286.9143013010509 182.70182905875077
25.971060294163163 278.29946395846855 173.50187828165295
31.18106995814345 283.21021055649084 170.6794238555863
21.19931422316646 285.49583651200834 179.09159976650534
26.0855599125304 295.2289180078861 181.65351607287653
19.94643758438936 289.8985972563976 176.21519608281324
14.21656232368936 294.4416657160856 172.06238662447595
4.578779292124292 291.72376198069776 167.41191868713116
4.5704681179930615 290.45838743189904 158.0917013918973
12.87394224527495 288.696700716047 159.46874468270946
6.194918863974366 292.2596960327185 158.3689760814009
12.141433743811621 288.89790746858256 150.02076348672063
3.3097491748947725 279.8832870446825 142.98434071080402
7.814754061190381 272.3039153858426 149.2706573419423
8.043180029091722 280.25730403652136 158.467589024539
3.6560823730131666 280.0597394883656 151.36777621670967
-3.9978635552483137 270.9842132482068 141.38470362284434
0.5787528373083779 267.4419733362982 139.60500101257063
9.33933243802571 264.3932529279021 139.21101572986746
11.115978958984828 268.88287341033816 144.45689639125828
20.35654776096851 259.30036802364015 136.2028284127186
15.376978751695699 255.05425858316582 132.8332708927266
14.209855493950457 263.088025330052 141.49730717671193
18.674561938713566 260.16808447087834 135.40337108471178
23.82972325023023 254.46265007508057 128.65896972859903
23.118423672195664 256.1163761636809 136.83667894015827
19.65251853444188 259.2007411277028 133.94448211359642
17.878236897357286 262.8965331293219 136.4775109058639
21.025661310842167 262.04892434809466 134.67031395235583
26.40392995587943 259.19296463353817 128.9476584963067
18.605232742276108 253.44249230815004 126.29878552606829
19.827810126861486 260.64222683993046 123.94914238266325
28.944390227522348 259.88122181375246 128.46564849692692
27.299333733173153 267.93849115767284 137.1365927974431
17.862004470489154 273.5605607948062 133.5533522062597
14.769192514056119 271.4626066430425 132.24143570809076
19.78985583121637 266.6436792275241 137.07918572054203
27.928706219656757 260.78919379856893 139.4450022091594
26.734208834848754 262.60475020345785 140.56733586434538
27.04689455212182 263.0998487287487 147.05869898870645
33.92229589757274 266.4167093237013 153.85945750480343
24.99077186927554 276.13678313014725 150.73286402415877
15.471312270105809 281.49784605973974 149.40307707706555
11.520060912442798 275.77595125275707 148.35059425585976
18.73692130200118 284.01017131644613 143.18484174944126
15.658948544466991 275.80242706943636 136.59426897828877
6.972951074988504 283.278492790066 142.51752455885287
16.263044563208346 281.0964140415117 145.15881433234662
13.100326912666274 289.6979340258175 147.86541062821524
9.9879296195187 296.84826751246567 150.02070700750423
3.907619668910969 290.2111664481765 155.00680268011797
4.627420061743299 284.33009361940583 154.37195158519629
1.5099654836613596 277.04154392523355 161.9233948889695
-2.0626133956034076 276.8792015053531 164.15859665063888
-10.92699934640256 282.6590992256583 154.42594533780132
-16.220820373210874 280.23266948014935 145.20129921621592
-6.66526998483258 286.3831827087898 152.00730635946474
-6.670174123890218 282.6841745122169 156.99246576895814
-0.032833603790916044 281.16535589484005 158.73230357276415
2.3461129061295893 279.90882233448974 155.46392638049753
-1.5135708016580462 287.6725159005416 160.29482803394222
5.530644825749826 290.35682332649515 167.79176085846296
9.417385751609748 295.2218828220873 168.1024391640438
16.538277312375342 290.51220197507763 161.19800200071975
21.655392246040176 293.24817677491586 158.5885480702825
30.70694265170571 284.504213032424 160.06588801235526
24.218371850512817 279.3142022705868 155.95472695590587
20.775625642751272 281.3253124201147 156.40589878479128
27.173658349189896 278.6599888995694 152.51826009800953
18.342307526613663 284.90241109436414 148.92386683801152
13.49884163030033 290.43881712135277 145.58686760713852
14.72178761306487 292.9379459374318 155.32669974972976
5.24989185990413 300.52928554741675 161.2559897653805
5.975828997351746 303.59930818227383 159.8726127471358
-0.12405498588599073 313.1037419487516 165.45817592023525
4.450383735476137 320.4816139457244 157.8442914797491
11.135985768509105 314.2679525265188 161.51246541973566
7.729258493783065 324.03566465141347 170.93611375050034
11.548708027452118 331.05454240709804 176.43171533549298
11.01834440585888 327.83105778610013 173.50106689292474
18.32328097224849 325.54376677239253 181.74915581041674
21.969914959736357 334.0040868390241 176.9123559506828
22.252449582079258 326.9746519741633 177.7411900578882
27.35861920851211 336.63829161564706 170.93446904614518
30.06284962352962 331.1093416874689 165.43024967825662
25.151594918077862 326.85705577995816 172.46745761160759
30.925910342408862 336.79389876615255 181.5479968045155
37.04294202660486 336.1806121495854 177.1196814700225
29.47275024423562 334.8729383641762 184.82390910782092
25.34877027580054 334.99243390256646 176.52972362594835
35.059448008809895 338.84106583114936 180.194947865707
32.68371379454525 334.0345864355279 178.53032283367523
41.466334003884796 328.01378143660645 183.1736489469577
51.28814470022269 324.9118181996179 187.59576558738803
44.703657234956886 321.6961661031837 178.89131855419436
44.07612676422055 324.5320649813508 181.81425075200193
48.151697583890616 316.8209794902305 191.7347143239122
53.925973121012404 312.27693589785235 193.53619195120996
47.716283394823336 304.14417475189265 185.57597864041975
57.595974805024376 311.81239133082266 188.98087345856675
56.11557274787681 310.3899436941233 194.06939263273753
65.81879733279871 318.9593617605974 189.27359324238896
59.699325076753155 317.1637187087162 181.71497061185454
63.60313068129909 323.3378662318119 188.37406704721232
67.43826142590694 317.0986451709795 181.96662954258903
76.23066265546962 308.66246950058235 175.73624147998274
82.2970298254476 303.23412608594543 181.1450007187962
82.79017462072234 299.3105966788854 171.31832941347722
90.5364545039408 305.2460025985135 166.37385282035373
84.15262619613337 314.2588195583763 159.88364057953714
80.57882793271875 316.60023220435005 165.55613647063302
87.96279730121658 313.48525398251866 168.95338691313927
82.74176304683377 312.1186874363234 166.54166578110292
76.13097470190861 320.1335055752033 168.63640277730107
72.1690735112568 325.2706958703087 173.2776947027038
68.16862951602619 327.3868441300078 167.1502519819211
73.61411017318827 333.5850697032334 164.7291675464327
79.45689166431696 327.1230837682116 160.16374845682012
80.70244473451297 324.10928269260114 160.38480624474283
77.70596951753453 325.80258064931303 157.34864057957464
82.16114005925431 317.82919629809885 158.20941732531284
87.1391258559834 315.6976990119604 157.3356133037908
86.44571277833373 315.32183804608036 155.5159567601033
80.97428016922046 308.13819306140994 150.05188391388378
77.72944618221777 317.3600085805604 153.77991151643977
73.66028306960486 325.00537609464624 149.70328624496958
64.32650723745984 315.3418991673376 155.18080109503757
58.051892474269074 323.9673274259309 145.31008126208283
63.50142977819552 315.1361073151052 146.22510876729856
56.85532934049329 314.8612294222646 147.46446265041104
47.98523384917114 324.4005407918669 149.79953629646275
51.90012217806268 325.28294037193433 152.19706236745674
59.829399708208136 324.56055434106116 159.79928873070514
67.5110763543214 324.3307224117578 157.951691368061
76.5611492392976 331.8547880330135 154.56332168079626
70.39377962184845 334.808754144578 160.73753312941452
73.33316855461922 330.1237026873337 159.27872692321662
81.54778643890815 336.77823374619703 164.5503661829577
74.79224620896419 331.9532288295509 165.20354141953905
68.59777553348135 338.49888688176713 157.4863437795644
70.23557597568372 331.53455572133925 148.29876980595887
78.81959234407807 329.0249937291678 145.36610065553538
72.31780893364889 319.66173171039696 144.2393283214856
64.84724848532578 324.9252935640887 135.75439132093675
72.19832029964225 325.7467773156179 135.76683048210313
77.67575937388462 331.5769102390825 139.3718063749683
75.68292966781276 326.4577691835911 143.3461279393392
65.69977099655488 325.7015567249474 149.37192918193074
75.08044001946836 333.63638269213266 157.135375958928
73.54257401935234 334.99813913008705 152.34245913974937
73.11082315519742 330.68527485744914 145.13120877511943
77.0654817872355 327.6100011590311 148.4342260556381
83.34436231131147 323.79142532374306 139.60796194247573
89.51264175410157 319.8040673376201 147.60095080226762
79.56955550635318 325.4292462962624 150.09918035135038
78.31182729796582 319.5936267778935 143.5590888858773
84.31239153499521 320.43820555426583 135.31264961418412
76.49885422399097 326.2785626777314 141.6800094108828
71.8010299699475 334.78243438047895 141.9209457552229
63.1975855582562 341.2112098918811 151.8345096877895
64.41097384089647 339.60643458691504 158.43590070543
60.716618939568264 336.7250751979996 168.42991783893441
53.97956744598549 329.6705059989605 172.22313587848248
51.922869754784514 335.0293129339155 168.62141289310995
48.602488789984235 327.30211943024864 172.41685457241243
38.91043810245479 327.5085563628129 166.45439399281312
40.44199965991063 330.07400286425684 176.37990681012167
47.36230533628863 335.92972638323084 182.2653494971913
49.53137356133196 327.00956454858635 175.24398085497714
41.83118944220159 333.48738405625056 165.38340857995
34.472109905429726 329.0460130600329 169.66316383082665
34.468780072778564 330.098012359248 171.27041273870483
36.172639350904184 320.5992147659744 180.78255389306727
37.272872025606695 316.90485708959443 175.05078093079908
38.98879829315219 315.83736372809915 179.4703497306413
31.820244723031863 318.3749879137232 185.74415360266767
34.470460165117075 326.7261924502662 177.33313144483023
30.664402445951247 326.3814979644528 170.5452961564055
26.016950553828227 331.1048763987138 167.1815022870445
23.6732906267942 335.0852333502313 171.05195281760766
18.511877986842606 329.690308811631 179.6724376489122
26.985866473833383 327.3638217919962 182.513811281628
29.45890088822198 335.1053171251684 181.1058527695843
19.546921098356123 343.2617213723867 187.76954243771948
28.869327147450086 336.2908446723657 180.98470123676074
36.05521431264927 338.49351087441994 176.53944768439786
43.77169779266724 335.9086916656002 169.05381826062504
43.5970744577362 326.05490057725507 162.9248905083192
40.945608740143534 317.87756748964733 166.47531002923702
49.57380224627633 311.9665178149692 156.76815799180613
51.3304409474021 319.5844737948279 163.95271774583938
59.96681606594994 321.92173727814674 154.77043864264908
58.51134289232644 314.92148375364576 158.75007787594944
49.849876272764135 314.4696620281499 151.16479334455929
51.73840719502424 315.68736133897175 146.2616186879207
60.07495595959892 306.5761709441575 141.8373643879616
53.83804851033831 306.9353606779271 141.8240529876087
52.38145703757899 303.920474894247 137.58213204341445
62.17342523245994 310.38411405694535 133.66750898490037
54.314093906014385 317.19040847687023 141.47532236152887
48.40222653655299 320.79107872603305 131.70730355592474
52.623046401997115 324.438180131069 131.75918211410365
50.993818096892284 318.61746661583373 134.4947996840684
45.41665733078781 315.8923389597538 144.23737331874773
47.83679939651411 311.05109526786055 139.92575494053912
46.270730096351635 303.7765493504245 143.07994721972932
39.23126414023814 305.2500575594609 138.56748320759644
42.7093852518577 311.6592944357309 147.02791628213743
35.79272906256402 320.8191463878982 138.2723915290645
42.546559090743855 327.32735080568347 147.0590932463542
51.15363015270225 318.75477883676126 137.56118199018235
59.852728464760226 308.76881843918295 130.0176887960496
53.51668896769348 315.6579482107489 125.35363746550281
51.99587160586877 314.3857695909502 133.93596885239577
58.098669655610834 308.9820054211947 136.12763555075045
54.85070793838866 309.3755900543618 128.28574719755863
47.42147580945904 309.773612615803 132.36952502141213
40.70810632283724 308.23953357443264 126.09859080932232
37.303001450668695 313.27903758961435 119.51199914743168
45.88726679317456 309.8634234112134 119.452060826817
38.71778460516231 316.3574916603795 118.96335965109111
41.2529603210791 310.79295625276075 126.60752097594909
50.74858149576853 319.2491351708052 120.68688026551808
42.029142868378514 317.0356931314102 120.80413843998971
39.69209409734973 325.07273667195403 111.88128767478776
46.26521946794705 320.9646494701184 104.44491997941012
41.90997329519236 322.29459254201936 113.94956068781379
39.43433050045566 329.85881964608757 119.81713949301513
33.44090902635071 332.69876430447107 111.48887194988752
35.93008039637351 341.2819131406055 107.95703188337185
37.795634908504965 343.8070879717959 110.81863979423433
37.025962888209655 348.3340706734814 102.53580850790118
38.7464838080171 355.23639006319445 103.3761748236323
32.3325004210889 349.4604914718616 95.73373427352547
36.05688609808061 347.1608509509127 86.51662843602838
38.30611183985058 340.7210266768704 76.87068357003714
29.2747497572065 335.37466256267624 80.45811106569471
32.67176657713227 337.54102496232116 71.5262434678418
23.314678049051572 345.26740913943047 74.88338674240316
14.031854176245961 337.75937422990444 70.94533653960941
8.780402735283928 328.55959394182867 65.78438062150528
2.771124394596592 326.94843091108817 58.102294858108365
6.4636696914461815 334.341313042291 56.617021507556075
14.853138798501558 332.3755251762362 64.9862381733368
8.880828639160995 328.44475225908576 68.68022385715544
2.636594307820447 321.2995952613598 67.13043849588006
6.544274182248992 325.12818762794996 57.73842229732833
2.585469902908765 317.3068179240167 64.31073852837429
4.9491508320094475 326.705470304894 59.430632456938646
14.140072736195085 319.3055883423054 51.04873059843631
16.093797840183797 325.04074108134546 48.91903944282246
20.767830702356164 317.447270609879 41.07687561873657
25.06739237267641 311.1986160148147 43.965355942457265
15.343929066919321 315.42594931731503 36.46772132215765
6.653459121700118 318.5278209514967 46.33239625798717
8.003225629294818 317.7440396775781 48.937289408305546
-1.6983247839211675 319.253347143784 40.81922167531202
0.07524424138120533 318.883983769557 31.194447728895945
3.773568135423307 328.78940952270943 24.835815120924217
-3.638012959390761 328.64646166448995 28.728444541427706
-2.7969283738274 322.57531084905014 38.01972811538471
-9.897512894103901 331.8024969914512 39.868822609381155
-12.864593090878465 341.6714800002505 43.5562306133987
-9.410263123267951 331.87908303126164 51.30165255534726
-3.2564776622317613 341.48559738817636 44.180396683460145
-10.427754569783175 334.34847976575014 39.19528749679777
-1.908153392259166 332.5509023639686 37.35190927280502
-1.6791920669588474 329.80441459096517 28.908312838650296
-4.334338308890787 337.02091339751695 25.160934671201854
3.5159858651681306 332.93963384779016 27.306194436419453
-0.9489909818965545 326.57360892299266 20.46704327221746
7.908006878748153 322.7917074724166 24.601085970384478
17.846956227783274 324.66100603682855 20.956373624813793
18.902820462367703 324.62736010342854 23.718063420177508
15.496962688400405 315.9747741503031 16.6139512377894
18.721792866451953 307.6713591746497 22.84621078718544
13.967401100546683 312.5456756179922 21.155889630746362
20.47627426068713 322.160857246012 13.120590241788033
29.58506836976037 318.8138247571735 22.52198166339962
23.129478337703624 327.4016119319761 25.289730367486182
26.4333318096756 334.37534689813145 16.450661605000953
30.775941316969977 328.8702456890316 24.408044648955297
21.670739105290114 322.3302376772685 31.487041387389517
29.01363609479482 319.39510434568706 23.609019301429157
38.7270887566037 317.50502727997497 32.463196467309395
30.907048300406437 311.4453562147205 24.126013826011565
37.58065386587442 311.9750298046644 31.16829194670731
41.22887753176785 309.6454860198803 38.574939810303704
49.63372905542941 313.9124978929694 35.167296782679394
43.4868699013156 314.20629916406085 36.53847285011394
44.564508088732296 320.46233463179817 41.446414593136026
38.653756669655564 311.2382726066552 31.88217663987497
39.55861225149808 301.58523193619686 41.63779565128391
35.33556230919749 296.59859110135756 43.44757498462728
32.426187221589146 306.44501111816203 47.14230870486297
41.34929972801563 311.3821259790701 47.0657648638479
45.88713436550372 320.3747114883412 41.686379105066365
40.5752606266935 326.8852022088154 39.708245478760446
49.517817744793334 325.35908496795554 32.519440102603994
56.547653424598245 316.70500453857545 22.600108950894203
52.54097709368989 312.19367784951316 19.307254304117553
49.73987604703731 311.6448263841261 20.68624905524117
51.07265758292835 314.7585549929268 20.562470512769135
56.50715687131431 317.66766359084215 24.79994898544595
59.67219972859793 315.84461934312316 24.759566580013185
58.82310866576024 307.78456976009306 34.50795706193769
48.96643958278054 303.4659310360076 27.713538094098478
57.54167399404324 302.3762334141664 23.899357861974984
47.55062972252419 301.50367347249323 16.97623946218613
49.786932865571735 295.777894422371 23.16357189311489
48.310592946331745 303.40987048461403 19.05789169908391
53.907301961828864 295.92035167318613 26.91060920471543
54.60383411452607 297.561969999755 18.943925490528827
49.09436053744047 295.8792436377196 19.56124795259982
58.40827963457336 295.1373614009141 18.236088487985604
57.34320782471201 302.6478287531216 10.814243568183436
61.938011459158226 296.25688943990417 6.263472707966557
68.92874666452587 300.854223774102 2.776688495097176
71.23493107725353 291.44183877741625 9.957207637140636
70.54950080048295 296.2529853953459 1.4797657596484033
63.69385715345212 294.9982698581472 8.694236393447955
62.4369222728252 294.07899996833135 5.2388641552047694
58.750327846205835 303.9838278831329 9.24673395812712
62.565282419224346 304.3603668415562 -0.5128330740537663
58.088775934201536 299.91599722530253 2.196482198008967
59.97445547960727 308.99559429012135 -2.667322299966939
63.20981843803484 299.4057189449078 -2.9639605072794706
55.26426607366023 302.74211004949194 -4.338383020867205
53.35242355320569 310.80534835576384 -13.74310744699848
60.60394207702791 303.8019203413123 -20.138000399406728
60.50586195639076 305.8222111302849 -17.05366838257621
55.38450809273217 297.3188192416826 -16.559272914992086
51.678334075923345 299.1956870110832 -21.319771144717933
60.12188941496743 306.96045221851796 -22.382071196463592
55.76880985673789 300.5691514792527 -22.720367287048248
65.56221873179575 299.7469695458337 -27.226919189138936
67.66733364342724 291.97974755665575 -23.73159674400705
76.49980611278163 294.25372468451394 -23.53108246684262
77.79648374956523 288.5418933054516 -32.35705623680627
87.42238095649938 281.2003916458195 -32.661417286477125
89.54305695078165 291.0424889927022 -26.814687110424575
86.1633528137099 286.79990643782236 -23.244934201934196
87.48687866149089 283.7376717419659 -22.06049813408101
88.96729018211788 282.80054499911466 -21.646515034288903
96.42442929695686 277.17538149443595 -21.871689795875664
88.12238711529011 280.94654029998657 -19.067351951422367
80.04095723753645 284.64544703857 -25.43672339452552
89.53961190493729 292.96522196050745 -19.715943174364686
91.94303814495109 298.63947311100753 -26.25930346289164
90.68971271153131 291.0256892229848 -27.189527833174452
86.04018190586856 296.6984199481448 -31.331468906538962
82.314792327681 290.9612701249838 -21.814098044015473
90.34901962587911 295.0171181919963 -13.180648966331697
84.39394267105764 296.7880302836295 -23.11140383216064
77.66689676855141 292.6300468062212 -16.36941561550689
71.70422829046969 300.000675882746 -23.81056868459947
70.15028527192959 294.945257020177 -24.108320462319423
73.47230103716021 284.97260305980797 -28.534797514624987
67.89058869924767 285.3400099896462 -28.602577332537265
73.20306883356874 280.9705369759329 -23.977136453652413
73.98941795917186 273.3568250106281 -27.967668691953502
64.96571569627073 276.906172453285 -28.864825274061346
55.36982718038013 278.750326820288 -32.22779776079451
63.324328328061455 275.07238967536927 -29.619792463657866
69.25270715442079 273.5586622073869 -32.74912781559772
78.75965167891943 274.59107056444935 -35.135206524523504
84.84311237334741 284.56756361075406 -26.300106751327228
75.95143285621208 285.9280226926155 -26.015649904999908
72.17067508108107 289.1111559313755 -29.683887814867795
65.60606800480714 289.33357105721365 -31.276802787661552
60.57574684973446 282.16656348281 -25.58653304030038
59.482433149684375 274.2105638176923 -27.31937527845301
63.502455677185196 279.0628684227261 -20.121656168733583
72.03136143873087 288.1937031739625 -16.70007531288446
63.79487768734725 294.6028211188277 -12.759720737362466
69.3806538851218 287.13679240856897 -16.630641968781582
73.68125769229577 288.38803468686325 -20.274971043336173
76.06082533602611 281.17212658955765 -13.386628299890937
78.83325035002566 277.3900374010786 -9.68445166032499
75.23917119387012 275.0361623244254 -10.340493370858498
83.45390531249802 270.5325999436068 -6.050388224598539
80.51103348778277 272.73911406261453 -14.65580206570612
71.7458426260951 280.272355037686 -17.31641117986155
81.34612159549361 283.7793817477318 -10.779805169653853
75.91391874703184 278.52445155690964 -12.34670039713908
67.45770777923362 281.3267282143829 -21.064425716035736
71.30949959885524 272.50493015583834 -20.24104324905718
68.6643032855683 263.00819805700905 -22.69196803609849
65.45793349988202 259.29944666042036 -17.708052359414236
72.3555226597945 250.28852360733842 -24.426340720426072
78.1282944024675 256.34926579165517 -19.105262532867577
81.03620618994212 266.1811204452885 -19.769903008709623
71.40572861413253 263.18361111087734 -22.778100824188233
71.33343851941162 255.3829046082156 -28.82840728694071
80.4369119552974 255.02831808245537 -24.202577793327478
89.20672035074193 254.33685059674895 -21.454019408237592
95.36594150460124 245.9863553468613 -13.766912906511287
87.14788107975214 237.3079227874071 -9.7603408702247
90.82464171121063 228.4386986254155 -14.781301675317819
100.12691027978008 235.28030699508417 -12.159416740207712
104.36685344878245 234.5755319516217 -16.178565730796713
103.92264300400821 237.81798502804656 -21.70283066937598
107.38290376214411 238.328567858049 -19.759799284798426
101.1445155287606 245.5207308011572 -29.122008672047436
104.47678632837994 251.12046537174734 -38.29026062456748
110.24971410841025 248.3978083206647 -38.26121193989776
116.37155835017279 247.77250158785372 -33.761669555584305
125.17361841477114 254.14194187690177 -34.75937592800057
128.39152036314127 254.8947892257451 -35.82633750629916
122.54077143719742 249.77337996439272 -35.72693551842374
118.94421052213319 242.67597116372056 -32.02088899049424
114.40930599430203 239.28232860548349 -29.670179654065137
121.59601828552661 246.0911217708158 -29.329463656994086
116.41169858631658 247.1032336010455 -31.150648666431866
116.72740782146174 246.59700989651583 -33.716089185749276
125.9507610641059 244.58526308938187 -42.536796735709004
120.93189930337475 252.49053089368013 -45.99861092663118
118.07794130038181 256.88843836774754 -54.898920764983714
122.11710418694813 257.9740080741261 -46.65855204210976
121.76506103170901 258.4041709338725 -37.154995722720045
122.73255114304479 258.4451264537955 -39.44839898008485
126.85960089471993 266.5823203173538 -42.3952824969875
117.4823203125235 274.24088136927475 -45.150103103480625
109.72778842089654 272.8528087966562 -35.202387712161794
104.144319020294 268.11216670052676 -33.20676515702317
98.22892232082476 267.67858942534025 -33.78905536808203
91.42062222140824 275.3147209355931 -27.621619489365347
86.06361798672958 273.8051987574468 -29.913298763679943
87.5969969158659 282.533204436337 -25.920368399684314
90.90194185827818 290.72161221901473 -32.80107523596031
84.45504830507126 288.2306231907055 -29.327030808749377
88.61151366059681 283.58509865364397 -28.916944017868158
88.41323611445868 291.36183945623446 -25.51364573963884
81.82225188742413 298.1427231389928 -18.35526943240865
89.71181725030152 304.97057079628286 -23.964193780829333
99.03787800437836 306.2816982271781 -27.315939985378506
101.36184344731976 314.4300010363555 -20.356973127397325
104.61242991559517 312.42051412598323 -14.703199144019916
97.93261907470472 309.932579056923 -11.305476353167654
100.50694602932968 317.2249320329789 -16.2390801084648
104.30747575804475 308.40045679198835 -24.30128286745967
99.66406627261242 306.28697259509784 -26.66457082961391
96.02887807194749 310.49581389709135 -20.398229704514605
102.66717580107772 307.1590725347835 -27.03255582285187
104.34455696455507 316.480897657546 -17.656441840381845
102.67854859608924 325.4582520013953 -20.52172546386091
96.09820759567717 315.6999201018177 -20.71003895330055
97.2431122840754 324.94875833137223 -13.18597459330267
94.89340512261934 318.973852614415 -13.785025713083094
85.26721474702273 322.0286888969891 -10.912746042060228
89.62634923543953 317.64383969123395 -3.37337458978625
81.47926577507221 325.1701327411325 -3.1327114328242636
78.66197373634479 326.93869924977537 -2.426312744309308
81.4623120483363 319.3085127754826 -8.041852420495443
79.62849997778791 320.84722951996963 -16.483668397467774
79.21070022834596 311.874687636599 -9.817932945350716
82.59890583180449 304.85621480085484 -13.02428294550131
83.22498989534081 295.4105123035046 -16.4666393754903
75.41750409193277 302.8824465841913 -21.52576849884187
79.15827113255288 298.0138202167167 -23.53842437125781
82.17190944631133 294.6612258974541 -16.750987943999995
85.92255588813332 293.2078922295653 -9.506019304310948
93.74269405318152 285.6960914082483 -1.4122239533490077
92.24638894629378 290.8129905849193 7.591536274917788
98.45340864260034 295.9197115707291 17.24391815210899
93.84470296447655 305.23477166677344 14.0710814956334
98.33881354481424 315.1327976749179 14.808542216710666
98.03677892194571 307.62030600557074 12.640269459770865
98.75941535847008 308.38682059919626 22.01512048408322
93.59938793554552 301.87013086725915 15.132700217549807
102.47337486039068 306.72517473604375 8.301376338692345
93.72303808453914 303.8054902392569 11.066312447829178
87.26572074065726 313.27998385765164 11.130514524650485
89.32112800433238 308.69370516025833 9.82282077731289
80.30934012966893 298.96262499683155 18.953369856472968
87.45895518209994 307.48335120295263 17.57387060035159
82.14794112591639 300.2523267343929 13.100073688410678
76.60135015316163 298.81965954817355 8.634097603975432
68.95655771644155 299.06956252904143 7.092347219456958
74.84640241400348 303.005645431344 13.282414568628353
80.59565415193615 306.5136650387825 22.431590767177298
78.17792811320454 297.9138669427273 12.659654324315234
72.89609179065593 289.58979920105963 13.580025550410435
72.99639627543633 288.2532133552976 14.9698176041313
77.88794811219748 279.20806493659813 13.281992572197357
69.91168658424196 287.70173444310785 11.195033107559123
72.98903403873507 293.3319203915607 9.207285563065977
65.30653266659598 299.70577016294214 -0.47149781509784283
58.94889514778034 292.8091812105032 -5.706800315147817
51.759554364390496 299.81207015950395 -2.445367002604536
52.33622985422983 294.37605454437346 1.3025002856404853
48.808013290302554 299.8397478409912 5.299317201859578
57.73365581939311 292.4580319306795 0.4405122508406647
64.39667490469397 289.40737486523335 -9.407989977967976
69.1134772422644 279.9642209614038 -14.620393377500118
60.287265125697196 287.9615306950002 -23.90157986409855
58.989910085505045 293.18681969597714 -20.120169335095586
60.781978939403956 297.4622770141366 -18.268238012012564
54.27650461068559 299.25644702696013 -28.123027794400684
54.46330377724018 302.6060061479163 -32.81156879754646
62.058000564323926 298.6584691400524 -35.63555136136329
66.60683318829719 295.1316062276732 -34.73100737973891
70.36994058809968 293.8454857251139 -30.251851773485924
61.414537426264815 298.8746672007694 -23.19003119433816
71.15430494250332 305.9406817784381 -13.514006944750205
71.48587016235969 300.393835603138 -20.211705146812104
66.51955140092643 304.05818031689967 -17.29339368378369
70.51595171800342 308.5602181602217 -11.989572437775431
74.41453329987993 302.66862967836664 -13.784100593347834
73.8622718333703 311.61920179592 -18.79336099078145
65.51182368822933 304.2848162341922 -9.800205920487812
72.11315368571208 305.9585875455215 -5.11219778708776
69.61441825443168 309.49506756058366 -8.109012443422088
70.87664122320803 314.3338384157615 -12.093870636825741
76.19306017873882 311.39675508764924 -21.245435784359685
78.89738760319209 301.57212996549265 -29.08969607297727
85.17063582473004 295.3223881826146 -21.97674447159237
94.51855936298827 298.6066061184284 -16.69154006056486
101.81214125884328 307.92267888869765 -13.058554625047126
111.20020540364885 299.572496949109 -9.066568142291683
119.68959844188319 305.5127711604444 -5.098409106753495
119.94026809827213 298.69422501237415 -4.966695373131796
113.39653175916214 302.23037270866854 3.320184201503518
121.0902609226925 301.64920359130315 4.696179327937371
115.9755619598162 307.6544324823854 12.304220299860688
107.48185609400147 316.95459836514146 19.62452371844498
104.56589418442496 314.17677898110935 15.852172117278513
108.59145004698256 311.7411702227401 21.093464917606326
98.93079097171609 310.7348135540863 20.207927752359637
108.2051537142457 301.1749298015107 13.833606702567826
109.76798735098751 296.37379219414095 10.951235818537192
103.89448967377463 298.20636097477404 20.0530012643377
97.57548312330748 307.2410020728957 21.572898547785897
106.11666403705263 304.8772021097106 23.988808374332795
100.37402736583158 307.70707349187194 24.80369596569134
102.27037156903529 299.83213921640623 29.122273327208795
93.1003808112322 295.39179049930186 23.335380401449118
95.9422070617989 287.33918520752263 28.346810628713058
89.79447889908539 295.4101845280925 26.245445925564837
83.53821835877568 303.86136122694853 21.75773486463996
85.20607490896957 296.56185574719655 12.204542483961738
78.95502072184091 293.1327248937945 13.201091985634735
85.99044423012599 288.6566860941512 19.332299141402036
76.89061152724885 294.360880584315 13.712653056178183
70.7746000480044 303.32024944765925 22.19194342548026
66.32515349208276 313.18971727418017 13.73378127587743
73.44063780110618 318.2440878022992 4.318567145403755
83.36072393311588 317.0420598579546 1.9459773102240354
80.98106233517397 326.51808924940383 -2.9296308464827505
87.51674878814092 318.61623367241464 1.944316770284432
81.52966408096502 313.81072511309253 -7.747854505223625
90.35694071114233 314.331044809369 -16.8754611305935
85.46702996848414 310.8165835831898 -13.069099434045077
82.41710161843345 314.53266303308493 -6.266113436234743
80.69564691463377 316.80720056593293 -11.89952036101921
85.59016424690083 317.7207240434962 -9.46848858619832
84.9886550570921 318.12544153831664 -4.6785379065513215
83.73879288334325 326.3197956454591 -6.758951805995628
83.74614816196592 324.12979108837095 -4.5627344090527915
81.22360972847324 318.3065951070548 -10.358502648604262
82.74587993526147 325.26816352870594 -6.1935268412391515
75.75453176644199 325.5054087210332 -9.411138707936736
78.72630472053787 330.07545932074356 -17.89339688720569
70.49888103034863 323.01755937208577 -14.907120152565406
61.46393386393629 324.0460156157118 -14.266498284022967
59.04986637234368 319.6765618551795 -12.754014435234005
61.36854649370584 314.37515367625264 -16.40795046354009
52.46933695104228 315.86729028645675 -19.372192615345405
45.31228069237735 325.6396233476632 -25.247043940935637
42.96668335559219 321.5073838569196 -29.651728357731642
48.88403610697658 328.8229829707554 -21.147889691245496
45.76108891184484 329.7726843525372 -28.621023529142903
40.80007431296791 330.0757506944679 -37.39162603318905
48.183953714708835 322.12601734387795 -37.12757632179674
40.56369898277987 321.60413071146615 -46.7133621459221
39.18371323466945 316.05856637169245 -38.35297396216322
31.02910412309371 306.9172354227012 -36.046494070886446
28.947911156237712 305.764352414142 -45.10741518892014
23.950112382611348 298.620069195116 -42.60211831339751
20.953751846066176 306.39474027592433 -46.88240033005094
29.809186485470462 315.895383340814 -40.05347923563508
30.997268989925455 325.4709277986311 -43.49824088525416
34.59456498479207 334.62233766919286 -53.015970397802775
35.59700043885117 333.231662645801 -50.77794033131133
44.44415054503645 343.03126233764016 -55.09211378239172
38.58581025878455 344.39653187053733 -47.37418225197066
47.90830128671129 341.4823258544961 -53.449856846430585
47.73419944222323 332.7660031660019 -48.44029551675786
52.324997570199315 329.02926492610356 -39.34433613049071
58.023146602126104 339.0252753022817 -45.59251944052851
51.9731753069148 340.4331795703175 -44.49073122934371
52.11238940336026 340.4112556105898 -38.116029147224296
56.87048281881201 347.22166649192445 -42.35910659650243
56.96023608438258 341.61591881037566 -34.266712254885284
60.8343189884839 346.15053894529507 -36.66991457507472
50.86005018165088 351.1102938001102 -31.991697690207836
49.94000991407759 350.45450940996824 -40.246288854358525
43.18965710090819 358.2261584016479 -47.29281480031871
35.19357637858835 349.4655022692967 -52.81427924544528
28.26407893018683 343.12301880143076 -56.21560632270969
29.690562007659587 335.2981208964595 -53.79161019152414
37.51396859920013 342.18356978678486 -44.54254344520111
31.581653604650015 346.0280511726556 -51.10040309685064
32.90285749930535 343.3785947344904 -42.30539487408274
26.34487606500727 339.1220040079436 -35.42704034705437
21.185807522284588 333.3723359720337 -37.87122823852602
25.259024584782786 337.67652827565917 -37.368477113553965
32.05491248432869 340.864602044371 -44.15483090121159
24.090886643224515 342.2178699408589 -49.02869462695373
32.16196758986235 333.1321015716411 -51.61712402209315
28.557312405646556 329.24008404478417 -48.87949661760704
23.65638341564378 334.5157147964627 -40.3888961295016
31.32528494261537 337.2036209493643 -43.94266093253904
23.32194560933847 327.9733641704435 -43.8242539462388
23.418218202256337 325.4735752897771 -44.0392988028057
29.346032383092002 321.81917890156103 -53.68580322728005
29.74222082706435 325.41210988934057 -57.39822968074643
31.81973574965566 318.7530173822836 -62.379463791396965
39.49912132645865 309.9180906041249 -63.64529278039312
31.273121702091423 303.05924507698114 -63.22553331851243
30.792764193418606 304.9871834298556 -62.94440838364679
23.61698889434528 295.7745423169158 -67.50141059598445
25.957347332831183 299.9437566490506 -58.88563136054922
24.055282841536588 301.8336479245016 -62.90537407190453
17.655981880314396 307.47135952163455 -66.2234716371039
22.17199168477514 313.3426965911554 -63.7748840602717
28.41329142656186 312.366354137815 -65.850456648799
18.520862639602463 305.8616823209665 -75.25247597221372
18.670910024462884 300.64430980295725 -66.10516240519611
27.955257350219306 305.1109208589029 -70.13988397446681
34.17040040357441 298.998137610338 -77.70517396541551
24.303447706646875 298.707860535235 -75.75385764888563
20.083393060859933 300.1401983116017 -85.48279131514934
12.230913866445102 300.4450373572604 -86.00142903838044
17.49915925005916 304.37135778899113 -80.99485590331456
18.738432527526523 311.75293013965273 -84.78080945622392
18.784219830961227 306.68875939127975 -81.05611217421776
22.16717795010706 298.4401689601968 -85.91291096525573
29.83044903949198 297.53773496095135 -82.98139393295642
32.889070006760946 292.7517023548579 -80.10147158515637
31.02156928375814 299.5758400379088 -75.02258254039408
22.301032205963878 299.0981848879399 -83.85099916958849
27.67829414479055 298.8232787995939 -89.04273201245255
27.602095172811016 305.81051536733844 -85.93339461365369
34.34783684685383 306.4829652456311 -92.19724380904759
31.233480249438664 307.79853803152093 -85.12461302148348
31.00697835953587 316.90532500359285 -85.63408803031413
28.58447638741627 325.60782407145695 -93.40817584587127
34.91549742770829 320.9707134776588 -94.71584903002861
33.98607087087248 325.41515237156904 -98.80933178956953
29.98234033287718 333.3092292316669 -107.7749165863357
26.650131303064825 332.77770159926 -112.52232096200875
35.16725505974198 328.7301868770813 -107.59319239113624
37.253739945635054 321.3822348795938 -111.85718053072877
40
17.393095907711896 331.8850306434696 187.51142229426134
23.422579068256013 344.6236775317111 173.56282582538725
17.806603925997102 348.1310844253039 195.0407275526823
25.054470207119376 332.9891800183914 186.2321664701241
32.06488711809798 340.3260992656098 176.7668754985895
46.88813863054212 327.2800306229705 172.12787128624413
51.76007284649045 320.148477237825 153.9609340813813
49.68415921347344 324.5658090012424 174.4641391455687
44.892124671128435 314.665921978504 163.01604028732527
57.04373141387655 324.5238824691366 157.45543177725432
60.872093633890415 321.6701701290368 160.81801539885882
51.7643536563552 309.3544976657927 158.05021872383898
58.59105326278077 311.502643481957 147.14980805986437
61.14141085427274 306.4665048454135 137.50078365254706
57.03826863735304 312.40372026240993 133.55865840415098
63.48167755968214 301.89612382752176 150.8797495509399
61.472671129054525 294.5080969702949 135.82355986594652
64.8246652751403 310.7785491273233 132.47044441429293
52.61059433665126 322.9991245785702 147.1652504314593
47.47123169033382 315.4388952497563 131.12145599057806
43.58138229728723 326.817658793851 140.70169913653115
56.97737407141742 321.1988867725287 143.461635120057
45.900534634835786 319.58067413710205 153.35289486308966
47.59201251054407 301.7461926069255 145.46456982718863
42.82828913931935 307.4470226473054 148.69792122292765
30.81257733033258 300.5408153962328 137.20918301121537
33.36601291972474 312.65925047896167 137.18748534595204
44.37257492443387 320.45492566340016 129.693330208244
50.48508201298359 331.55026383030713 143.56262545783855
54.60021072364809 318.3107813827138 129.1717070482452
62.9520008917044 309.74465951658937 131.8693513376249
50.6440087993665 325.5559701337328 131.94881400594605
60.74547414808891 323.2218868277286 126.35534729785626
50.64440202305014 302.0518567047657 130.1968888844337
44.90331676008763 308.1334307748456 138.10546522808983
53.18315462906635 305.2721025021688 140.21934279293944
42.66755083942789 311.8965578436594 130.60039222311292
42.10713842498981 311.0025736316318 118.61740051282926
49.352751032937626 300.4943396880987 113.34541890826563
40.143140386235316 314.3671290591479 128.3863530217188
