1000
162.03387229998097 34.83640016064907 102.14277148004061
157.42994581078267 36.78802936217148 109.0239414321129
150.2187484525038 42.91603954840082 103.33394341853207
147.74189502876618 52.80781859869702 111.23988140505178
145.88491104280007 58.747843820892314 113.22391473970355
143.14752224314395 49.30441751335366 113.70315081642829
152.64227736118605 47.338295973731356 123.31140275191134
150.4261927356031 40.194468201175695 133.05955024655103
145.49609524557627 38.4181312973058 131.13214266132255
136.753969689733 44.817716415178396 131.08347248505723
137.67593543849142 37.68272233800025 130.6210177888694
142.1280088319062 46.07155281192995 121.68369075892282
149.92935072989337 45.314104266040104 118.73752941529577
150.26992239287142 43.20163923888857 127.3881062251309
152.78298301135078 47.543964352152464 118.37538360243754
162.002637637872 47.53022775511303 125.70025259115172
159.99227664691628 50.06911834859892 117.17116749856439
156.28432354687075 40.20253121098889 113.28165203106254
156.4291193654631 38.941645337439304 104.60098426951309
156.49401251440437 41.546727326658754 104.3282795661156
163.84711905903143 32.26858964883523 96.56097729110049
165.42430424540765 37.03371989443407 92.74174343033332
169.90567644467467 31.697157140410294 101.74670505330528
172.54218779799135 25.703341737619166 94.18639573956837
175.22955714042473 28.312395194174705 93.60745106310183
182.5131686601885 37.20936762888154 95.66439042304293
187.36220117568547 28.63505477735265 98.67381367758378
195.63052691619515 19.953035587467266 90.95436650434816
199.17054303258257 26.24825781424113 88.90358417426395
192.30050683262823 32.8948114463834 93.60689705920007
192.75240752936196 25.231628559406904 88.09400474682408
201.0614647662512 31.369944286691656 86.5211643569044
204.84343829940485 39.480265787130264 87.40414417883294
195.58281573306448 48.79475908060724 81.13971184410012
197.49437730205517 52.19809913409064 85.27848541261523
194.61248654302855 61.95699051199563 78.62336922750058
190.1397823115955 64.82834934687847 71.73626414910959
187.79679510120374 64.22186485285698 75.47292542051767
195.0794355669366 58.582271561197636 75.68702190759822
191.2561973285002 58.21380086626869 66.45653863506766
185.09426110087705 65.72967710840321 61.72727370011541
186.96450364469752 62.15529336303531 57.188667971781776
191.8419975340034 67.17781516372675 59.81438527768151
185.84884272808839 60.15644619662988 58.552624592305264
187.77537890869263 52.212623174615274 56.136534402776164
182.293398556802 57.51939727760762 63.898313355372025
186.589165772042 48.63643478704769 56.18252691086377
192.5688880405282 55.24287153266898 54.748005837208396
202.09965221524686 47.49230064703658 57.661982018914834
193.8432281982803 42.23851037886825 61.734302858069555
187.42802876770475 47.4055378420012 51.79687653421867
182.1312078322516 46.618787635630184 50.88439153756126
181.45682122516322 42.40975807791692 56.40603094753929
184.91283321230793 42.04455865149766 50.12921663850606
184.26238246761383 42.37970817292073 42.94234520125171
185.41284500309627 34.2377980852082 41.3228243261182
191.76233089568416 31.02914880853462 50.56794359580195
184.42724026153965 29.117237929939293 55.641906898558254
183.07388462456808 34.90563154054733 55.85142922314703
189.841951788037 41.596931288600864 53.73102736423466
180.84148662141973 48.78568917505753 54.92529164118256
189.46017250426559 40.40731026137364 48.5393513767462
179.49632844410127 37.6504051061609 46.337372271762156
181.72047195667955 45.7972024562736 46.80412738353717
182.94263854141306 37.754819846622894 43.071523982443274
182.66160417012543 43.36610246871055 40.6586398126387
185.63650599934044 45.74774876862189 41.41513263216611
182.3034514914552 51.902540854410326 49.39518815671024
180.7484632495451 54.208479195860775 41.49079278876672
178.19980699796724 58.665212631346776 40.519232203820806
181.0863714277871 56.46738013050641 48.35104611937297
173.27397724550306 61.747000467789555 45.089995614455134
163.31212634930492 56.88140358332712 49.23812837259717
162.08985972215257 48.87130328688095 51.1287982365957
159.8049047594588 52.46837155507211 60.13738488596735
151.02209574741536 50.956531172225084 63.59194112392287
150.81557743958993 43.8802697476455 60.83196823607293
157.8196696137768 41.269672841312804 55.47022214315331
160.2165433495774 47.748563828889104 49.78440956026891
153.27412548686405 45.48101010346922 57.102743095343854
148.79559513848255 51.32461995914888 53.779641544758334
140.08858157622728 48.719778364521446 49.798610766207034
141.71690390767063 40.176858330627866 55.66783300235183
136.97334164549792 31.46272858640807 63.86398500050608
146.12292884006823 22.4008289917941 57.869616587950624
144.75890865836914 17.93444319504598 51.86404034826093
154.5429605183057 25.679713436515605 46.160583855294504
160.58100587341352 16.399249285302492 46.6738612466997
153.8577654793312 7.067171155769447 55.1864504195031
145.29272056445083 1.0909756694084365 46.542503797940796
138.2935627520089 10.161209788884467 37.372920438328194
137.51644625922873 9.608070390621252 42.81105543915105
133.45736871224068 19.51571490832039 49.555377000515456
141.50880391673672 11.047787162996027 41.4310235887663
139.1500176648861 3.4753927958544715 42.869418016131924
138.95209910444825 1.857802942688259 42.50279888633888
138.92659897581308 4.014486710930333 34.937411699092735
136.82546182173587 8.02245529566213 25.757195301301234
138.49718104312927 8.802065028844922 17.27388386182533
141.8279359912143 12.54769114281585 17.682445856786597
132.46304231458896 5.759952299933563 8.73101586904749
141.812028966093 -1.8906103233511171 7.776554619427354
150.16773114256912 -4.506051946773867 -0.6094810446685637
156.38406006206623 2.2509998352614664 7.294070528535809
156.72551352022003 -4.864251060889669 3.1094488629688994
152.692254254638 -10.965777079062306 7.03714551942004
159.7604919489498 -19.96365063623652 0.19096905350569582
150.9589240455248 -21.560949350686386 -8.985674558043918
150.73117025706503 -17.84266522902486 -12.292676893187963
143.28776578894622 -25.077766956461666 -9.642673438390354
150.90039513364675 -26.365562312224824 -19.31110824512058
158.4268840787075 -24.216731204300896 -17.65378103998134
160.41100572832278 -20.666361152997617 -25.556336861143826
167.56712793909776 -21.100352004420444 -32.34129363011387
170.9322436804228 -22.694132649554284 -39.11173320879314
170.23317023930045 -29.154919640541742 -41.056532254500475
176.07492389791153 -26.866365897669297 -49.749503019206905
170.1773159547556 -17.501860658667987 -47.726778525185175
162.19500661261728 -7.710692496058169 -51.37753990798179
164.94129997674332 -14.751535014678549 -57.13934895500802
157.9366383028554 -14.080101951614818 -65.6607950309323
160.8346990121767 -9.559942278179811 -72.17816951455205
166.76441617982644 -9.729310050851163 -62.573710213607654
171.32556536769505 -2.2879839470915826 -72.4142847413749
175.07547544816168 -10.415029774068081 -79.36475298298184
165.467916201934 -3.7431924883851906 -83.588187169468
169.96582590866527 -10.708317524802608 -86.62940012515735
168.56198313718443 -6.164598249780354 -82.61071945112505
177.2488223001703 -8.058971276884145 -87.72134758850497
175.237347703611 -6.7581562370282935 -93.06258737283525
184.5156441918326 -12.949733929716102 -84.51107307407001
193.5272603894233 -9.88699514276804 -82.3504661300531
188.35702090603758 -14.919318859755837 -77.92529839075507
189.903347656321 -18.346540822041852 -73.56595516764567
182.32553758622785 -20.539299011249874 -78.66648061118447
177.0272014916304 -22.075933990809332 -85.00969155657272
168.73138983164654 -20.747634297106803 -86.45567214474904
177.3542027249042 -14.589224605353406 -94.68027561322164
182.9731164981373 -18.470223980710056 -87.02323229121278
182.97947222959812 -20.15526488934134 -80.00760475599525
192.0770534125016 -17.855215255064678 -82.61786365710645
184.46952769904834 -19.78508280802697 -81.06209776348845
185.68596600955536 -23.831870942963228 -88.43305627597856
181.13709828378467 -14.38917932725145 -84.88982913617782
180.20606025615433 -15.925768977390973 -90.9195440959847
179.99434009093093 -17.882914013405877 -81.24661929535233
187.68863630652626 -27.339525693594943 -86.66587409203137
188.5825435591092 -36.73418087121864 -89.79819428549835
197.0926944092617 -28.722590846704783 -91.87266597581696
198.84418686665387 -28.254469854785334 -98.57608728832787
195.63743745710585 -20.690649526047316 -99.40763424437118
192.66136327688776 -11.7928741093209 -91.24986295355919
188.18157316183886 -12.465141522452578 -88.43565471704484
196.29062009737575 -22.068255192309643 -94.38276272679609
187.96264126152835 -14.506903823545812 -104.26120821422482
186.94324208380252 -6.534955146606244 -110.35925634843201
191.6397881490891 -13.695403499929007 -120.00224174230995
191.85859655199084 -13.85972631898823 -115.70124829430254
186.64529592973935 -11.857059869340118 -120.54823762545293
188.12139996702828 -16.026949180298836 -129.73048861756388
190.55124648016314 -6.6573348009745885 -135.91470861492692
185.55667069636075 -5.006879645188878 -141.13535731365755
193.1694586239296 -6.132296177575192 -138.64047927798205
198.71194482268925 -7.022828518004676 -137.7030330760718
198.57742466103073 -5.788030939640954 -147.19246424160195
191.3928004769622 2.106189653545613 -146.90099240929493
192.3794608360366 -5.429940524413986 -146.93248220843284
194.14385782790276 3.8545653160546216 -137.62127521689618
193.93435438678782 1.3787604170109184 -127.6971255047363
193.54111769880123 1.5767903695561851 -136.4170805622778
189.66674033726207 4.544205202823591 -128.90980017731178
194.1646160773552 6.749873334101533 -134.70087483089256
191.73864215729327 13.549359795339742 -137.07056790180778
182.35315442106275 7.671204167329102 -139.5592661532732
175.13965492320423 1.1870471095132373 -144.27590884624183
165.88953295181173 -5.666843760306546 -149.02253495322256
166.1868388268929 -4.582842307749222 -158.1913499712613
161.494366027109 -9.406233211817124 -150.7670896773868
162.71788978304872 -7.210470266009304 -153.90335194090818
161.21714104764516 -1.7652295979653747 -146.6198435157266
160.270110500564 -9.103254688380453 -145.82437846026892
162.21152891660054 -4.478755250326258 -152.78987778360633
169.02380665014974 -0.8619749012740736 -148.6885289398995
167.65269800262993 -9.764533977262271 -139.28645281131526
168.99244644444437 -4.311768335064053 -141.39265082788773
159.18015409206635 -8.470145637084428 -141.71987471354217
161.36002390271796 -3.468645604800421 -149.72055765571037
158.8620574848132 -4.49764042914112 -154.02985025746395
166.68927496491878 5.1267305361441355 -158.2340488040096
161.20035665843355 13.772467147372065 -150.6290505376362
152.25009899418137 19.76858883898914 -159.994560117434
146.0905687592806 12.232810422746418 -159.9852099239461
136.33323230779158 6.0362856016907624 -153.1317632910064
128.44214865984915 13.034052559283317 -160.33624933158802
120.45154374109474 17.28853992792312 -168.362562126559
120.69696573082179 25.75710393729755 -167.54364319660084
110.9265366037531 34.38780353538373 -171.1931775744183
112.93541621761536 28.052062694584542 -165.82472500814688
120.52727845504945 18.714494067439865 -160.05859419450508
124.48451439646986 26.538276141413935 -160.95070899855645
130.71575871027827 32.35197785891356 -151.52302710597317
138.43858684438442 33.71896543213513 -156.67216596262776
141.56587993521492 31.628592324406682 -149.36728018330402
133.5593086262764 26.59426960290751 -156.81851508379205
136.78317259318558 18.106362264197703 -158.8563628365633
132.85235503182128 16.93880318519107 -161.8696750206211
134.834559745377 24.88283197932898 -160.44976110790267
134.6294150462633 23.04959574000592 -159.5314862658601
131.622457513085 29.895271973942208 -162.68256383509456
131.8211304123 24.89733312724884 -158.18436129577265
131.77805780605297 26.632385537609863 -154.50739942689964
132.12831178851846 24.91945716411625 -156.69198724825318
138.99457305250365 31.98930264922641 -165.49170199604856
141.32523624722006 22.850745482622823 -156.8738053588982
139.54939113479475 31.09418004957192 -156.0171581541112
130.6789839712519 37.84557042546566 -155.82238636806258
130.9112298395337 32.97172947593689 -160.00588477848555
138.74547840362928 36.94376971293111 -153.7687621896354
140.33560760398325 43.756611041206185 -148.4766304553979
140.8798869157703 36.3079610836203 -145.70859126355697
147.12423484723675 32.296224665259004 -138.83405448586208
139.3682670037968 23.335516148835232 -138.46849375437955
141.0331139299446 21.104131069001276 -132.52761573391902
140.48392437294783 30.56494080766891 -131.5256304989543
137.3829945759605 33.91770536666876 -137.54673030550387
147.347515182483 37.66462781715032 -141.4500801382022
137.93425261093276 35.88232036727997 -145.3815337603981
134.95734375894713 38.726856272897805 -146.83824387833812
128.89557842778106 45.53443011957942 -153.8548999649263
124.59721101104422 55.0839835285674 -150.46449780917146
117.3216375874809 60.777406719487125 -141.15784590806834
111.9219467535871 58.34459175780901 -142.61257225133943
120.36725194585426 60.655035971148095 -141.17365516169477
123.43450525105206 52.367378351737706 -138.13299235208487
131.99191386440148 54.04915293180639 -136.16603017105248
137.30991691795495 45.76116236285883 -134.53626158524344
136.8673180179404 44.165363637385894 -138.3785444911605
141.35939657351926 41.82317748133294 -133.729669827929
146.749972619598 35.12319783523017 -131.2687764403385
137.6986643392321 33.02126757794302 -133.84902911653853
128.59427382175252 27.095826273193786 -130.17938541351148
136.3255688429056 33.019105528393595 -131.84454767252902
145.74501265053044 28.14261207061967 -132.88395658314747
135.79800549803363 25.409594668023963 -137.04881158365873
134.53846251494303 31.944169110744774 -138.13289753516662
143.88219663638736 26.062021296734862 -143.64047446588955
134.73798322039437 16.478518903954548 -145.67789188035403
127.88382175400514 24.978961564626893 -151.390192490039
126.17864349553648 27.007192579726688 -143.08490062012186
124.63299289354036 36.14265287267486 -147.0156027489576
132.86761874186936 38.402665162603824 -154.54213268846485
124.12982211362056 45.44875988652758 -157.6607268134184
114.75323225055169 43.67983878784284 -152.3199393483285
108.43057795648801 44.9167787568715 -148.79876206405442
100.70251258235696 40.44023002346646 -145.2990388486077
91.43658964908849 48.73379720127864 -136.81226149888852
99.30609357335764 55.085265448144874 -130.7903277091896
102.51915052952658 59.69253093680878 -121.51991187982463
95.12619342220775 54.728984299940876 -126.83991593003049
104.31993141332707 45.995070264241846 -123.73633011070184
95.01897131679695 37.35360901083894 -116.02214601040893
94.87875615519582 33.754168614932325 -118.85763246107632
100.25448211924922 42.64749297108737 -121.25895907346946
101.88396187728966 50.34271416834894 -124.20361838648057
94.85429514498855 40.38327810103871 -133.79799111036834
85.79833988457293 47.33856614863694 -142.42963863834467
92.04150000194878 39.988327896467986 -145.15478155622566
94.62570701035206 32.64843217872309 -138.103616114208
104.43880454638713 31.544128246279673 -128.11208796626065
104.1066509775911 26.07024139692668 -134.30284498335692
102.20135385220507 21.66084594682483 -138.35715284602085
96.5086653809247 12.340168894559152 -138.73467934753555
89.62453999458073 15.833821378313079 -132.43784745771094
80.63339362804182 13.273701689898024 -139.90137991305298
88.1656995406192 14.880715966647255 -135.89424501077258
86.45231536322798 11.414042810754545 -131.36773349268933
84.24215514471184 7.195409163428014 -129.76904206325202
87.01968728344492 14.374560153730112 -124.50163261397215
90.82048725639909 17.693164046082607 -126.46826070430309
98.10769151606279 8.768014409025074 -134.0069108940941
94.98103283457793 14.415954467958704 -142.41358690435356
99.99413903666436 13.049910908300745 -151.45286196569998
105.03961811165028 21.74360689355218 -142.46658605610045
101.12078203994012 17.167445986251618 -144.58394752692627
102.33816576065996 22.92509661313374 -139.93686540527318
102.7983940933706 27.03521311486131 -140.01831277196777
111.64533630469063 36.637273137644364 -141.03169438568128
118.03810470047524 43.408290790568714 -146.06166604987115
109.7685360756006 34.60493032603354 -146.06536741984857
103.57614920119916 38.54581626252343 -149.91195164183824
99.42921405376168 32.44252900085694 -159.68467310690778
97.62917317923882 36.41072701805807 -155.36418886302337
100.17668183010555 38.3473162014781 -155.3889392760613
103.96266511524713 30.26513456693194 -160.4030143137818
95.23480494140652 27.854335983223553 -159.25627557368284
94.10379112100155 24.816845695939207 -167.99503746525477
94.21856866938246 29.18611060860082 -158.25968084973897
92.10380952417724 39.066091670376636 -161.10660455270914
88.45181706150645 37.89129444582728 -168.29507055357675
95.0390973949574 39.030957334347214 -171.509841730826
99.67534069537489 32.60112117226903 -176.91419984330216
106.7837091622356 35.87730459679897 -174.48865169184478
97.6270162912866 31.23381289863207 -166.52793457868182
93.55722085196615 28.772454700922392 -167.2160090147785
83.62740704498997 25.965182511600105 -161.22737859594616
80.32628167139922 24.33899115568018 -157.96498241483613
75.26086714282835 20.632344451894348 -156.8247146562573
74.1283908353877 18.34483017708559 -158.37005676699505
68.5735321293095 10.258156364276463 -153.88437280664485
69.74136828505091 19.29835874880261 -161.75876617069875
63.75811876765232 22.302963015466645 -166.33264613534334
69.19197378288072 17.334047506820504 -168.07273634061903
73.51707135668215 24.712619426886658 -169.8131117514578
70.01789973712081 17.08433029020629 -173.3679823292473
75.07858874547382 18.10477847869802 -180.91302706484024
78.00122031441089 8.187457505900056 -177.41519088514076
72.81820964118774 17.871075150299816 -182.44850315550698
76.63181527188759 16.199676710048596 -184.16684750547094
86.25829777050127 17.868358270930077 -177.49947754469562
88.95309169444747 20.812121480171154 -185.968403826928
80.47323079998567 14.205101795243234 -188.01929663704146
83.52221874181225 13.083842802438733 -192.80474102059392
77.99230100757225 12.386057132349311 -197.38363914504419
86.60377471117258 3.780228407544268 -191.72733400586782
86.90982618159235 -5.329489304128661 -190.18812796571333
94.34578791460952 -13.806086570974397 -187.97076397306955
93.83770010439291 -22.048847913338278 -192.02854042370745
86.71685515339298 -14.59724351266846 -199.90951600051267
90.8000939772063 -18.097083196814445 -206.35171521582095
95.30687959969566 -21.829312071458308 -197.57880352214568
91.2905143527288 -26.116501035035153 -198.08766408185582
93.71474852754048 -18.084132785081245 -206.90769819015472
87.85021744937117 -20.65167137431608 -214.57287353447666
94.98639544453775 -28.427903752093375 -207.7331874840841
87.71439167212088 -38.126845702908085 -205.89139468923344
84.77352134146874 -47.22920496407184 -196.22847037084333
88.52901359854911 -55.033652260503885 -202.0881854749729
81.59778017480063 -51.55399493553957 -202.84269491323218
87.87837044128318 -48.258551811407834 -206.396364419068
83.45534597885106 -41.57348455504008 -207.32555420771664
81.94332908738967 -34.298246339802226 -198.90160985293085
80.34355290043459 -25.031704769171576 -194.7546324407238
88.60691287638483 -20.213780505587188 -204.26509512742467
83.40629544273423 -26.748707320208204 -206.7335970959862
81.9422922462888 -32.41799521701747 -200.01607221533837
72.21263883311534 -35.22398774836533 -194.6984468091097
80.51283143250546 -37.22595246109341 -199.98178486957127
77.83921587130195 -38.74784123176799 -191.21445850630855
76.44212679978325 -46.731946692935416 -193.41403831466525
78.07124516363393 -50.43607278238386 -199.89859897895673
74.46665184612851 -53.53831919721978 -195.09875429407822
64.82427043613465 -45.39348965351851 -202.92204636751563
71.43000823873302 -48.2294686251064 -195.2872531887001
64.57246521761972 -53.274174794600874 -204.0546504140741
58.831864876131796 -49.34368955745059 -214.0395143712547
59.56672916054007 -46.988347521855424 -204.26650311823113
60.90727510961709 -39.23774405759779 -205.5596580678266
64.54030274655271 -34.31055007200423 -201.345700264159
65.19364242781235 -30.346484643393044 -211.08781144300323
69.08713468779335 -27.526690209012283 -215.956099483125
63.24708070543069 -37.14061196813118 -212.53768400263138
60.01390247604007 -35.36651519174752 -211.82294777150082
61.665245354119605 -41.08662464943545 -217.50635321273373
58.651751873512694 -48.76058339883282 -210.12077849004987
65.8036859032039 -42.13739728118676 -214.1824478934257
64.21058419559564 -50.337315635561744 -216.5025963397151
63.62090759435444 -59.98331653977266 -218.21253792996737
59.26096701317361 -57.43221819839359 -219.0854782223396
66.72710874776183 -62.99028941341088 -209.74966534781277
60.649561152468664 -54.116783707748475 -202.04554700718148
69.72736912097787 -47.241125116890544 -210.51980486913664
60.21128350314418 -45.272113902780504 -204.69190646784833
59.790922998551636 -36.87443592698986 -200.18538832132617
66.75819224011099 -34.526992461645285 -199.8338043009629
65.69360667548379 -36.52422588622195 -199.92156175803498
60.065329392740466 -30.726570722744313 -204.35929446336314
62.380955042334634 -30.455938479058894 -206.29338794575585
69.6768033438532 -29.140218626817365 -201.18736486796467
68.28635692253505 -38.71382115000674 -195.8649277175899
74.26605344980524 -40.85740884697514 -186.7253810664036
70.26704966785498 -42.95698551353693 -184.427624319731
77.12373192910273 -48.254042861775105 -181.50335624612606
73.21014226452728 -41.05852094173717 -177.8523956121372
78.80643967100873 -48.26265702572588 -171.04934217803023
80.56605039007272 -38.99018522699216 -174.2520004914553
73.77959457047598 -35.494506073375106 -181.90954568962346
71.88104956699536 -38.38321332035179 -173.96301565241356
71.00478735575538 -32.93954468583314 -179.3776873693438
62.48666303820481 -23.681288947088238 -181.60512877905265
57.44942860127493 -15.718312163926985 -172.1918021347854
47.66621878798082 -8.27710187778598 -180.01977260964458
57.55537909594446 -8.846214994618224 -172.2194879438332
47.84104345648008 -8.252829687033477 -162.8299213985139
55.87302050315698 -5.231783229067885 -163.8058459490438
59.96346724394707 -7.065630280503145 -159.44788958998697
59.78866812197485 -8.471165802785043 -159.90039006233127
64.60188315743865 -10.397037268021352 -150.92925907243284
64.20281969167024 -12.406688563033674 -142.05143040266734
56.13792615450549 -11.48196290383903 -142.0611353270459
58.45351354588691 -18.436052167263117 -149.67156518153757
54.913434047172686 -27.299621786590013 -149.73950540777193
53.40385825867678 -31.385792139026165 -152.28306433879223
48.554928173729415 -25.15277481210738 -160.18332411653097
52.10535295492169 -26.670681066912714 -152.9791407000511
49.33867231322131 -18.694902647067153 -147.41337826537628
40.901368039621985 -20.90836626200276 -143.86776868751443
39.05361428083343 -27.89847944011877 -137.9916931193494
33.98431098498982 -30.559843317015833 -140.42227654917272
33.35838570366397 -34.19185469907743 -136.10027014038218
29.10882526035946 -25.644185190302423 -131.5258843526335
27.49676525197821 -23.98507561537938 -138.52713605500367
35.172456770999794 -33.961895031940706 -147.09068120583694
32.65906464539934 -30.303585593048766 -152.01861927111193
29.2355418364915 -36.21257335322948 -152.36048854723362
37.31648279701531 -26.999533215931756 -143.034507319535
36.373909654916105 -20.786193264159067 -136.89836174054497
38.37332650247171 -14.980459259535257 -129.36296189193024
30.591575107631055 -9.900747701661345 -133.00317958500332
34.543084876093225 -8.465854493537812 -132.37677666962261
39.41641836522395 -9.603217279929508 -126.38566741854386
34.57311246645848 -1.7441231258926653 -132.0227906423805
41.20841173302959 4.345912996558313 -139.26047919007553
47.66410630205829 0.59265052371016 -146.18466296848854
54.01093778344206 -3.3698647717349015 -138.64553412821962
51.21847962539855 -9.83271395992634 -134.96532465026445
54.75083104999439 -13.220691101260321 -126.19064137778298
61.34842098298035 -9.094893416077893 -124.5835411557406
63.16768987248017 -2.711726085084429 -133.30207556413063
53.984065612880656 0.08877744080447103 -130.6826386681795
60.98681121869005 -5.976411942712611 -133.3598755049227
65.65545618567457 -0.9711574827998177 -135.10128824564924
66.25486518000899 4.865930118849443 -144.57951623866288
64.6039480426628 2.8906316404890418 -148.411491182947
69.7965184700606 -2.399047913511686 -156.25715549040336
75.06065818500421 -3.070052014718204 -161.8189713358579
84.45263350938488 -0.2974520617671348 -154.28943452596232
79.8806514116487 3.0909176159805454 -161.33142693638547
88.08018841571548 5.8202247303892864 -164.42335200604052
82.62649481344224 -3.997474792617682 -161.1562894445625
81.95531420396712 -7.973307054191418 -157.9336846158774
76.08651643567192 -15.723809654414737 -164.03869428288073
71.80688548504969 -9.957567701232838 -156.53041314950525
69.81921116411299 -16.95795701170228 -165.73196129563843
59.88161092747396 -23.42207841065149 -168.78668364492617
64.32727015782373 -27.88542576950149 -160.0670468793033
72.35603400006602 -32.269832547981466 -166.05531877556726
78.48679084728508 -29.37629647941165 -161.14054437591216
88.21770756032682 -33.0266028149038 -167.87290797868044
98.1603039929688 -33.341329185360344 -170.5337066877543
103.85819249716718 -30.513580942142017 -161.70168913704833
109.13212599624605 -21.361486027779666 -157.8079915672284
119.05972527792292 -18.514124997236323 -160.19063431462854
112.37246191073983 -27.882971895700074 -165.2435453727898
111.40006185730257 -33.562629390515916 -167.24358418762284
112.16334957461622 -38.557107512675735 -165.2326100385779
115.31841799946385 -28.558402307784537 -165.99802949797922
111.03699158182009 -27.748404376425004 -173.41415333936646
104.63146010935755 -37.59172429289987 -181.9975291196585
114.56010445572038 -43.94418107627888 -182.3919781516057
117.67667633765937 -45.051014253308516 -182.01605735520545
119.62694775817015 -49.795672634755505 -191.7315279190854
111.36686121070696 -52.08142413406455 -187.83014895060393
114.54290151143348 -57.503038145230256 -183.2723188449354
120.25926208573404 -56.01229753216123 -186.2551919757093
112.04922484658792 -49.220060972651574 -191.8131877517924
119.78912060777725 -49.945875235825184 -190.46944588632783
128.65853973847229 -41.0869498463978 -187.44231552482825
121.89686481973763 -37.217997850245865 -184.8209862115793
115.48502913359656 -46.63984691032423 -179.71583453522803
115.67249140493772 -45.141176095136835 -173.79470101878138
112.30774310352668 -43.336294161132045 -173.3397393372451
106.39340080698834 -37.09960238518394 -174.77503607253888
97.4018963935033 -30.364878629251354 -178.13506806474385
101.6018405061486 -22.98285015031023 -185.48018356444254
106.24108163697447 -23.363560756702785 -187.9113864007225
113.19934308448325 -29.88175565432355 -186.86210482930045
121.13154782515119 -23.279289731468474 -190.35367280824335
121.99278517962922 -21.305132898464937 -183.69813529485668
118.96978626555098 -24.66824254147727 -184.9955975103992
115.80779280379792 -14.842182693342343 -190.11058424550433
121.72427213464321 -23.734072266346352 -194.1081315390702
128.71506599080365 -16.19432197999155 -187.31285391175035
136.12583362168377 -9.762880763536172 -178.98105267446485
130.03939655254558 -17.14038043934761 -169.88577821330472
131.09374030666365 -11.701334029293045 -161.02029155578887
128.73009068816847 -2.080427614875532 -162.77726413111128
135.02389325001724 0.33530045990005286 -160.21138616192127
139.01178366638132 2.8979681526353938 -156.13908289614392
135.033953042359 -3.8325375526667784 -151.96884848014543
138.6426478541189 5.743698188587446 -157.97331987636449
144.1756956529821 4.945460240243895 -150.5941714537635
134.8721963564088 6.312651258765604 -147.6343733975496
136.55512204818555 13.063996945334566 -138.65458516358177
132.31090553314925 10.466468692673141 -134.74520889262024
139.8130517902092 8.067997791009734 -131.55823348911449
137.04193203239305 8.007768021147582 -122.77618281342818
140.24816254042682 2.0899170147886412 -126.48886395850698
141.11213609840127 8.388537860121467 -121.20389870790709
142.93603482691904 -0.6737618941635048 -126.24317412890863
152.6819412852208 3.1610003365626604 -116.85301039235806
151.03521235456614 4.0314946504996545 -111.12800412287258
141.8800955506239 6.355590540539438 -107.91480251920399
132.76063777795414 2.4834267599987467 -102.62539746968798
141.0917671112324 -1.3784434528863168 -102.29933076010134
141.44612649255757 3.9229012440130937 -92.57762024553857
132.06280436666816 5.835301154880713 -83.38176294114947
125.48864550188202 -1.196468513372932 -82.8888466670477
118.92198140891828 -11.10496489758513 -81.60398467957583
126.44321956613393 -15.686393099967622 -75.36909802273682
132.93154866193706 -22.338384112341274 -82.4056137556727
141.42479842894787 -19.424706566618347 -75.3457285743945
150.51063401918444 -15.967486742284699 -69.27727565153195
157.59026789025373 -14.457538919489062 -64.69040285325575
164.07265178852487 -5.3329790144718 -71.58731897663358
168.06670188771207 -9.794267950981396 -76.61547348880515
158.81016276659557 -16.374789459014657 -72.02163889066212
151.16530792525975 -14.42522059776406 -69.6111020604517
154.91566868776388 -18.701534730615982 -71.85054378765679
158.52952945706667 -14.882212300389352 -62.36049784981337
166.300774878706 -17.176666862245142 -61.07918744334655
165.48018009785682 -13.959871003286231 -64.53134159776307
157.0047967166834 -18.58000822392836 -63.2843412699738
157.33070338832985 -12.788639349628825 -54.703577032076794
150.20211222247508 -10.473841631907364 -46.11465045406833
150.678671966786 -16.39358686993367 -46.528332641810714
156.86708323906208 -8.611128141643395 -46.846675370297795
163.76900570211254 -9.026919218185174 -52.029797912428535
162.84351465095398 -14.500230806854459 -53.936234057009834
155.15171114964758 -16.19924831853561 -57.172542793353166
145.8576854479306 -6.872483395461101 -59.51172483081549
154.4708731834819 -14.07699138717264 -68.67311610075174
163.88229508883933 -7.360952465589264 -68.61221346402311
168.5483475742662 -11.7139234000351 -69.57279425645547
178.272220575091 -14.233723488647069 -59.93130947860613
174.5008094427238 -17.31174429926001 -52.48931945851855
184.38830042784716 -18.16942093915923 -58.282811064653856
188.27971578803303 -9.091448118680287 -53.39862358583589
184.32908939543537 -6.767981426710486 -62.17308995442211
183.11250768164638 -8.18277406417763 -71.19428054146942
190.57933586514847 -0.5925405635093419 -61.54373639137873
200.54125828353162 5.785949291236541 -61.904968411286305
196.91526293334186 10.631668955738036 -54.580511671862396
200.63497800173096 19.796788419516474 -58.58911014870566
199.08175394624584 12.13485506885504 -61.65870449511365
189.25048332826694 9.27987009450224 -57.60722180788446
196.5282513847425 18.199896297939645 -67.5569589708604
189.02931034184755 26.964581252088266 -65.39954665539125
196.08003576202682 30.43068841535499 -61.945919982409826
192.95727451544812 25.52184566681974 -61.43318692448576
200.96260600317268 28.559262523230682 -55.036682663624575
201.71265969204876 19.602098951728724 -64.54859393744611
201.0907762066156 11.837175222334004 -62.23189900934866
209.42378013219565 16.22179445775817 -65.77122702082794
208.14838454385435 16.55058705105831 -74.74960983933416
199.38769259384 17.119807132486876 -80.08330854053673
205.47001763493205 8.773584144446428 -84.50958726081072
196.10650692126327 7.872267155191535 -93.31199769812469
198.99203601296733 7.104803945424498 -96.58121684834578
200.79858533747728 -2.3733074625968715 -96.65739855336096
208.81897031189814 -10.15842864465011 -105.96530610707082
204.58184460654525 -0.32741890205726243 -114.83355188892199
196.37895630648273 -7.466174480691809 -109.77653033434373
200.49328509871262 -10.128517505590803 -113.5961401918883
207.10895733244786 -14.585629730140392 -117.61452485488486
198.35336710746589 -10.179607432396011 -112.79775006641589
207.607357096045 -11.888412819067382 -119.39917946137894
211.55935669019428 -8.374031822708801 -122.35114376809133
203.14844125470395 -12.08468535015274 -128.11342874555731
203.18250487383062 -7.196931906894983 -122.99628255520733
197.0061067432447 -3.564501240680351 -113.50528582027053
205.97058435066643 -9.085792744541756 -116.50064037107784
215.33801324515508 -9.156684438095914 -112.20606348146164
216.33995978513155 -8.267081854393588 -118.33548745904025
209.24029136534912 -15.650008139658553 -115.30641489501807
214.6391311785895 -16.54349605923547 -114.85577029193868
208.22015878586842 -7.9844550349728305 -108.6914924099441
205.17957712911974 -5.256484940898338 -107.38557399744477
207.90287889516682 -8.477155515278573 -106.0859359162841
214.8400718996654 -18.03973824419571 -97.15242498197955
218.57047124412125 -10.099268733762305 -100.97636700251935
221.35795313657934 -10.712411587818519 -96.12671352936138
223.30682184462307 -14.480471802072826 -90.48109998408393
231.00494176831182 -12.330996033012063 -84.7772268971445
227.3464934290934 -15.005140442640839 -91.09016720351275
231.9367437138099 -22.422348189348853 -97.94890975538563
230.92341563161648 -16.459588448959877 -106.48607372370924
230.51881127058917 -7.092550446080322 -102.56617501933361
230.13698992194816 1.5288181965548784 -97.85933855036441
225.99396424768463 1.8925364784493102 -91.16267787511168
223.01638988702433 3.143160143938307 -84.68224058270069
224.86356688897638 7.662744878596678 -91.23288938691931
215.18832533613667 7.847395963673424 -86.51448957527796
215.25348599500947 13.546857116800595 -81.60874151588759
213.98158426360874 6.582876626420342 -88.62949701326959
220.9105993624813 10.410285232559291 -78.95177075879046
212.82325088785058 10.43860393118405 -84.48514358691371
219.98971596854028 10.023306803839091 -80.8117892111263
212.45742751343684 17.222741863922355 -75.51738782302631
217.00110112898514 9.861909869595465 -79.04651892530948
214.9544598871939 17.053028484622597 -70.77461615370515
223.01034892613467 17.48048379996292 -68.68991394406942
231.4949271016459 9.141724993821727 -60.30764759337197
233.68848355472588 9.399926796884282 -52.42740633758231
240.36350181989002 9.890438878123023 -61.06714030252985
235.17755657307683 3.432518771738012 -52.848847897505436
240.9717207968763 3.280638653287734 -61.83400809063451
250.24065708740386 -1.9002680816303181 -66.76190367743854
250.60387653068614 -9.511455983952676 -74.00511046546154
245.93470316258797 -6.283236520210156 -71.67723069355844
239.77634999881576 -11.257524200836261 -80.79043353752559
243.83017192829294 -17.13762937462349 -71.6085870002034
247.20089611464672 -10.50008911044172 -62.03204511985781
246.002264026744 -18.546041676256774 -57.98134349803122
240.26642047565494 -24.352206947005527 -52.3765081625481
234.99999740339317 -27.77211162286717 -62.017222155579766
239.5874488111656 -33.82571565906889 -71.32686964800114
249.194956157348 -40.73776946376147 -64.62828943541425
255.5260201108333 -50.47113602300465 -67.61410772486744
264.1729282499426 -41.577358905076224 -58.100504293512486
267.8479278774659 -35.285299574671924 -61.45815494335318
272.66507852504867 -25.888575039307796 -69.31899194819383
272.9730540076689 -25.839930566539742 -73.41047237971918
270.82672113449354 -27.11921281467232 -77.38355986775629
267.3053385355063 -27.45192830539317 -75.15523823291839
264.6064976948421 -24.646704122374537 -66.84271459297018
256.67550195524143 -25.137339289592035 -65.04847783553483
266.1570048412939 -32.397559216168084 -64.2899137045359
270.9618456609128 -33.06379782606325 -66.4217568644705
274.9541197218822 -27.570733878074765 -74.50579816586966
274.8694845668075 -28.006871904067683 -80.51884168434485
272.2020379042235 -22.3781012176897 -72.8813496233991
262.23163614646484 -28.369723740700934 -66.0271804511957
269.51658044120927 -22.528369221695435 -68.01309850653887
266.1474851395841 -21.80367367254371 -76.74754301128311
271.5868470900618 -23.304067882187447 -71.2672150262901
273.34674731782695 -24.413836402737324 -72.62043023968101
268.2590348301867 -29.549562836850455 -65.8895361397689
271.2122035812398 -22.309784076809063 -73.7070003778984
262.1900855169566 -19.597621679330377 -80.40086250556712
254.13721762926775 -11.309648941161933 -85.1457609302405
260.8867668870939 -10.341304329375086 -94.64786068022316
255.71599362745962 -16.57652919915419 -89.0002529696503
257.5490719850807 -14.41774567547505 -86.84418572659591
251.18475849894705 -9.946094078952797 -85.7115323408714
250.50919885286785 -19.887022517658256 -89.44759392561285
245.4626738398455 -18.018117072569012 -85.45908882187264
249.03252776465257 -17.131275896139933 -91.03201371103916
249.8206317168194 -19.41492235097118 -97.12717571603628
243.54262574619113 -21.06376467549715 -93.47055145797277
233.68843039648652 -25.145080335052786 -96.19610999040648
237.31731051567937 -29.044150936924694 -96.40267907970104
235.02327999466888 -37.69802986838561 -105.29736928413749
234.3442252940968 -32.30511592906736 -100.20769023143274
230.35817973217985 -22.761937193675752 -90.29244122066811
234.47128221368908 -24.062945914580457 -99.77868137919971
224.73573598256576 -29.003365378986683 -95.01848546191648
227.22516841411482 -19.28755438306047 -86.8554176668744
225.59328141620705 -18.42918857975199 -89.66970626261084
228.1148138009313 -9.315925575209086 -84.37111614812105
231.35666994290608 -4.982472908554299 -79.98924273993168
228.62011777881827 -11.446055973721027 -79.53480605811669
231.39849633551242 -13.356922082558397 -82.41598990825656
226.26103365603316 -17.81623787962768 -81.90951817036583
221.58208149377433 -27.148561618183834 -77.23491303526575
221.29595924106016 -33.300791497251794 -67.74275596189787
215.4366254500328 -35.607820792566955 -57.74983106124098
219.4583095608567 -42.75294926500355 -63.61212576599156
210.65862673453262 -51.820479619016034 -65.04336465414559
209.5858439985611 -42.691928645688904 -58.75320674885781
206.4340312098558 -39.52670088103212 -53.2857696444635
200.66646346353693 -36.861180421004605 -48.511442027598456
198.7187834924307 -40.113894535146876 -43.71893824499374
195.31013420388368 -32.2600754865972 -51.70588343676525
188.77391560018248 -29.670150719199455 -59.947120254022046
187.40068935946255 -32.672702466081844 -69.32370010004546
178.97723853213714 -22.81044775214471 -63.21408836733722
179.87816172483238 -28.80801281057758 -55.59556825395185
175.89362996558305 -20.947903459579308 -64.6388479058837
185.0189402396412 -18.262949950083083 -68.46934360011969
179.03617788114522 -20.19764383312642 -64.1495403571075
171.99622424471897 -16.566881634397053 -67.94852715814402
174.05727205843257 -6.769168013448848 -76.2893755109307
171.82566853333236 -10.17156617385912 -77.3629896784347
178.47309192564708 -18.371729907633807 -67.48355557357694
177.6649088698475 -22.816179107537867 -62.611279039116106
186.18314582064804 -29.862332806956505 -70.5216179496404
185.00096334386475 -27.186923845896665 -60.878890290919074
182.0189471278812 -34.2015339961831 -67.26702730452132
189.79135810233797 -41.54931245896399 -61.64511488239562
186.14782335420261 -44.07544122836662 -54.722902368615095
182.75619942898223 -44.694953186748485 -49.617755619241976
184.87616030732687 -46.97106063995801 -43.71982928674906
185.87854019567925 -52.6895887748705 -41.383608951515576
177.58694038917994 -48.84122431367373 -39.31318711811426
182.1317955485229 -41.423312683705 -36.06204083387981
186.30142909973756 -50.15633437327274 -36.194434759066105
190.95618506433632 -44.00776090725442 -35.01718878612356
194.96349930221322 -51.14608233058226 -33.80925756046938
193.78600246957404 -51.42806028372466 -28.966640469469162
188.21527231142613 -51.37755428244242 -22.16558447507693
188.68876055786836 -47.980998138722605 -24.359540542879046
188.68473270802662 -38.099630094834524 -34.2565164848475
192.4844649874811 -29.93421107790254 -41.29178724557138
184.534230539261 -31.575712426843634 -33.03061648252393
189.59156691775775 -35.56821197785959 -41.549626543758805
197.64818575297187 -32.19947305890808 -40.42701670773123
189.09999238131502 -28.7293056803475 -31.78394440513869
182.8122460607824 -31.147091203973844 -34.14849643347634
180.56130291860842 -35.906396462318185 -24.150332394928085
177.17872401600152 -29.42977110634081 -21.467257715756116
186.6545110622512 -32.373693976751376 -20.487991571257595
191.00074288617378 -33.32336907194298 -18.3754122627251
187.92802406221628 -35.02099726811325 -21.465553113386033
189.51546194177143 -36.35018692141651 -24.263110803165844
192.16634167385706 -31.37026447033685 -25.205688230322078
200.61246168277464 -38.10313954111946 -28.636271028079925
193.59678006308835 -31.84676682071354 -33.33047282921724
185.42486651892435 -33.16519669000288 -33.43960371468995
195.20776474494363 -32.407167221619865 -41.32223205070506
187.34831895834924 -34.21851445295277 -46.434865293941115
183.07981474096806 -28.72516201198926 -51.009565980330365
192.9265742724068 -34.193702381459836 -41.43856389631803
193.5037595403509 -30.120555650183405 -41.24159127722526
201.70175271988793 -26.556671690971605 -48.95400106730805
199.5610525294878 -30.86915859973101 -44.287863859235024
208.93213485605492 -36.59385805613955 -41.87187724090266
214.50418423592257 -36.558513209794974 -41.28014146938551
214.59443178861238 -42.08110078998374 -45.852796746313054
206.80573743201214 -44.471591313660554 -41.67294044547122
209.9742007193435 -44.30676950925132 -42.58693060021997
216.26613416062506 -51.38228543470704 -52.10961801651512
210.63434201101683 -45.13376595611245 -59.50737616936329
212.6889659176534 -43.3798566700697 -66.5581154702165
218.1068437800753 -37.653550131937045 -74.21780749524123
227.40094661519237 -40.164491872773546 -64.74212204818436
226.66995738871236 -41.569803010225804 -74.54633292101343
235.07411278021624 -34.90367797394656 -66.61803132964161
244.1922260054863 -27.10387631578294 -63.13807412274021
244.89908997775404 -22.82799769820939 -70.40131788900132
248.80518589324083 -27.69052327849095 -69.08518781643576
244.2090402842029 -28.087235366793166 -70.07594973493542
249.56874488013057 -25.32851292286034 -69.20643093211216
242.13899146588838 -17.509991425868826 -77.90098668422958
244.70109486159186 -8.60145151740112 -70.36471904503975
251.13728939638384 -15.035749923165373 -66.36060678131457
251.7863815663162 -17.215244578800917 -56.5937425543369
248.20607414421866 -8.673822515628283 -59.95554898442313
251.9430584052782 -13.265545708500737 -51.91709700297314
243.26236017984724 -19.870267014633605 -42.436062496416795
245.06524590937258 -29.41937415866768 -48.281525541446115
236.66436392733655 -34.2774026291599 -46.53455395750904
245.07896023339794 -36.57935655237287 -45.890010168562675
240.31306545937883 -33.27514260871202 -36.00133653867718
241.4628252878004 -39.150995791058826 -28.319370455789066
250.1998583621985 -31.694084536454728 -32.11955144000738
249.54803916855494 -27.10270659470713 -31.340499332943555
255.43415950860046 -22.630112618070733 -33.17891364805526
256.0658476537404 -21.332698309744675 -31.50802433443799
263.9551386404302 -11.982798726717656 -30.138766570513578
256.43395328719953 -17.85826734250228 -37.36715965404366
247.6044736180489 -19.106890946739412 -40.48643313265404
249.85990692780473 -10.131835055300286 -39.732531420396214
259.1432958437893 -8.467944084048177 -35.99458077354042
263.73649189631493 -13.938098512253234 -37.496977719868354
258.322121475375 -8.864326040187311 -34.962911031213345
267.3894509031496 -0.16782309866384892 -26.184357321973796
275.52376210945937 -7.471373311513446 -19.28472453312201
275.56823864772315 -9.194851334300798 -29.027663085397588
276.4194286639141 -18.582439049560236 -34.88957904603563
274.9475736711298 -9.205540669966277 -31.71685618421965
275.890579867423 -16.703750699213426 -39.15264503140992
278.12879787201143 -8.197692688648674 -36.6953690562679
282.4833689813698 -14.944815690044653 -42.361627737136345
273.077036948069 -19.613682453339663 -33.5550059915833
273.7768308428689 -10.295508502735949 -37.726275131885
282.45596999322834 -8.630418320049449 -30.92462376741561
284.4217716461241 -15.854998821978935 -27.252247884497123
288.2065303322054 -18.493512010177938 -33.918216505165105
284.4690142925114 -27.779584846261557 -25.13247666807672
277.1914432618869 -35.90441220811432 -21.820805260486882
279.16471948593625 -39.26907987120492 -22.782729157313
277.8805310643412 -45.012301509460535 -26.657879077244225
286.4129481147829 -38.259160871800944 -33.15337815791497
281.4606750939706 -46.33347673605237 -24.574953031328356
277.2761797717109 -43.04467574403708 -33.73697883719512
275.90641131922536 -49.86698424672877 -32.195032068361044
283.896351175684 -43.89422984793821 -40.1013119415586
274.17261929854953 -50.43400035967665 -32.887143457980784
276.8206860305211 -53.911264180811685 -34.283381493743065
286.00306948502583 -57.24079292632904 -30.13554571792315
282.7949956615142 -50.34733364153078 -30.74224372690662
290.0501071460285 -53.93655467749291 -21.745768173468566
291.83787952215414 -47.209366606981206 -21.65793422999764
286.3553913209463 -54.99623544675143 -16.553557197808964
282.3051615092105 -54.63499180640796 -20.306658823269384
288.1360059266192 -63.77770725291947 -16.776076558364455
282.8955502568587 -66.51051305509041 -15.689493967047737
286.6531929245979 -58.100855961531636 -15.691150443809386
283.02026882974405 -64.7683714145133 -6.433426946877946
291.1167315030724 -74.22859631353124 -11.269477217389289
290.52184873375137 -66.01542525680985 -15.255602367652045
297.9223276810422 -68.47182341824596 -18.233845464308068
301.09399677616176 -67.19954023536476 -24.287890181571782
302.58428020657726 -58.473204391335884 -19.077105916505094
310.18778737440124 -53.83332972974025 -21.228196880291982
310.43026911031325 -61.83498104313866 -29.19377375743116
312.73819875039 -55.52912404987844 -38.8763841673497
310.1087803992293 -56.35156430452123 -34.979535478752034
300.5572217516258 -57.35385779747317 -44.69414173952722
290.9070275186233 -53.64810364775724 -49.838675448689656
294.9822747667552 -62.38683722480121 -50.027184154021846
293.39270167534823 -61.335668952338146 -55.88947656228662
299.0731582951055 -68.2261051845098 -50.54023777105645
301.829112570525 -66.92199259945983 -42.329386718996396
299.8894211244857 -73.37865482003974 -51.76565002729207
300.7274976784088 -76.21302854589341 -53.19249484589295
301.80007904888726 -68.19735944726594 -61.035551680838026
307.4343456612643 -74.80704440919699 -52.771190525141556
301.5094429155825 -75.37734440866302 -62.531334747138374
301.75731785652954 -85.15107715142801 -56.82352184489937
307.71492308640177 -92.60542870849542 -51.22443910696574
299.33919284927055 -84.64136064715501 -45.43065218952108
306.41444023022837 -76.72605143805514 -39.19957152762667
297.4855754526779 -68.66615305635996 -31.50591795861908
290.88516123314776 -59.05898732494207 -27.01943172194033
286.7808789867023 -66.63181282053516 -24.797128743339858
283.3957876532446 -61.90777770794429 -26.5337157622036
289.2352193828375 -54.62829244617815 -25.423553437969222
281.7748449218143 -45.94840440139416 -28.85727200828003
282.10769747500217 -53.149564418216364 -27.36787077742133
281.3815191811654 -61.54414320141096 -33.86314197872444
272.6107747755239 -58.73660497271342 -30.776065400516167
275.7949188024752 -55.60074355474915 -24.842913035733645
277.24057347327033 -51.0631628271144 -33.73103580534032
279.32300993828756 -57.570722708132195 -37.18031952853258
276.231348246934 -60.298733959472436 -27.742071032223315
268.70760612348676 -55.01471757400158 -18.139499636347686
265.3373109286657 -64.07818914271472 -17.073126923570452
269.6448457069922 -59.74616257995349 -16.27956500904703
276.0777151881002 -59.6315227983543 -18.779118282451837
285.7666815107528 -53.13826860331214 -20.246441282158873
288.42356748798124 -56.530655256845364 -14.299179084714517
286.28331969535645 -48.890949897218746 -18.52725319019352
277.9115502412607 -49.89919271749375 -13.65830697215425
270.6004821512681 -49.35645450702252 -13.670853246296375
275.0850808537308 -50.81612767136744 -4.289799823125284
277.9246442292168 -52.63687902952837 -8.004675444817266
279.7903286806033 -51.95390922081391 -17.429162242627466
270.5268180115674 -44.006745722750324 -11.6983612917593
269.12576128610766 -52.12740790110415 -10.754459489596975
265.4977022385352 -48.101413297949165 -13.160859551388345
259.9206883138215 -54.350082452923765 -13.34008705732209
261.8829320445754 -60.71461798423696 -8.094877613369219
271.2744700185948 -60.01508690604513 -2.7643138688756395
278.04115796736943 -60.49791889648424 4.096238847611382
281.48586729258756 -68.35993159841287 5.827309553380655
290.5285320424556 -74.99593464744474 10.339912383411498
289.3617267983339 -70.50149072405529 15.795086428324046
279.8747967743758 -66.04449208218328 22.22221286114044
281.017849774417 -59.612409166079 15.545974872742612
286.0162665006365 -50.92465642116356 16.72618273964091
286.9900137154761 -59.67447051293426 24.274513807304814
279.2752470223135 -67.78926799511939 15.88812027351061
286.1531711247842 -75.50049679142343 22.106043955752625
284.9617848536542 -83.75750276261051 30.253293005026144
280.040279307885 -86.99304911287396 28.60562758130385
276.3751994653227 -77.59202984701206 32.102370694013366
271.7830458485504 -84.35534586154205 24.09179468780995
269.8050661962433 -91.97897963281922 24.706508018577757
265.27938197977835 -85.29936873618246 31.044450430419026
274.6312187415022 -88.27796276055804 32.07245309966336
279.78936211092775 -89.14883542678263 22.79221429215275
275.1533484165036 -83.07492628618714 30.66424162610444
276.21491415343337 -76.0600473176262 24.304651084859437
282.32688759528173 -78.83759856269235 19.893289967916523
282.7666438265166 -86.33676664227669 21.890428862920544
275.55407169641666 -84.68214388322457 16.787905246286687
270.0953049782616 -84.70035916463581 8.406461281836943
270.1204904362358 -87.32260841877364 5.660496566546119
267.171177247836 -93.12184724361822 -1.285389327482111
265.4674692090413 -99.12953716660859 -8.106627468326701
260.4756392915411 -104.68338738150985 -17.0554035051372
263.31533676004005 -97.21854965720976 -14.465112692370601
255.0635984747745 -93.48898425564295 -5.387019927575912
261.1321055329295 -85.29353593471895 -6.761855160366588
266.813425945304 -94.06259179570269 -1.9165182392786448
262.2311263599833 -91.38643501503513 7.819288697986671
270.0612215089219 -82.57707628340141 17.362944457168275
277.93737730228406 -86.15448728266392 16.468846875017856
281.3513041190517 -83.70502893159161 24.77954195070964
286.4726862928049 -91.10669035116669 22.701383618577573
292.21023452711825 -89.62266115641502 18.43765989499782
300.5223609852029 -94.52682365601069 26.483658770807335
291.5552922700616 -91.82397112829642 28.789465458879757
298.0646709791935 -99.51372516001132 34.68516945959288
299.05312117002893 -90.1331492644015 27.98317390382136
289.9118656895325 -92.13186581514483 27.423496890036073
297.60295958328504 -96.10415491617725 18.68632799474155
296.44516917307624 -99.80805000463842 26.82839874070669
300.11982626821117 -107.89242002102029 34.53279758694143
290.9220932235845 -101.57616505260042 27.19045504865438
291.0149144038544 -96.47834137704734 20.5250483783094
285.77858535504134 -96.34866616381535 27.472651793719706
279.10171797556757 -106.11833482622865 30.31010707296079
274.8799954498626 -104.66282120293693 22.39446079270415
265.9310055231298 -109.93339851424294 15.151906139928391
264.3503429833989 -106.50409088426173 14.347455888762743
268.03149737087097 -109.91032624480522 18.258804044593383
267.339216095241 -101.44048869351779 19.051631180502543
265.60330104476407 -108.74079175913971 12.330725519716154
255.62987323166067 -112.02796635741613 19.35325768580714
253.34176624932093 -105.90857900545382 17.12938067198606
252.15077251491996 -115.33564182152321 19.17564598340609
255.5524437771633 -118.06664910732786 25.071848737118703
259.45151743654776 -125.46538143871716 15.881877882051675
251.025547235122 -127.37276949022419 7.242192804369832
259.9789359247782 -135.1152161082773 11.035349397016795
255.82272170547554 -126.14515462307926 5.2966302921415584
246.05021815706598 -130.97125410992678 12.48946064181958
249.65038750520395 -137.801781807686 6.771324471002222
244.88907064652713 -147.4792478458778 8.69645234652924
240.56298402551772 -152.8449808005438 16.646718654397823
249.30395389788032 -151.26001039319956 10.107263450636182
247.0656308039075 -159.00079482835076 2.4174510707172523
255.0320099707133 -157.9666604333921 2.3932860081031113
260.0349714000866 -160.961721253957 6.571324930385472
252.22871623474757 -152.02767699700172 0.46078339934506296
247.53943803416365 -145.92305375191447 2.948372597054946
244.84431557475588 -144.25108521347389 -6.869840977522105
247.90060401066225 -134.83849571075024 -16.58946320341337
253.24111210809627 -140.4424182905632 -11.250473179736268
260.33353393385215 -132.50907199224628 -18.771334043387164
267.1489183421688 -142.11450923340476 -18.079667721693987
272.0507910592065 -150.32021479940616 -13.700236830697325
278.5438916056708 -151.62385417548907 -5.092924253613365
278.0245302691514 -150.63448527587147 4.29070569846855
287.55607079201263 -154.42025167167026 0.2132486792870818
285.7641160441951 -158.56174571204815 5.707622768317906
276.40608068536784 -163.28582854647655 -2.1645038464792066
277.3449939705179 -171.0462895245178 6.406678241973109
272.5055724183113 -161.30182246444744 11.417167442154382
269.7134147014822 -163.66683063257022 10.678480187940224
262.4804979423379 -158.30412468530082 17.997883493516994
253.50525340121897 -160.1625442536558 10.574543350497628
254.2387188270071 -151.06875889580286 5.466107930763551
256.4612144194381 -158.7701710710469 7.065946880842975
260.7642999182095 -148.83159766269648 -2.660654798569724
265.8596661368417 -149.28303752110327 0.09456191507769507
260.4611905927037 -140.7159867882474 1.4928470417453972
260.0694561551469 -139.80274238094927 5.168074863164769
264.05368430238667 -134.40005236791836 5.54750352945756
263.0660742823143 -141.3829435760193 15.067766008721122
264.41055429027114 -145.59041883547832 12.26861999636174
266.45078234843606 -137.50325327677945 22.086131472175833
275.18854723987505 -132.23943158229193 20.96214415879469
277.02915676660524 -134.82878940448575 30.635815993450016
273.63445412642267 -135.3813984446949 26.831993675051013
276.9389838535265 -127.84402019647365 19.710581334053447
275.3668500526591 -131.92606713581057 16.37730072957585
269.10885858268 -132.96513040626246 22.111257216774895
269.07876316360705 -126.97152892030473 13.810800656726533
274.5377964560579 -131.60736447354296 8.711347240102782
272.0595346744269 -126.87176027902753 12.05115623869655
262.2323962577656 -117.95662302763215 20.10639085620962
265.4915530236076 -113.79792838500768 15.138671742107519
274.53786243158083 -117.5108890784996 10.95925598998624
267.4934445278977 -108.50576146450848 10.073263917755678
271.29641240963457 -108.31836143930994 0.6074537908210988
268.7337728984766 -101.1869086635664 2.508820875426622
269.3309877377667 -110.9375461796541 3.553292827109399
260.77138671220445 -101.71171194200699 -1.6551487302876224
269.4848667325599 -108.14547064930049 5.091324044418229
260.7033345579043 -100.83932652161235 1.782369772511093
268.0859300839398 -103.77483635706602 -6.834783299616436
259.41693217106166 -99.9043360375253 1.931829084715348
251.01865583397256 -95.8029884309529 -5.460885530336926
242.7178257323195 -91.99604993392772 -0.1829025292722246
249.76282882130212 -84.05350050182065 -7.5319786197665515
255.129513502653 -87.79041769720722 0.13083805057316056
261.546973761751 -91.87965839035674 -0.24597256667467526
260.9642652343057 -93.67739514871113 1.32090172955805
261.6598302297514 -84.14323132159734 7.182338113111072
271.55098721485757 -87.49663172354114 15.254348830408588
279.659160304997 -82.78654314213384 18.059910814381738
275.4862138237338 -89.62556115217572 27.56018890430932
282.7125360196103 -96.30057106436426 22.975302091476212
286.8554443889055 -103.62982178630202 30.59279932701901
290.9897009562513 -95.45489946928295 23.454977460557046
281.8514516431367 -99.44539581314301 15.494621697407927
289.2342029500706 -90.64279423456487 18.58818081645868
279.2743931371779 -100.52835950443803 9.629072082663978
284.5249877842148 -110.16159565788425 3.2440447911875854
282.71802030190224 -100.31219624599598 8.383883424422091
284.0678728339012 -104.10584928368459 -1.5404539672498387
292.17053103198987 -94.69571638800068 -5.840479261878889
283.6528209796987 -100.80736819889012 -8.815084967454272
278.7627020199554 -108.92733102665565 -6.807695679879542
269.5690275932429 -101.99928826333846 -14.479904919982289
278.03580208338974 -100.2575429280392 -7.209634711585797
272.92252758271894 -99.44621302754669 0.18489243211172823
40
246.80533190799153 -136.73970696693848 -19.970166237239173
252.18537969644848 -147.6702684452805 -20.375177172750767
253.89733596288795 -135.50637086001547 -22.2278452063957
262.8797704065629 -132.99064240622593 -27.75668306731805
278.8524291958181 -147.6005765485786 -8.394664670827995
279.1028834539385 -149.12671792460628 1.5333135875716515
286.75082761296625 -149.4731467017916 4.555253321393627
293.4291278030429 -158.20719553631145 0.9817481997414328
287.51489916933053 -157.9132074364537 13.876745101161058
273.1442168631999 -170.04090676838098 -10.304045443818685
281.5039413726687 -178.30993877251413 9.456040684812589
276.2899041594676 -162.0614524180661 18.31806108018815
268.6722368291926 -163.17765215163223 10.051177044938882
259.81693789232185 -158.07840064551976 21.80730172520466
251.57093363925034 -155.06039541132418 10.847964061230606
247.83136623514687 -142.0193158870166 -0.03522210972623174
265.56436167392434 -158.35596230575288 7.3204333783296205
259.10042839545855 -149.23342449934518 4.191569799610257
268.45161514072606 -140.1661735932688 -8.743052676569313
255.04801403462375 -133.31319144347276 9.197540367699945
259.27162047567 -146.9875498713038 -4.764631532285454
257.3329341710191 -142.85731378392694 -2.62503797960293
272.6518958818564 -150.38348562748388 13.524133657359174
258.21289404869316 -137.51649468015168 8.097742458633363
271.97820039223376 -146.93383304070437 23.278978030727437
277.2709837278918 -124.53367298028103 22.952997120513132
271.9757446381803 -136.59890323080015 26.350733084393354
269.07815176322305 -135.19034872293244 35.30084420466725
276.13145642832256 -118.06404687994028 17.0248052683883
273.65851258351415 -139.18775430230602 17.600952045319385
263.92984009829786 -131.0683416728065 21.669398508010996
264.4241540559559 -134.04593877042123 18.088848181462012
283.1778657133958 -127.7432218906227 14.338108424166931
263.8704139224347 -120.92598208078344 5.200388259175725
266.09847770815406 -112.43589561109484 17.1915908848704
274.7555290579332 -112.60838603961554 12.495611864839924
269.49511467853506 -124.8697983993103 3.898544394568165
268.41699947110504 -100.14853811579904 12.933630170020027
271.1082475255067 -103.98665251034305 -5.712515562780839
275.8605113895825 -106.3190099239635 -4.731656404145127
