1000
142.95074144129205 127.85448732955984 100.28088224749723
147.1368635337487 129.108552008957 90.98311102674816
153.7611686504293 127.53418251186285 84.729911740443
147.3243954435031 131.44884556522052 77.5169333518142
149.40161720393078 126.73182278834966 80.02836530994132
148.61642078631402 130.93247849829615 79.55958442305796
156.12791469786237 123.39483885602115 74.11271213142246
153.66748844857122 117.60440054182675 70.33008760076947
148.17125340560833 111.55067428159936 60.664635050126286
148.71644740471612 103.26224798001924 63.66871782397807
141.22674541251482 97.15721919819858 62.02859877401451
135.11015053580417 106.99570177121645 54.492502685019424
131.8395107733315 110.467788754805 57.99416675552572
130.00235994183382 109.02825480726423 65.72045632418303
133.9938443889571 106.64912419112628 57.1041901097102
133.7568821963983 98.4698482846787 48.43974909984223
135.33695884405503 99.06475561954333 56.372585418451955
139.74643967983653 90.83552951048374 63.75514080137006
134.09243015908947 92.02400740318672 71.54985317436248
134.69472518379897 90.2169132070044 74.4444738665643
139.06848535273153 88.42604690366447 80.69824952127836
135.32999167478633 97.4868070788747 72.24939523073763
136.73988714323266 100.75527914876335 72.10093939377428
144.0698739102169 96.36891510975836 80.56287475534741
149.3190692126181 98.1428837009344 89.96847393007849
145.1515967776041 88.61905612585494 87.64272826389325
153.46032312862516 83.83538993459985 89.60588280203504
158.95529493155232 84.06997547273502 86.83818420513839
164.36088905408502 78.21663049657573 87.73939826375977
171.41018750239695 74.11872950394792 78.63602466607577
178.33148735124823 71.56879199929553 69.40132874286058
169.275262298236 72.76923665928925 62.68864139715664
160.70262087047158 82.07788157816239 58.8432139067266
167.83928967222477 73.84299488894057 66.26613912873822
172.9320347961384 75.16863809631792 56.491975192508455
181.6434190355424 84.57076446115603 61.28887377006259
187.70646529342974 85.3838153847949 53.655125419826284
183.31600345694912 76.47202903305306 45.828146852623206
180.17570081678278 78.08207998286906 45.01098039626588
172.22707458708567 83.51531742087327 54.2468159347615
164.41840184873962 81.64137166859867 46.50113142203918
172.62192885103374 82.18310185713123 51.15436710673691
164.94501918953887 82.64664328502404 48.629604218255466
165.1427267704966 85.54401984074116 57.93409255456706
174.81372331503474 85.3588649434744 56.392098177309244
173.00736447882213 89.32248322256159 64.08803661163977
163.75906681216287 81.67353361757779 59.63653066455541
156.6426028562698 82.30658331517289 50.00816726493139
151.921268263987 80.99218489793493 53.68531952780706
145.91815403464304 79.33890191624629 62.40905195589412
153.1117289488277 78.62816066882837 67.81121345159401
159.75680263446813 76.45319383700634 77.52001300769241
169.25031305605484 74.63919788397887 84.14248155540177
170.13960580202763 66.37717080365196 82.12721465789961
175.0087507529949 66.37691558749421 72.58514426984826
173.9623515991267 59.1077149425399 68.24874984254575
170.50747231074152 58.981985958809204 68.5460637554599
161.21710060982153 59.92507461049673 62.23033293758188
155.62889983508106 50.61118927522081 66.7281589771975
160.14360437488335 44.51467722622346 69.84696464069289
164.63421096292333 43.893762082471824 63.880513535128244
173.78738910646945 41.424508751595184 57.60834655795366
166.7012460519097 35.824363990626445 58.27446645697206
164.34742859188276 42.275669031786244 48.469041385761976
168.71001745933094 34.033720741917094 54.10028891447039
172.56634508064883 44.01366499100972 49.03799617900745
176.26631356934828 43.00023212771381 48.33889988484131
168.32669494389853 49.10412916116338 43.68729710759964
169.7133838140087 41.29068336892627 34.0662652122748
177.7842992975351 49.30695584208597 36.25995390467094
175.4672200151042 44.22660723772833 28.296465946874264
168.25576656399394 36.01433706567766 25.192283845819645
163.1252222800328 36.48709096908365 20.81591466846385
153.87745084064767 44.71189039419121 21.54148102766723
160.84123728161694 43.0642666348744 30.218092948088476
167.41475391767952 46.05080667604611 38.53661168671558
163.4343185357726 37.36228403705715 31.82647580621871
160.19173693142295 46.74338560185339 25.77139688894446
150.39148188524928 54.5545304615111 16.333103500110383
153.44389705011073 54.03674784749685 17.81037207650117
149.33018818345687 52.63393552689027 21.93896601802437
154.56265180041555 44.27083512182445 12.330060469856303
164.046673945997 39.6101905835139 20.291438135121254
172.28674947148485 35.93105140580678 19.89226661489469
175.00624694290102 38.081087245210256 26.400583096179744
168.74016635958588 43.459625486022176 33.932762465769336
162.5365175654623 40.26806411550166 40.7704484662185
158.13387400477365 39.80688813478244 41.231306558374705
163.26358554298486 30.750450174825197 39.47331851820814
157.2268436154177 37.14896016409006 40.33137098125334
154.0989326832527 30.010311576723353 42.89693338759453
161.05594033095682 28.532743284310666 42.50368482773003
168.7045661555655 36.33227467789039 52.36428848490786
168.44630747233265 39.430165925051924 51.51673073020561
171.08924177971844 38.26216751500755 50.94357375953672
167.17979938143708 37.847377014294196 59.148795160423035
164.36213716073453 43.40839408187207 53.0561923009318
172.96330722932942 44.85703551965728 58.26027401380589
179.1612687199367 43.91247229488621 53.984336649521644
179.29654584541854 42.342434698288656 47.70668482723758
186.33433841457781 44.93922381662105 38.614160339013274
181.0967425840999 42.55294440901653 38.21216122276549
186.928774179278 38.91418979017039 38.63213314696296
189.3143454103873 30.548462679866326 29.981313291447417
185.9241102462487 21.199824892747174 29.27794526496765
182.0839319472947 24.829583933566212 23.91557037212073
172.4475141666622 22.957276121785206 26.395562965257444
177.4585479098812 23.279967816018956 20.159461311180223
180.90167262881013 24.412018212244135 26.190340565227494
176.8243516963464 29.52991338672965 20.436065137193378
180.29626487833843 25.2647665493494 28.88031682852585
171.0056716347035 17.299709582627575 30.447734907829542
174.5605945196893 7.8577012950448015 28.425611142354263
166.9795662428439 -1.3767633839347724 36.756016717951816
166.0811146633336 -9.638059234401053 28.905071979035235
162.11311098596173 -6.96629988396172 35.67135088934322
156.4430872154509 -0.7805825858124287 32.55692416101353
164.29585248809235 -4.566984373278361 34.9586425947003
157.6935555454948 2.812822228595506 35.819992859330426
151.7909715330676 -1.926389743881212 33.68345798577174
156.05281518391237 -9.549392081738509 35.4602210157004
164.19197082792306 -9.475561033560654 30.690714751341368
166.4647034188704 -14.052029316892094 26.042435140152485
168.09170169024802 -14.008897411426364 34.5773762297741
159.55172821751142 -16.837710527633604 37.52715699663754
152.37602937542576 -12.488075541423367 32.247873129486926
149.3867825824158 -17.639019961161544 33.04348208943032
145.36930456467275 -9.880958965053557 26.26771177159867
137.75327658168007 -15.391268284148342 21.89744359478297
130.79214258089056 -7.941638737110812 21.313982369524762
134.8546848458247 -2.9863595518510566 12.216960980090816
136.55878140250053 0.05060629834438668 9.147707039961503
136.1073974191444 -6.433349635414383 17.272157588749057
140.8774425831727 -11.226669440644457 8.801244762174061
143.07532951089343 -5.2348025428776594 7.07076614116202
149.68949577844333 1.3199923419433164 9.116985412054866
157.62023781015037 1.015700694460004 7.665308547991271
166.52665414124297 0.21894763152940655 3.81799094677402
170.05053670833775 3.435747997065039 8.92793797222828
172.77387612805404 2.334854647372599 18.58962747466198
174.2556979649976 9.494506184815766 20.15295185164716
178.15832191455004 1.3716244743159844 16.963945234265644
187.5553627175856 10.64062347214545 20.6947069031077
189.4631075173857 6.650641005449327 27.94122459302789
198.01249708999816 15.592354710928571 34.613902733131084
205.39462094981712 22.316335938120286 41.79609945586819
213.16623533675428 21.167895717508085 43.19727712332363
218.7303473262299 19.11954096488271 44.764641464339995
209.63243256808778 10.219080504570337 42.515235598203404
215.60612867724217 7.409698812912085 47.08942014658554
209.55666252455723 15.82361453451294 48.97222283768062
204.08638192062747 22.91548311303541 40.60431583141964
196.8179008017772 16.031258219079625 44.81045729336968
187.63238458552888 9.647936663208252 51.36529467872822
192.38404934924293 16.879514561392803 46.47288401864357
192.54573325451622 20.775578597771002 49.695027490651505
194.49440155994137 27.295134388851327 57.66522616759178
200.53587024538473 29.056276884621166 63.71579479099668
198.1732221496818 26.538806717082213 70.0735700740282
207.99045242740667 20.794157046595412 63.43576863689738
207.261936783037 23.339573600736273 60.463574029238956
198.29919513639328 30.820355405674157 64.26976694964205
200.9616989210895 38.939243378029914 65.48109397955072
210.45015829443892 46.7925528173832 72.19986666414928
204.75702788305173 37.708739536377564 67.76112889424452
214.4207717552873 36.101411635266345 62.819704138656604
206.2822641035521 42.22611087171261 69.05250658580403
204.80907238368744 50.005229092585125 60.35336234902878
212.75410643914685 56.07422306990658 67.22514746375055
215.00905714162425 60.26462890407033 65.0990284986628
205.6363048840261 65.71452459730784 69.21656719557815
203.57974774715714 70.48121021161185 65.23495141822377
203.2959531909393 69.61649216091952 69.23171036741242
210.3481335816966 71.19360490602051 71.60774271572068
205.76826308736815 73.8587745960887 71.63132697797553
214.1456144999156 83.16146959091826 63.49734391141447
208.60279980381512 75.07896832024589 70.21366723198207
210.84891744305702 82.39428805466906 78.80643856723546
211.89669476237356 81.86267242245725 75.4083470945785
208.97048458988306 75.89812283269998 70.57199534141066
213.50212832942748 79.46504550802024 79.46226782438787
219.32628013882322 85.21214174450365 85.87925917314111
213.18413073644552 80.42032801077087 84.8030372776829
205.59699205149863 75.50340269566951 88.67563164789172
212.49321684482925 73.86118308400852 87.38845321967264
219.72317547786375 68.12637139967563 82.73785160522094
215.58696371689004 61.16432056997334 88.67331288134004
212.27485544372811 53.43536456821798 91.06025011861068
221.85757362528477 54.519473793702595 91.80730590531388
214.0934891361423 54.685106778871656 95.4555854921297
206.04839175177332 53.4694628903859 95.42976925495354
205.0198173607795 61.2473879358407 92.90029880031949
213.01048995640068 61.20001440266274 86.7998883357182
209.0186564549491 69.84478646660332 85.92371164543333
215.40148791114652 70.51241139576088 93.13549231046643
213.8778688570757 62.7145289805665 99.31269286875576
219.81925571913362 65.05023784438986 108.42951230418497
218.80395152796754 56.89929900774883 114.74956402381018
226.25316976760473 56.741194803321875 109.94271560856015
235.13844527057057 57.81786286178573 113.15412960866115
243.93692437765606 64.19232911540827 109.42274457467356
244.82837431233253 60.380514090655765 102.48754406146844
237.62986968556152 66.86044504619879 94.7877679939331
237.20125348591273 59.365503388951886 93.57886538888467
234.47322876148613 50.934311408139926 99.46329160306493
225.2296552981144 56.38265274688481 90.87076678904693
221.79944470964523 51.56181520882459 86.46715765119441
215.5843715670442 53.97562397123095 82.48568799699576
220.26766280198598 44.826375535303015 90.83197996676715
212.91854867652037 48.55788493104211 84.06770347033822
203.7299659082755 49.96117802169206 86.31539105231161
207.52587233357437 53.853974933337945 90.43079526755129
199.02998121628957 59.38401544278587 97.6419477012367
200.63748097956787 56.78620633488053 105.3930938853575
202.00196545198466 51.889313984553084 101.83073800930624
209.4539108114657 50.56348886441389 103.90655830927999
211.14342528720192 45.70030529163054 95.1176933268861
214.78983429547262 49.267616642909886 91.52408117488298
211.27302092496203 45.823998212114525 96.70033119676434
203.91296274592793 41.375817388705364 91.07567905734268
196.27488300287337 33.66173067251729 100.25396208691559
205.0492580503709 34.696478327218934 100.08546814058269
206.61745410769126 31.648177544830503 102.47661975709038
210.24869919562826 23.48564722347005 95.69006226004412
200.33054685251395 25.09006003501586 101.53216024034677
207.2295159113057 17.663797972666874 100.48225786841975
215.8291997366065 15.910654494048686 100.06045991461575
213.98326440037715 9.716300963957604 105.51256556523055
220.11869885543103 15.606573988074068 104.2703526474071
226.2002022444937 15.940238156646519 109.60679360830872
216.4711466093483 12.10486356143638 114.4438980015559
214.53285654292833 8.298536360708994 105.94962132655033
216.66479323081637 9.463000182721363 114.61985686249635
207.73705978683697 11.545585475431606 118.26590965980921
206.17636002402375 19.68671130598151 127.13232894030996
200.8779330733387 23.114917849172166 132.0896771402391
206.9785416523388 31.30477191380062 122.98062234644912
208.598772518899 41.054353082567005 128.27306319303295
200.3671410928807 48.7299504289533 135.70094362589305
207.6809844288975 41.323283616712956 131.2295991642457
206.5281194924176 41.95502665570001 129.69452182193464
203.10609622026718 39.6269682424692 121.47050245838275
213.0104476640316 48.39555138056045 130.45734127746246
211.21040468898119 56.07646124268563 121.89890247445115
220.91209382220234 52.57562596393451 123.21781155408485
216.89570741327194 59.66302228824026 115.96871409774786
217.21105703990028 69.41655142767581 125.38128650840581
226.8121169773296 62.309607786352316 132.1008351743145
233.47051922016325 65.4271115329352 135.90295970590188
227.66014734300109 64.65962682423047 132.15164438897156
236.24431155632993 64.76830967681252 140.3440303365427
227.45057394778763 58.22814174231222 132.42034181008012
236.27129250837663 58.80493436469717 131.54414186107957
239.12695842549635 55.829368410759656 126.66063613588248
232.84487761740033 50.53386800768737 131.78178690555387
224.9702058261788 46.90711859711886 136.8965660846937
231.7211243129226 42.97478627371713 135.08842579566692
240.26085254111013 50.331377121021355 135.01954696648932
244.0030904328541 55.759139241653415 128.96442964934306
242.2910512704161 56.40277586269109 135.59608291291514
239.8448036529357 57.895815780447755 126.59272403770547
240.6094927496322 60.415364367315576 119.01276436113206
248.3099623718536 52.894471477859014 121.13694678758962
247.10826248610095 60.375077281752716 124.81140565999908
243.34586042173166 59.55218506325582 123.25719727775777
252.2675954615287 64.50404661625427 125.45348950680437
244.52500513018518 59.82026884601108 135.21761096066075
253.68366262293014 52.432755743654546 141.58447693981168
260.54199761130786 44.97867743936231 149.4654516170488
251.7138707459761 44.7951609367254 144.51731821149016
252.35655460350648 49.320955967178115 137.1801049414653
248.93683681584127 48.37688120928766 143.88120390087832
240.37184429535745 42.41536213592567 139.99769623323758
233.15490786570825 36.96640669459452 133.63263294046916
230.79693620648834 46.63394548223266 143.16406036650378
228.2678516624099 44.09210229241646 145.80731378293228
218.50851235341048 44.04549572935704 145.67939978640192
225.9435039699354 41.37122616296972 136.3102447454311
234.03121024081744 48.06151186946514 133.99584364863554
238.63500785828762 53.11441557242463 126.6569875651627
243.6266955064399 62.57531941090127 128.81777196610716
244.9179072153871 70.30072229231169 126.01885574461171
250.4028730047282 62.04417176613898 133.85762851089618
250.58079252455718 59.093158636379854 133.40412703341158
255.91896149006052 55.35851044549712 140.3353354908168
248.6058727231745 51.18558176296441 134.84984042093018
256.5271521993175 42.36978066322163 125.9113426837261
254.02641776878346 47.6277165701757 129.23137536861236
259.26859010945475 39.38958089976141 135.02432923935675
265.27350842223785 34.708693518053124 135.21078651352718
270.7775141496635 43.90344012716309 138.93783123948035
263.45018845967763 34.648397672980266 132.84248777071002
266.66884046511694 37.456813949266305 129.67894971558871
264.6233106967628 45.20867869682715 130.28712021104343
260.87187446949224 45.49485099740627 134.05914640141975
255.8763945893152 41.16307822131737 141.75544362347043
257.71232303473 46.80346689566284 148.46425662422092
252.75204055081812 52.971490570546365 158.27069523501996
244.5751081196724 58.40704411309938 163.52603648535083
237.28766814528691 64.30079508166219 166.1613976331964
227.7350681368743 55.76603894870391 159.2278231373983
235.71670314206915 53.241116580062965 157.09703653093464
240.55650765118435 44.41526873607454 166.76276745678214
248.69777255121144 46.605760379258996 167.66502958097104
247.22494714179817 41.1853530774254 161.66731201660775
244.3517295509707 36.046707428367284 163.38292114642354
244.0054330269195 29.38807328915229 163.18985403474375
235.33461652337988 38.31205523378881 171.25538476323032
229.64288787048312 33.18340869632577 180.28589484280926
220.02379458797478 30.564292398342086 176.21377325426852
224.1782278755348 34.71230280341832 175.51060931469286
225.95253153866014 44.10393976488665 173.0825418180421
233.11671534906154 44.95960107350066 181.11602097773556
241.15674299488924 42.73480753571711 181.49138375120197
250.5260277670861 49.87339643248889 178.06437989789364
257.6960343068675 45.942571921050174 178.795857174764
255.14356328744236 41.2076723942326 171.92053133372696
254.7558933345106 37.11504682237465 177.47907044126103
245.24085612408282 31.823752136668187 184.9814646148141
241.90650415522157 34.064767161487154 183.14176910958182
234.77466543445485 34.1980459252798 175.73065939483607
234.04244058487768 25.753672343350257 169.00398893670436
231.9660949356213 18.822723614137203 164.1594927061144
236.29820521450924 14.40097212659994 169.36458933440446
229.59520454954472 5.781671013862173 160.7215279233851
220.04539456620915 2.693316071230787 166.37106023672246
225.1940703822757 -1.439084384715641 166.22610065848082
217.49984545805705 1.8945034229543944 167.00029639046744
214.59818512543177 8.313002471326495 157.76235019573645
220.47769771017076 16.4167233619598 160.68573380413216
225.57776163744555 23.959087611117642 160.77468901632793
220.2961931113414 32.35302719462298 155.18634672967747
217.53648469040658 26.63652650383564 162.08694168721578
221.3286614772867 19.57458722515228 161.6796367919453
220.7192325335792 28.140310471837754 154.2136704450778
211.83307396137505 19.719661648247595 147.45786922778382
213.87189996840175 14.263493593774065 150.72470291493013
207.52318756996723 14.630728212754361 149.41210146539154
198.4546089265929 9.296105257532622 156.05097214510886
198.27750593458507 18.474653051507225 154.3076541413104
192.51610920940914 27.85156346109784 148.15821168594945
193.68905760096885 18.080617861730993 151.07378141124252
189.5354289564252 13.342774427477867 141.74073218757692
188.36154441849737 4.79709896928291 144.77752044108377
188.69683412888256 8.364509653415947 150.51396422014923
190.6107688791284 14.113105949080841 153.21804960767966
190.51980098232252 21.17466491400538 154.16302860558156
192.93311098847937 28.80771705722934 147.82875308902948
190.6961541535686 30.348568140193937 154.4143337534435
192.75032719890515 24.66238018599511 152.52991918692834
198.3532451374848 31.89792764293818 145.89177491224862
207.13551452568757 34.22699792288877 147.66289012763636
211.2582738542379 41.03543760990109 146.86851327755707
220.30661273772117 47.282127634088624 140.96661803550225
227.57661168962758 41.16171367363141 133.48334472367594
231.77521659204436 44.59205003378859 124.93751123969597
241.22544701249467 53.66458716001028 121.85746851863165
249.24326223839248 50.754046075520584 120.89540891113032
251.9588630084808 55.68885724876595 118.58022721316833
242.38274138481873 51.0509248259647 127.39879492695377
248.27715270371718 45.98643559524352 137.18172613265355
254.0524695242176 36.712373544167555 140.85708872042645
255.43517932797863 38.76257404101495 145.77807983277899
257.04255728408776 45.92453116368431 137.08194299962844
258.93575385688644 52.5866558219937 129.70125580941263
249.6206646526949 43.65827128729028 133.94137017645727
246.6831265679127 42.12274957656953 131.53262846114782
250.5532348306076 34.2884387209723 126.41772596957222
242.37302724226643 30.552335458197394 126.74608750105868
237.9001897699155 36.17470046349815 120.68058326111948
247.318678926634 27.119472408866862 113.84622959850518
246.52898302818846 19.560598713683085 123.15700184835379
241.60859406183707 13.345042801731676 128.73860661362596
233.35186605929778 16.775839334230135 130.17096877447244
231.3283294923606 21.254613349176616 134.0788987587907
233.15254447170574 27.284780521649736 129.23622477267446
238.17690764533404 17.666118800118085 135.96878173146396
232.92119610364168 23.91451563412971 142.98654826281125
236.6621513566738 27.47275120418596 136.11123175012716
226.98736425168505 27.122986909151297 134.95113614637
227.742913256068 34.81926780028554 137.56214950966182
230.58560488955152 35.49663990096889 137.77708049240093
231.36344500534582 37.048284290087174 137.1019048042378
237.9673764646937 46.4029935217599 129.0862598883663
235.01456114290596 42.83606034512942 122.45356040265264
233.90502484065635 35.417400535044834 122.06860107446583
239.54701982923322 27.315019860896726 113.20568583514381
236.5009018316203 34.77559865412513 112.95549322166595
229.19552670299947 25.00135908650553 108.88048758139884
219.6385920449926 19.490363694555263 110.1474461395182
209.93415925106999 27.347678803503822 111.5223018462394
217.47064617364546 37.214402151702366 112.07231092769591
225.34166247948787 28.915591662434828 104.9605683383845
223.3879644891368 22.766291631516587 106.94340694311593
213.7245769811929 14.67760696809769 108.69676831395358
213.76248537017702 23.979175879070258 103.80635126177037
211.54425300666756 33.899563034911125 106.39491505619682
206.07308024811587 27.798926915017457 96.9808694775722
200.50685069462062 21.410543826908054 100.07760208284337
201.4766438322684 16.399919551088946 100.72290430717827
202.71910698225832 17.414865992582946 95.64458713011891
206.0125458129804 26.27818930105172 91.36384488275432
214.14722835991233 28.733551301883978 93.51751004640097
217.60765833514935 29.928206675711905 90.57446592996155
225.15918200871104 34.42933280060901 84.77660658964777
215.70518445782875 34.40797296645279 85.10248719400252
221.3908341136678 40.932048799177664 90.67155610723196
219.66138608619 33.00414740011388 83.85302823436653
222.71794341401267 32.11021584665832 87.10015892671021
231.59179787266544 30.161268295181607 92.10667428883741
222.6966136469503 25.28327433787114 93.79988482117564
222.3230989266501 25.771822382432724 93.53180982754951
225.27748431175598 35.5328745974726 101.01725040736964
219.09277716855104 42.95388232510609 92.38212608002517
227.94398852055716 42.97158635141718 101.65659509172086
227.8860314644973 41.31550655448738 111.54008809661308
222.5367189119771 34.792407215411956 111.20596045658283
212.9130039239832 33.5404144030706 109.0110040563987
210.83227205356386 27.59002026853624 108.67438893799222
205.26140885867258 22.178438125355797 104.34514246212063
211.27872536290548 30.162011057357727 100.36736880773798
215.28295928768242 23.656721187185738 92.63899310110953
210.53581144000773 33.43087867467251 90.04191827271234
202.5075248394018 26.677267988794725 91.57293265643933
200.18174275089027 24.85817430342684 90.35506815739063
200.5741475823808 17.65432792139665 82.00287741747215
195.0557808013441 12.551502801130892 85.97283320399724
197.0105773969099 20.04382607794639 88.25395301602111
198.91332950059285 11.619190352857308 81.00032150764365
196.52448169819692 3.764818681667437 88.44414713654584
201.41531022975005 -3.4536957658041114 82.39203205374659
197.8386415405552 -3.575541724621524 83.18793848288557
202.72114361518769 2.4361699562149095 88.55129013895218
208.14996086545852 5.169055056587906 96.47729175812746
206.1972337059441 6.152257677117284 103.51030525295717
199.29976572899577 5.325574089461241 99.76305216419053
199.03616924107834 4.609692105310984 93.00541089859654
195.01550605885225 6.346193210788883 84.14006988196516
202.60646304824996 -1.8226068999903475 92.11237758581613
209.0692806612034 -6.3949635504306555 85.91569484279258
215.9372776813599 -6.385206923663709 88.17394042170717
215.71203621625435 -3.6337375747251293 85.55642669120294
219.3274172601511 -2.42227271871474 90.6010951184971
210.70290689015297 -6.40736006769203 81.47590998901526
202.6281704222875 -12.094909032077812 78.84047502388422
207.25524721643134 -15.347206353289991 87.74654209290318
214.1444317089707 -16.376928848070893 90.24904481070023
209.73989746278886 -10.895185264526692 88.75621901435265
213.91681947130667 -19.211036070503084 90.25959999017115
207.06095805986186 -19.617522258443692 96.2148347141646
201.63184065379457 -10.859645847409546 92.06254052648997
204.64014233046342 -8.420047913187355 89.31204452109407
198.57599981025686 -7.300488691400419 79.67711371272621
199.0267660220118 -9.94426099725165 89.33732721367743
192.58923931448794 -8.495876384416093 80.35661769368645
186.1983431073672 -6.930759770356492 90.11462030440082
189.65986624974354 -15.035073357623004 80.90791120466915
189.1703570152473 -19.13074770433774 88.23445968361284
181.0886163652816 -20.644503787370034 82.10448191208141
179.88184963549583 -29.76110810579509 74.54879249446405
188.96065151182086 -38.870877826042204 75.13403547447861
183.55748081836362 -32.28494340880832 73.50339428695125
177.20530849944586 -38.25621247345555 73.21420369157504
185.7943045130572 -43.32077382248008 82.00053359646778
190.03548589798697 -46.582642510469896 86.74724469676532
186.69817582211374 -40.73722217717501 80.85601897195188
179.856445331076 -43.64853285868067 81.79000232945188
182.56877658480988 -34.360522860713765 79.4570965790371
189.0848294063113 -30.563786399451057 83.15044384786
188.86303604398537 -30.24590163518783 79.91648871287255
184.03343614096212 -22.840562281553872 74.90583205289342
185.77438521730465 -24.558299108164213 68.03244314164601
182.04057287940074 -23.163655792250093 61.027564719022045
186.49636899770653 -14.609807300841286 69.99789401797689
195.3155607102032 -14.163998100847595 73.60646534774321
195.1929818239834 -11.481658516001495 75.76597270265029
194.29376462932706 -16.180128063073287 65.80462977802938
185.9470720407123 -20.070371049384462 65.22561918934217
177.35738045288673 -14.102134456500687 70.77140567997773
186.19594495300723 -13.384174793732582 71.21369735206706
186.65396621948332 -23.040786045014308 72.20838806735506
179.89085495854053 -13.88109821214741 68.39638993482964
173.80581133756328 -12.320034019127593 58.879362365660604
178.86009386458193 -4.286453621665245 49.751854596423925
171.1065706270874 -4.991342597764993 44.34279546486915
167.55609906395594 -1.22270078704647 47.504570337461445
174.63155589997737 2.0709129739954593 37.552530820671606
177.98897421884578 -6.26106315315976 40.8982660290055
169.60859785756193 -2.837879990191602 37.73059778602447
172.2054264039898 -6.513163119775639 33.423452664352546
173.66024556789344 -14.326062484712438 36.08547502265358
164.0292968384813 -7.636374533084091 38.81722526925235
156.8689890442624 -6.400255536362595 41.00219783241635
164.25722201667037 -0.9435751036898568 49.573565566738196
158.28056614391443 3.0911909462270923 46.75055767982789
159.21788071616007 -5.6769222903736996 43.445150748328125
149.4392780522852 -11.571952170857614 39.07779695221945
143.27802940184142 -17.76334063054224 38.85560352332711
148.89955970795714 -23.53245423458149 29.893152217838132
153.59947996902207 -28.509615084582933 35.63325915568256
160.93430351891686 -33.175463766843194 31.180122474123525
163.763292945541 -33.23185273491145 24.25666326362087
164.14219331002346 -38.20028574380183 29.39849752118097
172.95688610843064 -38.37602340331006 36.43946178535828
168.59027634548985 -43.535018976717815 27.37504916226783
163.67077581105684 -39.04768712991337 29.736937465268273
158.87189686418427 -33.247531554548786 25.563364808716443
154.86494062254172 -41.990577482713114 30.296225254428055
149.9244851608325 -49.01342341850285 29.25344657822841
147.88102627662101 -54.48296692035215 19.56330583641189
139.72099856678759 -46.49141742044079 24.328640815415753
143.6106967042656 -51.488324660694204 33.75105916043388
134.9293326379634 -58.77050554094746 39.55580326348089
138.3658647211282 -65.95109915983778 35.45886295102861
132.1372444931725 -71.41844707623841 36.83135260723626
122.49280686583731 -75.22248702196448 32.285501863944575
119.2156071582179 -83.35261250699163 35.80960939716301
121.04146714647233 -92.24355083340986 43.82808965656485
130.92044246211304 -89.33304764788465 36.08590573878882
136.33700310013242 -92.66625454978622 27.527262122465487
143.44136049402394 -84.17205451661563 23.6049151655686
147.98872942497323 -86.06746045190064 21.66311787371836
149.49136640929112 -94.530110579877 16.609354885514204
151.90989414773043 -86.30482467992314 7.874842931998646
143.12629011895964 -83.92242144841899 -1.6118309032780953
147.72947676641832 -77.05326986954748 -6.595099868371001
144.61987657319594 -76.5665036486955 -15.68116722969025
142.17212227120038 -69.00754891637928 -22.977894751218635
132.83254819002826 -76.51316501783602 -27.1628136120348
131.19449224481602 -78.19769102388342 -30.208136835682303
140.509869214552 -86.69539280704785 -35.282513007591234
145.83257612548903 -92.74482912606264 -38.77633127884774
144.30189614118135 -86.2128182990901 -31.885153953926597
143.6012194717614 -82.3950803079415 -28.06131482358825
151.94607482278414 -88.40385403269273 -35.86752674901639
156.22743064999722 -80.11058839872688 -26.86406196110259
153.41687145922543 -70.86720773201833 -23.56476834864454
153.86283488205896 -61.35594360280956 -13.87896577135512
152.08235376604836 -55.338687329109895 -5.446535161059472
155.90544381738457 -62.570765572137105 -2.455459132637664
153.4640424852116 -60.56455357371589 -6.5168638784596205
148.64506070031356 -70.03433960523016 -0.039916255565307424
145.30488338612216 -61.671958560379366 3.080425318383019
145.49292447822882 -68.59055016488 -4.298771693493931
152.9329401794396 -75.88416750235531 -5.323535575112686
149.24748517940276 -85.66511885247807 -2.256835705451617
143.728006138305 -83.53920912846938 -5.923077489498958
134.9763605157037 -82.27631789233024 -2.0049589519827404
140.1854533096349 -76.16382515196919 -1.0087313266171272
130.21757968388698 -76.16758775304228 8.28216804061187
123.17600201801527 -84.83802260175467 10.264030651985177
126.46924208990427 -85.5305836486023 9.546749327830309
132.83867042002035 -92.41741033486352 7.420052068039962
124.08696853988039 -91.24251145461747 15.950282096938984
120.20317524714912 -98.80006476670397 19.500705622286006
122.00499435350342 -100.62484657018646 26.48820278914424
126.77726247769009 -95.71476742999825 31.092631976098907
126.80739176187204 -97.23521593477409 35.61640617285734
121.1031834638074 -91.19984022505128 35.065660449097244
123.6787399344815 -81.4732307683729 43.57928339814801
128.64410137035617 -89.55408200203644 43.249203300497506
132.49756588107203 -84.17734608455044 35.07735408858974
136.14813785629997 -80.29767986385653 32.22711166203379
141.84106352314762 -70.70239147851791 29.188791390003473
145.5753118257279 -75.30498600910437 20.20968962759473
143.55283535153632 -65.75416718775045 17.317415900380013
137.2766588168609 -72.83968111644901 14.911318217971719
144.31464765441032 -70.34171468707294 13.924808801398868
154.29663404192098 -76.85533301157815 17.919216630918264
157.88125308907547 -81.32133005599442 22.83376251330965
162.23810639140757 -81.23385297157735 16.075755649094113
163.9371787264218 -76.65203844569511 12.054537826324994
167.4970129776599 -84.81109322824312 19.74166024814425
170.84485931073138 -82.1038001859895 23.475299778449287
173.85152457359615 -81.83649817313355 21.872362770880088
177.7329231713251 -91.34173114441498 26.47584911207675
168.5198413881685 -101.12199579143319 25.948560248933788
167.21496917233287 -101.2836586056394 17.14747512670302
160.12948015000072 -102.25651957902355 25.917680112531286
154.32395086364636 -110.42194145269804 23.309072591101703
147.7738084349253 -112.24998566005195 18.455717195160467
139.101470441281 -120.48220118985904 13.39424049834789
139.73643548444306 -112.19116276795754 6.994912840697522
138.91535166508666 -111.92722490237196 2.6043339578353972
131.89988278196023 -107.05549431992054 -3.735264278167781
132.99170944628898 -116.23483678210287 5.146731525633623
126.0733594567672 -123.52362666924937 -1.5654255910227448
135.09661917970791 -118.88380133168786 5.215338296622262
140.62900183743284 -109.53785594586017 9.692026325934394
147.03242562618294 -100.72101461144071 19.319577777229767
150.4027495862013 -100.08984654955967 15.90456765445996
149.9705777153666 -104.37484526373777 7.8335307893916095
156.01280278448448 -104.87014310417933 7.244723121843377
157.88856306003765 -113.19373887064108 -0.6491297329893113
156.26344403322045 -110.76799263613896 8.825936467443697
152.83442114100777 -116.61437329743099 15.088259893380336
156.63651769739275 -107.94108656185799 6.446295767336341
155.49724575162554 -103.6518216973335 5.099806674834009
160.54297723425063 -96.26581155092711 1.1746487552731937
166.31172010703185 -105.98663269979885 2.7548457091649197
174.01884083243073 -101.22438307366167 9.083699742314653
169.67728643839425 -92.99037590147432 2.4309405097468186
179.14075769829168 -99.97156329414338 0.9817308331566923
176.45523902660503 -103.14651224145113 9.468351098080676
166.80108222097815 -112.04304858787692 9.726626876416995
158.70611911895438 -108.24767726217635 8.014961585329878
154.6393647948453 -105.15840056859284 3.390473176822284
150.16957342074767 -112.97379582674809 6.907208989729476
150.38364823679117 -113.52901892702592 5.918209361222659
147.6249395935309 -105.87367412536392 5.685712359393511
147.0985179748699 -104.19028314971735 1.567542143896663
150.76115389361095 -102.00888058483845 -6.8295359822824295
154.50821659943088 -96.19646745131539 1.23393195438703
150.253593047721 -89.03830515794132 3.339718285048742
156.95932366181142 -94.29720639400668 -4.3428293736806705
147.66856225400898 -103.83918730874537 -13.73915117020294
153.63477655594872 -106.06519011227361 -17.50341321311049
157.628650968796 -96.94359643036854 -17.290528935124932
165.2328610682477 -94.11479461733524 -14.971832202327388
158.16807048943966 -90.85185239391873 -6.056037529274082
151.62887405055952 -86.96194971454484 -9.772951020489444
145.17235464031683 -82.10312503648646 -2.483518441575689
144.13218499938247 -83.14368118764611 -7.498545250325399
142.23309011917488 -81.29854820891677 -2.0699522616130297
144.5230189498212 -79.10215724024269 -5.070967024727068
145.00880750215563 -69.47064694788142 -8.861629817253213
152.79732297295294 -71.52381600770319 -9.342754556314613
153.16634932370314 -79.93615978060069 -16.03403140861824
144.4475821633951 -78.16706143571446 -12.427139329371956
140.51792129492267 -85.82308114373402 -5.40227052211057
143.40095714779744 -90.17250486286287 -9.704132981141747
139.32531388644512 -93.58995688539845 -8.615576656273776
133.11220791699975 -95.94301497038069 -14.542183869663692
127.39323462531739 -87.768839718459 -22.73234752603324
118.62876322657198 -92.07062302012721 -18.24915013512776
126.1871534010009 -83.18029151451536 -26.000476402543583
134.2477818967578 -89.90256485684141 -24.69140272846893
124.69310601329144 -97.16397367333917 -15.56345764537121
133.24236391189606 -95.73796896610766 -21.79987087921973
133.81486537437104 -102.73646922407426 -26.89976440591034
137.72892813562706 -104.62872159098413 -28.577402319621807
132.80941820969664 -108.95407920051375 -37.486119350426904
141.94103718336237 -111.53769337556965 -42.23308540466324
149.2468886620465 -119.34913640970308 -43.35550224556244
146.75814482782474 -114.266047371732 -42.16378240746393
143.3668212676597 -107.27877856927746 -48.877687608626104
146.70840181848507 -102.03828486235146 -51.25518038148735
151.3862628864589 -111.83932976385665 -42.76999402666707
149.26371996297027 -111.3781174365616 -46.199344040882046
144.81552528691978 -106.84244101854758 -38.22958115807414
135.31721347227162 -116.77312145804441 -45.915438410380176
128.63116490039653 -126.38625109930948 -36.6138920693509
120.2059016707993 -117.32824488760015 -46.27745666893285
117.67774256223008 -119.50816684887224 -55.96494698098679
119.51013364653087 -126.03854143509899 -60.67503450632179
123.82479490011673 -123.15228742596257 -51.55213777640461
127.97772713331065 -118.03375055822418 -48.99874071579146
134.62647023521882 -118.76531792491286 -55.359019751521885
143.41658374102818 -124.58247866743146 -50.70525854496571
137.2936617667308 -133.7725013110241 -58.37160250867133
139.4401297865282 -127.45245480677528 -55.88360372043525
141.9484324198173 -129.68616830967994 -61.81863367730677
150.81515272712687 -138.0018865184749 -67.28232758676504
157.64984392591302 -133.52667267917008 -66.91994505019294
148.19733925232796 -131.08367048079853 -73.56523634442411
144.27328105157264 -124.8757364860101 -83.44980877871464
140.10484751836827 -121.49574194885922 -74.29369140832067
147.72871080259677 -118.87807556237111 -75.28176469860817
149.44278065401585 -113.0398992535598 -66.0624706613068
150.4783638100402 -114.12555106445129 -72.10202440918296
146.49050465548132 -120.00434743909366 -79.45101084835211
149.23263964819304 -127.18586212382228 -73.08473065547635
147.97643404789844 -133.87367669269483 -66.60554505381076
144.64693227894657 -138.11335955299856 -68.49781154189195
138.73670349349405 -138.66822315263084 -60.13661527959309
141.3390953708745 -128.9556959670026 -69.13221477974375
142.8481062578474 -119.73827983643258 -66.86066545958693
152.4392722592365 -122.80511329107 -68.81566439748029
146.37679419377014 -120.95405380545849 -58.902319830780584
146.17975016823536 -121.64573051730679 -61.63958587691888
136.3965575123453 -127.26859476106938 -70.77493646764437
135.12238263394232 -122.97312519643573 -70.79015279066905
133.3415260172096 -131.38285248223534 -60.97179956566261
124.7859254934984 -127.01978691145642 -65.70496492658835
114.81427931905499 -135.70620781772584 -61.87355674898542
111.40314370796537 -128.97320891575973 -58.14874533025726
108.26042573722184 -127.71826353645989 -50.13943335970554
114.17152643603877 -127.79647148184654 -58.90279222283678
104.35314439649983 -131.84899526986436 -52.77265511237246
108.98205116328931 -141.27192481137956 -49.60114719490424
118.3244116523702 -138.99605866607112 -45.77911302148385
113.91402275765265 -139.4613484206567 -44.369559169699436
113.73895734964776 -141.85723322155235 -34.99102552555456
116.0460495517243 -151.8366112176297 -43.49706196020689
121.27455110888575 -150.53061988654517 -50.954807895587834
118.30926151776642 -154.2173300000486 -47.94967746547492
110.03468537345121 -153.62825447931732 -48.06288655287405
106.63845029301595 -158.46392450648963 -55.89640564119901
99.52082910943892 -162.77425013151876 -51.57290984280934
89.52668140956392 -154.93802685284234 -43.18798480396539
88.15785561599185 -162.83994757275175 -45.70537236567429
92.05291034322036 -167.5292339791971 -50.71605761079629
99.51369892599935 -157.75806543728626 -56.83975355127853
99.07512273850656 -148.67577314380355 -49.26995416712784
93.05888772100461 -154.08357928653257 -52.99214083905779
92.84047611954067 -160.01936542247697 -56.17177558408234
92.71489574954185 -166.66600831781636 -54.40795135715777
99.29925487945819 -176.35600434772647 -51.64507790789868
96.58968861819635 -174.8298566023108 -55.10353471176197
104.01908739810526 -169.93376368205278 -62.90706322990005
110.40467979911213 -178.98281995105512 -61.42203587037499
117.07323574496792 -183.67129726446797 -57.41420120220024
119.17539016317956 -187.17407343467684 -59.30925948153021
115.80230661009058 -193.289623013783 -55.40485950051785
111.71028003503892 -198.41671367945753 -54.85981916623748
108.82489309688584 -207.36880629677367 -47.845717548454495
100.72219189622412 -210.8931309220736 -39.73484458390875
110.45555143752078 -201.563599447244 -33.83993543847837
112.56197276007873 -193.18954088236765 -29.50011095739769
113.52315985646878 -197.5030346193013 -30.868960922895706
104.38981111295975 -200.6975100322366 -21.34800877871625
98.79265606818504 -202.06257865203534 -19.015726896409298
100.04585913504472 -192.91490384061277 -12.33981589922493
96.69117175966718 -184.45908987131375 -6.524557788615725
89.2521030346424 -182.33486234567235 1.3855931218219997
81.49314844985506 -186.1503793331101 1.5397334384755368
89.35329030216515 -193.13190605656536 -2.6191689155592535
90.74601001034642 -188.16469846247765 1.4954523967322881
89.48602335990383 -179.25833782864552 -2.5606113149302594
92.73573172870896 -184.67542520268876 -9.79709635576019
96.97921332558921 -178.1504993998913 -0.87343882773086
102.12014221844576 -168.32694267292277 -3.4532099502748768
93.89968114516509 -170.68790444299438 -4.41983966524624
92.70239543702105 -163.69023581607837 -11.980077504592627
100.26407913182052 -157.162370735458 -20.836893877248208
109.68831715196785 -159.77636326540977 -18.816902126666292
118.32865894796285 -157.316633946259 -14.38537441199013
112.43933515283727 -162.75758033582636 -13.216292138211394
105.02729668797822 -167.38919844776444 -12.483494079003096
105.47016928112201 -172.67659466991745 -6.445296977358208
96.45712349745219 -181.69212933010422 -13.09578315734836
96.38881023276996 -175.46448450987708 -7.821253188460952
100.89611792102582 -169.92138022866504 -11.96591667829476
102.88244432723754 -161.71326506385262 -10.494748611790046
106.80620778994057 -168.2156622846057 -15.881686943970584
109.02789898268297 -160.35189559447352 -12.976149512226407
117.99295891622707 -157.51407772850933 -16.03448868877937
124.47910672272282 -158.2528666828756 -17.737609240596374
131.5536471646703 -151.5207533719564 -16.98784047697259
127.37377505849541 -154.3157579322568 -11.494212826149546
129.6378052943036 -150.98032091223317 -6.157415795958572
138.52048617017607 -155.30549511841946 -11.758748186937078
143.1564750556584 -161.39228170350472 -9.284336616435185
144.18729077258496 -170.5259821396997 -2.4903009282121644
148.85910862162703 -160.75994760842553 5.893497283302871
152.54644536341667 -157.29230099782745 -0.049984947444626115
157.0141632872438 -147.73199658888123 -7.546622374103287
163.90549711071358 -148.76587773944885 -12.855634773592044
155.959703916984 -140.6614502991812 -4.213608106821864
163.56179391658196 -145.77674198985807 5.553186038058403
162.26007180707518 -139.95337687421517 9.44952574117945
168.62881626733497 -131.48677103358193 -0.15823896633572154
170.28596173834902 -136.99351378417703 7.38712877974223
162.90126378772402 -135.57277705961928 -0.28192848335818876
166.84665820606054 -141.78695035083308 -5.886233284649376
176.57356878389743 -144.56961994652258 -4.1076680342787135
179.69604196705916 -146.92513922879112 -7.99395522127738
188.58456629096605 -150.56840768633924 -14.275004286756337
186.8182125839861 -150.71849223984793 -19.395620249356636
180.3104964770824 -150.40993683993992 -26.807754781179508
183.2241201402906 -144.9692394268169 -24.812590611075738
185.10299533906422 -135.95923062863656 -23.68209942642709
188.203283618035 -140.00193896862916 -26.274987802069464
178.6330422546465 -142.65959864736737 -28.375758079610456
175.86143139797883 -136.0460456214103 -34.503025359242656
178.01641414693222 -145.02771380032902 -42.85726974317704
178.63051211224584 -148.40383413934498 -38.88979423900857
183.28944602191902 -141.44050980810738 -44.889001796540015
188.30083530011652 -133.3725168212289 -54.285290726382996
183.29185705120761 -124.87949606544166 -62.189737146171524
178.84434343847045 -131.24974846562426 -55.49467427138781
181.7606417518675 -136.2240492771221 -58.524857052160364
175.52009934108207 -131.44989922253518 -60.301854031571075
183.5237722500761 -138.19985361608883 -63.8851108634169
192.7058163931732 -130.73061134346332 -73.14045053179197
197.98347922569988 -121.57542269437793 -79.0089362299449
197.51110216860025 -125.93897632447107 -83.12266124630855
199.46898971805035 -123.43597520814156 -78.57644206696774
204.51410818361342 -116.28362849303525 -71.83078641051206
209.74750485565232 -122.31642349878138 -65.0820741236088
212.80168288481525 -118.13260158889494 -56.66241726549649
216.26340251187017 -111.27793080096689 -53.787500356074375
213.5533005198101 -109.41768334235762 -47.25117134291914
211.52639199040502 -108.06215924298155 -49.885663704221535
211.88286912480032 -114.24541158381308 -44.56124656957297
218.51490496787983 -115.17809868536578 -37.18984567879909
215.51270767247763 -125.0435378256733 -38.24138613726409
218.0645371056618 -134.8971659770526 -44.055162755550015
216.37583332757933 -138.77125523489082 -51.40229612381123
216.86846294187444 -129.77900188688363 -47.61092386059548
223.4774703343594 -132.33249206269343 -54.52865805731656
232.81211061544556 -135.6142846424257 -60.917723607789654
230.48264155031399 -139.21507262321072 -54.97762184983851
224.42637057002713 -142.2753315048931 -55.12052241269618
229.34000504606502 -143.89106489546597 -53.1933076306073
228.60158282521243 -148.6950628680301 -45.67751877026096
225.37285984863988 -149.1040358621361 -44.633412107861716
229.33791397370942 -139.8438375740946 -51.0485654079855
231.2442050327052 -134.45985530402635 -43.637539647304315
222.33164130294793 -125.39974657511479 -53.247178161615956
220.61463318110552 -129.91063153048006 -56.786026885186715
220.29440402230475 -127.60589769744422 -61.085387506574634
216.27616194258445 -136.14807225569504 -55.03750046880173
207.51880126969888 -130.32673465277867 -61.357019472365494
207.1338037088035 -120.97181814305455 -58.72758342115722
197.80677217097383 -130.96741910777524 -56.58861062385638
189.45482940053037 -139.07871031921758 -51.45568439422678
186.91991864234174 -136.28587766287927 -52.483320386632116
193.51719780248692 -140.57759436516903 -45.329880142697895
197.35578507095283 -132.07136617259454 -42.899801031311014
205.4278599542291 -133.84013335180214 -33.83523344361958
202.5051123797751 -127.81428411869113 -26.456481409732916
207.00571086691517 -129.28107832232016 -24.70545065153078
208.48303048252765 -129.0128952764615 -29.948707332202986
216.40942882039877 -121.34541482887802 -20.064178941106647
217.43490521526164 -130.67796401399528 -16.828537857815924
221.8238195439505 -134.43923856588074 -9.227512545783316
228.8625979370847 -132.16424291684353 -7.675421856020586
234.7207507802515 -135.48535804094837 -15.999718744468524
237.5287615204101 -131.56317997005976 -24.37404260457793
231.97178911199458 -122.03714225596126 -24.441927534376195
236.92542835338915 -126.68185128795076 -26.062173873715405
231.0679825129044 -116.75443430749144 -28.238305171622535
229.1902500235436 -122.65653154281472 -21.03309925915255
228.00883696440107 -122.22058863037232 -18.07217077324028
236.5841257525367 -130.9577829284503 -10.353680170386308
238.469718589352 -131.5171138076968 -10.107986700690123
236.91457316792054 -139.47013367763086 -4.025322464092612
232.42792415020978 -142.29165227641502 1.1388654851777789
224.59480069404424 -146.61027172779907 2.667682511230559
216.1421608407332 -137.33010226509904 0.29463888175315844
220.9232141401338 -130.39876511970454 -6.875417148126754
227.34682940366378 -139.20216470240499 -5.190344580445805
233.34876214784558 -131.32651714875402 -12.19196577266231
227.1922722521689 -121.35969906699721 -20.242491012304207
219.77332719867232 -126.91673603892673 -14.23356822402119
217.64766260105606 -132.8042514141857 -10.59059505764061
219.27307275858425 -134.01763425989157 -11.297906557963106
209.96347913700103 -130.9761683843767 -16.021925724597878
209.55831670343812 -139.82211040124884 -15.716883586261638
217.73750307803368 -136.12609697874421 -21.199223367774067
219.24817025732852 -144.98389490079848 -22.36711085912688
221.1494482373993 -150.83939951454482 -31.260605936475137
215.33567029225247 -148.70544103343022 -33.51024821770553
206.26312251652035 -156.53238615894784 -40.63694122438112
209.35129194493544 -163.82962590569244 -48.335449064519906
217.9910812773678 -170.41762980809455 -39.28737519902319
218.53190557516186 -165.31072605665977 -37.38965943610281
225.09857274670907 -160.2655035212883 -33.59574242822101
219.35868977637264 -163.17523130595376 -36.765450216306355
210.21061166029506 -169.74501817397422 -30.987878301968756
210.75597933092087 -174.83353372685747 -25.924880315947338
204.20141955358145 -173.5303719604649 -34.53345041677129
194.8149329384492 -175.68907845475707 -35.00375467088585
202.54710988537133 -171.71072326084166 -36.42920875815231
205.06653102355492 -168.4563019499157 -38.14861241843507
197.16687008196394 -158.76023125028874 -45.94481185866511
206.1605460959053 -150.34405122569063 -37.259124223615224
198.78894596033226 -156.91070688699557 -37.41485296276468
207.8056405133095 -159.1958308595708 -29.244299741823298
206.72933797153104 -151.35475616878995 -30.536333194558416
198.6942451574948 -157.04736674103947 -33.36022717721236
201.0705124339089 -159.81622793835396 -38.7752322045835
200.92568380893775 -164.2328918060503 -29.282454654157874
196.53484428415905 -163.61666807101417 -24.078122891607315
199.54668254157772 -172.23280748544232 -23.247574236267617
203.10080710043388 -178.9754764905673 -16.695248631388836
206.2170259689945 -186.6366110892946 -9.19117074983038
197.9138693482393 -188.60642692458924 0.15833967027602114
202.4553855847014 -182.0776312033482 -6.0483399779938205
195.70071641265463 -191.970879181663 -1.3631759927625318
205.50257823190572 -199.15798362188406 7.212565907921173
200.43012476596894 -204.89191738965556 15.875376695982267
204.7142084200076 -199.84693405646215 16.757469744106892
208.9900289722387 -198.07899196797976 24.98916898214557
214.04559420240489 -198.89675509073842 19.183028532729526
207.26537308770358 -197.16570619612435 12.946524117619921
215.92551936933333 -196.51573368567924 14.463063627636128
207.56214431313006 -196.8353220212112 14.75791644253153
216.20215671605652 -200.11132804489506 24.043291146982575
216.7684522992342 -199.04676945956783 25.43101082800297
210.34496856796127 -203.97235626312235 15.975442922589522
215.6255902761031 -196.16703986409576 25.086377366699885
217.09810375520246 -202.05147557405417 24.98214442490682
211.192556414561 -204.72718108953768 24.34773522005735
215.87929983142612 -214.1799814570836 19.786018298541904
220.2266896477143 -204.87118321805556 13.658756109307145
221.38311742115502 -197.71954901058882 9.363302424032813
231.22534483332382 -203.51073508181304 17.52269979730876
230.92520339045674 -197.3349084283788 10.967398786385136
222.57170265009808 -190.6544141180641 4.871453060440369
217.0777573198097 -186.65056508849338 9.71991511982065
225.75516893617186 -177.2879179299476 11.53873244747503
230.8842575537219 -170.76123243042755 21.157121771172402
223.87247833016772 -179.32417279074295 25.22612081911898
214.67396573568178 -172.64160635845093 22.326648498574652
221.4571273068315 -176.42553550355657 29.082575882483404
226.76756084484012 -175.28455379842174 35.35958934984558
226.80769873231793 -177.09346197629233 32.680787758105744
217.02017884168603 -175.28117590199565 28.555746637347937
215.49521697855292 -179.62317882703903 33.99975673566944
217.28193676412246 -185.95619361700335 38.771228885248085
214.97390031892945 -178.0615689179202 35.164665225849106
206.2601047578581 -173.78220809847258 41.09118860568813
208.9169841918538 -172.7434785282032 50.29139278332356
202.20412154752665 -177.24502989845604 56.95286031089951
195.21323843251804 -170.58466138131135 51.01812684542184
194.42728465678212 -164.091483862338 41.44615275262273
195.87700876841842 -162.61865328008972 44.69551662772916
201.94970887009177 -156.4932313412273 43.41690131754954
204.9393099337148 -150.50388329351316 51.32763833458537
210.5107230832561 -141.74930864507309 58.627586459880426
213.87315070099598 -133.34721836737006 66.88639605775874
208.91810308866593 -135.9598455062797 63.985475749505895
208.6630513999056 -142.83709483801474 66.5829412772651
208.1345653113537 -149.6580372813547 57.054814564263324
204.05923121957096 -146.80053097912898 65.15940064602529
194.12002855414397 -152.35602852674992 57.118034929823175
184.38634384494986 -143.0066141912788 57.924925454040356
192.87401814793128 -134.0827572679346 64.87583637587348
186.12709307899726 -124.44513075762065 72.62204863308227
179.224141588005 -130.23605040602934 78.16813139604147
179.04228512747198 -136.59547478707228 79.00473928709953
180.17763248009064 -136.00239654131528 74.25706598974433
187.97397149385978 -141.8683238000828 69.63149189357402
197.33371023150892 -149.55970049690382 67.5715790366217
201.60247450122225 -156.850115246921 58.16188244312799
197.94745559891487 -165.59102424074612 54.66190998386823
196.91563191882918 -172.7832735909916 52.72449636340509
206.47253019001198 -176.37470907223576 44.139719229314565
203.85575910582543 -183.57069598169025 49.239294676944425
211.42113226936596 -185.00990577938782 41.762175594966074
221.33871212407357 -184.6647060507168 36.69985227485141
220.14001947903066 -183.5566721843654 26.7165799902522
221.62875105355056 -182.41751123405027 21.525915348854287
213.98366922240095 -175.97787945818195 30.728969760782974
206.2128358276851 -185.3620216428539 33.489711607977874
197.1223961900012 -187.10074619722633 37.064697111268025
199.38984040723992 -185.45103225158286 43.43326908432525
201.53925049075423 -180.02452870494773 41.92224496634732
197.52463839475982 -173.26870286343183 37.86665937430421
198.56704926270575 -168.792009217129 32.923146773753636
191.36829751990064 -163.19587905112962 38.51364468527502
184.5906505845466 -162.7569052837725 31.622877054198288
187.15476040868816 -166.94923587165312 37.20835829935338
178.26589389954398 -158.81978294424349 42.28320642795278
183.61738182015725 -149.1056631416291 52.104106936451586
186.53787899495887 -142.54689484233387 47.26186679288166
186.0569978371866 -138.45825638176558 44.63006576045256
184.93931125914474 -143.39893752128648 47.94832288783773
180.78171617928368 -149.6479426944407 49.015438542729726
183.6934771836167 -146.39752494817333 50.58305843661263
184.16109598852415 -145.13149433830012 59.359829634038086
176.91043209501862 -146.6047052680492 66.48619385194797
168.19280242029632 -147.22654001617744 60.39291750120107
165.51662049622908 -156.40687578129763 64.83631627499281
162.11110868185364 -160.14048517727016 55.4030070061844
159.7971354373913 -154.34416684199616 57.89167806638211
156.8848735459726 -154.2714398085594 53.54607064389479
160.80618159012906 -151.28419816890462 56.213855718755774
156.04239136511944 -146.12079888641782 47.957496573008335
150.1281671812239 -144.62137184301292 51.74314819405283
153.2934582519892 -152.38508576600196 61.10256137325408
148.90609281505257 -147.04442926317216 51.72313988729691
145.85658796538922 -156.1574253435825 44.313967698217155
141.5609726997515 -147.9317307122882 42.545068065324735
135.55030683251854 -138.0804997671428 49.98392382391621
131.43903413776238 -147.3491479539671 53.20059938700603
124.08207474926455 -146.9463590217181 60.731962584140454
133.04495710958054 -151.4052163590852 53.04324484138478
124.56146549981335 -145.2592280656082 47.06601554573904
121.82260010069707 -141.63667368254335 50.92234493184152
111.91515555368078 -135.4595121709205 49.07055137909516
121.8045677454327 -126.35179809815692 45.34015601002739
121.29609937853272 -117.29378940183302 45.750667432282775
115.70497516223878 -112.43995500177559 40.18047054395621
114.1091368236005 -118.41457307479739 41.92044167200611
107.0997238891969 -123.32229094712152 47.14184384604852
107.17468786675325 -120.90693220934511 52.435830448548145
97.951553039847 -116.72551507473945 57.79538135583025
106.80378852790537 -108.39408106369159 51.552813581855325
112.51051107745683 -104.46476052961533 51.37824846517693
119.62881162598798 -96.40541109880722 42.03260431633303
122.3579199384016 -87.34070764094372 47.295097494146
126.37969078182154 -88.78040321939513 43.12077379570836
127.97284895699762 -88.650439301373 46.75861985290364
122.77957007053445 -96.71728919194798 43.89782258119732
131.0608231138157 -88.65813260336373 49.93860071726831
124.23188228832288 -82.5812071035562 52.3467102952066
123.28290427381529 -79.6744047841817 60.2014496167311
40
234.4870476407535 41.140307867619896 111.65377209747241
219.40186904711777 30.649898749978448 113.80056315442988
217.7233027201686 24.407690782863867 120.06922896572159
207.92614869081478 33.61645828546249 120.31797506592547
221.51071289845734 43.53078705214881 116.64908428846965
216.85673696050836 33.39746971866661 107.6206954137133
231.72158715559252 25.922720724093395 99.99316753688997
209.1997289370787 23.859514371916873 101.43178247029694
223.04190993237475 25.00549465282887 112.14998455054825
209.3564416142672 35.43777906302222 113.31569378145633
202.7964069567332 21.693360381132855 106.83492912686229
204.54019233981012 23.54133423732696 106.66805939467916
197.8391099380608 23.109892275378634 97.0240830173457
212.58815367168705 21.988219693358722 98.31336529150875
196.98974416704635 22.77709486473342 95.99386799541351
217.108282400685 33.63692254983185 97.90712966437984
211.64345344395792 29.15445999524447 92.44582773500545
234.32884987339798 34.221975404899716 87.30397106382614
215.26117214107302 26.940978543898066 87.24171437671359
213.66097814477246 45.97394067705013 94.44418647947765
211.96648127684585 38.00053984565792 73.89590008262955
230.28344136210316 35.495871724002306 93.9852780432868
241.0332887399587 33.52722797410703 91.65710167836187
229.51616240017756 26.212145713013218 85.6971932011393
228.48843588039804 34.25765647379552 88.20617358115221
230.06861648082327 39.72872490371057 92.78716644789395
216.29876568348587 40.47276373287966 89.53936510281541
222.55092477312533 38.94731659814759 96.07884276264406
227.36665292878484 35.84822218759945 104.29317975596489
231.6288657496216 35.219873612695075 102.6780102692903
207.69443108906856 38.20795004539274 100.64489721092933
204.10707924503734 18.519458042861412 105.97927949765032
210.97714296678453 19.92297268713553 109.72863923024791
214.42618160493444 34.72280026640673 101.51912010726882
209.78382657763498 26.89930079751411 86.3928557322791
215.01874679758495 39.176124739227205 91.23087015782056
196.4071287527914 34.924360838370845 88.13426671220446
209.28730682745726 26.178703863010472 89.30417591119917
204.0101587481044 24.23046004301025 88.54399283236555
204.0357675567313 10.34653872539543 93.79286529997535
