1000
350.2642504950046 116.25731162133656 48.02047117702126
355.856895949487 117.18103228597376 38.0227424679497
363.471704022492 114.33168339213402 31.861412037481323
356.7074244116867 120.34842673722403 33.06233480537517
351.2902581579496 124.3526671963306 35.207029604806
359.16639186594017 122.96387268775922 44.794536989562516
361.9866248180761 120.59689083284316 42.98810877619506
365.318845221493 112.81719108681025 48.44070074772326
365.695393002682 114.15513831347911 51.52745609135323
366.8437615912075 104.27319411352342 41.67025920386763
376.4859711266982 111.04483028573273 31.688755499118486
371.2443546631075 109.07555912637922 33.40054938336704
365.5599008866449 110.99499106090721 41.10511977650589
371.7147132574583 101.90575914153993 37.17683800519482
380.123688239928 110.30092119918271 29.792079986020227
376.3428829811287 107.74252214449307 32.57629121952249
370.77794545843216 109.86983029077436 39.82446360288873
360.9455170577569 116.06398854849405 48.46358518537052
361.33530137170715 113.61196239126443 57.252055538142685
368.2863927468216 121.34935029554764 67.22130668571768
367.75901131990616 126.2079994058266 73.68578857318145
377.1480189315034 126.55022831604393 82.26112401899097
373.7484583667797 128.142629892219 90.04803133019641
381.84661487686043 128.154188897713 88.57561574275559
378.4214157844864 120.05486355023636 85.65340393858898
382.06915530590095 127.7549939516674 87.2091434099758
385.43950428072696 131.89732882382066 89.55724742495337
377.41539955179525 133.0301135116015 95.51200119146809
373.4522215705014 141.91769507342764 99.18911619054909
374.66272794752456 143.90891014183998 94.80194072802753
383.87987465390626 151.56968848360054 91.8838053871925
393.2123920303838 155.75175126491212 95.81754356026725
385.29165867571777 159.38243855936997 88.15837783528728
379.92399429071963 166.6740263037645 91.75747480586577
371.56784877951964 168.5099688034746 100.5631084072562
380.555546718622 160.53065631761507 96.10199864363604
386.82136018500455 158.8271788489035 102.76197798146053
393.57179850983744 167.50605624346463 95.16518334459512
389.45715231061246 165.90965698043337 101.39439971092415
383.88148563329514 167.4431927261697 94.52325493832785
382.47867619473664 162.3458890536472 90.03530093957738
388.28077455106 165.63438327146892 83.42236931464802
380.54042529263984 171.65680293443086 74.7432064231735
384.0788500891112 169.4672629900601 76.47920467625691
377.10310070697625 178.6370176953941 76.45599366988324
386.9506075471054 171.8482011275744 80.0461938560633
384.6956206281582 174.1434321337214 86.64005963936702
394.04251350747904 164.80378345353046 80.4699439586308
403.92117143053406 159.84874691327227 83.26071920778182
396.98139608980995 168.8992298475888 75.32333007688058
405.3191205874912 177.90011539150117 73.96309163252783
404.4149694187288 181.21052300793946 73.56872805361019
414.0328934303418 187.59754014804847 72.7279347725697
414.27647128658333 185.41345784481464 74.16549005865328
413.6374950506221 191.44673003171727 69.21414809067807
412.7646627122813 200.65575819303643 63.793998654494814
412.01326170366843 191.33237056648088 64.8811957803405
413.1232834935651 185.06801042959813 60.76896801127062
414.5193531215707 182.90701855100232 63.8047108953309
413.99062102715146 179.65951209658425 56.79583173654331
405.42086580646946 178.67867504466747 60.03706388015732
399.52116712452715 171.49968876178343 58.09870492768575
401.9634211839052 171.51088805833479 58.537222735470806
409.81372765210784 165.30232446843837 56.13854566315195
403.8703572926067 157.65501012706574 61.86205922336051
406.46966830329796 158.2435290136399 60.383203967554785
416.3697653905758 155.08549554016716 51.922674776552086
419.5359632984352 155.7087143445581 54.60464706765521
416.46012990275244 163.25974392096833 56.80615891673318
411.3249328528065 173.24855791003824 59.688893155154375
411.5796656023395 168.3186383161386 66.95167127405136
413.4018278707788 175.3037701677226 61.629924919339345
404.9210642035633 166.60042072275576 55.36883365786131
413.2326568232207 169.65763690814342 58.90071808860795
420.08134213542706 173.99034142740004 68.54304832721428
412.777110269905 172.2008574505425 71.92641984049676
414.4923140967965 174.1175928838774 78.44424865883205
416.69896453449513 174.48304206192398 86.6478589254639
424.56146224693134 178.4632991532052 85.83389475749578
429.03590062816596 168.62296409667778 86.24844398096528
420.4048006449204 176.66947003835878 92.06644383515253
422.77284155143525 175.31908473034738 84.56791349282788
413.3305450135951 169.63901188464683 80.96317276900412
418.4458965305776 166.23407081840324 87.3103457414931
416.7469151654705 161.2902324349847 94.65831560299395
426.4618379213228 159.7899320470993 92.04529125266242
424.1700764390564 150.10178359541337 101.79581792248463
422.2600964032382 142.14919766318442 94.67906395031098
428.05570292874955 136.15423297694448 98.08964926577953
419.20686020971004 133.75873440619534 106.78344078513909
419.3794085823848 126.38574779808793 101.02107164965383
412.30964060577963 124.58041879708138 98.24774503281557
412.578901842 133.64378980752036 108.17679493081584
410.80840167718253 129.88383445195453 101.15731981908657
418.1712503637034 126.5677981576936 98.86538036003894
427.73951997174356 129.98086791299187 90.96055189050578
437.0059258426105 128.6061965020208 90.71442995641087
431.8398462244206 125.81199496563808 82.07685764552343
431.97181744317896 125.16300527671562 72.23630682204798
426.5575107492949 133.7042960915232 78.9012640312885
430.7941310002297 142.29944299389777 73.17634061720271
421.1169568052024 149.18327966750226 74.07800655950471
429.85097113645844 155.5911637371978 79.35110601777362
424.6777999621031 165.59046596595718 75.5865956933482
426.2777609398021 161.38023968576036 80.21605850231458
430.21637380979917 166.82786543734264 85.68348035481549
428.83745020878644 162.8129374901008 83.38049829065073
426.98678850652834 163.36635794820154 78.14067479617435
421.5386224992383 172.61929550860924 73.23076838774155
429.42301769812536 173.1316064891772 64.0137218655659
438.149763498545 167.50973707617416 64.28684901615755
431.756820923301 171.78382079231045 66.58557513546921
430.6857980397262 180.91442743365099 59.039270658948745
427.90509466016306 190.53492118418615 53.417428865128045
435.03169143765837 180.7832765929748 52.743237741206876
429.8608443902695 176.69687267219535 46.01484156673094
422.14341595210664 173.24012685870815 54.499800697021236
415.6842233262213 181.2594872098599 54.788536681528626
423.99374999975583 180.9453226340961 56.201174836450704
432.7416948988464 190.81767262195982 54.982758539539525
434.0826592885303 191.92204202844164 46.584398256115236
424.81680195171293 193.1948200759799 49.96417369513376
417.84292713532955 192.17454972376007 57.408207708106374
427.7972767630548 184.76103071306002 50.73389770342085
417.9181757685694 187.63154914029005 42.79844181838918
422.45120620521317 186.83116590749407 42.641475485070934
416.97297456581265 178.71993217270514 51.94799491753388
424.552256754319 175.22840990572635 54.28815324803653
423.5525432287012 179.91534005727644 52.29660308649495
433.3941913237835 169.97412739024682 53.01864325834956
437.6522848201834 176.90894491130882 45.07730191499763
429.8496774306318 183.61132276492117 37.13863386529644
426.9531952073274 180.99760001011597 33.978537917832675
418.50899986588166 178.54951649775722 32.487282966334135
422.3201497571551 182.22032740970482 26.4302391554715
425.9853903336119 181.69095782563875 24.434545948483958
419.6111559360633 175.96995945379248 29.784048807525682
418.71892056998087 179.18322516756467 22.74590132694628
428.39339715339685 171.61118836515308 14.03302341413339
420.98618237975126 167.91840545427195 5.547396342433773
417.4982838992895 170.89294375871341 12.748314588782616
415.9250896193552 177.88555945322926 16.650413922870545
422.49444372263775 183.71589832762524 17.421049358437276
416.2078667318207 177.91974524945917 15.899069005006453
421.52543304992565 176.21961068137117 19.132736178416742
418.3898514530332 173.00982770194338 25.159524780839696
410.6683551375574 171.704333961615 31.646125687809224
406.78392471298224 178.40241823033236 22.9906985825438
406.05596403557496 178.18027588715069 26.406731884077114
400.57710293577924 172.38201310778368 23.589052433626563
395.35690040908224 162.78377030712443 25.262035723786916
396.19816697439995 171.2713306046327 28.86629952697934
392.26585365630524 166.05350611537742 37.51777743941992
385.01701520394863 163.75828071948192 39.50518460092992
387.16403750282564 168.7818231147359 46.30329916753671
378.658844525988 163.34665635444347 39.824148876634695
378.09580531582503 171.0999170808328 36.85498414864918
370.29794373238883 164.6922577178776 30.51618545300653
372.4162065567107 171.9177025594099 32.51915465121876
380.536303555386 181.47689045893918 39.984196644521475
380.1946980462698 176.82925263805356 49.17307404987304
375.8397217019583 183.8921174150738 50.096799480559234
375.67648560558695 185.43425812130647 42.70568737128271
372.39712208918866 181.47194990121466 33.216959852711895
367.4809369202552 172.42374369756095 34.67637743369201
372.50426580962034 177.112107681517 41.77788463447762
377.37070281466055 167.61655817287559 45.13265501223173
370.40641969240596 157.89191503993356 47.929542323669494
364.0823891663118 158.46680841337243 53.48375535859019
369.64856063800727 152.35554168044683 47.73946951077366
369.9730541108438 157.3913193736441 42.51861605018416
372.4918734654958 155.7280346677391 51.54629775429531
365.4557487434698 156.4024304611565 45.53862174237563
375.1696672745085 166.16225836267705 54.33581553688826
366.3228585641014 161.75864166881243 46.182017402227046
375.6741039299164 151.7856788494857 46.36884771942067
368.78341711660875 148.6495960182922 39.83574392662862
367.96644038372744 145.1483448090471 46.29128109149653
367.0425290091689 149.06056956087286 49.359707263691654
362.02252480709615 149.80844478197182 43.23135313170681
362.3818315293847 142.5052484796657 48.52731117339085
354.64374535449514 142.06040861821677 39.3480587393568
363.39082002569603 149.7294732800042 41.560193127386164
369.4767784150933 149.4105644415115 46.38254249743764
378.8741223816388 152.35747755043474 54.540639576465935
369.7036383976733 153.58306120676374 58.10651999288612
379.41989759699027 159.07029746708864 63.41784046700319
371.15045543590804 167.56208950960988 67.3633842748315
363.94405828827837 172.62031854153395 66.64606392308018
370.92746499883293 165.65428853080294 76.63118535608172
373.478328895451 157.7197922382686 67.21316467474061
376.932837111312 165.45506165572922 65.74950210083551
371.8271679515925 156.83442321263055 67.00417845216825
366.1709140407638 152.79742103093977 67.8963276213712
374.67981770092507 143.44194761323143 62.09640787020783
383.63813117916857 146.28983633110326 67.22424208438677
378.078811878012 154.03491308479065 63.35451240288162
377.61719261434865 157.2754585750705 67.62347491196101
370.9050702613237 155.6615607839021 76.8426417562751
378.83746201764677 152.53182542615446 69.33967010976772
377.65117887660193 146.2894503366877 78.44105477403677
383.9096355626831 147.6040057672576 80.82937474849857
387.61395908229434 142.56562712979954 89.55614639013191
383.4217930923224 140.15372225005427 84.29644290998205
377.0793540080903 144.15476341755468 90.85499803803707
368.480325097769 137.01067616852734 87.5716012239353
368.0461113362179 128.97508871747632 92.8054351944423
362.00284817778055 138.49221086635163 88.1902077333172
370.9228112818802 139.84857629805458 79.64647824363146
377.2138820536859 142.85442309749646 74.59112200477007
368.22531015973544 140.47401925838125 70.46632531506876
364.53634058352344 147.71343851411885 67.63245375950369
356.6405008481588 153.86767091797748 75.95986208516754
358.7094129381326 158.51673628555955 79.11690672491723
366.50976470714653 153.2317987063727 74.64809602623987
356.7794537390427 155.0388590463553 76.95708172195592
362.4541158118948 164.39657683673377 76.36903053733776
362.6186931236999 164.7089345955937 70.88859185203057
366.8541517817579 162.82826349866647 76.3587921353678
368.45391221647316 163.8755449573473 75.93444112139254
376.8309709541975 170.5207539956135 77.76851572306434
385.1215539273089 179.8046500181675 85.17916497588763
379.3922262191925 176.78014389399522 82.23296839957035
376.1790654402463 184.5371280266135 75.91810092921925
375.0636370706578 187.529300583325 66.05713633074454
365.1037930542801 187.94337984988883 73.8972040016783
365.0288510982095 186.8780864789374 71.18635032592309
356.94827989107705 189.8891544546292 66.5595510168542
349.2575627281043 198.19612249382556 75.58744080402602
348.91707733299927 205.05020897433474 84.03189538170547
347.0267305688912 212.76165710987232 86.31760338286594
341.10607926488393 218.29401702340547 89.69892113239787
331.1718495804735 215.89652928120097 83.0927122852607
338.80672557089537 211.1728290723964 74.37904765413904
344.7271962265809 201.78612749806436 82.6403319467486
343.9484243497976 193.63990395020357 82.22161754593245
337.87982988169216 186.35959745891898 85.76929577297318
337.2549071383955 191.83903009103443 79.55298549903995
347.1654755277877 195.35108342179186 77.43293522041743
356.65326742431847 190.7687297145037 69.21811205333952
354.18298383460666 188.68035955607976 76.93179908948923
364.15814103899606 197.01914174103422 80.26475349544422
368.3567629241043 197.67615330445338 76.33823504212599
375.6875923065777 197.33140369451124 74.33547127147995
377.02627811342825 190.12359316851558 77.83525167571315
379.51768471274204 199.15285558119996 75.05973362164545
384.4780217812955 199.53862318448358 83.54271288710422
382.4484315112266 193.2024535994607 73.71356401029851
382.12347918615893 189.81162886488207 69.30229248986002
376.97401986700135 199.73084215043843 59.39660020620453
379.5164617909114 208.5808733294367 58.34355588608708
371.8473507360989 208.61483212222797 65.51153146939777
367.568471792263 200.89881259672336 63.32111010631799
362.33540944339643 194.09658354986612 68.95862457971626
354.60207491163993 196.0975378865582 63.5503064675865
354.3356380639151 197.3390049205612 65.7072081900462
349.2141694714103 197.9520149322038 71.88305333101303
345.11960172146786 199.72506699324546 81.04083240901214
354.2007755218962 208.289619090291 82.96426492185398
354.9409024362072 208.80664199523042 75.65106560724462
357.6236511947882 213.33699231829078 83.65331672067273
348.4521419529361 206.98024622383767 91.25966651337683
349.71157463620597 210.65279437406707 96.71388679022944
353.8476090786755 217.52391735117146 88.35023903339713
357.6363208899099 220.25500029484314 88.17752577552147
352.9393802652002 222.80351572683128 96.57367891474007
345.00290372902265 220.22140263095545 89.01508953780846
353.204151294414 228.5956169892421 95.64400510844689
361.13244203783455 222.06305427682162 86.9742378236837
353.5874702949765 214.99398602034577 84.61978555185577
350.2810587058632 211.491707319764 81.78075771386868
350.08510880251424 214.96152302567094 78.64180505850575
356.9855466525192 211.54662833962172 69.01827720112287
348.69582740194625 221.47834596638486 71.37598723126321
348.10935286239066 221.16151894932034 63.534742859781915
348.8244820656028 213.50688713535953 57.429116294239826
345.4302117443218 209.35654909326226 57.38734996470355
343.6194371064063 210.90517794247518 63.25693811633331
338.611446822516 213.4741046525156 59.66804542898144
328.72323175210846 222.37114513684904 53.48756975079121
333.3145704788627 230.81802421238638 53.8450994070749
334.2720160562896 235.64004702180614 45.021879410591396
336.89251077908847 238.12823407517618 49.80078827999342
341.84753681891084 245.11450000955233 43.323443757084135
338.35090935056337 240.6143299825564 48.49083093443221
335.8687922846916 243.10236827529062 54.360621143118735
344.1223110237474 251.84605262761661 45.250618484577124
352.2453050536823 255.4380511567486 52.047031786156474
357.278670371912 253.32302195074192 50.38357216404737
357.48741616975724 246.41212043942855 40.926355513654464
348.5728457979821 254.17968816618927 47.49584992114761
352.47186500548924 251.50540237847682 48.528281270687806
353.5047670221898 251.47264605341638 40.231878755507175
357.7362527484019 257.97057117340347 40.78349166973694
348.16878562414337 258.6388280014231 44.256338372389266
348.06348624865996 267.2529362218263 41.39153513357255
357.5663458898945 273.85834131200016 37.64616423687672
354.6459978864 275.6248616581878 44.530407838789046
351.4473133417998 283.73404109597533 47.19713285702294
353.53053082693816 277.20228107347964 54.82035052736021
349.58569502945045 271.9903235110142 46.74664777193937
352.57787024804884 265.8512165921023 53.19042149860302
359.1360450609163 264.68421451822314 50.72737586516562
351.7325269805047 255.07497325650974 45.91735454414929
354.1157482024971 246.46139437508714 52.51246331293132
359.028319495563 247.93648027257572 62.41329508202168
357.2981947984624 239.4106275484216 69.57908465561316
361.7407050892022 247.19224474252374 66.20329623839878
352.6689005723818 252.42518868448684 56.42658912014573
361.024193980708 256.9889584965938 49.389811654353316
359.2114962777675 253.6805060704928 40.726174490389575
367.34450417096906 257.6535487835857 34.40121362885332
361.2158320129509 250.55511442259396 30.15259287662061
361.49055764508677 254.97708936602504 26.120130749258372
363.2491132628686 257.78305674923377 21.113578215401727
366.4657164788685 257.8347170800192 29.05866701757971
358.4918780774773 266.57662658806174 34.14974608852909
354.36064931573145 258.5329270065823 33.569154853941754
354.86165925645645 257.99268268996616 25.137742421999903
363.04019873783426 258.9436515615552 28.094999224632748
372.36670152597054 265.79709335038365 32.48161443504363
370.69477078278317 260.2604199469601 41.33362117066212
372.8280815311739 269.98915818680763 35.26831884770149
366.7109147946772 271.70485271750266 33.2792744746369
367.8937638597195 268.1593375423549 24.279909587450295
368.7283082116737 269.38115281518174 33.58554618264631
377.3718462014452 271.7527497730629 33.43305598465665
378.3806003776937 262.591271800845 31.995492425927324
369.90560186275223 258.7448918575849 26.89012983873357
360.87515084877055 253.912289452247 26.39207855596343
354.3948070485907 258.20439069644306 34.73673328723549
352.2003633192237 254.71719881035935 29.839161482014166
354.9295957230177 254.43787202150097 22.44171942390078
362.47229397348946 262.058039893174 30.98598399547121
371.4262377681942 260.8244148689733 24.180241370898948
372.207743543078 250.85626260756206 27.75995700563763
377.3699825574771 260.72308435863727 18.496366683024796
372.1961239184981 260.38544663039926 26.487025115684485
373.1825121490991 264.00867777681367 25.60493572200898
376.4769777020304 255.23071504311798 31.748860600043738
370.97275437513457 247.30587511894828 32.99821261291258
365.9681119221369 248.11674347799797 41.848996316584845
372.4130386557481 243.00843300231335 42.66216814290709
374.59320056809474 237.90784852786638 52.364429213978866
365.35356685977933 245.3288452621421 51.2727102464718
369.7313877059542 237.2513513772312 54.41843688636834
378.08952414276223 232.26604615504442 50.34072301365832
375.6939265714685 223.9899934349083 51.42300314556989
374.43704368078545 230.81245754118098 46.29788289857341
373.4485453609289 236.8569916983587 53.58907792319776
364.4050975678527 229.43451978761152 55.59714926672097
369.5127948837075 233.99384793548134 65.13622556951049
375.27282934648946 227.88999762562105 67.46786098048727
376.20326990210646 226.58350426177233 64.72715899888058
375.4197868261033 219.02999024574615 67.23003656592776
367.4473381376264 213.06644977500304 59.31574620710321
358.415144210877 222.66435190914572 60.85322072492948
354.6097316357863 229.6742054512052 54.04970778849617
358.69308140369316 229.77135728251451 56.67372080223459
363.26265627960646 237.76869418084036 54.77628183354213
360.27859229177125 239.1624741708683 51.92032157134846
358.7980114269146 231.32550395990918 46.99815972079622
351.7437066023575 235.9849938356175 39.14945068365857
361.65834992261995 238.32576775604915 31.45426279067752
371.1720503077413 244.06540672357886 29.432948955776848
373.6081801688806 239.87374796468904 39.18066952594104
367.3480858703048 241.85927286179486 40.191094219253216
363.4699139919927 249.96840652982314 42.05326267756817
362.0438311182752 250.2970428331912 38.5807243248009
368.20292213153033 252.14462033528415 47.2746223679188
366.2482325817268 255.0059111245083 40.8221811138943
362.79814530398755 246.4125468979793 31.77303179408085
367.867097701458 239.54553253723464 41.76857057342331
373.78307011240054 244.97789210405503 36.993108184236675
373.9437015684383 252.58210689438653 38.80181814054393
377.25478875730994 244.5730287978213 35.238749735760244
386.739395456558 243.21037934015348 39.94258293947344
390.2193995635012 242.42012864300318 34.010802334244076
395.3761880148533 245.59936818125072 42.98683310473971
394.61349997258316 236.26692061754198 49.213731293627326
391.1165387375187 232.02022209874187 51.79334829411237
386.9392851263015 227.85230845254637 60.02279135500847
396.7763236030127 218.04976366787434 67.61730119353871
406.15465957361477 222.53128332692575 70.49925757284545
399.97165439686853 220.15952479676835 77.37765134726081
407.37523327144237 213.70988926360027 77.59461830887473
417.25949900977037 206.81637085922827 84.49996144920445
421.7524221238851 201.7141049629403 83.79761139957098
420.19379676786724 211.6713347299162 82.75396832788658
416.722608926688 209.2475253547531 83.62544249114515
426.3327166463382 199.60884636831807 82.02465337523438
416.525319631113 197.06549521460533 89.62525111236444
412.12248964535803 188.29017943486807 93.0889101146053
409.7854043790167 182.54492822656616 96.95310930733051
405.7674738075883 189.68467642918176 90.77693344308392
411.6334981669969 194.7440127092758 96.71918632279909
411.17779673285696 195.363140288782 88.36161970649329
419.2161033651192 203.42780081009042 96.76572579607611
418.7005346072187 210.6177700790883 101.76452013648526
424.52643589913004 207.49450751894415 91.95310704212085
416.3225463084724 197.91226054948268 94.94302031567317
413.2858854597473 189.81030779266177 101.16976207003053
404.56936873392806 194.56571154288463 95.67132850457911
397.69606496248997 185.54945857540744 91.51133208773231
391.3836272299754 180.41405982789047 86.41132575050516
388.8929916479424 190.2120983488189 88.83235385326854
396.73734654487686 196.64270310737805 87.95034812315443
394.73270541802094 187.93504438569306 89.49180226508163
399.968372262268 186.2520204158062 79.57424565094254
400.06655770655374 181.3317409608264 88.2450905867616
398.4117807319666 178.69420809740242 95.77431485000025
404.6062607956755 184.887829885891 99.59559472745781
411.71157469547376 185.16832924418586 96.42793580942673
418.59208629739436 194.60808369687612 91.28771693113792
427.3243036039733 185.24681898094946 99.67319111730392
418.39468071393077 176.84356628621532 103.64826250876988
418.88265127003 176.36121017875487 101.33836321278667
410.2128407265085 179.36775344088315 102.69188445830157
403.9893902543652 171.91575805710545 109.60886648654564
404.5701407102157 169.79146071249116 118.90934260677756
396.07668065624097 162.957425202592 114.66374934680547
395.86655511047803 158.54618732797164 105.81033183878114
403.39081969412877 150.0792514580878 101.98510180193189
394.49518690130674 156.57535934668118 106.88201233957376
397.52436757498 151.0552122657637 108.39387784116514
395.6045479722533 150.13444829755787 117.05803543968275
404.26610838580217 141.9458526861622 112.46140957847636
401.61674538431055 140.98813969885424 108.94414602506458
399.0024540446895 136.83517497953753 118.58974172244783
402.754322766006 136.32043617472837 125.07460621049381
400.2846667703424 132.31581376595216 117.615692355543
404.31482048605307 132.59721646018616 120.55745428916843
398.54179760516575 135.90763883448076 118.14414307243277
400.4918184125037 132.97321528866283 122.4081606430198
403.79148612969385 140.4983927679794 124.63082016446383
403.74225260286863 137.60846555598062 133.57253750856194
409.63694967636 145.65382532538982 137.19323870724358
411.7193730548918 142.74187982168436 127.88273299403421
420.5496412159489 149.6695356549681 125.18412513519613
416.4948574276661 150.9157186926008 118.6923945994744
415.092951464389 148.33200776515068 118.63369855652006
406.92318338220775 155.09554562853805 121.27143681103163
406.12955011970064 154.15154915153548 111.80489425104857
397.87102397467095 153.12897357002788 102.25970842326248
394.33911396116366 145.94665637769245 106.6447206175383
400.19838377246833 141.44531582096988 111.59210985473435
390.3962504309666 140.67762192073872 116.27841137135472
383.1940974469272 150.04115218262132 124.42620708520303
385.18024553621035 157.556305134829 121.19110451022463
389.7730337693302 149.78274857486622 121.74442420371729
386.0965708958619 145.63809918015838 125.22538974911588
390.32147742665893 155.27048278087548 115.40611060965877
385.0469873627404 148.4764715837534 106.99653809291007
379.08777649274657 154.3090706791199 106.889163193199
372.3578903594729 147.3722088669165 115.35409147864664
374.04153508888174 153.83819551329847 110.68007865587997
375.36788716315976 147.0993318098321 113.05895898756835
367.30813828447197 149.96512433572423 104.07197211532795
367.10548355699774 147.4653790759456 98.18251030960903
362.36998557261467 152.0638578301445 97.31044772609998
371.67055491007295 158.9931960443195 103.18838766657012
378.1638439255734 158.0496808529485 100.81335622988254
380.86069673060325 155.66780129466838 91.34265677539945
388.0739984912547 160.57986870088547 97.28554108981567
384.80686684460466 168.24811421038862 93.74991799045081
385.039296920064 177.68777764559528 84.36616854961143
389.1121291433806 181.0910282884722 84.45069162756718
390.33269184607406 180.17092547283775 85.38257431764225
388.7302931745386 175.67636820675742 88.80185537383964
395.612955658868 177.3757034698487 89.50254390475912
405.2415658057287 180.54260414971625 92.63819552676505
396.85672167115814 189.368264164261 88.55562833139038
403.75508012198947 191.45889396255563 94.74509393352182
407.62424975346676 198.94208148916115 101.70236913227133
406.0444509861179 195.55439004488613 105.50993543806504
399.084695512264 195.2901346092489 114.25848808921585
393.5835878098504 201.81791649424318 111.03241182975988
387.0949569580557 192.07053955294168 101.21844829051052
381.14002229190805 194.15833359893827 94.67134100405987
382.8356012997638 189.0248954899521 89.22966962341489
372.9020766798398 179.320660606825 91.97338670577764
376.0832117355182 172.11820240318048 89.3414219414771
372.7333875827889 163.3116608326608 81.6077910996765
367.77648210098914 167.5152363620634 74.25805328293018
364.64198144057275 173.67942255173767 66.81521056135621
367.750559231672 171.04154841793567 73.90892223107406
368.30639606581707 173.63811744534556 73.96500418455858
363.3063554908787 181.2448356980606 79.83438405582714
371.0995078104016 181.77725874181334 89.7725390264836
373.908448178889 178.003462264019 90.33394600308299
366.04828699189557 174.30102389527946 84.30744659355082
360.09850379576454 170.0370141856389 91.26061368637468
351.2302700710814 161.07924068613158 89.9721292328176
359.9264048428508 161.62174459324095 94.06661182352534
367.4955928224515 171.4281912737598 102.56326689852159
376.0742773832786 164.61831936162955 97.27990662103423
377.21373450911466 157.12237022888846 103.8019734490761
379.56052950339557 167.0277871100647 99.24517537064904
389.48951811926116 166.06672470884186 108.85209831877427
392.1977327228655 169.89482571095218 102.03318303174848
382.81875646942655 166.52118234797717 102.49878606929747
377.3902486047323 173.81786774633363 96.8828227635905
386.4763521273988 183.14915403898746 99.54739302573888
383.0700353494066 178.5847265073184 99.44586570479673
390.24426704166797 176.05460720759962 97.32749945909927
381.10635152426806 178.77131404837922 100.99859743490453
383.7913160434774 185.45077267094155 108.22699440322629
391.933461009493 178.02648652409798 100.04929233155711
392.9298914418357 171.02173943553655 91.29258747594643
394.8573174172981 173.13130715572387 96.23007869863379
393.60819302756664 179.1198374478949 88.96436994567917
399.9430986781345 182.8616191456112 85.52177212985546
406.1465084501201 173.49304394719837 86.34919755363397
403.44731418572724 183.0362477029369 83.93642082385627
405.09711572819293 177.4165255405173 76.40980992335551
402.2391852189031 182.3622384492333 74.25802309673021
404.2731157112006 190.32137370238414 65.08281568391047
395.0733746249001 197.68660881954673 62.69289268187371
397.5738279184806 203.50747621672747 66.69271322622964
407.50033051402914 204.16672228487386 70.81889999189512
408.70705419260105 198.32511111308975 72.91681764991763
411.16138812318644 195.19437222377522 72.98959724464966
408.2918390393131 188.98154117783395 79.42326428485777
413.72646979030054 179.83675151061502 89.29803092419033
420.04617970052004 174.02228658627453 80.30776361021415
421.98860451652945 180.05459088165236 79.66196283563511
427.22865439824557 185.3341457091267 84.8307040249751
429.8628375506976 179.56745230178598 93.07592714793945
431.15124578339606 177.65378701940506 95.67753007492611
438.3484435533128 182.30133238192508 88.35546749280626
429.3526614539953 179.88887296817447 88.18000569680223
436.9600894062539 187.9817554909601 82.56931188318538
431.6624227989464 190.18779315159122 80.05587881343074
438.4316109800174 190.3597436987484 77.6091754580049
440.25187350630347 196.97490131401 83.60041106790312
432.51585489255217 195.48074017628022 85.13812122131274
429.5050542022971 186.95461916801216 82.58970423359119
428.56975768952236 177.44588672050958 80.11851683844978
428.71140417268293 182.29092011604112 85.1282373313342
433.1123664047484 188.0284672057534 84.1997457408685
424.8880507553742 182.39696239940818 79.36827524306057
424.7740407696302 189.57549018089793 80.10116384537501
426.9304618501225 198.03916477115254 84.53319375991283
434.1097822861073 193.12193444191092 79.2383936472712
443.76750688527005 196.9296379849599 88.18912605790348
444.98127873356964 197.72353156239686 83.72813549315256
436.30157635000353 200.5754108257421 83.00542644423524
445.0321187855443 194.83555363072756 80.47448415303296
439.2210410069014 199.9258402519739 81.85685895893523
446.40256980006086 204.3264298222487 88.60118119112529
451.1819512063899 202.16637384986612 80.69008451231305
458.2739828888844 194.84960779885225 89.23041124031396
459.7793058925322 199.05242486177715 96.19672797391515
463.03286931187716 205.97625888644387 86.60496438427998
457.9247244448234 210.2388812030162 90.51574532992416
463.20325741833574 213.48598115110372 80.91868821420614
457.11090358514247 208.56826981093968 88.37376123496378
465.31119735720574 215.62037508641984 95.5365090562262
456.068682930305 207.37480928821543 102.78249397111566
456.4571742594702 208.64118569512962 95.04492503993606
458.4685535586612 210.2575960691234 102.43403162481684
465.37747912640646 204.56227175793651 110.66436593315764
461.1688485619172 208.35247918777 118.36320866125284
463.84787178455775 216.51777502295394 112.56478910703925
458.1487485093542 219.63396511486866 116.05113769841596
461.4882320483534 225.3588641886162 124.41766903294429
461.10984219706665 221.99445497191894 126.59319780359347
457.9186387578597 224.6806849470131 118.34426804008223
458.16469694435716 234.07740805913778 125.17363890905077
465.8109855279459 242.47486230004282 126.37769396672093
457.9674307266229 233.8694213848694 125.13892547450676
461.4040484872717 237.14923872866342 126.12962780769014
452.8737404975585 231.06651191350448 119.64806018809044
459.76109296245886 228.45308741118683 122.69317211759804
453.99596822139625 220.74434046698622 130.2518775902527
455.84242653963287 216.06011903879445 139.50338951048067
447.31284549837585 207.2366577896951 146.1030093937736
456.0713386296234 213.2454014417113 150.49783174962846
446.10386398685927 203.74674692742116 154.0585977108652
436.9081127661573 205.58652012793473 145.5458328206403
442.37485649821394 205.7404507386998 139.8904389968866
438.3898843749051 213.26061557410264 146.99007656161123
430.4673593618856 206.48480628399042 137.52343740207883
420.9837021665785 202.85785559499362 143.597229103732
411.73424741335293 198.54783019324168 146.57010408476842
409.4511130598075 194.21437577517952 139.06849016167558
400.6202963440383 187.09922330986595 147.78678946665576
403.0830873131875 186.87448096105564 153.88139466513118
408.1837856390088 183.26092873458487 159.2437392497219
404.2298483715188 186.13254992069326 156.77363615754905
395.4899966975593 195.8743855708295 165.868942549219
403.8940059562326 196.78880364012875 175.10844067024829
398.56299197800263 192.93546498542986 169.60988141720603
391.6808775594085 186.76734135620305 161.02168799027405
399.5729817175283 193.43582581819967 167.6241490540215
405.2787345364547 203.37244843656012 163.81707762416576
404.3902979836596 194.02089808634832 163.09253621098554
413.2054415598913 186.75692423965657 158.09072097126997
422.903863414134 183.586993721243 151.58905640474322
430.8383053166035 174.3776668997805 157.45531740179095
440.6533973366039 183.26527432296413 151.68030659438048
435.69054093892964 182.83501067185904 142.85636647387662
442.42644349497533 187.84013933301722 134.20383466120524
434.1872080174462 181.57440396548418 130.8880377337369
432.57410365172296 175.81532374232486 129.79401239337156
430.0583806197413 177.79019641005345 123.70756117888594
436.5116273216811 173.05631356147092 114.37146759149155
442.73582057372045 169.54589658801336 110.34431962916773
439.86356329142274 162.72451115619288 107.4723685346314
433.4293069961086 153.95279158445945 116.52901283959918
430.70770802358714 153.7478166800762 115.25321981168577
439.84220178346453 160.89159818064127 117.4629573380387
441.7237404046696 169.87021697524648 114.12809463503068
449.5456722578749 167.94508572999368 109.66027133977292
449.11846782921185 171.4118513168886 105.25223439805714
439.7978836624205 174.06395826810962 95.95928458710583
439.65215972340565 167.91516937409924 103.32573978493407
445.58357408312753 162.33480464959675 106.05723840394025
454.2730750925596 158.4914908655806 111.86937301233625
448.33654347302246 151.018451174372 121.84651182967528
456.83739562557537 156.12359233236356 128.48348362637572
452.8485368420885 150.784777553504 122.77995190240054
445.78940934605987 147.76276491639703 112.85535082942909
453.75155196121716 149.1077789254944 111.6202768790503
456.1158591101313 149.6946893320467 115.16582580037637
461.68210714134926 159.64701836547835 119.73147165084464
465.49467443690423 165.1191643284916 110.23884528809792
466.450207149318 156.42674209386252 111.2903663068683
468.2529753463975 148.4988281810879 118.07046094485901
466.6448996317264 156.0528819195737 111.6180872325321
464.8261564404382 160.84620386841965 114.88293442511707
471.431024757481 153.51804081303172 108.9332561505152
461.4656740810783 149.6625912697804 99.60755783206784
469.87311090064736 140.80188733045287 99.70219460456589
475.01492235762925 148.6450912421656 103.68289968135092
480.5261916574765 148.76488717553156 105.09209014600948
487.0546176667443 157.33238978246635 104.4418409911828
489.2892515110048 148.76829298568566 99.31295246536567
493.88725118497433 157.82816649662735 103.2354869181695
497.5700538776629 152.39881887503617 105.57973018203334
488.0576920128666 161.1691399406162 98.68926861758148
492.008520736464 151.69389231642444 105.60033311238061
492.9780804062682 148.87007536403135 104.85492812252542
497.2001810549203 150.59539334028878 110.1429787538498
488.8899559433149 144.0064975861579 119.67785811216255
494.9110161866873 142.69287641899734 110.0466576665874
485.7998697546292 152.26049187185046 118.12377982466278
477.21862494685803 152.7917165388549 109.36621818981473
478.5214262743674 145.0144010029378 100.68339007026674
476.24525502993544 147.6829333116567 108.03565510519356
476.1594606598416 156.58242071792324 115.25196061712907
479.2724065703373 164.04971056340983 114.17496761487992
474.0351712362883 156.76852050306294 113.97326745206796
468.1417923130534 159.7573472194316 105.53699714144888
475.53540836092986 162.01714851128986 115.37649806697196
484.8985960929947 170.66264101829705 124.7020266429877
490.35987524321354 172.86337372175535 124.98423795860462
493.5506078947243 175.78841639223896 131.34552292165336
490.76867525405953 166.6932348827816 139.95640039198997
486.1150223543427 173.48104761852676 132.14543358176152
488.0404751063077 178.6579583459545 125.18850385344656
492.25833689326254 183.4927941910575 124.06137082055582
485.07955214321765 180.33819843060905 124.71893749800275
477.6418551245538 189.69856197620868 124.03771671974403
475.32216833614086 194.36455838263828 124.66275749882733
466.8146985944548 187.12158162271186 120.49556245256557
458.6778204821231 190.79793160168867 129.32772269049693
459.97567145713145 192.57343239555863 135.143373500725
466.3789545913392 189.6702161432572 139.7204839018484
456.58017535113646 196.17551856931073 133.49502136950085
450.3791323428157 203.5542865841379 132.11092374423313
459.0621284114015 200.00726502936809 126.42216624612156
467.7531220626522 191.8857960967769 134.69567065062336
459.3232085761259 182.21251933224008 134.58337015752664
465.86192730356623 185.80667675655218 127.57501229514746
465.36837506660993 182.14581968800925 131.06921716680307
466.40045483706643 184.9726032102783 132.49160081458828
467.6537751685838 185.68825341102252 137.57138727894048
476.09922042036544 181.11910579636597 134.13450752552612
484.175691208474 173.4227478009537 138.79987549280762
484.62762648392857 177.64683921237605 144.9182884008042
487.8611046084194 182.5808229116707 148.6671403388812
479.38564456737413 182.01589458842494 141.1645682834461
473.1322391903293 181.3498703654362 131.80026964260884
470.70751255325206 171.3929973971969 130.88654993956757
479.6342359305578 177.6665624839536 131.45571496918146
470.32982965237534 179.3881672423105 128.80490687420073
464.1075128331199 188.54135457610292 127.49430069288134
459.2579779879077 182.72285770635128 129.7960159126752
460.6547461662597 185.90433371852887 130.1170037869055
458.55893908977447 192.53149086955813 131.18676590961826
456.8264175505282 184.3116077303327 138.721250728398
447.8787694524351 193.14237235236467 136.4971968434318
440.9971605227439 201.15810252869105 145.50302795173965
438.27878414759726 198.52340853116698 151.3628445623917
445.4643214125052 203.77820497620874 154.6029595258009
450.36749528072164 211.57495022773708 157.9570433751394
448.4908415931176 211.42253022350732 167.62294845980034
454.94102181221365 211.59187164064548 171.4072537837654
446.17583935789185 207.33648695040404 161.49425242157534
445.5346703767849 201.8068859681836 161.59286403448817
443.2781245779851 208.3380558028386 155.49434221381588
452.4169303153717 207.5901928663702 164.34989783663386
460.82310661758925 204.4892059446736 161.0879104116901
452.68262480456525 203.10174846902552 159.01664392454663
442.9077567306107 196.4045211741611 161.68004560338008
451.9864900404466 196.4090650427805 155.80073664967873
446.5035961989612 187.62816329313867 164.33757192778808
449.57925726074353 186.96034143034373 173.12413231333733
439.9238809688066 188.11106742870737 175.4923486352965
449.8206539312059 187.34279570551982 168.85973298545827
444.4571682427246 193.53465836617747 173.88777932777924
440.34677277119954 187.29164399480354 183.05122338589413
434.8014949432313 195.82027498755141 175.4545064227458
426.7105247041912 205.13388236981268 168.69669155599115
433.6913856245502 199.18484311553522 175.24623468809304
434.1180726128189 201.3788709589748 181.9422233314643
439.5463972627322 205.21286026401904 188.77266483494162
439.0345338095353 197.6731258244871 195.9283379412342
431.2175014639034 200.1408960468969 198.64729266128367
430.23982004095933 191.80618684086568 193.824129036337
427.3961961205238 198.1290306132633 198.72729834198924
435.40019368206686 196.2726708386847 194.15018633780602
442.10741305446294 187.73176875696038 201.46460441352065
442.04982829523175 185.3473479574497 197.89624865452828
438.3404315477023 189.48530725190375 188.62539206549104
433.2312157390737 179.65108597337348 183.80291035626405
424.4840871565287 184.76312754078117 191.10709755376672
432.7074333422104 189.7998828473184 189.52529843585128
438.6207506661234 180.94966526277815 190.86064377073245
429.6024091307218 174.55028689940153 189.04604496701728
424.2145088940863 184.45012833534702 179.46626494277297
416.1371864025911 193.737233429724 177.28910644575043
407.5720501766279 198.19045227083308 178.77094507177807
417.266371086069 198.47714745346957 179.38355335404972
414.773776119543 203.2704029183279 171.12880406278686
417.86764701445577 203.63417868209004 162.71846900375633
413.83326458425756 204.44439551809162 160.9325739539897
404.4297071784988 197.23774810496832 163.02403394799447
395.936668266599 207.17947319899454 165.1659426099801
390.16543750807557 210.8230802422892 169.87320598581135
390.2344941041605 210.0533789131902 172.4183186892248
394.01030539724087 211.57826503284235 162.9447768372007
386.5610903013482 207.41741333600098 165.63585219918826
393.09602847324874 213.3047471395695 164.49663707050112
393.6380067658593 210.7024766048664 155.9615525421211
384.01850070903953 201.7778187400896 147.92042792560397
380.6182179530643 194.1549618676564 142.2186452744747
381.8442747982896 193.94314290405384 140.6920902259843
383.01174636627917 201.70857317925325 140.3536433989424
381.17552760436075 192.84432549209768 140.33613635896643
383.5278858589339 195.56638700673267 130.43977851533697
374.8135568886679 199.92235726025922 126.0389432038039
367.8890269310139 191.4204179338369 129.48508315930135
363.75154637746624 193.11804175970906 131.55552943089384
354.09212058549656 199.69467413465713 129.2783232191886
360.2163846336663 193.94298228842428 133.68572291758542
366.84991999928064 193.95391295934414 132.44436770210072
362.598491318533 184.4839908077702 130.48187377416642
365.22892405493593 188.7132260149301 136.80890549988467
358.57974063711714 191.77256755453135 141.76040368313824
356.1119403227933 196.2703082374687 147.22253005316713
355.2789118424286 188.55964101230217 143.83149593872773
360.2349588703525 196.81743012548503 141.71186764310366
367.539538084846 199.5343941213416 142.3706111516932
359.0658409596888 192.36393853218834 142.64750326051256
355.14007669908665 189.42177926297248 139.6471925686428
364.9048128932155 183.24737080407567 131.94080353657952
359.1844263077732 186.69240027499308 130.77001058680042
359.4685035372763 178.37880063459696 139.63891153604146
355.09885426775986 169.25569590605053 134.2295268220347
352.2099235172981 168.49305542581104 141.5508181700216
351.45605424201335 174.89247806428796 149.41386009968681
352.75463039617983 167.37365181750218 158.91074103245722
349.6754466336181 158.87570557775697 152.61491071820063
355.47295594049103 168.55591205950552 155.85500537966504
359.950392496932 171.56462014412938 160.5517235600953
366.28008655962793 172.67935010073538 157.75178966098838
372.129211487195 172.56098445614543 158.9644324422107
363.1306109056759 180.4884476072593 166.71966666340262
360.08780283814843 179.6238386074412 164.91932862223754
357.36329276881486 187.71457261794814 174.53672084382472
360.816447623983 194.22934357436623 170.63022104068875
360.8946434847343 185.77511661908989 175.02822166049245
351.9693126981466 184.50820770038698 165.573610151858
351.25110458714767 180.96160168240135 170.36319823028163
356.8079265987041 183.8602791573367 171.46453276335714
353.1312838230942 176.19742580514998 161.78193863340127
359.5142229402455 172.00039531134462 160.12182732865867
362.9964402659209 176.90423489743145 152.26234220197736
355.47560259707535 169.63984485602992 145.12395271755395
345.6117740638045 175.9678802588786 148.23536142632852
351.56851132791434 169.74838879988448 155.13870764558317
344.50691891618027 177.51522677707823 147.8276600339206
349.98151236754177 186.47960310896252 148.11501397416686
350.5859482663687 182.91788296543837 157.94260351908827
347.65026338643906 175.02374061243756 151.80260195894326
345.00682129103956 173.85390162086992 151.06608224355207
341.30268913949453 168.68146498879923 157.85697748345981
341.1622043199286 159.3404901357269 159.21558452691593
337.8309505645445 151.0538705505792 160.42777912333688
331.1698424284124 141.75634185063464 159.558555553512
325.40572523942046 139.34602143240207 155.33968620468048
322.0841520647333 141.99317177299372 154.1289899275839
330.2389400793272 134.63072145841386 144.8836516006763
332.3692929819638 130.3215725114524 138.96235239722446
330.4070050043426 136.16776237486752 137.97811143172936
324.268949517239 135.13733750813336 137.5199416813694
333.26639302503963 139.27670158304588 147.21814285256787
340.09320513672367 133.18148860990829 154.3062535943829
347.64327800224873 140.77644135292562 153.76196207743078
346.0934190482836 142.1622701401071 155.99667222462767
350.4884794014498 146.87613625120034 152.066833235674
341.7529907724748 143.32345124701655 144.5528880079476
349.52031186000784 143.06203005437615 150.41147899945048
340.95471402051237 152.31767839837104 148.89318196526733
334.66354467935486 151.65084868788068 141.9578864396161
343.8335713530428 144.00209964034863 148.71493257452997
343.3476698056774 146.5620504354112 157.6696278238128
341.6374783992443 140.90472535550933 162.32772586385568
333.36178814477665 150.79622356567208 172.0677224373147
324.8634229480936 152.31216236862065 178.3885638807893
328.65535997022715 157.25930914041166 185.0647480819547
336.48976065288537 165.75227194685178 193.75730370384866
332.4742070079434 155.9092136477652 198.81965451570468
330.934411217497 158.82134710744373 199.20556161076283
329.8401835704731 165.1934281471053 209.03075404958244
337.90824751028106 174.8878525867436 203.23403305429142
344.5146401667751 165.85153165523536 196.6936336602379
350.53151926447913 157.98304455303781 189.3031002001495
354.5628154850295 164.30984248278983 179.67792819582834
363.27104347649043 171.90904619947273 185.8438400353381
363.6743323011671 170.60612498480546 191.98201689629494
359.3505354923551 170.8806382587578 185.9956736346299
366.3711274076518 173.07722942702188 188.3160474824498
357.1498938312064 172.97305230640717 194.2561673019731
360.8214328463316 177.00549834201823 195.85606083756474
354.2494331794521 173.2808452050217 186.21207821311498
349.14782921038585 181.0378602195495 177.07189014651772
346.5229247171925 175.93576491726034 169.89688262123158
340.27393256929656 171.06228504778727 162.9592444923167
335.3487250102223 164.69285060374688 166.91319057614402
331.21994087104406 164.51020030847297 174.14550871816573
332.0310931451638 158.86003665878025 165.70866392779612
339.8429250422786 152.29235490516876 156.56755525367072
342.5268206257429 142.48759802134626 148.48580590570384
341.4989682207472 139.74058976569663 147.32434999225083
337.88039908797873 133.3980394059054 156.51201162626344
335.5712697438905 132.1316802391181 157.5649964324582
337.9737702155107 126.29696261973446 155.41706735227663
331.61818613714183 125.52930719568211 160.9302057643158
322.37344793067433 128.8293343501416 161.00817653141323
330.3881473069886 131.9951644269255 159.29620749396074
326.5462110617504 131.13249821886822 159.76672235592773
333.6086823154611 135.07279468597483 163.9693556817079
337.842247626652 141.83139856449964 171.38374063142552
340.25054126203906 135.72975362667592 179.05143007489966
331.7525585628621 139.1338072829022 174.32357843954998
323.18759223864794 129.4177716401764 171.78692467013383
314.6060684772333 126.24737956947064 173.41151415377922
310.2675134815523 134.33348702127412 171.21042928999083
307.58740924161737 132.65529387980365 162.01660172216893
314.06745999259863 124.579927502762 164.45565981339627
307.58809541333875 116.76383592212373 173.1487171011101
304.4967149390988 111.42352514848449 171.84316040963338
299.4554990890439 106.01390257965619 176.11410692129624
291.70981492697035 108.80353514978562 169.5913088827007
299.569080484591 110.45269689636704 173.17499110325642
302.0451685541949 115.28792088240836 173.96392666143439
300.8504095420893 117.19404824500026 181.3158562562021
300.56203218280206 118.77864000436088 190.0858514121325
294.7983192262506 122.34864787365282 183.79264873216192
295.67117801588074 126.28673593751296 192.11561008465316
296.8954935758729 126.81167354094032 200.47823709901752
306.3169388698275 121.73363220023006 208.24312278578893
310.242413579777 116.32850697651509 204.8238461610923
318.2905811902721 119.2715022753752 204.0147899600363
311.3700982784094 113.09356904190892 210.1447365188335
318.8917731052792 115.58619708064458 212.0345122154968
321.9986024157405 120.70983306334472 214.47361630594102
325.9875936608457 129.63827126525578 221.41960073389444
319.1069374378004 122.63795257910371 216.3367963071396
328.98335956863065 114.79831778022212 222.2560709014094
325.63810400916736 121.35142553750633 227.52003760223153
328.1054121909731 123.79678652211382 229.31054561000315
318.4761962095116 119.52574661854507 233.8913890128019
324.8000788860929 122.30850204807894 233.31456364773265
320.7285870087256 121.63079616010232 237.35700347428732
329.71274077473686 123.0283118865734 238.38268355655666
338.29141349468716 117.58995625309768 236.43433984739647
342.5126719045793 124.987747369107 231.08898936670272
333.50753526846285 127.21178005503153 231.20285437052055
325.6504702415694 125.4343859726586 236.95772044880457
333.0401939154479 128.20589196537128 232.15106385614493
336.81015860423906 128.0620581078829 231.53871989127808
346.4771340731002 130.3910070519491 223.20398581847056
343.2249909041446 128.97716787636836 220.76813914848617
336.4794699202236 133.03052037708474 225.72205646650497
327.85958571940296 134.45517763918718 224.6648834362887
324.63891386277277 140.70102993065487 222.65714097818557
318.73975460241155 143.5805999584195 227.2737845176883
325.804668985607 145.27205778326584 225.27777368432658
325.30924575332796 139.7372439776746 219.35987789561355
323.93121486615377 147.14276196820902 218.52912516100173
315.855898430379 145.63674578164276 227.3598144205772
325.4934554954937 146.3701888921764 224.8135166636991
316.3964587839708 155.74399106824936 225.81649452751816
323.7452135221188 154.05829188314118 225.6426269470292
314.73433236514853 160.11118403980404 216.89620803046395
316.45538764074314 153.88350710630837 207.89471305417922
311.47335565066464 144.31880624842887 198.70641806490127
302.56047848841314 147.6309792307528 195.9125402214998
305.33410687058506 155.0104810373516 191.72519570052347
302.5375176327526 161.83459080865586 193.88460952773553
306.32849390395285 158.2254531602984 185.04306857859734
313.3666494096661 167.5863168473265 179.9167386073171
318.239324196598 174.29911418954825 186.35920782282057
327.91604264470635 179.19598468034874 186.398764335264
328.2723025796793 175.7768463157486 188.1510906861254
330.56559493775416 174.80488425300484 196.89301201010647
327.0211106737632 176.9580339187938 190.6944817078493
322.3043715604903 174.25352863119272 196.44647665596816
325.6737767558819 179.6732073725378 193.15012265787576
324.4414431147976 188.43056206697085 201.51118225550562
324.6543970977793 198.3211204129651 208.31733892211093
328.8249000691656 200.15131769513124 206.51945333578044
334.6037880356296 193.22701367136543 198.6520402836094
329.15194747956 199.01511766533832 190.48261022920346
335.1720587173268 202.39319859375226 198.62664465346856
338.5804046981828 198.53587580241347 206.78004566359172
336.62514165675043 202.77577793823295 216.23388662478447
345.05937106602187 201.2828993750525 214.91609314369177
347.7053596349324 204.96177510271605 214.25182116851943
341.1052597495484 196.8036963924663 206.22356542982507
338.0282449585328 200.52742293431956 205.7932019931805
335.96083940487387 203.28199647741988 205.06604074479122
339.6674282987587 204.63963599687386 202.88936995281696
330.1806906273301 195.7902598535174 196.71294367137563
337.2080219825271 201.73917207819554 194.72765473598326
335.38187835542766 208.69308406000962 202.5858680124908
341.58298066812205 201.35125045988244 204.98749646900862
351.0999892419563 210.53380696393504 210.92747554232716
357.01140616238547 207.62673084318868 205.39938203040245
358.35153237810056 215.92595710435594 203.49474204297394
357.6086494766795 209.1933580018338 212.39937856413675
350.6999899979527 206.88807786575754 221.0930372351463
347.0349363032795 214.74134598551723 230.66696952407796
345.4846474996395 221.59778247244967 230.84545230754438
337.5562320019317 228.7612657339152 220.98038095146705
343.4815218802891 219.67685559358293 219.67361082189547
335.4972044967298 224.069073890968 229.58272263351088
341.3817286264601 216.87226322271619 225.68186348358628
334.35433127538465 215.30220056188352 229.27482967123942
330.35996713155544 218.20648403043182 238.38750160732982
332.9926148695247 211.95982738964213 246.4752838216625
332.28477713829443 203.22791079480552 239.053858848849
339.00024839674563 195.77714295754316 244.81509876937523
336.8597370357909 199.21921015773515 250.93486602388742
329.4264778035732 206.5892732793956 258.18637077526563
328.10915049190663 205.90619522664298 261.9663746052829
321.98653611054874 202.39518106992264 261.8457060263246
321.090714466306 204.7943441677124 260.34308363169094
324.9548297470715 197.4904959684182 255.76940277241113
334.70233736419465 206.17114722300505 246.56355154196825
337.86716533217776 213.978584773543 245.81985520695963
340.233446181671 208.91365312270608 241.5678969495008
349.1511320962498 217.9941320030723 244.68069112138394
357.74579078751987 213.18673666172919 249.11197375019975
351.3932284478692 211.79885948926264 253.24827420401508
356.33362660286576 214.4743182450893 262.6347613396992
350.31658152682905 210.39250787567065 253.61261092597778
342.1840290184777 214.0330432144416 261.0664988811872
333.24567625085893 221.6695191948444 257.1526562119167
327.7979139206512 211.67596107994075 265.89942300899105
320.4205178816609 208.00011672648216 267.9143326313201
310.57255815625 211.7542469862555 269.9534017716768
306.35002791894914 207.9768019119179 261.83842131531196
307.0683347184973 204.07668713638694 252.94504235572336
312.1436025079502 212.6937556336623 254.17334492433417
302.5445767703988 215.16580555083897 257.96637523859994
307.0530964314177 210.07124963558573 267.5153506260577
311.6184101779163 212.8843999464284 277.43868462047527
309.7659317296771 208.78429701023254 278.5031302359919
314.2458107356305 211.44512424969116 270.98012189149466
307.4005056533992 203.79107599890858 270.37370675589045
312.6776028918706 211.68768874737043 270.209592576115
306.1130159873953 215.8724225420262 279.2398119502649
296.39791799854623 212.8976544889221 280.2510515396083
292.7506483370206 219.67923479691024 279.14012121404465
286.04783672071255 221.81513303713078 280.1308081894345
286.99282993558927 229.97466592182576 276.52066728429253
282.30421100822616 230.18018890125407 275.0042285174305
272.54573164615 238.1085532195017 269.73321931134154
272.6893529716949 243.16651217851557 266.7418007720979
268.3071480645019 251.00310232660834 265.19779994968656
277.0470638029809 241.72961250162177 258.9894920604779
272.9093748840025 239.0644793155976 268.6796265089493
281.2564366262518 245.7794746432828 272.7316624851066
284.0429122284906 246.23618756812553 274.31334338040097
290.98825416962075 240.2622706764653 275.3327338724613
40
466.31143091778375 217.17202615039645 88.67814117777796
466.1280212315159 214.54989761394575 78.07625550894743
457.7008158275224 208.0345643280729 83.7542544863217
471.5232165475709 212.04534456731793 100.21242829546884
461.1386483754186 204.13922848755914 104.43452503106721
463.34477448883433 207.15821947703614 104.80731704262983
464.1099189515715 214.3035853477438 98.53194590139213
461.71306778979266 207.89545208929044 108.70626936290498
469.06330276080536 207.31869784180367 126.41387284185757
454.08718708067113 209.40881460414622 113.77864012543598
450.4442966624288 212.78278022474746 121.12757428192286
457.05685722106017 223.95584555164447 117.58421515019214
470.8683901721648 219.94101226801246 135.85348572761575
463.7241098405563 231.668272317424 115.43078553487719
449.6473006787541 224.65770315904533 129.35081440076894
470.78029264324874 234.3493411280866 135.51195780120494
462.8452138446643 235.7222886977655 118.15416088898608
469.0509458291338 241.53591466008618 122.86333132448712
444.10037807361925 239.12040936851108 112.6394201186076
459.29725315346 232.00115185234 123.56090740706502
452.1057988146054 220.96173504942692 126.36829225513364
458.967564101162 218.2910541993908 147.95721561671826
447.0713563494576 214.9597142724086 152.80242865747584
463.01517894947153 217.19964019256102 148.82147971174507
437.59005465107754 201.72520057126013 149.1228049371286
432.15036449751466 200.50295072123592 136.13129639477282
443.4460250915591 213.66861588888642 149.4517693897486
435.37796551165997 219.36992387372473 150.3240119643181
430.4831439348638 215.09008959905083 144.80725169440032
425.59417093424906 193.91337642852162 144.32254821779475
419.10205903759606 207.68033840291767 146.96809373921494
408.1938934110855 198.23483827582777 147.0186346963863
410.54458849681265 194.37956583182296 141.8149434739772
404.7183325197818 185.08949670811785 163.23633372841613
402.426819283739 187.77124050694061 164.1494008215503
400.3146831319049 191.36414466952405 166.27393711129432
402.3245606657687 188.09701665521186 158.66765878861364
394.5533808782101 200.16439135949415 171.1406946126483
392.23820644083264 201.30748801679883 164.15915113364758
395.0056427116926 184.8108068879146 154.09093500039924
