1000
88.85554701255472 297.0156370441588 33.86868906803712
98.18876586328187 290.86422952499817 29.984393517916835
98.43943822600629 290.1341481959586 21.781848477631925
90.28316767752474 285.89381438967274 22.19163129385099
84.1090216941041 282.4867544172951 28.547475085394556
90.09783429588894 282.3418789389126 37.02633315865029
80.12681879950217 280.59188856579743 31.614873219275587
81.40986842155715 274.30671762900306 39.45328577176023
89.60853784041838 282.90650470535303 36.3230280145027
81.03134774433634 288.4464850423976 45.998695989842865
73.78201265754392 297.12411370970653 49.27875797684784
76.56373162655437 300.3146392261341 42.28542611531345
78.90620052148448 300.64806478845566 42.56247042150851
73.30126167866223 309.80656215403656 37.35687211924356
65.78484567998797 315.5676036569398 29.439800419635827
64.6318029667411 322.51632552994573 21.40425358724211
73.03078025788396 327.96472830225076 24.329022558839533
82.14404268738035 333.1946956142999 31.219361530687024
86.23001167925554 342.47022341551684 22.702678121514637
77.152169984533 351.4772164573938 29.535338430070333
83.64756390347456 351.648792028082 31.345760331830537
74.43562012826955 358.9585158721817 40.186539818626905
72.6113925977327 355.7646485740357 32.06844635367305
80.28731111624683 357.7306645614582 39.38459926213848
81.53571115192344 353.73064710296626 29.742244444795883
86.61954528829186 348.6241955714195 35.956246852241705
91.33980533866631 341.442497832315 32.58294743979598
88.18211166721149 345.4228555679034 32.206527491048234
83.96391293500137 347.88162590019056 24.776414406035833
93.26684397374143 353.7957769184385 32.354738097846194
90.81141448572961 350.4721416717732 28.999257390188717
85.83996234838173 358.9530337247933 37.54254240545035
92.57903465604936 364.1430611651846 45.30852388872355
100.13052855873448 363.8866002842284 51.53521768253748
92.56293744851118 361.1706170563844 51.22037906189795
91.13087035664041 369.90671739199803 59.054301977102085
93.12672821490764 374.2299614293764 65.73770070810316
94.15130284289904 373.7092873859085 67.92620343362174
86.50115157356018 372.8980031677259 65.97178917450825
81.48669175062136 372.43874265177305 65.57906581244372
79.27902875585644 379.53449370945015 66.4448160541052
80.31528503640827 380.64483235745365 62.79349815911771
88.03464090667362 379.4757257682685 57.547518844557715
80.40174918669523 370.74550703298456 57.63668437618479
87.77220766867642 371.60620391957775 65.36508310414308
90.23633208785031 377.39896603858966 71.90789509704291
87.7122871730745 379.65602885311534 80.50022147250341
85.3406423416447 372.56236745322826 71.06497655334286
86.19913370236765 371.75932432991743 72.15903588497832
79.34513547680582 376.51254777200194 72.72474046388177
72.75458013083099 380.2408969954172 63.72542258010928
80.61414636049061 374.58374350831076 65.03006672748019
70.71649961984345 381.5907136790846 65.33467576037516
77.7105509807518 390.70774219784164 62.313474220694495
86.41928798586352 382.7474331670839 69.58117221412806
93.18220426242303 376.42334598689644 62.47659592839764
96.11245615438307 385.5554507705893 58.87927810345712
93.55301705134328 378.2077917573157 59.709796450309085
86.63520963616853 369.18880980328584 59.96371808224061
77.24321366932334 373.45408638495473 59.50676122964219
76.50803076233802 368.2328901438683 65.55224779530637
70.11669994825053 368.74085623650956 69.47280252818496
71.80798725839959 378.42852871383246 77.90028870575364
63.48088090893207 378.39931311738525 87.70503848373276
67.57527323020595 388.2406583367117 82.7363963308232
63.12193565728786 383.09002953787024 91.51099846634361
67.21772963462439 391.27878804952707 83.58679083031663
67.2670314114628 384.63278781714564 76.51209270183182
69.94530693405558 383.01693898730167 81.17499389993165
66.00988558421373 391.5116654346107 72.94677053404462
61.332828380863596 384.7242379096294 73.23912386714747
59.04385333186118 394.5567632910738 65.57333420989484
55.19334333675336 388.7810052932416 66.25496064251449
45.82434560193208 381.10464676804384 71.71327678477083
43.07599981468311 371.5143735482796 72.49346493777666
35.40137056303229 366.5174000478622 75.65804780776077
41.39938651382851 361.58752907396206 72.57543684548668
34.497517193505445 370.8565258116843 64.09430342276274
33.517657710422306 368.99021742895314 73.18039980460544
24.656645451402003 366.8132084778101 74.3565455061489
31.378312887702442 374.6776840313269 74.05283531657074
36.7455684809417 376.3134189850553 74.85733369853327
41.896789514168866 367.9979526712686 82.27470511042421
50.973840515727034 376.79543436695815 85.29334137332425
44.04885286969264 383.95548017554614 91.80246235376836
47.15915291605833 382.03783425068264 82.11169625327268
55.04665075859802 374.4553311806573 74.82521141249298
52.521347704265786 371.320363620655 64.99811255966218
48.00641329774626 371.7463028824022 67.74318365159294
55.172794818676735 367.2126797263113 70.91517952794801
52.53537566634202 368.3410283759555 65.24974455998316
43.171360586140736 362.17193784526296 66.70685351092807
43.23161000292769 369.83602225086366 66.80710226793443
43.18159514624289 378.009751237333 59.98332227550536
48.3280465441069 369.04577389427504 61.23747460093257
57.534618694433064 378.43791195019895 64.23162219617163
55.38735176116189 377.0237529964098 68.1551685503684
65.18604771174117 373.94016393568245 58.79331284146611
68.2334653862105 383.0809394361606 64.2682878270506
72.5274008757877 379.7157932722994 56.44815948501567
73.75186600630752 375.3018878223041 61.89044521424805
75.31602022599199 373.5434879955356 60.60738808712274
68.22791771030654 366.22066155634803 66.16174368537466
77.7915429307003 359.560622147844 67.74827215199417
70.05132788762492 356.3301010589487 67.36608202338489
68.48216193044581 361.03051404519283 57.60070874687996
62.47179823276751 369.2430928298436 63.507660948644464
66.92725767528741 371.14301009621664 66.175346610664
76.27450789029854 367.34927050370396 57.73720059158196
85.54160641153342 357.93612885092875 58.93325156862035
91.25276380144643 352.26864794578535 59.56750784295125
99.45872491367422 342.51198546721554 63.002968634438254
103.27290031713756 336.74186615689064 67.91775027041304
93.47501934758165 346.6760182662268 66.64472548295917
98.00068048419875 348.4174484377013 67.22188322547464
103.94857934656541 355.85105470525247 63.84670900125406
97.59018228190074 362.6056464304054 73.06287124617877
106.08879392348018 368.6446564498754 82.1750875418391
107.08517357738245 374.31923005471026 77.0228075896488
104.27029555122131 377.206140445023 78.06788638365914
95.88075995975386 377.7293173303166 80.58998460365605
95.14226065403831 378.73182427709406 87.81982521275064
97.65957413349355 383.99502689935696 83.6173293483902
103.69846189000654 390.8759971588748 90.82913525717385
104.10569316145298 385.3254457788402 85.91898042109534
106.49922402573051 386.05587567588026 94.39556240391305
97.59593872446024 378.73226331605645 103.72598179723505
98.48086522394065 381.88248139137437 101.20487227716404
92.10184103745414 386.29313802417624 103.79450481140009
87.32037510971506 394.7429009183953 96.17018521718889
84.44535288947856 389.22734098407705 92.32426948785661
77.57558216661621 381.53445533197396 93.95330780424112
86.9850748499418 380.5208005630371 86.87803211002266
82.73995590864575 374.9016977652631 86.56929836194597
88.05138877229376 376.4445454078952 78.14948201844994
78.77029927383418 371.188224289839 84.1538605795411
72.83509867483075 365.4406100672908 80.23665822565886
72.2002375146319 358.52273531879155 71.2926137825981
79.43091883324968 358.4826157117276 67.39907252682089
82.83121009062246 353.08031726113785 60.884820817471855
73.34759001295205 352.2289073596298 65.13519091548018
73.77847649627347 346.20694571580435 74.46087742548848
76.6071251218944 351.37141757333836 77.01076380774211
78.03451526643457 359.7865223965091 67.49687194899798
73.39035815337549 361.6437604704553 58.89990595326147
77.451731362662 371.15319451286587 68.5644325005581
71.24403748174882 372.8705230028214 65.51138341596972
68.56776263435367 375.9518287992245 72.06201141552124
74.51125853805895 367.698811875764 62.32583701112279
78.86704085802364 363.8645060045637 60.099019163891526
76.55081361378512 368.45376110830495 57.64511027818271
85.58729444928376 359.28205616764285 56.88629712209285
76.22498616715549 357.47793040027693 50.29283644402237
83.41115045944764 364.7688620802129 59.85089643480993
83.87650075458659 358.21365029771147 67.19013604107224
82.0154618653743 356.6809540258355 72.9895126796135
79.63220458917414 346.98396416916535 64.92105252357571
81.00218360192518 338.8081732259994 61.9255476248033
89.09920176095252 336.5152769626323 65.77082870821508
89.5588618362248 338.0561057897234 72.3614787792456
87.64074237098451 334.0401373172469 77.89647683739017
80.52199502113137 326.3439511907775 69.1166071772882
71.81119765267242 328.1012240619807 68.91134387427081
77.5704794900395 337.77031273299644 78.5758769918145
83.51607085554113 335.60475350021113 79.08840130391995
89.60288312866865 331.72075801039244 75.6938692965019
79.98665311353555 334.56724537795407 68.05732249146764
83.05003927425037 326.9303085942523 61.63524017250057
82.28449902930063 336.43773170573337 65.44382787950723
90.2263501595999 330.6504683720695 57.877735302534525
92.73459440321275 321.7032940503074 64.43786641765277
88.93816658109222 323.35214278002064 56.090360737036264
98.67163444729304 317.0849705104755 54.118998383342756
97.02349013514213 311.52889853239697 44.84378665557541
94.82705713961072 315.85029894711505 44.17294131627957
88.0505136743752 313.4467562827014 36.445877238861485
84.17999853199225 306.94004517792405 44.43083712943977
78.40034158732152 306.7774216502208 39.791185519087776
77.5454104964834 303.6931740857692 37.578112135049864
84.60954552242758 307.062028242092 41.81772273512584
89.46780498265444 304.6451087699073 41.022587261146334
93.48162771732919 297.91398901031033 37.868100852435575
84.11826804016891 306.2751523736295 32.54770624592938
89.23918785236008 312.68243420459146 29.969681410317392
87.76416845832837 318.6203871961551 22.20703794093194
84.31757890664913 322.8891700933257 15.775184776285105
81.07954599861195 332.55186844694936 7.157958235305969
83.32414060476924 330.0578287838832 13.33642603133406
73.44680763512558 323.35919903648886 16.900767070466234
74.15277223944564 314.27418847538894 19.33757738647802
67.03824823474048 319.6615109772 17.292818107263553
61.02665372043571 323.34868530787753 26.1956291573161
55.149607344586514 332.9497199107829 23.77653114955526
63.36953632227956 335.3934884535896 24.871195377658506
71.12701919767983 330.19831024676654 18.931982143344058
80.19762687855919 332.70099007776594 11.832462439262574
78.52505430804275 335.59023421037347 15.187729801739984
80.86117238378151 334.26090715357736 19.283111747099433
79.80143334981956 343.1949115952138 15.828482248427836
70.22152646428245 352.81261446686347 19.980104332190965
62.451474141838105 347.3589106800945 29.551782734415244
54.28241288077471 349.3270401819572 30.0601819454124
58.37477843653052 346.3066930500511 36.98535185520592
51.4507042879973 340.53870140111144 43.82605286492638
48.010687921505266 349.43517433022214 42.87445380985983
40.36886151695164 352.9440719184959 35.30087593255867
36.34867163837721 349.37168675649815 28.627626423932973
37.9385948451466 354.1873197986732 35.78494783520943
31.390167623788376 351.17010419084573 36.82596664509221
22.387893951417226 353.4887086303312 42.40870508922109
30.487232880120462 355.1280853406719 36.648155143719315
22.739452330249463 358.2280690837186 44.07233011198161
28.036150862322728 350.9338009114965 36.67761181153551
25.29806084443726 343.51668053638235 43.76226854628398
20.30462014950532 337.1742220247539 51.56404342771324
23.443565255429053 338.01521762408703 57.1035703884592
23.83643413990547 328.59241522699693 59.15403924561325
21.82791627996902 324.6352226036995 60.541496356008636
21.86188543122078 324.97676455405815 68.77437966231886
26.270951802572117 329.41771945141056 70.24155030611335
31.554897334332303 332.03490645328316 74.46379591056964
24.34398141285124 333.5075832299741 71.67943989139381
16.592757980000194 324.31198564862086 80.34159369259463
8.998705583726549 317.0515291053335 70.97938192681765
1.2867154807236183 309.05566121716333 80.37661607119077
10.407655582298599 309.62978936472973 88.96607716746404
17.982590409596746 311.54830741284167 97.30462700084304
18.21674030242985 320.962105068362 94.34041256707609
15.948206883304149 315.12685350463556 88.83828599740298
14.559085319338708 311.93193299530395 96.4002694774816
12.112468971824292 308.1815428123066 106.31142072940361
15.631233660186593 316.8583113235562 112.00783421580057
17.422077982244833 326.24302163444116 106.45721233824919
18.182391935158165 317.18208009350553 101.03086448797791
18.86632077421358 314.73964143053746 100.44322830482699
14.464002689537367 306.2062886622608 108.66053529855172
10.419979145472173 303.54810052245415 109.71914058682745
20.300663286121058 312.3367926818298 114.29136496243487
26.692856301451403 309.4530620822191 104.38943566082077
17.271171620882942 304.635849101568 111.82752717320088
25.442293225644594 307.4651717728822 120.12407686786513
34.03578542892379 313.09819887803775 124.25578960803908
41.60521477815246 312.0282548290599 128.48890872156773
46.31407331474588 307.38244903764684 132.05576319011712
54.203530180498234 303.962151123139 124.4649507555329
47.326531690832326 294.1446905385357 130.75336949001067
40.82651757224369 288.60504878928464 138.97359291146287
43.32518946149671 288.69278782346873 142.3376347756017
45.486842006411734 291.03475050018164 139.19147407832457
47.77686627311828 300.5400072449712 140.88053507333902
46.37952746871945 308.1665225611404 144.6753481569238
38.972433126959984 303.90440264687106 143.26868901430734
44.83705411031554 308.61732126376916 137.19710512962547
54.22396630490221 310.5828451020763 128.09282264411377
49.10143740684166 301.67687564244835 128.64304106054624
58.0344015586913 295.28758165857687 136.6198921412699
62.44843282160325 285.3732153409918 145.99515024931122
54.92102461066967 294.2948679321084 155.09168705135679
61.592259729937176 289.1888075259678 159.65520466728654
66.00809040424046 286.36045120535454 154.24221070471998
56.433231417617925 281.75925390189263 163.5595633531858
51.870141111978214 278.4074532678582 157.21523260882068
45.645153393898035 282.47493288559247 162.4730711519911
40.43024514247431 276.386696209871 165.93578975535664
39.349743494693854 267.44803491406043 161.61196015163222
33.105435609543974 273.81551781726677 153.4899509992042
39.774396872381494 272.3151041101602 155.85073998723297
45.37548051748373 272.20437842754154 154.52343117572445
37.055349581837476 276.6433436817791 156.47699112998677
43.440172639368626 279.3694897268168 165.09834387803744
49.55917527664761 284.133907052316 171.43416290280862
58.05031264023164 286.96204470810557 171.49957506454305
60.37132658685201 287.8195772646398 173.24722362330465
54.04773989795432 288.689026819958 176.7457202334425
47.8386281622479 292.97995283748736 172.98477582848687
54.3196650650446 299.98319192050786 164.21176945554927
51.664179201701444 292.663417931264 160.42850701919082
49.21895162228785 297.88110268714144 164.1577133567557
45.90582168293106 297.0788607609005 157.31885944682315
43.16492850530149 293.31737489824593 167.3119981024268
50.92359071638347 302.5324852932458 172.6714417042845
51.83521735661946 297.09314322221485 176.80026443263594
60.05583359205493 288.5109607448006 185.95832279758957
64.19538448715939 288.30635302454834 186.5847393909345
63.74853128264142 280.12435013224183 193.4968394528514
68.21751540058584 275.3352875758637 189.00320900316441
68.01962822756143 283.55891199170503 187.34154409744374
62.815828676902264 287.9961390823373 183.52064623060664
60.183072225981384 284.75532556422087 179.72052243869106
55.045486988768275 292.7997896308495 175.8091837013363
61.30693108081113 301.2595951010906 184.6411535609025
69.33439384129863 306.6076257410673 175.45244407760507
72.97329853069493 315.8603727812927 171.87679044173404
76.01765354016146 307.81862621613277 177.69144810336977
68.43462093209548 302.4147624965753 172.08837304481764
58.94677665876024 303.9874831209145 179.52601038271803
54.59548996295199 313.98059419507877 170.50666346642168
57.28766927599818 314.282619683759 165.1269176987218
53.57284492288429 313.199235437401 160.05053666478753
59.55727510452878 321.1953562071108 156.86246757974567
64.74402825983675 313.5020925892299 153.80493998182143
71.25843060153689 315.5166598931286 146.70136468161704
78.67267548474783 314.22456360240574 152.9316967487534
85.75472966662447 318.07633320783816 152.24156016487382
78.97960704808644 315.52079302702407 153.46663803950923
74.09354157480216 318.5116193153542 162.33999051972907
81.84732577762011 317.02563142657726 155.06763144944372
77.29911487764576 323.7987871395369 155.44266214657603
67.9332937672027 327.3725791829214 147.55054873071234
61.40964775854461 325.0491331501238 142.1947401674394
58.79177151183985 331.85856956640936 146.90652648557787
67.22998283834866 335.07278249920444 156.29069008260456
72.36007578106612 340.9206366376434 150.44054187706675
80.67780859044301 334.9798062646802 156.35572854469407
78.95307829470387 336.64256923908346 165.8307828831759
86.5072959443079 329.8978117029689 160.44238238803297
81.1958892734208 321.43321275875326 150.97683155060375
85.81170695876796 328.40106515943353 142.67711728472176
78.5616275246929 323.06755615937743 146.9182619584709
77.68486776922258 328.3998458490323 141.14120825074946
69.01727795517128 323.95383216847887 148.19612846998302
70.81645803900074 329.0342497668165 151.66920754410765
67.00496215976034 330.5611315802519 158.5347968167782
74.19728151216286 332.63512097710776 165.0038931772406
69.13742884189008 332.24991599354183 155.813992540729
70.44293325815806 332.8809023842055 152.24290286387665
71.09160020747287 342.3886661115461 145.84135837512025
78.87149922365052 342.4215282581071 148.56976094442268
76.48997408807118 340.1361896293954 144.50342230169838
68.0121480429733 348.4917500180724 144.27539084199665
61.0483854036196 357.8100307210925 139.47990817643884
52.36877257319332 349.66428614871444 145.37451452037317
46.99749660362098 340.988441954115 142.96946691970535
38.70246732610919 347.56951539742414 141.21038692119816
32.53451976316145 356.15183087853325 149.6799213284076
28.634581506577987 362.1823080923959 152.99830262316857
21.6764635195936 354.2926815221069 157.74533907620474
16.032951384046115 363.9803277851906 167.71951115326192
12.696039686263433 366.57814743481885 172.42726904572362
12.071647008161014 366.32197507324946 173.7921114011508
7.961860786921481 361.4398041725867 174.3546102886497
4.318166985836312 370.83415581071864 183.4927654284728
11.58742105119491 371.0227470760382 179.88449032323518
15.601045946811984 369.40475525646315 189.00553700624386
5.860271141741348 369.4688903451112 184.19551072248385
6.606494822104079 368.20671099942956 175.65412339211264
10.813941109043387 367.9466213714083 184.8468156854537
2.1353203781797827 376.57596233731306 179.4155482356145
-3.1745092279656237 373.3445207074749 188.8534293886818
5.389823723803559 381.66127765402246 181.70364863418484
-3.3647436146422205 375.33405408556547 190.56070910958363
2.5035843494777126 369.03366606592925 192.82114003655843
0.7802333987218351 377.7311384648791 187.18803116533726
-5.838541530754961 370.156161367862 183.36949087015654
-7.7272108813548215 374.69373471058765 187.21679670130004
-16.165280155915124 383.71671649068355 188.04518053209966
-20.35248654191095 381.79259949396385 184.8229282401998
-26.42780747238239 391.06295248150695 183.2130938622155
-21.925532631394464 393.14890146054915 178.04696641198876
-16.888923782805364 393.2987430574689 172.99302131443912
-17.642801645212767 395.6045405986618 171.61461784921008
-20.772577772373904 404.5616992875558 162.0857811290569
-27.682315688700353 400.2700313600632 164.3597177690594
-32.24843961406009 398.8720021657646 173.46218241430375
-29.9455020480989 397.7334033904502 177.39262998716202
-28.289549575163317 396.9378405627325 173.5554900138043
-34.747056456903316 399.6220340950551 173.723686951218
-44.26359692498417 395.18734693566086 170.69096546388846
-48.279398420142584 388.6870557129534 171.02373109735635
-57.46294868839875 388.3487050367618 176.75075043990995
-49.745214961252074 382.1483936931749 169.6429497887218
-47.61498302757495 388.16815604180124 171.69776856187988
-52.29930544099546 391.4025929065641 168.90948685353948
-56.07617183040463 388.76803043389714 160.1441446622164
-54.39998545134066 388.97293918945655 166.2103884883967
-60.18580916750464 390.9252658628927 166.63724705340522
-55.8761501628577 386.3530978981615 169.76064772783013
-51.31038483263246 381.58358483266187 173.99958127672863
-51.54555156648 391.22959987353573 177.7571565361851
-46.575432297039306 391.2611181898536 168.4299662593979
-39.8346295442087 383.2688600252264 171.79777754197985
-38.55031685535238 376.9909772881519 164.31802242716674
-34.171023523635334 384.8705095929 172.3441878458906
-25.143844440347376 375.865959053122 174.3936661678219
-32.75643104446577 373.6835085814451 172.446418194673
-32.365982509062015 375.99607778530753 167.08761247230922
-40.08406165895411 384.9657587754582 168.51016800202734
-31.481762864191715 388.60211017787964 165.38299315007114
-36.97788143041954 387.9685924095653 168.67547542624808
-43.008828019070464 397.9358584300195 178.17967748246116
-47.058412661174216 392.87382338263575 173.9135048861322
-43.91314511107357 399.4826253793377 181.87601620824518
-35.467902425249605 392.67050865798706 185.76388247135188
-38.03546695477982 399.4553429869372 188.66404139483316
-40.57047984961555 392.36969700500737 187.49418517272508
-39.5408514662008 386.51299218936214 195.42429199382656
-41.51123361938399 379.11121131042665 197.1165192986206
-42.71076172195748 372.6140213514144 192.6504870759116
-36.13596954144186 379.3977889983433 189.4391743322662
-34.99375161501489 370.2963584311557 197.3383867037171
-32.20250371453928 368.7189282445736 191.335823150386
-37.87424578191313 365.2828551442899 188.4311080003324
-45.03613204061411 357.29358110599645 184.89073355919658
-40.27642828960228 351.06305339101095 182.51444935063475
-45.86705002107503 356.30410638786583 188.63254850811208
-49.47499229299819 354.80178480111203 181.58449632748741
-49.962906068408 354.9186343077071 179.06466121757705
-57.79750035428793 359.3230691146979 184.00227707535166
-59.597444209511785 358.9223533079759 176.70351106365268
-50.085544447947356 363.13279577729975 176.6272918199829
-53.392857470651016 369.1986836301854 178.4507486710029
-45.81865270450099 371.78660256878385 175.5582228517059
-39.82664992402128 370.5061865656331 170.8042857825833
-46.833523810279225 364.6259257386207 179.08129192553704
-38.44903442809005 359.6246412419927 170.63921557117112
-38.30671125828336 360.1316251479219 163.0106032673722
-32.99070603099765 350.6639548321238 170.7441326646607
-36.810920354238185 347.58019262189106 172.88961294972037
-45.21829753997332 344.58048663323245 181.40733149026528
-40.03891778056834 339.4386159993944 177.6953024627294
-36.29357193138145 344.70131916585984 179.93264683661775
-34.468745972202456 345.99087905705255 184.32821224727405
-40.73194905722092 341.38929139722234 190.70444701053802
-41.424822198084286 343.8292723519745 193.85164127530987
-51.11988801521213 340.8348306202843 190.0945126859123
-55.87446554492605 340.0621493451689 186.5912537040793
-61.72874500798187 339.4718861353281 187.83459906509748
-68.26976824818303 349.3176494183361 197.1933592961014
-65.39096328007327 354.01683798241356 196.13059809066715
-56.70664798147404 347.30522560489135 200.34825290716503
-50.14084202916324 355.20745456402557 208.99273182284358
-44.63115639824386 365.1564924228796 212.5397651799973
-35.275700093785275 367.24689552968977 219.80136003510964
-43.34273826989538 373.4454689686906 225.48333603480881
-40.71361087760639 378.3681556912287 223.14485608828085
-39.99628948593676 373.53977042758095 216.1354092565357
-46.83593809882109 366.46527362375775 224.36475844428932
-41.10690839309183 371.4580423449847 225.1951875569214
-40.664534405736816 380.121398414701 230.75796429040722
-38.33785796600612 389.96475494115504 221.53501446318572
-43.38250156051558 399.5450395717473 228.44057111559655
-37.62828950445561 401.18807673104664 220.4290548362744
-45.5204173380625 408.951028465575 230.1390619421113
-41.684471190799115 400.6517539768226 239.1158882333342
-44.317863057676384 408.80462996091256 232.41950573647128
-43.6182277623999 400.77467301196316 235.44900020178295
-34.269836742606806 402.4840514632887 236.60313278483946
-26.516649511180397 400.22608620643194 230.26680682299815
-24.844487256052847 406.7495717227043 237.92374631197515
-33.009732926776046 406.5724283721297 238.48523193663993
-23.219266180198716 401.67166921121805 233.48810055253446
-20.279022186984424 409.61358412911585 226.01689846360102
-25.520974706991556 406.0554590634554 216.95849968079813
-24.67993365179801 398.7063421343938 208.85623847774417
-15.104897925294164 388.8729361495943 209.8768755401718
-7.977781727780665 396.8887058064199 208.26080766341693
-15.645421243771906 398.4928214739949 215.14733662182562
-20.289175913739378 406.1634918020002 219.45628173728383
-16.241549698214072 402.3115286961829 223.3134109811687
-9.501289142481149 402.9773814346799 217.45000768416392
-2.269310303701624 400.49851369305696 209.31656944985104
-4.190443902670758 392.9923602835206 208.69000715614172
-0.9916871218074634 401.56713329978015 217.36217933469908
0.7770218722440143 394.30231138192113 211.24911803251047
-4.971737296185841 400.32616395096613 211.0235424169231
-7.8623422742845595 394.66601141323247 203.70629524147034
-7.30040158032179 388.22762599855776 206.94780434570032
-2.690035012020937 397.6539404010734 205.85855132652475
-3.1662986240737867 402.67875267608656 207.81229588937936
-11.19019906027858 412.20634932207804 199.3985741270045
-7.4942163916777105 419.8944181762004 201.37812123537574
-0.07210857382613334 419.1308065796115 209.78780189536982
9.535683833901805 423.2129122265217 210.39097175683835
1.6639627176241412 423.46487324356787 209.1827842313382
1.1915939573373446 422.66456228116846 211.19424639295124
-7.834447361123656 427.5343289490106 220.43090578735095
-1.3649355424407759 421.92436728246753 216.04826942267385
-3.3186751175321914 429.3112208162084 208.9250273133997
-4.925504621717899 436.3612493780467 200.39004160362256
-1.7442341017520944 428.68804662149375 197.51840918632797
5.594593719896049 432.0878973595171 192.68452793679594
-2.8450471563473263 425.77085894547156 190.83496143127235
4.734017722605726 428.2565898198169 195.45935026052925
5.790128061763682 429.4272440233368 190.949315191064
12.440123550566579 425.28722190278 187.778457933827
12.843352578643035 425.2648972943198 183.24877653516032
17.811967074627216 416.58354524387477 174.63218074518835
18.029711775094896 417.98590630036676 176.5170683652237
16.36171886752489 417.138275226165 186.0945140537929
20.100807143271958 417.89420295853296 186.44221931824654
10.475394797197204 423.1418973608732 183.00476762056417
15.664349622486387 427.05114059438216 179.11948142409264
15.995147360676178 428.09816042589875 173.25745271083255
25.723175607121846 437.9692504331104 165.6627279963154
19.9310192073417 443.6577488988603 165.4617443149129
14.546186693083888 445.7326367091896 160.85241425930113
19.28484688767041 446.012237702357 154.7719289558559
18.208057684780535 454.23625257000924 158.05940983865162
18.85951468822426 445.97795196743357 162.09107073518302
15.984039088148657 444.21038059103734 163.85678730485657
18.68063512819232 443.36000419280435 155.87323878884564
8.933214946899543 451.23551365053277 164.91159547500027
6.151736394813927 461.1957818348469 174.11813968240807
2.5756579225648624 470.40709719100994 177.43156622200704
1.9330180588887957 468.2786643628777 176.70313958727613
11.698401755520035 466.3572563025305 176.69136307904023
18.278663539900883 461.4102764848624 171.8210462271189
21.215893615225763 469.02499240551555 173.19496711523558
23.809867907686666 463.0120084927387 180.63503634202033
30.571619465675482 460.70694040847485 171.40478586888855
25.787019505186507 463.283716398528 173.46939650597187
22.49929196005381 466.35522013963407 163.56494717757016
19.857484867712053 468.81529623092854 158.3105074126364
23.245266271929207 478.3457776800983 160.66783605286102
20.884284945096546 477.8951370423115 170.51612477049613
19.512993968505484 470.9832216085051 162.85116576851385
17.631859740530388 471.49809782825315 169.37700738766785
24.638630920157613 478.0976520596932 170.6070533046528
32.24289952652287 469.57311971912134 162.07404647122945
33.145245050044885 459.81441269594285 159.85319271481487
36.47047817246212 466.62378606620655 166.86581081807378
31.946824756414053 461.99580982561844 174.4306791491506
33.59827841929764 452.8020289066448 176.15096882179975
23.766809195876988 454.2987843233254 182.85750053978296
19.50521000508224 457.16263434833473 190.22959689856208
12.70757586110506 447.5746428552725 182.1749185571748
4.1119819966601 444.5194999752173 174.0617890221045
10.695508290065092 451.6169051321987 180.37756745312674
11.725100326002318 455.223911678659 172.7455700391838
12.574519528611274 450.18375415479437 181.04085619672665
6.293457404661275 455.5656445173126 173.61284296383695
6.022811803358261 463.86449637275365 181.0064848660282
-1.2468351401787663 456.76259838895055 174.06599964381058
-7.833408089828489 462.91426083631944 177.0950911817753
-17.524570897203326 461.39766163016486 175.9896904791904
-10.24745382996993 455.1052578124061 169.49969076417315
-13.451974377759012 461.7599138417456 163.14882983953066
-21.2574651672419 462.11609887843167 171.46416364488843
-25.882666162347068 456.81636999854743 180.12394022223464
-35.172778435868224 456.4910415743267 175.61829873725833
-30.34043922014291 456.4172975927425 177.27466685957373
-36.325580040645406 462.55615088065014 178.26747905052522
-32.874301163173 457.10863297976323 184.50826599112315
-29.956794820789362 465.6449869159823 189.71706362088602
-34.01596576154515 459.10855223357004 186.63611268546325
-24.36361279865067 449.47940936147825 180.85270324803244
-29.944810432651614 443.7335477151591 173.23384247517572
-31.618419269636355 441.9702181523306 175.47987806801694
-27.845945801179568 447.22982498614704 178.43232714750323
-26.9092959459577 438.7225823350047 179.3498168077307
-17.478366171893423 433.99902795635285 172.2500833578372
-9.825930568899665 443.0632310185751 171.5981412164066
-14.2661605917584 443.17344046248735 172.63696361666064
-23.49543012661188 438.2590232693489 182.32221416485424
-20.634515123996454 442.43805718803503 176.4956919818314
-20.32782916988232 449.12625752881627 172.44283855314248
-26.828831410094473 443.1397198031816 166.5054356082939
-21.640636328368355 445.62021495277463 165.48031925032225
-29.76549100747355 451.8853417296509 166.84505543532563
-35.52226963889167 445.1817451259385 166.88511760448043
-35.40121550729814 437.0584180757617 176.03168573364138
-36.86779200334578 443.2088602696648 180.18839637215189
-37.19981869996577 449.3668331565426 179.0766967360168
-32.8084404384432 452.61951818983164 187.81119916770777
-32.507154370977496 453.11017747737725 182.26702435612367
-27.55046140568816 450.1685368678671 192.09522458741822
-36.50748898973296 450.1531323199046 190.74486684822546
-38.12066414551692 448.7145119248862 186.6502252837069
-47.00424543566568 457.7508354713622 194.58924479656054
-52.15003618474918 448.4363980936163 190.58238789284246
-59.46955694100545 457.6839146125865 195.04059591624465
-65.65710919040909 467.58638763555075 194.59392629236012
-69.10406491059624 465.1210138810128 199.3348751798844
-72.07546592711768 460.01984816620535 197.68741968810852
-74.47910241861095 462.72033472387636 189.02743838158653
-73.60897818977342 471.73932333927587 185.3778704697629
-69.94728092555455 464.27712597715015 180.4559055089463
-78.54251998241551 470.3238624945591 189.54796652662006
-82.1475246938441 478.2354092896764 183.43266648765697
-78.46634143681486 483.22675262229774 181.81780095337103
-80.30221418118664 483.1078208868422 171.92842503446647
-79.24826282991275 478.8671100854403 175.71491778411456
-87.29881621331145 481.83630060579674 168.87779219291983
-91.7164522301952 478.2607936040593 178.8438473967098
-88.08381847586249 470.6360549889191 174.10508115171518
-83.17958802865459 480.3164992192631 178.3217675194823
-85.36291926083535 488.85849483626265 179.14610822254218
-95.21024458879208 493.3032634880348 180.40364600038976
-87.18264626413858 498.40675459875405 173.17926905888572
-88.87822659982965 507.64806228441535 176.43416067071962
-84.68347600276185 516.0426969402422 169.10010051221056
-88.8342739520087 522.2095969032044 173.19215460783832
-88.39448596906485 513.5923818176361 179.77993270199138
-81.45026056299528 511.6350544395921 188.35572942675506
-79.93123238133927 518.6142536225303 185.85822667094834
-87.24389869763941 526.3582916077461 194.38835161570182
-87.50618762478895 534.7733220827021 184.41972906651452
-95.70300363011121 544.6158124221481 188.6917272389821
-100.7114999845407 548.8951940146458 191.4415266782567
-110.41440971816033 558.3280440516664 190.2778943962504
-109.68805487220105 554.0641130629932 187.356751574278
-102.54013848123745 559.4259985427034 187.35102150295353
-103.99541921905988 561.5020141052039 195.16513824555503
-112.63133578094781 557.8534684893903 193.69621989934745
-115.07003033248976 563.7259953995926 202.10686000757335
-110.1260861950144 563.581109042019 209.4853417038925
-108.05779193174395 572.8688474027106 202.2945133977111
-104.96180950537453 564.5919536099304 203.14219685884316
-105.98702178950562 557.2383129825058 198.53808147739005
-112.0023935828341 548.7427222445193 203.9693482288562
-109.75663866487963 548.3451493221501 203.70182492452528
-117.55909337209536 556.4334228293958 212.0703395547141
-110.67501020561926 554.259131632772 214.14860317413323
-108.38550985694 547.5854363811177 223.88662545805695
-113.07432010139435 548.1756532050503 218.65171690866978
-105.95155964033258 556.2759228601969 226.94628451127767
-112.04524386360181 555.3201744038247 224.66893332426642
-106.21350286413744 557.6584308192386 229.5520698369803
-105.78675616372203 567.1356910817219 233.9093864270062
-106.32481969581934 564.4482992443454 242.4491705846651
-110.68757377272067 565.9825661862626 240.71878222373982
-103.49370128265372 562.7407417677942 247.10571672467182
-112.20430089639608 562.1503082030476 247.49795894028014
-121.21439098542072 566.9419145043514 255.90363104805016
-114.78093137087679 566.464065201078 264.19047028526603
-107.01228654530487 571.3560258658474 256.95607250818404
-105.45716931013577 568.7650550010721 257.94468869821424
-100.63964647427488 565.1941726209342 262.75374024875373
-102.45820876816218 566.3954556487581 252.99236363428903
-93.26105296593708 558.9982571639513 260.6976223780664
-100.54071147212458 553.3558657508618 254.80655783621427
-94.57333465238777 545.2840339110351 261.2417938836553
-89.48754540504942 536.060628082212 269.9206663958594
-94.03485518360908 534.8443683965658 269.2798987706146
-86.96486126131941 526.1484977191271 271.6789138234223
-88.06227166823301 526.3333443816362 275.39401004790545
-81.58406250259742 535.278822761169 269.8988422936077
-91.136604247836 537.9587637833425 270.0343532392556
-98.89764499600155 545.2759767491357 276.432111045154
-100.82030206018148 535.4813425509893 281.20307493174664
-94.92546690823754 528.361049965985 278.445921292136
-95.25846204150227 533.2854328439079 276.6014510165908
-99.04882388244079 529.6916541620352 267.9340839759686
-108.58803586638612 538.4766075192384 266.8731212918611
-109.11444281305958 531.4206590318464 262.5582037319964
-111.97801441321629 530.3484282916389 256.61415825945693
-118.3205766060417 530.0516646043283 257.19216895406726
-125.52428856597241 530.8375495448721 257.6797021936857
-131.04231191756062 527.1264022173158 265.8211030141708
-127.40062245944081 517.6206093627836 265.4520944921887
-136.0120758232018 521.9984717602932 259.8352447945617
-134.99465868344836 529.431468513561 260.99349734839745
-126.59828727701681 536.9070546142515 255.08208052140102
-129.97939027223003 529.5721429989861 254.47331411143975
-132.04575531360675 530.7959456992495 256.5167681484687
-134.3485022496734 530.0409140876383 264.161747493445
-138.3349958731193 535.9321886624463 257.82366835546065
-134.9846225053731 542.8412122238823 249.04878402504005
-131.6770571083507 542.5362888845632 249.89796366555467
-131.64700867409334 549.0943819282558 243.9855244313375
-139.7602079563839 555.7240907857812 238.44223376062934
-147.94315956499514 560.5419908565516 238.99445392222935
-150.55297202681606 563.1838685912239 248.78408676900006
-155.32571944441133 566.3627278974932 251.52234170756088
-155.58635995909395 575.0135194523031 246.1745781804486
-164.31779162583746 569.7878226244903 241.527560296685
-156.0579384851386 573.0580695756795 242.74805546844405
-161.8520994234478 581.8925977961686 242.14864902032838
-165.58835867774104 579.3775448933843 239.7782195564047
-169.2117078929287 577.5312984889513 236.4903527449379
-160.14935584749045 585.3414040765549 242.4432780619602
-161.4003087027078 580.2298789345637 246.27322963544015
-156.09684163418083 571.7486476004163 251.69127314958826
-146.880772649729 580.3254650529022 249.51093576545304
-144.54540989121733 573.2467195487689 248.92640123211098
-153.7501463710731 582.407346061781 254.3172930374143
-160.5538949720568 592.3858413892543 255.65619701156734
-161.3462334002591 599.9726396191419 246.51660225175584
-151.39103027810896 606.9043920894336 243.91283648382262
-156.58327770611123 610.3071674739982 248.7009557640068
-164.07909713185867 617.5738301149963 239.03262160783555
-171.20866622398017 607.99083604323 243.61406897390924
-164.09711663453507 607.867106051737 250.51378555865227
-168.27671748968743 606.8484727698193 256.4481560316294
-165.61926234823503 606.9457249021012 255.83375945305647
-174.32732960217348 611.7430930331436 254.68011728254365
-176.4690451754422 618.5693871707525 261.01855343953616
-178.9705383880087 622.8982193454362 263.50838834648744
-186.11181497697183 622.0113540178947 266.1116159757724
-178.82618016060414 631.5015150029652 276.08988303022295
-176.83839575576295 637.7777559137568 277.79602366788663
-180.27181308333135 633.2363213147162 271.75178852956145
-182.70083953597614 640.0699100116458 278.4658506326413
-186.1240009824808 641.2350095136704 276.52399923745395
-187.01364292384804 636.8021684280714 268.2731851116981
-184.65337663428218 638.14903394755 269.886582723184
-184.35179359583364 629.416153791655 266.8833545755977
-186.49940492694057 625.2126883131863 263.0138108235568
-189.01125997293036 628.6667556647075 271.7491118663592
-179.41108123751042 623.5491539164796 279.21198051503336
-177.81394404161253 614.8444690789635 285.3890939144855
-173.0857704091935 621.9495316242891 280.40708176610445
-174.63332413865962 617.4704126075198 287.65315745719755
-182.60496331581408 614.8766250011224 284.09636462099786
-181.24971684110434 620.8538938286731 285.3692628750823
-172.13619971479812 619.2144873257812 284.83525125757035
-181.4573884223429 625.6243221986614 281.88938255986574
-182.1668491698093 619.9370372043903 279.1125861692166
-185.87873434467417 629.5348524752088 287.9455757423817
-190.7246749406404 635.3578671915957 281.4492986630252
-198.37346877932583 634.8351395792481 279.54122628267606
-201.5843794797648 642.5028110464152 281.78000144956366
-197.06994211568275 650.2480357708041 275.2855296192686
-207.0043645685625 652.0093174342954 274.77270379713013
-201.66409771055982 659.6474389003886 268.2807707285556
-203.12783730714224 651.3594141750123 262.95954759328845
-198.89760072027232 651.3556519993571 271.12263813401376
-203.32832081218805 646.5212864609443 277.95206399203937
-211.6085744585444 654.4235658500928 276.4733693707408
-219.54251764788287 658.3537197982691 272.81892462829296
-219.48324235710444 663.7384081383638 282.5564922246297
-223.889821554159 661.5625322873857 281.3230762641248
-224.38405184460507 661.570132477073 288.5713626424822
-229.01026160589961 669.8443107551736 294.95741081909
-223.1968400526764 662.5204604815777 294.93705394183814
-213.81791951139226 669.3644975156777 302.36249869778896
-206.65948202558187 659.9614768124846 304.3492552270159
-210.4774742439771 666.1064805936171 301.2667759004407
-204.88910790819475 662.4631010885755 304.6979714088787
-211.96128375806833 666.4665263543712 301.12687305423424
-206.68133359697924 661.4208350437858 304.70663489271396
-203.7248672701411 661.236681439205 311.1061077393722
-198.82730099479298 666.9564302218101 306.51902734928063
-189.3225436252273 670.822884575371 302.87000657102504
-199.15326185270538 675.8721677890567 307.25410284945616
-203.30157396997112 672.7785715621085 297.59318471138596
-205.5237104086571 664.6942328748919 297.04199720432985
-199.62806504735414 662.5696967662095 290.77372613733337
-197.98152221336446 659.1454340587975 295.964853900707
-189.19473002612375 663.6745870201419 301.9896750880127
-184.5621477673987 666.5595958549744 299.4381008423968
-193.65461197276076 666.2973153088739 289.54679518517105
-190.02931403271307 657.1385574402976 282.57942548635873
-197.80740485915712 655.6669082847719 276.1391608086952
-191.43154547408483 648.7804852810118 272.6387758836815
-182.27946708251167 639.0814569240695 268.7569318866254
-184.20821075533772 629.2237843463374 261.48405330371816
-180.92266579973332 619.6560283188858 260.22695244905526
-183.40832292202245 627.7083178187734 266.0744417653137
-176.82898760296266 626.4213641089952 259.87722787762664
-175.0236160607398 624.210816163848 257.22669862761677
-181.4001680092661 628.5667604377271 248.72749926574352
-171.86416829409757 636.0551988670586 242.38727803459128
-166.87213035212446 639.7366572110383 243.21278781220624
-171.08998407234137 632.0840028058976 250.12526250015028
-167.210029411913 625.1684605480195 251.30878841461637
-175.23562238905203 629.5186674158069 256.9032333034884
-171.29226224905497 627.261239071983 266.7360683776742
-168.04599481051028 628.4067315819342 266.9150561800453
-163.29472975095933 633.8652885203797 264.07305965783263
-169.73537933480154 628.177848176454 263.9447546224309
-175.97845470916747 627.5611660463936 268.1568740944154
-185.00678911619664 632.3187719486002 261.28695286487493
-190.00687626780157 633.4889858068409 252.32136040256748
-197.63024469209324 626.9531767464782 248.40857068805016
-200.04033091009543 629.6953727457218 257.80206518691864
-195.57568433230747 620.6951028582475 248.70237396037092
-196.2782524775342 624.4213715967682 243.3965091315899
-201.3168900084746 630.2486140932731 242.81313504540833
-197.23739466336713 621.6344273041548 252.62663495055975
-206.548039912551 621.6603288633391 244.1198684845572
-207.52281520480614 620.8944732118177 251.5632499957142
-209.73147330760662 614.9396392207475 243.04713875259
-216.8959566772632 607.0537665981358 233.09981359334773
-207.2466380794127 606.8653705490802 235.72897907948257
-205.65545629266208 613.9956467105415 245.36167845507617
-203.87573723133076 621.3500884749585 242.0920874705147
-211.64302074059256 615.7844122638751 243.93292018183286
-208.53092170440098 618.0719357540123 238.13097750757078
-205.65806819887086 616.6254074049075 244.09931761572452
-199.13185668504227 626.2970486168446 246.06159350795397
-206.67149846165364 636.1366630509577 238.63605226854114
-210.40207021113298 638.6747140669921 237.8987372788
-201.04191919495932 634.7564027114004 236.38081527601906
-193.84160839033166 634.2354483574461 239.92901130364194
-194.94893339981658 637.1995401212556 245.20246319621674
-185.89147792318306 628.8836238208684 253.66084738170653
-193.90809249231606 634.9350478188383 250.51115703682353
-186.139535004672 637.0911316339301 259.87384343160426
-181.92608790332548 642.9366442618712 266.3639621665413
-173.39793193717992 645.6442611515577 267.2647391988853
-171.7961131507403 646.4408861749457 260.61445217248405
-178.3825239942537 638.1699103382437 252.76294164288532
-179.10230139343375 640.9023734358424 247.29434306853878
-177.41692745085345 640.6463446076556 245.81546581792026
-168.80123967894153 634.1431826892427 249.18555779735394
-159.89169382145602 624.6338827556243 252.75665243474918
-158.27178643628767 625.2745603301187 253.99657479406014
-157.43598113324342 619.341154879431 252.59917107015553
-159.44913807234747 613.5602179491026 254.8880330572817
-168.08968944113735 614.5641888599162 252.13649832274524
-173.05012353483772 615.7127730928935 244.80847321895482
-164.54736878479164 612.2684427341012 252.74872790621723
-155.70517298626527 618.7960784956406 258.42584936370633
-162.7835686592659 628.553379432092 252.25382946717252
-165.82246887977024 619.4360653505437 249.43818982105793
-172.33821051123837 615.8809645658554 251.08508307928824
-169.8804504602828 610.0963502072357 246.69082673639232
-178.10868865723657 612.1647803486009 254.1622780257512
-182.05277378165894 605.0314428938312 263.8717704709878
-191.29282788591766 598.6646763688219 269.67699436456127
-196.3607469800633 591.1528203808025 267.54417074572336
-205.1164103034914 584.8346803984342 272.0569107791149
-206.75349375822742 590.686244059063 276.88224400166547
-200.397124758802 582.919944578826 283.9702991914529
-205.52750450469333 579.3503684199926 278.54848376766074
-206.16378428507264 589.1541312969604 280.6209340092155
-212.26922768256392 579.4009840777 273.71417930072266
-209.98888321194391 585.2094581925052 264.72627729766896
-206.1305833239395 587.6552434467578 258.2923910907874
-205.2149925339121 586.9121987400922 254.13854815557778
-211.8399002927067 593.1665285890002 261.8378977228346
-220.5606936940949 585.909353303521 270.0431237160027
-219.14822244189244 591.8244628062694 271.61128535057355
-225.37684191225716 589.2882286265504 273.03322678199896
-233.91663756720564 585.9473132667428 270.7077786716331
-242.32989862811328 584.0725193496423 273.25960126443704
-236.62062351277584 587.9302418217623 280.3908760471216
-239.39729845830496 586.5962386568845 289.4198325151463
-244.84023746727976 581.2149421687152 288.23534283895054
-250.74699044028068 581.2951568647096 296.6523857955783
-248.29831700173747 582.0527118766403 294.1244473896104
-248.86144270164263 574.4506576592885 295.0103342788685
-249.63874077821467 564.8271035363698 299.6138134909419
-240.87130385454674 568.5040257834089 307.2870563349964
-239.10841244483768 573.685208887969 316.85676053881065
-245.039920215209 571.5696924778155 311.88983796453834
-236.31775374240107 561.7532705368538 320.70278565476065
-245.9816605082325 563.4689101859459 318.054040359486
-251.77116429684773 568.0187176666388 310.72499510234945
-249.39865625442056 560.4674441632784 305.5071587160168
-255.91380494402955 561.5733574815237 299.2916638944752
-250.15803461423315 556.4869833854289 299.33932215954366
-246.33699911564477 556.2952602560161 298.6644454013691
-250.00028122755313 562.8395439766263 291.3489545852189
-250.19066096400277 569.7528303531277 287.52885915316153
-240.71751480280372 577.6221451408486 278.4307941703187
-239.43169336699364 578.516503775926 282.3816068992524
-238.01048719793627 568.973260676198 291.93558658916436
-241.44332556082492 565.4039468497788 295.54193103561255
-244.4071091436922 571.3960149674315 301.05532007040483
-235.06832025899973 564.0156676783655 310.8724558228412
-233.15554399953749 573.5547659713134 310.28538177030435
-229.60561911992698 569.8551454560586 313.96589531748305
-230.35510532640762 573.3356359644313 312.9876896271152
-233.0544612773373 571.6794751624733 316.70188056497284
-242.8616109060281 578.3779493326354 308.4272182268677
-233.18748756674538 573.4563800975747 309.0556154515632
-226.04282574218047 569.011750595798 299.12819622869785
-228.59289715360043 568.6296003012712 302.35837221565174
-218.72058630514454 568.6424092333331 310.4726291865102
-222.70887275340738 566.3063417617166 309.5799713429919
-217.75248864043527 575.7795441245094 304.96393724885917
-216.3975236453547 573.6089865472824 295.62934763828764
-212.40239458270003 563.8922990826777 302.051837708115
-205.24638053939478 556.8412698987792 301.39837224990947
-197.99931100598602 547.5351367096375 296.56911152482434
-188.66921174147745 549.5446894801445 297.20171073743523
-196.11888645732589 545.6372403393127 298.55982474066786
-189.94145766981694 554.6956797147183 290.69964267538387
-190.10604430799893 560.507779788732 294.791152406468
-196.80673041911365 559.7503576307797 298.9805980396056
-191.9002138674958 559.0918406440214 303.7268210904142
-195.40661195113228 549.2721111716945 305.9274377388684
-199.45667356854096 557.1382618799825 297.64846351536335
-203.0319674519943 556.0561469343636 289.10809875719065
-203.60071667662504 560.4863162925217 284.6769097149231
-193.9222269606777 569.3022964714103 280.4792311802761
-202.48774056502037 568.6724095401678 276.3407491525322
-200.07190826776525 574.8803546540927 270.26973997702044
-192.725454497243 583.5758271470071 275.1136746248141
-199.08568794213122 592.3728588263735 284.3815417811459
-191.54355178301012 582.9433360498887 288.15435125154005
-189.0751551582538 591.2788879294619 288.6222040752741
-193.0582788285766 593.7038137430743 294.75113701162127
-198.62944793688555 602.6281580379508 299.74175888737875
-207.03877251426076 608.4013844322006 292.5675904520505
-204.69325021762916 611.0210638042543 290.18517871217136
-195.7691291491664 601.9122890262378 296.266806078547
-190.00385989538415 607.1904438525235 305.05368258730067
-187.64000007394122 598.3992437362716 297.3536695503783
-195.71566308853087 590.3027638854467 295.7200272397231
-187.89880104165047 595.1422358831326 303.43230158168785
-189.20635935696856 592.6735263055106 302.561723942864
-194.4126384031469 601.369958844168 309.27413289228616
-190.7911332696511 605.0049751047702 302.57950893817434
-192.38428102921978 611.6611084010977 302.9348144250456
-197.06305936620853 613.0837153458906 294.7571992998416
-201.01536027973637 605.1481218468465 287.2500326011688
-206.66541775028045 607.9814628262208 280.72802883984565
-216.55912223326396 603.0062510508055 282.9773311571875
-206.7332312882434 605.4822618576397 280.1381542864979
-208.68811898584894 606.7822995198213 284.628423077393
-201.19865990026503 615.4249301591869 283.77301498787045
-208.9108648959778 611.102951717676 280.6698158443642
-203.87799045343195 616.1797915946613 276.9712659467586
-208.95452086020066 614.3003577872075 272.4942716566319
-205.45790052597653 619.5024134027158 272.82523601694277
-195.61798188551404 621.764321224562 270.39884816801936
-197.02331949401662 612.5102386069722 263.7642895800391
-195.80484428150763 621.3666877098617 268.7715742598181
-204.57395226492648 612.5563879853639 276.1154758369736
-202.45591818665585 604.386815765302 270.05357903155914
-207.8078855137734 612.165456450545 264.176596834196
-211.73068785353422 612.4133612997958 269.77835563051775
-209.58890546241426 607.5177623480666 270.1610463290113
-214.25787908386997 603.1286590363945 273.67535269805217
-213.64662479874457 611.1407616858485 276.70210416410606
-210.07643925554092 620.2042802499695 273.1516613655339
-202.75652230531193 629.9528099900484 280.30555860628533
-209.96690271741744 631.4491874370349 283.58656077153614
-218.3353531886047 641.343395852071 280.20333387463467
-215.25472059683153 649.7185820933961 272.2031301690947
-223.0701403091594 654.4016761922621 268.82514714491356
-232.37761528838345 661.1910201162465 271.5987194997967
-230.04025647933608 668.4489883677712 271.1677692510559
-224.69981817159075 677.6121174496149 262.16070356554246
-223.98441218235672 686.5430306947627 267.7787029285578
-220.61723055586646 693.6729696004313 266.0259719755391
-219.5918011652794 700.1952903742017 262.2291019175285
-215.19302671898757 707.5225357832941 253.951198964417
-215.10168625764084 711.4445875218267 256.4257286694489
-213.3307420230502 713.2529015167888 259.5377778012478
-217.51364631275806 705.2959757074337 266.3962355564622
-220.3142931302724 713.9927042187684 257.09613821613823
-215.11582547722503 714.27694563112 256.7986032901325
-218.16513073620112 718.2855962913654 251.97234989987763
-219.5858796256136 716.3014041980904 256.8506650589414
-218.57367718444934 718.2253104675789 248.9669710451
-222.98759710723772 713.7610691126212 252.958739627981
-228.50774675391622 710.8997632298057 259.1150542770821
-228.53190997850243 705.3498660433634 264.2962004915153
-237.43512942165663 704.6732307356195 264.12677395049917
-227.66390747699575 711.4813763070756 258.81741026303644
-233.48297216299093 708.8761097812073 264.8419664911401
-223.62046327375452 701.4078837254375 266.4207383497644
-217.5262347951173 699.0336680093378 275.61879452553455
-220.8885619655709 705.2551974859267 266.2682293155058
-227.02984136703571 699.7473967433035 261.30439604704804
-220.13043124930724 706.7929682691342 252.83054072551087
-213.28056141541393 707.6727996115666 256.2912748502035
-210.2283707822558 713.5756252864782 259.81274477800065
-210.6961053992581 715.0723508590994 254.7805154359429
-219.2064654443647 708.6288583284157 262.7831768418834
-224.22684170159832 704.111666399032 264.47377070918134
-226.23410440588708 707.3087748483395 263.1831961836793
-219.02824761480093 712.0257254989867 271.70606847808693
-226.97163774092076 719.8449758716989 279.13434381461536
-222.47811388407575 717.7553539136671 270.9094859306804
-212.79897309656803 726.6862910176554 272.1166130040436
-212.74132579887606 733.2874884178528 268.6856266672918
-204.5031581253347 723.6169031828023 270.99497022128435
-206.7510280135135 721.7500989681811 267.2780330458573
-215.33697994648782 715.4952481132525 262.14506051797116
-220.41734194948003 718.7820516714642 260.38708070949076
-228.53870741214922 725.7303792343345 266.3425729835775
-233.843853523205 731.560098694241 275.2879337765102
-229.06178311126465 735.208809575786 273.7851497933228
-228.94623379495528 730.3981007336345 276.5802330746136
-234.31510667956127 729.3630572490227 279.8211330594168
-235.74976708834734 737.5884660029171 270.22075435136685
-229.76844081136306 738.3345542043834 278.21896810567296
-234.57023103538927 734.1823542529888 280.4445532791151
-238.86006929382324 729.294094186212 285.59113026621225
-246.34510286749023 729.5355339393813 294.9133037085462
-247.06274569467368 739.0059518589925 298.0199641073188
-238.54286692239106 733.0414300659013 298.06004566468755
-236.69435866017048 726.2330960250298 303.3314832192904
-238.56374860024567 721.0039414156 295.9457519398129
-240.1286099665398 718.1407026054422 303.12057873211324
-239.66943967981553 709.7413337016541 294.84657961135
-231.3931771741012 706.6624007007388 294.27735640390637
-237.9284181778576 701.3570804161118 287.0461266425186
-235.31174479351648 703.5915101340923 292.1776152250756
-229.94931111847242 712.5617109351153 298.75730893873487
-229.61352281954407 712.4303078207912 296.9127395279767
-234.0025594356473 703.4344652519774 294.33249261832736
-240.38740017087994 698.2117839447665 299.8715122951882
-246.71326868118734 705.5116297617512 301.0500310817696
-239.62745851324794 697.982602581372 294.20447398605154
-238.57775146784138 704.7812926642694 288.82150820166993
-241.6705217864474 710.5938311447518 284.89772075578725
-231.82142929072927 700.8950806266963 291.1789589292369
-225.5229395163269 706.6896092116197 298.2512678951555
-216.27165948695276 706.1942982599082 301.4423096968227
-207.38616299323448 698.3969869944364 299.5396297190713
-213.48635658880403 706.7664681987902 299.2597628421886
-203.9437401891857 714.2730470570568 303.43893505447215
-199.11935791205573 706.7944339728174 296.15386174625513
-195.25978083702344 703.7119665781797 302.16018720588704
40
101.06490828462367 375.27889481915946 60.50200974330015
93.76603966666006 362.9759092643301 67.23372491568861
74.18897719748168 366.215795415056 74.21898457661997
83.31894576906514 387.2025773399886 70.12728590118913
81.5323341697773 389.43307763633135 53.12123226598533
82.630025632461 386.42563855569915 66.84426607834006
86.64245336791747 364.18820890144474 55.69399446116041
91.59580749508044 365.3117988780671 67.97241476647184
80.97958655004958 380.2939470758067 63.96361353368964
90.4187718139347 372.26273800555174 87.76916013728768
77.9679686637627 377.3712245114885 68.36230474432334
92.77652310865369 365.59654742511054 71.15283827132272
87.1686367037411 367.8505378279175 77.1399637380517
80.0209329136916 383.65283545406146 67.9053292695577
81.51464219727167 366.98769377801045 70.12182132969728
72.10566683473843 377.98404932878844 57.56829898813409
72.25564957453773 387.57989072416683 52.869449487761095
94.9202972635987 379.9324556553894 72.84622487272205
85.46382102590786 382.8872655828282 58.01825929805973
88.61988104822339 389.9949765842397 54.205848471149764
87.72616898383933 378.7823080263894 68.54586072826541
90.84098906108605 378.3960245981652 69.07984238399376
71.94001083669299 365.6279483028774 49.59937242786603
80.75287199404741 377.1837651062129 73.33221120797356
69.27294932713704 372.43541175878005 67.2943315567855
74.77310746838805 369.9243276511515 85.28641376068276
57.988739298354986 378.7592717511418 80.6201473133993
77.31096281431422 393.5041177506202 81.70366025906377
67.21063394230113 373.22378098885883 97.50604049102424
69.86665043625288 391.96986050702174 80.17792511311717
61.65539270210539 378.6727900632843 74.05909735260907
78.916038230128 386.9317475013876 73.89512036648999
70.55448420544636 385.61470921208667 63.826458975286414
56.129110539615354 377.65398787626924 73.55024057787062
52.99756030343541 396.22312436277974 56.908745072184004
63.10623493408976 379.9009666170774 71.53692835609236
37.004909180065866 379.5150320119376 76.25241650559131
49.72855169140941 370.9181712486856 78.60596265334489
27.48527801693657 361.8925707103808 79.62294011025313
33.67068692045237 369.5901869928431 68.47760654681689
