1000
353.22071310289175 160.7310191656889 145.38012133230288
362.80534458938723 169.8531910316286 150.9081219458802
371.57204221821803 179.71452163227494 154.4807224525166
374.04625996034974 175.43213661092548 156.76072359990982
366.0334094961245 175.02680759054795 150.88593062599958
373.99076080261085 183.01429788257644 154.22168216239766
379.2600317268137 184.12590013573856 161.16080573753248
377.7358258620854 189.83207950637805 168.28348190036266
374.3512298353637 180.68184452874047 169.97436736958835
373.2117402784505 176.39793961878055 174.6538028860003
372.9462025152348 178.3139424729156 178.47028562972233
363.4871395075785 171.432283482017 184.23153615859724
357.717066435316 164.65255971345815 181.57077415465463
353.1870901618087 166.37385687177203 190.7646228175888
352.69298824778684 169.8840498871668 185.7341085992491
357.28837034299744 171.90335229175582 183.0207064821865
349.7694829635727 181.04675867082045 181.44601421833656
356.4869617984375 185.80875152548765 186.37463821390457
355.64087862863283 186.67549074406256 181.13870900479287
353.1934446846444 190.2085863443314 177.56025688294238
359.36221845682115 200.0548634098036 179.02462361006934
358.19361653165225 202.20359390279023 174.3400140411324
366.65057976196147 194.5098810749013 182.5665123396771
368.8758805647353 201.98813891815067 175.67767233036085
374.71585047569994 210.7762752748036 178.39845490378133
373.7500247326265 207.43947891059383 186.83531115131663
375.766994806435 202.7822104439542 190.13981172913208
383.41738775139555 199.3611382033039 191.06760618093656
382.86413771145084 196.10575634740908 183.31581025201282
388.7923463183006 195.5575554060501 192.9802754203928
395.76983601712703 190.94457772649397 186.31348996720908
398.624723565558 185.63878477052717 184.52607501970877
394.75122330685554 181.88184331437793 181.13405678631216
388.1022172624709 185.67559610000197 190.2882599911919
385.57290279089125 195.26061215265884 192.06089366348624
394.1009336289143 201.22564277080082 189.80578824832918
389.5522749924567 194.88703661566865 186.0160995664429
393.1137935361893 202.28954348702246 184.24656138972932
386.2366517008219 195.13988684528994 178.58469774068817
387.27615121620954 195.37119935974496 181.0002430390145
379.80347724504765 193.4637611848603 181.87048232875202
389.6459160138291 199.49271306810246 175.90356701560935
391.51233609598705 202.2918569774401 182.2652917049206
396.291036046525 204.00668231754787 184.31248667117262
392.56726067077466 205.21160745695866 190.48255323798222
399.1234526180508 198.47898700831166 195.7442803560443
406.8617767347043 195.3159444589733 200.8080177300129
400.086172126719 203.98018182649884 203.99459324208095
402.5459059810578 213.0622571843288 200.05697916752834
398.9229945899072 205.06150111428101 205.22201459708515
399.1237721862975 212.9723800716144 207.70653340888597
399.1965546347397 206.45169903054244 217.6111647535162
408.45067932193115 208.3132927400416 210.6514368282923
400.0626475681793 203.8805759802328 218.74554308524537
391.96011694747534 209.77088128763145 214.84656675853216
400.6408188319338 206.78115619191854 219.05624397874038
391.40670783396297 212.7203062703982 224.20389584004565
389.93179858350663 208.9091037666779 219.0523238853519
386.5529371850577 214.53628229295109 215.84176139141127
382.6415359336406 210.94172619134554 208.66752965137937
391.4886052007541 215.23028814233345 206.58536629700617
383.2872669823185 219.81740435812415 201.72214338131852
373.52048253835983 227.16417960706767 203.18669962348915
367.07912448376385 235.94050312047645 209.8262037959098
373.98371612128267 228.77805914268646 209.74215276101495
370.05064835576496 228.48700057905134 204.11786377227463
363.5314074062385 234.45629121434897 213.0123426986682
364.9315220284284 227.0734299976819 209.01812528681572
357.6958512018792 230.9929953884747 206.14852194770663
358.49711162060976 231.55804983631276 206.213389743593
359.76145909404056 234.36822041218053 212.44968935556824
354.86701078926745 226.8760394334449 218.08223927669474
345.32961027466854 221.29167264088863 222.771375369164
336.9931119464447 220.10947378213262 214.20246494066473
336.4409107587243 219.00475526878898 204.4482750028617
336.5072172265189 224.4584188668056 201.11102809082698
333.88318920347774 224.08168436579902 210.33281766958905
325.3987345792008 229.46798204361087 218.70814758370403
332.1709532638711 226.1140198632271 223.50161115578211
323.68600593773135 218.72085621391994 219.4051306683583
324.3103910075303 223.14365413860838 217.43565579771942
333.2242640440549 229.08193659788887 216.96226208983376
327.5185726205798 229.19325598015732 218.6053160382821
319.1345247107251 223.14791118980133 223.04614136048957
315.45991687678884 225.82802287836543 225.34748315202395
322.88595300572496 232.75342019974636 234.48888401524164
318.2237624255202 225.25906810202414 229.00337566748973
320.6330510568787 228.1891509164653 221.71672801233157
323.88547826246423 234.38709926872255 219.82376728012582
323.53807590948037 243.39745446319475 215.14112275580234
329.53695918981754 236.93489150046395 215.94807793484668
330.73137946826404 238.36370454900091 210.88567364535965
323.1763510725846 231.88519658788243 213.27662597860012
329.51206856358004 228.23542377536162 213.971893482938
325.4523564516864 221.68463853483115 220.92363639938344
320.07030877952025 214.46961729176923 222.6927220677472
324.82130585942605 218.28343402249 224.51193139716398
329.1210953186739 214.7101507836177 215.51147543245722
330.58152268761114 205.40690428325811 219.74584811179733
330.9222605569964 208.25916198606703 218.36257199815466
322.16218110470396 206.67650327590462 217.02318447255186
328.8192362624936 214.42877675983502 224.74933294003196
321.2016519654886 220.82383232532263 217.1055899196565
328.6779270970815 216.19044846091097 218.26298512538767
323.431522786276 224.39318110442096 209.40207248358868
314.78505591870095 214.98930981619233 212.48573841297218
320.31914706211325 209.41767004732134 216.93779138231767
311.938311585914 201.26720949677747 225.47578651096893
306.6594666922998 205.5097772970025 219.41316662960332
313.7106214428103 201.67624609698711 229.35891587137758
322.7515524463981 210.40797815478595 223.34959329582156
330.6062510687135 216.96626687251438 214.96488505910924
327.2610299892596 222.4827680293019 224.20490795424993
335.8194549851106 219.05659955283895 219.85475113287998
336.4198590340131 212.62519212577058 219.8431317776455
332.59197263010856 221.8272398904499 216.96168649007265
323.00724108427033 225.2298755329798 224.46595031145827
315.28816722034907 227.04968229129395 218.93018494979307
307.33791821275736 220.27786331492868 214.92556293587495
303.64519183947255 212.26910759980015 210.39492126381657
308.4952537460303 214.72581129027495 219.16550169518766
299.42510214161246 211.0183112609742 217.9451970688138
306.70161258205843 211.51611563187876 210.54282480752838
297.09640943072804 212.21553435604633 218.71666869881304
293.7073233106353 220.86961534895346 227.98007254775155
296.05928167214887 223.94927702633964 219.4037536304117
302.92084509000426 222.76409229151636 212.54830692199417
294.62028785309786 225.6161317703483 206.61061324251813
289.00450145543033 234.49723900856094 200.5290050738331
285.2337398665237 230.15914805545992 198.31749098468245
281.09702377635335 220.5530336103685 206.62287165599705
282.59282992177253 215.6573953745418 202.15337509951993
284.73744150362495 224.43300187271112 198.5129023364685
291.1229596722101 215.53724189919228 190.06789509884186
295.8219297905843 221.9743739428205 192.53919121317753
303.69879505627694 213.87456708973352 195.25689383208032
296.18480788647133 209.45664327048684 200.40238422788156
290.5274107241019 214.35462662919258 190.89932739093157
292.4391910406923 220.59126155325885 198.8668343127703
297.84435193849384 220.87010949916652 203.027289177144
299.6372356356098 212.94163393052784 200.3870438059842
304.6664357092271 205.9471296922567 209.36998617728335
307.78374159042056 208.68375913144246 204.9191839306922
310.0853238806973 213.43321441658517 200.90780704779525
314.5410127595569 211.87387147224993 197.28680072640628
314.2097222000215 213.8297363855105 194.1242297777652
313.6886431093835 218.0806996951624 192.33085748933473
304.4240909603774 210.0130424436623 188.9876029312276
305.41617820795585 218.86328312920017 188.2441258229373
311.4333475349146 217.87694633751317 179.00687301851607
305.58667701250477 227.0773697340188 170.91834453380667
303.20916132429323 219.7338099111168 163.64300261580593
300.3584469973706 216.57266431030214 169.40485339105302
299.152752901881 220.40529496565566 166.86178090741694
302.7057604498777 211.22115239857408 164.34541919803564
305.90692014666035 219.6888227902782 155.153104026375
313.25152207900624 222.07674205843267 163.68680623989405
313.072972050594 219.08524131769622 161.43473726942264
319.71655521862675 219.98070409668475 166.60912447975394
310.44318408103953 226.20113316242006 161.92376264527627
312.45294523949076 233.23749477068915 158.35794220084892
306.1449679897916 233.1708810406791 149.09657241344544
298.19745805155964 242.17897677912845 158.41340597434663
301.4604739825108 243.81076244464597 164.11811409361465
300.2603279403063 251.56573315435963 158.32713138934207
304.64740609680626 247.7410122654951 153.63848829818477
295.08260538457745 241.3756221062401 155.55352202347427
287.21294344956334 236.1763381303632 149.84792785906185
290.1616149087864 235.16433542721012 149.3477270856842
293.1554775493024 240.5165588693824 159.16381672379748
297.9238531337242 240.23712515471038 153.29530403295846
294.37857235519823 238.35800547113027 148.26439958646415
296.51442423957616 232.84101752510315 138.96143596168156
298.52091952373974 236.7576134212916 141.23303411624306
303.37247721066643 227.9855735713204 146.63368436110892
306.0708655620004 224.82772851223092 154.50063266399658
298.65397185772616 231.8781627583703 151.10638241191646
302.8447240191115 234.61985277663265 141.61901197026083
295.34945817758967 240.56686181571942 142.39323848625517
296.0068109626583 238.93937250066284 139.89315491528112
297.7943696794395 243.6336198060421 136.9994482968505
307.12143205713414 239.1614077596392 144.33406943198003
310.67457543249816 243.8834313813412 136.34954941282862
303.10423803357605 253.22839082242353 129.2500699725798
294.5663514970039 248.5445508781941 133.96784452881704
294.64177679504706 248.5873765221336 140.57130802076887
293.5292433425429 255.35363228834626 148.22927259347784
301.95736457342 254.09231932024062 146.1907372281807
302.3818228375253 256.64112914897413 144.77663456154718
295.6897198794074 258.75733739159716 140.570703182335
304.4472106175144 254.86108760462074 146.5030006325834
303.9484860596569 247.11898262893925 140.86243531741536
302.88003671756013 239.11945917677895 147.0675434041395
295.4450509461857 240.16608191233772 145.02103670617382
293.5539863779915 238.51320562942132 151.44455904582168
301.51859641312177 240.54967504716475 144.43895046518767
296.3094228090785 231.55053601588858 150.904159680684
296.6298451914526 239.86094753616464 146.30779942709947
306.33117100047053 246.05491098729462 138.25192778462986
298.7772354898839 255.37535061584384 133.09625746289345
296.8561141389626 250.85638256140612 129.58304833178244
291.05865325626115 248.9247611865543 139.20441976668087
294.4814496961007 239.26825948517154 145.89317573290964
289.1859224554596 242.5753046961661 136.54868576557953
297.15070234882023 239.5879719441477 127.09525649597805
294.683570788406 249.151634343419 130.9348517622236
302.4088563499654 244.9804640614493 135.12311490740035
293.53632330921323 249.18952983100044 139.57041680063728
284.5285752829185 253.4099472631422 147.04734651312626
290.69796135861884 257.4251643134528 139.53270445916618
295.6491655994798 251.05667318506772 136.67211812190394
293.10952839515323 245.04439783481362 130.67889735498676
288.7688442412911 252.89754743600668 129.03351626204238
284.0106395126862 246.05933347244763 121.7906024514374
277.6134253593493 253.51146498657786 130.4150976676621
269.2508562460154 256.56187712591736 137.2873226762377
263.37692316709087 252.99111752589155 137.0982687822006
260.4199312103999 259.77956793771284 132.29261742694848
252.27723597609804 251.78547846987374 137.4305534502916
261.0860898236835 254.55684753889958 144.5069105238142
259.9045446946466 262.5389861740916 140.4775931381882
269.24885679850775 264.91257545031306 138.68107545920938
271.8063336500761 274.7919743185215 129.43918064778666
277.43963745817496 269.71452645305095 125.22697732228734
268.95943337446704 272.6254838844936 130.31338262707618
261.22245921959416 264.1130665329593 139.05552134634746
251.63294883571572 255.9184736286432 145.37590850935538
245.79090574198824 246.7734933817091 154.39670211822468
254.015542402031 247.99723564583198 154.36284122660896
257.1341089554774 248.7185634342571 152.43565215272048
263.787970649861 257.05563564454275 145.4436984736
269.70921635645806 250.9113733054377 139.98598485578262
279.06408083062075 257.52961901628726 148.609131025821
283.6915076202346 250.26942620919658 153.44881673897223
276.38145413245815 249.39250634117644 161.82484898556478
272.170522412403 257.6424393124567 154.68479156384015
273.7636198626585 259.4781509540407 164.23627995906642
275.2211294259034 266.1258131999058 161.43802884659678
279.0333786010204 259.9786641236328 164.0461208320787
285.94115211186 264.79970401629157 162.55994831892085
280.7930015670212 271.38408341707907 154.81354713231465
274.3047134818508 272.50251893358313 157.89881854826342
280.49180652043094 271.70012138761314 164.33671192684596
281.3279457371983 264.8074762447592 166.86481214366808
272.07363971936064 259.74700308672715 166.02930875123758
268.65076680476244 262.3493722205184 175.3875890751118
261.29774020643407 269.6856863841725 183.4127852295312
252.22795682698222 260.1975053212087 173.8520449131866
261.4676002841953 263.5412624482963 171.17173626052357
270.2200636933336 255.01239014592454 170.5948328039621
271.5573883128153 255.71302992686603 173.81854267089918
281.1196825825046 251.95724196880522 176.1443060302393
274.35080145192035 250.95426815057195 184.79400821190663
265.54013221056675 244.49857699798588 176.35199027323458
264.55589623636075 239.08024044849915 177.89668586161488
263.1861033982987 238.43472412193634 187.6593052414364
269.63059349204525 244.94209098551175 183.98248652612773
277.32743446465753 250.793368439992 192.07179285735873
282.93005535817326 247.116636100636 197.60043301805942
288.18787560499595 252.775218877395 206.5877997919211
280.3320092767038 255.4027820374036 208.12907180924276
286.30405096305657 259.7675158513199 213.61176944140487
296.15998756472203 252.74100098618575 216.8430370267727
305.9209803139322 258.67029773150756 220.71181575372438
313.15095583972527 253.67982041613428 215.4591351741098
311.923169886585 258.4450357469245 221.3695844699868
315.9225480008939 260.36363669972843 218.050950762801
319.24731175963774 259.019247128193 226.45587884541277
323.249377030175 264.0711031386209 216.60204767220415
315.66764943729675 269.4922084871248 209.0891870262684
319.67165900523634 259.86235581888195 200.19244920888013
318.3059839635071 254.80615567307248 192.46566735562018
314.86041132316205 263.2180430892853 188.8685876312408
309.2125172697758 262.3970194381847 198.34961006818008
317.20986934787896 269.2784901217936 206.37460605078687
321.3772164808764 268.1443269959202 198.722256672268
315.15538404259354 259.8177953084743 198.2719001156133
319.41593653202665 264.35079447106153 206.51732637202178
324.6790424178046 258.0944015425923 216.2517694806377
317.62676673390047 257.92335544119334 212.52623071510777
322.58653357032546 256.02029834364873 220.98979689599983
327.16306895143487 258.53320049732326 211.8726689343164
317.19839284717085 249.0179689912656 208.6585216400023
308.7830521903421 241.92810788421855 211.44545713292834
317.9887121023963 247.88545112156459 218.29407532180977
323.3539180231831 253.53131783484417 224.52546599145677
327.2035364831565 263.0483170313802 233.1966009511235
322.49221174573825 260.6001542599048 237.8430947093629
313.6870352979967 266.0294705374861 239.26326332904995
305.8407936362944 273.9876574354894 244.62269111298795
299.2925405594318 273.24339948795 244.3633698557075
297.6429314730439 281.4737758402002 241.58375671797702
295.9051974051131 285.65594320935844 250.50553164738676
299.6138953397576 291.6714436494857 241.02416169569932
299.6939737636208 287.4339411610866 235.74020922171783
295.7059545038163 287.0055397334679 245.14911160799554
296.06968472446783 294.9554537127517 252.8191874624581
293.7481961436901 286.3688834254584 257.3932650885999
293.1237102851993 280.7488050173473 258.63877969518927
300.7699386465559 273.22394030997623 259.2204556753417
298.59175258710474 271.20845183693376 265.3222872171762
303.36581171496005 270.9452696534382 256.4342725707597
306.4831223402677 264.54406190649826 266.05002839200023
314.9351096576477 273.9618391091889 266.21097703570416
319.27330172488087 271.8253350073355 262.45471426078296
313.34825809123885 277.7926721600203 271.6096681483479
306.1616342278168 272.3261485996765 263.50507757627076
306.87988041012096 281.33374786294354 254.8781550425304
314.0820430387892 278.1892902914476 249.48567403019442
309.5327718968312 270.2410990919622 247.95880732304954
305.71191279398744 277.2030699314938 246.51894805757334
307.90512761389346 286.84303593758347 243.15844698498233
298.695462285144 292.28749790520925 240.34259346523655
300.56856612470114 284.0384647252253 233.4131443721562
300.2714543517742 293.48187439933474 232.76797021852775
307.77404597932923 290.5663296448606 241.12113189453694
306.6595545550706 299.1047514692162 245.2340215313562
300.82271804016136 291.8407281746482 237.2889198754789
296.5062949896152 293.3625990957032 231.85409772138365
295.6088398281474 286.0949956844767 241.26964336755483
289.0944338416644 293.5682159489327 233.66692247137155
293.61206606073955 300.1140492267763 223.94136805835868
290.51413206690637 308.2334250629914 225.6075336570353
281.0883199920719 299.40844219979857 235.00965439651918
289.79526994444814 304.1258405647037 240.30735673165861
291.00733452474236 306.0047942171065 236.1383169893018
283.4205677525224 314.6397744241009 229.05487704167007
288.44562834595934 311.76144513269196 226.22712962165684
282.88584519932493 319.64841280428226 229.1978416596655
279.2561416186427 319.1395900703865 222.90439782892093
271.69951281454547 325.14919419186407 213.89585066180288
268.52398151440497 322.45633827249 214.18550473530914
259.20081759669495 315.131520746364 212.41518479710717
258.9942508857678 318.5776496641698 206.7865737136328
251.4046356065164 320.6687079079344 212.2869064918076
249.7051142988818 311.8447532179782 204.90323662754253
258.037199003662 315.8219692637054 212.9449358953884
253.582274782057 320.63860264460897 205.04620120000266
259.3003080409191 317.0805587259291 197.1902634229639
262.4672677721859 310.22153711787405 205.9025663317028
252.74140532811467 318.51514882072746 210.87103101460445
254.81917096117058 318.56977653547995 210.42703979760515
260.61233162079776 316.46396786538475 212.4378204559648
266.89786122386926 308.25687143731335 212.84725925566872
263.2195905890088 306.1268539219768 222.58823748175325
264.05053759258107 299.2874243857526 214.01655288115148
259.5750205740944 301.2454268558487 211.35268320981487
252.601897816813 309.2416893328647 216.17480261587693
245.76035245063693 301.6567095710023 214.93321211598717
241.28133309955842 300.18221371787297 206.9143207511304
235.19499461626603 307.66611029702943 203.7769935230746
241.00521608216152 306.6957702136736 205.54829096046024
236.33475810510416 298.5158909839433 207.04150851647847
234.4825615036271 301.84685217216406 213.88091569072492
234.3062152349317 309.8999338886349 214.32708982735338
235.49054049239996 301.16750058322646 216.50188329872287
241.77865132719464 291.79469576528425 208.25293355694666
251.56830669851055 298.9839868531514 215.56307906542241
257.48342055521437 295.8910566189599 208.91368372961534
266.44252180076955 304.3917927331022 215.98411986040472
265.43589955620166 305.6194407116068 210.1987719167594
263.68332394638145 312.6629584658557 216.1860598160873
260.05193057217264 308.51093917473884 216.93721421214613
262.13551895509835 303.12023504657293 221.44058161390572
264.72225292825294 307.75022080206617 229.23253945168977
273.61832546684224 301.22575701388206 235.26982049957564
273.77213905447474 294.5878807721686 240.16276902744977
272.0809051729115 302.5153378521189 246.3961415382714
264.53006135234773 292.93201274815516 236.71683462806473
269.47214877504797 286.91689485608134 234.49468972963186
279.11618507847805 288.55452098036 237.14009821106708
278.9542720771016 279.64893185878395 227.26696259801017
270.1499902888316 279.72236298277693 232.20844075518713
279.7420447219622 270.78091857765685 234.2145158851406
270.7999407468358 272.09997722070216 227.01661670750028
262.92675243822913 265.4771547759321 221.42773586498484
266.80666107670885 270.68852149508626 226.90350251461615
257.4746467086997 273.36086551206176 220.9125073146309
258.11360775265285 269.00991825200276 211.01547235699584
262.36440374326736 274.592833522254 211.5043878768891
267.9479879721377 266.20047717576733 220.00666544195678
258.823700410096 270.9366003615999 220.61001343715054
264.17520055178124 272.22242434502743 226.15585827912756
272.77436806741906 269.9900234459957 218.2198917956776
269.55629447071163 276.8078721964513 214.82899357897804
265.24504347227764 279.08855299061076 215.3619408073765
271.44397583174543 286.86384458816633 218.43940653841594
278.77327969198615 290.00108245902527 210.67393425004207
281.4309527949747 290.20061315987203 205.6715188591284
280.1783774832844 283.3000761819298 209.49665377922233
280.08607133122723 285.2281864397369 199.8613342201033
287.2902114899485 280.6219443081559 206.38255419521735
282.5216679794792 270.83631675804577 201.41377787783932
285.3866060347946 266.02894414621767 206.93090316444173
277.09485801732535 266.0803352804612 200.93257505721564
271.0604632289669 271.05639596548315 194.31886694362896
270.87261913418143 261.47768074645296 187.14046884923317
280.81223310550735 252.88629898518553 183.5427615816942
272.50176444323904 262.763391087236 178.8112694947153
278.50878869596716 268.8089900339477 186.8468600240398
278.2564874130373 267.7293812646342 194.35965113762796
280.6688298815579 264.9333402106962 184.94764019178604
270.6690654718254 262.7515030222944 182.72519260825118
261.61107610980736 269.7709000863285 184.73939634518703
252.92533652105257 278.4523845956514 183.49118694056125
247.11335736513806 270.38172621631577 192.79943040404876
254.6518245542191 273.96526923429695 184.7851078298147
254.58111089851536 271.11141014003465 182.45478502697898
247.3917368227953 274.27136341932334 185.2070193961564
255.88846750116883 277.70764841562635 193.4033864893961
261.3827230480616 281.3568073540657 190.86475655846596
261.3108879316498 286.11564004364925 194.24053348190068
269.19450064588693 287.05949460871636 199.53444029876772
270.9342872782825 279.9721710194656 203.43012092252326
275.67315351899424 273.4814469139668 211.51168401792216
283.9295896064432 271.47292918411017 214.6752791938315
283.2391878280281 279.6555297347184 212.5601799296395
276.4030190617519 278.5438302655431 215.0103070199727
285.31734113497816 277.7153882308148 218.51943252934822
293.23136392801706 268.47436687608973 212.81883207156477
301.42133027934966 261.9101450536421 222.31324975891235
304.1118651812304 262.5046793691668 226.98080326434885
307.5247813664407 261.63666362276825 231.19853162056503
308.2923352640595 263.74310307938885 231.9580122518039
309.27223767600776 258.9902671616645 241.46582985935407
305.1324665842927 252.29763548907135 235.76127881705284
305.09736597912007 255.255048041651 232.93349155645888
308.5017127904925 257.2354453078652 232.52067428234778
312.06629287998953 261.34428825649127 233.65288662977835
316.6775243346786 269.7724999151737 224.7181619619286
309.097820036475 271.9703234345917 216.654777267682
303.53729049289365 276.91815457079764 224.7086452217978
304.5611309954148 273.9577453443715 233.66980579995604
312.71624110364434 270.75393477296853 237.4227564850173
302.94990015632175 277.7688838427123 230.5710108192087
302.6312812177023 280.13968188964907 233.94585882606262
297.5092257771096 271.80419230889186 241.81420113084644
296.7471162694398 276.7160011647115 247.88448341525662
290.9629060841819 276.11318236157234 257.87752729144125
287.7006435327014 280.8396368123601 264.84879456172877
281.3161747997549 275.30248038185624 255.05579819495287
288.1507271948984 269.1527057303205 264.7294301122237
286.90435663992986 265.03031021449806 255.01677397178668
281.6191153471224 273.01244279781025 246.0692390067239
284.19613553019735 271.85400630316786 255.20789352139113
287.0133226230105 279.55419904019743 262.5833566501265
290.3493154587783 274.8795501270039 262.349039236225
298.4098177127027 271.0970317729201 258.5173475497605
305.5001187696566 263.7034432938677 252.32947352070727
299.2764634766802 258.16381816238965 243.31899817004003
289.6159087517684 248.73712576367222 246.81468053595663
284.4425189398192 248.58236071352684 250.40552447530263
283.73347489763404 247.3819690386375 255.67891712912305
292.2754102749331 252.2053530594358 253.88851809334943
297.0345883208528 247.4814656173802 258.4685550183959
295.08901120489605 255.13856965492533 261.53648731629147
295.8398901986372 252.34442205764753 270.8039591088259
290.0141954760674 247.7774103780639 271.56676481519264
291.51781833360764 242.28598709190967 273.54285391809634
288.8610495187779 241.5230232387433 277.3585763919781
295.4400954572903 236.64225307764792 282.6544816089046
300.37179211276595 242.4359574742133 274.420826005999
304.4309707967393 246.56751886292076 275.2514903421357
295.1411374296547 246.62310273983303 284.32425636898074
297.7403358345519 244.91157735035299 290.9406873962576
296.5828983098957 252.9533375831896 285.96119756963384
287.0969551594543 249.731211204805 292.79771990495897
285.96705612846284 258.48342583955866 291.9270798081488
289.5267754441197 266.92641311167125 290.66631007581015
282.7646001374741 259.3779793621073 292.3187635287719
292.6607040368706 255.16791570412659 290.8676132489967
291.5407752333789 247.81413637432416 288.2858069012438
285.1010717974471 257.2540453068985 295.9199409116602
277.7916405886665 247.64049535131002 296.842028979724
277.12324250483584 237.7987836682582 296.073921189917
285.1825792039912 231.90369777599489 287.54232952595487
279.8168834855268 234.8061710955285 285.6084800945242
288.76669673554545 233.47607846175276 277.71146555796054
280.4909126055154 237.608866019321 275.02362519425725
276.3420416861241 242.26793952056792 280.49217502812644
284.16337172030586 243.82242459459061 286.270939855445
278.80583505235876 246.1086816381605 292.1294730062628
276.13612935009024 255.89318158897734 301.62273448071835
285.373160841705 259.07308105208983 302.7155311795684
291.7823090304144 258.20841438008233 294.92999839176895
285.82293512016105 255.73245410488917 289.8067045592622
291.99527280365226 262.88026639048195 295.9316212358869
294.544502051264 262.11100743365006 291.0552812109743
298.9296576758695 267.10371575085753 293.24520641434566
299.1236427344038 268.6734612193172 288.3212210106339
306.7957230208991 260.9403678064592 292.64452012117783
314.0836116444585 267.12281454044023 299.2747030534772
321.98499006514425 257.27991118086555 296.9022091162438
327.8806955310662 262.4568704566162 298.6731084729473
318.92738093925817 261.2185207744683 303.5655342465152
312.2089194802259 260.8773110157619 299.3423699753227
309.46080231298413 255.35471787365688 298.1309678134721
311.5108098467399 249.95209980930582 302.3204556467388
310.2460502700093 243.52352525773622 298.1433721098173
316.08045928869956 239.09036907521565 304.2841341761886
307.3986509476842 235.8080225274556 301.05299296452426
312.47098794380656 232.91917617201756 301.9913337472038
319.10785248375015 234.48410607364997 302.4137344465199
325.96915522792176 227.47133822278133 310.5999576451885
335.0946919458835 234.46629103779253 309.83964980617424
334.5601165155637 226.86434513341035 314.9142759825333
335.1094532199843 217.62887768904935 311.4931167658165
330.3340700032217 218.08411733864716 316.65504990795256
329.01987290303254 219.7401367319739 320.8156236895689
320.2556484690806 228.8846666304119 321.33553546159555
322.38017886497323 223.78267892837266 320.82394696035453
325.97809231285436 218.89454153503195 316.6361744215893
319.900547352647 217.94506986387535 317.9583888911365
313.53926048997465 209.3659787998952 317.0232259847732
315.45211558871506 212.51180983204927 310.85961453503916
313.49558481626485 204.5023244833695 311.48779930959716
314.7692742192674 197.34295271960013 307.91241673159817
306.1509485544397 199.4558035044868 307.6939322373606
309.7536771376176 196.37044147022567 297.83476559708834
307.61332008536783 205.8801987610026 303.95220397979557
315.1843399379192 206.10347195785448 304.1605468385939
324.4817541144099 200.98276380832894 297.91681807139753
322.27084417646057 205.28449111472614 305.39239684506686
312.48725895884365 211.29402932269167 305.93087212610027
320.50567074926255 214.2311105947179 308.6473438138278
323.42251516630745 220.2281522359329 312.7082526200743
322.7846056895304 228.6389938514493 317.74148008012475
316.40299861860035 232.96211998830384 311.9271887076817
309.9639593266376 232.4746673642715 313.25252969043083
313.5665940970928 223.5660357566212 305.1678206549391
319.9489986787715 223.9505450744972 308.3057414924106
325.0874229031045 233.06011328794312 298.3812597155805
323.9998607578851 236.35365208956713 303.23271971782293
324.443312127721 232.46063154721966 312.5750557433512
315.617232417622 236.87348144242725 314.8787158894238
316.29228496532147 231.0705497585597 313.400583491386
325.59696203879577 224.35491372583132 303.69135863178406
321.11920150478676 220.3266791016754 301.30387246550794
328.63027715375586 226.35668238477578 308.8552881490996
330.993626013624 226.02163179434447 317.1027082072712
337.238384396011 223.5348436867834 314.6179129541861
347.20172546267696 220.8331880845741 308.86533794541464
351.70952757441887 214.95628190277037 309.2342043347267
349.20505672366266 210.36708049502954 315.37779874919124
350.1663824342245 214.29013208356068 322.1281442540088
355.67874761422684 214.9825109883811 317.64331116428644
357.6114344253216 222.03469220472172 311.8021403533289
353.73070947097324 215.04217926149718 304.63461462858936
350.61971307347665 208.42813753797876 299.25641909514735
353.6424515518455 201.5157848808331 302.30089611554183
349.1180043055156 208.70970020456537 309.6328466002596
339.9761783324041 212.00055201405775 314.632100784193
346.94244866665287 215.8200611427777 311.0213219318347
355.4022269560461 221.07952520857225 311.56787139704784
355.08502506240677 218.75757255452268 308.9462468364864
360.03179475442414 219.16918721406665 310.57054875066507
365.5504779742439 228.95873960401846 303.2456430589298
370.3322939185755 237.98556830550595 299.04692969321235
368.14775111644855 247.07650728383058 302.1316827776904
363.82481183106677 254.40857231090592 302.7193265573411
356.0502236526903 264.25935393871106 305.39909489852016
359.9350594455293 265.5760667259676 308.8807785107762
360.83759066194057 259.2908245529682 305.0311515793471
365.88092977187716 258.7657660227088 306.6873292991495
371.5867476487563 265.2457961351624 300.576236593279
368.87552977324157 255.9490588523378 298.8897895244635
360.79202985601904 263.04845009197004 307.7002070693377
370.4950777172207 260.2486762082356 317.18531854451777
365.29675658029834 253.43607485008505 318.67918126505873
366.91153857799554 257.28715324272923 313.0859926188438
372.4229012194261 251.5381610270348 322.32278614398996
371.59551042078243 258.56323565503646 330.7160567427164
369.06251490819204 268.13946637790997 328.17774559182396
372.79381829293266 258.9792653646145 319.8259780423005
381.23426249090716 251.02731470761034 315.780120635701
381.48593009271997 249.84057692562507 312.3484584418775
387.7637994978908 241.7345136700207 308.4468504135615
385.2974416048481 233.1315770671143 298.97469740157555
387.8366356859564 238.4111973373376 303.404405398905
395.8133617504384 235.13811977527732 299.08377226928167
394.370720423699 244.38363688720122 300.9531911101349
391.7893484562634 249.46800614001035 296.9782292900783
401.5391871032869 256.3180013148132 300.0761218958077
401.30277130504993 250.40060916494107 308.64635361402844
398.3669563649635 256.34669998208824 316.28710624598716
399.9675180748811 252.96519746668102 320.70928936157054
405.25196951495826 249.86575446410228 312.2559967301158
399.1308548332073 244.99805270993264 318.2075291992903
405.4570132500562 240.81257614869548 323.6101654324156
402.5534266454933 233.98296596719305 331.00823526113965
401.7812224035145 235.6426718711746 335.58351192080926
402.9346717447761 230.07132259565924 345.5611337890784
401.5714005743678 223.45032921502303 352.92994813181707
402.5590823312395 215.26134617574706 346.2560379877286
399.05555617163145 212.10452729557844 337.4900288493667
398.135283939084 217.79950562759052 338.4961412575674
391.840369571629 209.25399630556464 333.23387846139474
389.20659113311797 211.35097457149513 331.69059967476693
382.0306247310713 205.16717961495743 324.04101148741296
377.71626918175036 212.10895185811614 333.80278725006133
384.27411029008096 216.75596972348816 329.3826925238561
381.2487894442528 221.55383579808654 325.983727594806
373.86461674616163 222.76930396403642 325.87766884949554
373.37588808694767 230.39847045134155 325.6048463142448
372.52472721439256 221.5503307960029 315.9028222021587
369.5256403915652 222.62575421749563 324.40372641089476
361.6488490123162 225.02020749889707 319.0002277591775
351.83417202210165 223.10736013580575 318.8514897126659
350.30010479059115 229.0193593913727 313.0357114672318
356.73431070195033 222.01578195924984 317.52018751107386
361.1309653904052 214.89399792445087 319.2757763920218
367.1385298478428 212.42600453793605 311.4542761472213
357.4547308615133 218.25236228993774 303.8220867564062
361.4010174060916 216.4743904060397 299.2279619678897
353.81246573334033 215.47904010181307 300.3595393205758
344.23538549292107 217.11870335788478 305.0813343569323
349.79012354314943 217.97406657665456 306.8495952665976
345.84446804569023 216.67068940077382 300.30476940725947
343.3394096818762 215.18746212624765 309.04007120300025
339.10355444960067 216.17910889562395 319.02560014727715
342.05147034711877 216.2516661321266 310.1735675108699
341.7501539324668 224.79420978257082 312.0527063959699
351.40676176609975 231.40003495652905 312.62521200013356
351.363923348207 226.95406685398706 322.03499605653775
358.8072732745205 223.33167722132885 326.6235072113428
357.9956847397299 218.00969657676302 319.528249739444
360.78408368116686 209.5322226126421 321.15761682583144
354.3957893881037 217.80542210101413 319.8972467537217
360.68341207881974 216.80703878377304 327.08963559960074
369.0864094843511 209.4368756290982 320.40097732088043
371.93667295075073 202.37215290391936 312.0711986266923
379.84829736598937 210.06904973835887 306.36314318681207
383.56091413725994 205.17652282255602 305.41047991583906
392.59235594153523 199.87353927267142 296.4375569336966
399.05179097434706 201.57220166211025 294.65665821074975
407.2016310330889 204.19610797698502 302.2127373833569
416.2691563727559 208.74593471772897 307.71249686112316
424.59822327980913 216.00010716645335 298.52731542499964
428.79343329726424 220.0269804934989 300.3110782163487
429.3511760632657 222.7656432642535 294.39848770025804
426.60166323681887 218.32091401725964 284.4977543514093
431.07688056988775 210.99721461495008 290.6542088883786
433.3190567906194 215.511196449845 287.4794281864043
435.8472748283805 209.36987311821164 289.61863868734787
435.6369062143272 213.9098608145755 285.2301511811722
445.59071111020506 223.11483540998944 276.22952900726057
445.03484927232864 213.1541618627334 266.7764809062447
453.255741053629 206.69394032656004 275.11802904421006
454.6093547332453 214.92881019184222 271.88531135360756
447.51730678708117 209.99795964653063 266.25107298747923
438.4208483637275 211.38524334132123 272.3414584908664
445.49239257503723 216.75227783539236 266.3767631708366
441.89627833712234 224.5459027458302 269.01907163104005
437.10069771058613 219.2393129182383 277.28344642709226
437.6919135750437 228.2297491002381 271.97930625521053
428.3583781303609 225.1616474539538 262.66496611245617
437.9863965248029 227.84532461081062 255.28752064454656
430.8482281393389 222.74609849865118 261.7395070531443
433.4182417728645 217.01160039060395 255.45210701531207
423.5236169914659 213.79599212403775 250.79675872746026
417.60511057503555 218.22609103947292 256.3349757037439
412.7234350325429 213.1773799366972 265.2582915665784
412.87098712321796 217.86773216445798 272.7313655958598
407.8319117461398 219.2002042393988 266.70222311585513
405.2576280074805 225.07129563155675 261.61748193933033
397.4427756477471 223.63337802320132 256.3151220895124
391.8349439890421 230.13928621639468 250.8902109067571
391.18399920922127 228.61639349405627 244.66584745552183
382.88161493663824 228.15450453202513 238.26535405298083
384.93202130890796 235.33223345177194 234.87368129090925
374.9345063877675 237.5800138706994 237.85801273371956
365.84598552369073 239.1344191786127 232.0978293246247
374.31807201893173 229.81050528936757 228.95672075412153
365.8306036619323 230.21296880912902 228.02137172080086
357.51518711620145 220.52597864496659 236.47587293250407
354.78300742868333 228.9538630085056 237.45867766770067
353.3217624027128 224.58919970736554 245.94286103079796
355.9846232531722 223.77513042069415 246.29488435507042
353.33865169126824 226.13358691702226 254.86220724044222
358.3454570743724 218.75631953843654 251.32841151635748
355.6527611985125 223.7961219271389 258.7994031023494
350.7989716219798 226.54622049192878 259.6655903830291
348.6952891149334 221.206039094463 255.79534022669873
358.1693758078132 211.54925442660664 259.56157494630065
354.6289273887664 217.78237899464722 269.18595523558196
344.630021865286 226.9302150764387 273.59463091833396
338.38081155180384 226.71769241530282 277.1429809138012
332.90619402945083 224.35101257208188 282.9246560447261
323.09410957296757 230.04919424629685 291.5510444774022
317.4604351855714 230.67160760657677 301.2155274383681
325.34996175253343 223.73446781929016 294.6447735157461
319.71856921812724 213.79509030067862 288.4997517493501
319.7443213539553 212.0367449084761 282.80537246668536
316.5776441774332 206.70939082009636 290.64349572459747
313.19451084542436 199.32623867938548 283.95202388329454
305.63967597263127 191.3863783300578 281.8269688945367
305.6136351480677 192.09618460754302 290.9740620061728
314.921143293027 198.2420745282448 294.55963110577903
323.90649367408344 205.03218142061277 304.4677414136342
333.7335007765274 207.5318053408455 304.0352878554724
339.3641220149991 212.49559031775792 313.59954931602573
331.91862966877187 209.70244539506456 308.3773179977941
337.4875198640965 210.1640078056704 300.59416008527666
335.73521801936266 218.22126004766855 307.6105056628092
336.5447460687041 224.35654383012903 301.01163000432075
342.0616889480124 226.10585208262557 310.7162300225386
346.15656783787506 221.91534199345767 315.27276613715475
345.52395132174865 219.65226718511468 315.63923171575493
355.1904228781466 210.89067754995477 322.1528240326255
348.7143885545921 220.53156392337948 321.45420650575653
345.12053664329784 215.38181570825338 323.7258292576619
352.9371953322463 209.26038220803449 331.5773986476452
350.43602091871736 216.19777653553575 333.3039792657041
360.2758298196417 211.68409292951787 326.36760538660343
361.0248863920272 203.96094851232695 334.0259194639128
352.70544816794353 202.83573985102618 340.4728938681658
352.0089769601381 201.21932724635067 332.9340646179944
359.2082240472033 204.86369308495048 336.6236600708384
358.80742142670795 211.4190016100653 335.3597448891406
354.5492990366637 211.3741544535961 335.17053011138637
348.2420475174392 217.03005559894342 342.1311891848189
340.1130029466537 212.95692471608325 350.0755949901398
344.92142704234016 216.82150288178278 354.39048616372946
342.121518305231 220.51515171952525 348.76398972624355
344.02455269524717 217.1615965614465 357.6204067008712
342.9644616527045 225.18643895660315 365.6086342713431
336.388393749159 221.22984247850255 372.7445653379121
332.7275807834228 214.5867036369289 370.76373726168185
341.01463431942807 206.67893650734925 369.9935497912638
342.03337669107435 213.76542700708274 377.1309582099572
343.51284883372574 217.9571604967853 372.18818408352627
348.0204698677965 212.02462897247153 378.01070410795137
341.9762178455976 221.56242129897262 378.2244763863261
333.3174224535034 222.23455258161027 370.93511705043977
327.45043474454627 223.75422403423366 369.5441845751302
317.6951221390392 217.21346225772248 363.5017176626361
310.3413964117045 224.31867295799418 358.0330144797465
301.01635811220115 233.62294485549054 348.3101585365519
304.0821241637908 239.15359087963387 339.22807084843924
302.58044585545133 241.06951617288718 344.35891317805215
302.6696100050877 249.2716324802293 347.41651786798445
299.8470376481237 248.0207237205054 354.0687441627804
304.95996742953236 249.52323360197784 345.2165814877216
300.633463900193 248.31628299642657 338.59277168197974
297.8223328042341 248.13962454173452 336.56538913974197
294.14473699598466 253.61081027006318 338.21314700770586
287.4402968544839 245.8535423290496 332.4113531311908
277.6316022559777 254.4676435057414 329.5283595559364
277.0337433048351 252.8292384411669 326.15333987865927
269.11915934527417 250.21242549825178 332.56980069896895
268.18097655144373 242.9183336812536 331.68744412049494
276.8067397887013 252.48649343508518 327.3731780484686
267.9464260776479 251.93821683451088 319.85827399995196
265.31986818848486 255.29737277298443 309.8767328775096
275.08175502714886 251.41782280043938 303.0432381195458
279.5324784534154 254.3655947846445 304.27526516387667
283.6628666757523 259.2943473268367 294.6084971904282
292.2426987169337 254.41122196521206 292.6614513876205
302.05805984591535 245.24953542691924 297.8164490743849
297.9959815512244 253.50906720390603 306.45498754109246
299.60167499330123 258.00865343778247 313.7052686773409
309.32096620191805 249.9558520826693 314.53896014493074
300.2870772158563 246.23274243050543 307.49862060852047
295.8614604082646 246.7103495284722 312.81290189631676
286.613154823132 246.30796389887706 316.8627286078752
280.2226670467506 245.9043884325486 307.77677230403947
279.831164899342 241.82180335908643 314.79613780705046
276.45296734102817 247.39674669161704 308.9437361089245
283.63122540573005 254.2328458561793 304.201409480933
288.3992221208668 249.54793828982724 300.3559400503063
283.3562739207107 253.69869899522803 302.01463111150014
275.7341745381683 250.320682005848 293.64207913472495
274.8404407105115 240.5863588703628 289.89521177748753
276.107922872578 242.7121513937137 295.50078174388125
268.12892233352943 243.3398277585743 290.522496701358
273.3160599208701 240.5576519157945 295.0274214767992
269.50654503289957 235.04397731478906 301.13503507546193
268.70201830812374 229.11717263439394 307.4376287979304
275.3098467546492 221.93223090338253 315.23008083008335
265.3798456642532 224.08873888433297 324.5384229465448
268.14834197762264 214.97926335776745 321.8708542443573
270.6614799419104 205.20388948665433 322.9550628894272
277.5824503480725 210.017026543788 316.5469055357135
282.05020994590177 214.06795531254448 325.463165941187
292.0103012800435 224.0503891223924 334.4357591495495
295.7869246749405 226.06900404917718 338.4216110114561
291.6146403530519 221.1134948302493 342.5878692849381
300.86438012782816 228.94791051024475 348.10178050430784
303.4265677145621 224.53193291082843 346.59504630075236
306.7305256619329 225.58065547322286 353.2125156582885
312.17896431323817 234.76813717797933 355.77107592608604
320.3121083745835 228.0520240795559 356.51533933487616
313.64508913857907 222.43237308035515 352.4846383565754
313.40497071101026 217.6039926810239 347.9945509564438
315.2620658257759 224.76718613209056 345.71663254690765
311.4388140868466 226.85266302670541 346.58857689494846
303.7767366265674 231.86492368348888 338.05856225460616
303.8835118628669 241.48643032390072 347.26847710718954
297.8384303883337 246.76057182707356 349.79384102056724
306.53798637198935 245.5339082555445 358.1169480609415
306.11701126286806 240.20563966651338 363.7671114925977
309.8577921830977 237.08683989226702 354.51585536696103
305.08360290378096 237.08381904135547 354.99965668606643
297.21205983546173 232.24152188560214 348.6174632168729
300.58202309358586 240.81593798000432 350.3457853066252
300.8200971846273 248.33208294699256 349.10431154695294
305.91526234570625 247.673877244964 353.83955133780523
303.0645918131411 249.34546761326692 346.9452798274648
310.0102886527204 249.26812588497924 348.7528643270444
301.5119704243704 257.9595535067391 357.5903108269493
311.465767876279 261.9530187175465 365.81602120357087
307.8925203393238 258.6317302738731 367.2745692964517
299.69326056563614 262.9956124850181 372.152325238452
299.22768433081364 258.79075477220846 370.6922902614102
307.05399543121393 250.10871300708357 361.5367456292657
313.55992911320124 257.28082790046795 369.85848841750465
313.06129378591976 257.06750753503457 378.8731363864926
318.95044719804304 261.35954330803514 385.8318031488694
319.1969350015565 265.9454160013684 376.32070648335304
314.64314188997565 275.2920370933813 384.2774815386521
323.51314907145917 277.2732843449277 390.5818013169287
326.4420241986819 283.9119948113679 381.7974784676079
335.8882841809169 277.1384270294535 391.27031730477063
330.56026933147643 274.15048476559076 391.0515433268753
324.93943023367336 283.22741596755617 389.15114664898306
333.6757136012931 290.88185942042327 395.6154482800583
342.3776198377318 283.00711412373585 392.69689902888086
346.83982008547883 279.8339391970167 385.252578094174
339.23182351580965 285.99885976917415 386.17866829310844
344.37536696367454 284.7217168861026 379.5478440140441
342.905650263545 276.6186658505737 375.32137396152325
343.60011234024654 284.3575921249637 371.35847262368753
340.2901611805463 282.2047447201943 369.1374506030292
332.42435034534134 280.33881320228096 361.8855652715579
327.25365530912825 271.49202585748003 370.3714038278256
321.22820898013543 276.83202084852553 371.19028694098716
323.6927979683013 278.67343571716094 380.7870054173959
317.5539138735945 270.564790654979 372.4942999123096
311.6594017340184 278.27404247339445 373.60428829501876
315.22983810779596 273.47616065715795 382.08221676260104
319.3262981667687 266.341715335464 385.571328061229
323.09518596660746 258.94397107808476 375.99206622933133
323.3501700606303 264.52603272041233 371.8612221198998
321.3420628611352 267.524108323557 375.3839836564627
317.2909442841978 265.1044226026248 366.22958212901756
310.68487473931526 256.6334548451312 362.101673092306
317.73808857993964 263.71573061645677 361.99755429482894
318.0385371008766 269.9155587354689 364.58959006715656
314.22603501281606 271.08581317003984 366.4103469566559
306.3686786724179 262.1881770087031 374.27397828571685
299.2791891574628 270.14781887109353 368.0391667020293
307.6055964388599 260.9127100664023 375.2879161959136
316.5023127032543 270.0128505617024 373.2677299849465
314.7358605173936 269.4824092812127 376.46688554243565
306.1337977897198 275.956813104813 371.07741155957314
308.91653370486824 284.32058789961263 380.053513813472
298.94637033298835 289.26797262814546 384.57925870133977
304.7039154189218 290.4854023122161 385.5336206173129
303.6822378717784 297.7072080781925 391.1250487852896
294.1678731634322 290.58748454977297 398.7855689168676
295.26116326531076 291.3056099911552 406.67216699334597
300.57001628988223 288.37981528942316 408.62169518106606
303.2284990101716 278.46169212703836 403.1506704380023
303.77652723681194 271.1718038817491 393.2440535342944
301.71637630858163 266.66521406387045 399.9651780711217
296.01545543570285 270.4615061183216 401.371928537951
292.8544350243642 279.23454685816813 407.0314812689692
283.11624532328415 272.3622824136704 404.2280793877669
274.24324788868415 269.3195407115973 405.32669023248604
279.4302934586718 273.7950694264182 397.1658253195438
287.55684288408463 273.8626385495286 387.81587377917293
284.0259182493275 280.66366500632347 397.5861261428058
291.84039825618305 288.47964708583197 395.3742484153305
290.30634788358685 282.19361317858386 390.94299869965647
287.145296078437 278.4479234144911 387.6672364909949
278.1056416594164 284.0362066131409 393.1380505627324
283.4898264010709 274.5044823543035 397.23548825682883
278.7651463582351 270.15647273424145 388.37422786460127
280.2009297736486 267.9202068720666 384.47672628016625
289.04238533442305 259.19136835491815 374.799315958617
296.5669241205271 249.907461310737 367.0247843414147
293.43810572000973 242.16184751836914 373.8566922313324
302.6035900960166 235.18888178296103 375.89186343775344
299.8603679522066 238.26717887446657 375.32404921279414
309.20121332333144 231.50062925452266 375.94291324867834
301.74435869830546 234.62591079332717 368.4178439853005
294.0530617655769 232.73586955198064 365.15967869021966
287.2438515821995 223.35221130424526 363.23043536496164
279.87903414441803 231.8721208291881 371.8678501576789
274.4448925090354 235.10735143927926 370.4721462435792
273.72421922610675 228.31062112943397 361.42953616278555
277.4990725963334 237.24002963005074 368.2969874738175
272.98424740092395 235.43744112663026 373.73304622662357
271.0026554801205 236.61942588932556 380.7778790559221
274.03825414773394 234.75604693064412 375.8367367367566
264.512270514919 242.893485234213 376.7926433091188
273.85965659761877 243.29640979838945 380.04106064908876
283.31585140053375 233.83503084347913 377.3511485892061
274.46455868879326 238.0877202623894 371.4657268051712
267.72945457427693 229.7848659644381 362.42670097704683
268.74625594987765 221.84891770273046 364.46576432710344
270.37934703122494 229.35261387549292 359.2437708416807
265.17743792751736 221.51949539855642 359.33522103606464
262.83792149685513 212.23729790025106 350.7476464924511
266.8674945864097 211.62324850312385 359.65626027656276
261.50630946911684 203.82565227752062 364.89061563578974
269.5020351460785 202.95737351851426 355.9915770973879
276.607603391974 204.9859009325654 350.11465391329943
285.3346883858311 212.96679822941636 345.9763025132349
276.89008789388134 215.04781068480628 346.11577035773956
275.696273736408 218.91711413685167 346.87426192228185
279.8800170333483 215.5409181604149 349.4913137391693
281.87460936240365 225.4444485389489 355.870100367489
272.6510669002064 226.34969971619918 359.94905492688014
268.2929813143016 234.64377792589167 361.9340803414391
268.10418783402736 241.9421687443859 363.3286156254604
270.1031542683025 239.43362764765067 367.96369761690244
270.63954655209585 234.5480792019734 369.6254204442546
267.14509696502114 234.6605576686317 362.86186412252425
276.25597768884785 236.19373765190778 364.5606840746743
285.1436364414051 239.44456766910872 374.3399114476967
276.04420309971056 238.19374653771698 381.442975143749
272.34047763979737 246.95359089222038 378.3302106797894
267.90293934732233 242.99703388334484 378.38420693466816
268.37732312599996 234.37652754606938 380.60196906198325
265.810448033174 241.5647317922242 388.333178557016
274.55995997941704 238.75811106696247 388.5498070530924
271.0865783057336 235.9440548049624 382.0107721588401
277.52830779587435 241.1992818023532 385.7961401494299
280.3222453411478 231.6191572896623 386.1179282985319
285.194083678652 241.0912783197164 395.9950839550447
282.3127151726262 247.3142356109623 397.35396232469606
282.01966984048045 243.65590399930383 397.78175909290354
273.21544086249986 245.10896779699283 390.12681564679184
266.92462863479363 252.1439346491849 383.5351895362602
258.84714370705814 251.78544974325544 386.56023234584814
250.12869476950686 251.50101710160612 396.1835128434366
247.3865664424541 251.02827939574988 395.4256278587927
252.41440366646128 247.9118150104347 390.95094401336473
262.41411653003814 241.49632826671734 394.49920542643866
260.65539013078524 251.27919635882364 399.35849953842546
254.62002510979545 258.3239981775191 407.6403142212898
263.0552649349655 263.90746185618696 416.6998113141555
256.40010655064754 268.67756257189643 416.28788843275925
260.00399746271984 265.9026211151061 409.52549458153334
255.6777780728705 265.4903126387145 401.48412365055117
256.1059507803592 267.2717229272816 403.34697926440094
249.6585542613876 271.8721104385403 401.1930558932658
253.61021209878783 269.40164881670336 392.42934701109436
247.69566908250127 261.4884174219925 385.97291130945155
248.34530136687732 266.74103720562243 383.56026303137367
251.7734724335432 271.4211403476776 389.1800445392404
249.1126258551372 281.34051159012364 384.6109365360187
253.7757632175032 280.6030199765105 394.01584172831366
244.48380897438176 271.08085639335684 395.37801847489635
235.24976269220568 261.40763648272764 403.3572220484901
235.11837464160644 265.07515749465165 399.77963765173774
225.403906553155 260.4343310221216 402.3779373970095
234.92407596426182 266.17290258816996 393.94049619590766
228.31607598271736 259.14270188749197 393.13753385604446
221.58522807497076 251.15932499032687 391.05147977961326
225.31179982595827 249.25177464923777 398.02334141367254
222.6624095229138 244.42654341193298 403.7169182290701
230.8601462858192 251.05884552704248 407.1502239243337
223.90763923453574 260.0527389202379 411.52915229633555
216.54938511741477 262.64104102976023 406.1583839999036
226.1233568522227 269.8975784751815 412.72919351013206
226.2470515112435 265.0886962642155 413.01020388595674
226.03102112153928 259.8166136533669 415.0627646057585
234.26672873792845 259.41648403022384 413.0490892282614
231.98915134112428 261.01686964984714 421.16176915796234
232.77057363688084 253.34744695259946 419.7742679709863
225.9657627885972 243.8139874490417 422.44173087647795
218.10590677108118 252.70460874030366 419.69975957261886
211.4332477932725 248.80407410502107 415.79395361510996
215.6887597902382 256.73694891445336 424.97194586173623
222.38605081464732 260.37564247294875 425.20562097267725
225.63435834049375 266.6905533682618 420.3446910340005
233.73725703180938 259.31775833231984 410.9016884135692
231.42682864400575 267.5625282701239 411.65177139075996
237.35521760578797 265.03949143954844 408.1027206629721
240.3186569877467 274.70940615830494 404.7994568513561
233.53946647248148 283.5313128106198 398.4584322810069
227.30262755389435 289.512359111045 392.8483702660879
230.30867649236444 284.68530258986124 383.1408358148432
233.16194555369896 277.9519534303295 384.94421768118747
237.5055816137198 273.2617391640931 390.1116344393121
246.05549238626656 275.42944646284013 398.78917584911767
246.30824424573598 266.18798038577864 406.9456476199184
253.77417658197228 267.7853688231405 411.11577608018234
244.47511868953484 276.4461673232713 418.3936358575437
236.00836008013283 271.8696244096955 410.1015043441881
231.087186636305 269.6402581381843 408.4779213582049
223.9092187674518 268.59097222740667 410.6021023633258
215.51591862606855 268.4200772980665 417.4411600106282
210.2483286694349 267.8876012227177 407.73978386717755
204.0877590460298 274.3759908713731 398.83275653105966
207.75731543267548 265.7208066616656 391.4647834990528
209.79861543083274 261.9308227728523 388.2330208489014
219.50052316939758 260.1938783897374 389.73937540825364
40
280.67567236480943 228.64817852004688 390.2631985152572
270.98047021582323 254.1878398894995 376.22818526168373
277.76624792340175 242.95101366504068 376.83723096455986
261.94817985703486 227.46166646561332 377.12793739292925
271.5469905275145 245.69047509662718 390.33771000450076
268.25664654478385 248.30519817533124 387.7543958314747
269.8853334401981 232.40912068966873 391.0294763202557
282.0155484885857 235.90896169168764 391.937822445634
289.3480908567443 232.90467924340894 376.1289748349965
292.3422800913075 232.3593291992635 390.10382260877304
287.6345996375589 243.4387292480662 399.0089212760831
288.82771287529033 251.52053243536545 395.6585086146634
281.63263381637967 235.82751970545408 393.9062800501243
271.0309184864272 254.91822231188223 376.9631103962616
262.8733692139211 242.3546387447852 391.87393934791385
257.85998996773475 246.2699044312816 394.00087535021714
251.96359178174725 252.33381188181858 397.13900012798285
249.72831130924254 247.3057219292112 387.6381040516073
260.8330475984964 235.67840892466833 398.8206097787213
264.8980141877296 242.6149707782414 408.9943705201271
263.2050228457682 259.62446364204106 415.49869431120374
259.8576040714165 254.96307139235975 421.8737840394255
257.9691103440354 267.67710009864123 424.04503346127524
265.3525843211995 263.9415057987661 413.82885882547413
250.31380394937875 261.78198478849407 398.35630990586714
257.1152565436073 273.9260016336125 400.82334677961734
253.0129407112029 276.7449777062563 404.3125129839062
246.8178552473107 263.7450273762298 383.7711775374343
255.70965770386712 270.19611287331986 377.1251111108822
239.00991177908543 262.4684108746598 391.1890121392281
246.543223532238 267.8500880795918 389.7443160046764
256.4410712067426 274.1149256385936 393.1680340376657
254.7708126285379 287.02172142549847 399.6507105169548
250.7094130196322 273.64807305916383 390.49258574158273
225.64596023273288 257.95565242420446 404.73761465962195
240.36996428455362 273.80973529185144 405.8125985979283
227.11979914844875 266.06083942209705 408.93857228892944
226.4277389991844 271.40197803278795 402.9030760509409
225.287586867378 254.2532090221458 402.5588884885559
228.04140498600648 261.04861594114976 387.5253969155794
