1000
1.8618827520587846 48.388053298319875 368.59441767382907
3.261839434197064 57.74233046111626 361.58537294155894
3.451155395467408 49.64300809401494 370.41449694150367
3.5975660743586038 43.8281373134803 364.35456028814446
13.346883041417296 37.1236647935148 368.8077891494303
9.373599670275405 44.024852188989094 370.8223812969256
-0.42790417713240814 47.56477222687583 360.95703581749865
-8.366509393437475 39.83477358947898 360.13236464057616
0.8303995871575474 30.12310457521629 365.4695183450306
-4.105921130343319 38.310714462309434 359.74566096308035
-8.692426702416943 35.314944667583326 356.9726546757375
-16.711110280439698 27.042060968694376 363.78817465928057
-15.102208349759461 23.419871027011965 369.2146706043733
-5.676780436083318 20.11399581865129 365.0387271179521
-12.52326634964325 21.35508912997034 368.8013559697823
-19.738713981564405 17.75367058063776 359.42578268233956
-21.32673095441368 23.939901576752913 359.85395958079016
-21.4982081629905 15.816382888777627 363.516100057809
-28.857124855604123 11.356203421370822 354.04691277255563
-32.24410530276141 20.73295032888239 352.26277838408276
-26.91654624018074 25.237346723679856 345.1804579055719
-17.366522538922155 19.851962954498795 344.3464796218836
-19.512987224111644 10.274312840551161 345.2519606701976
-18.654340564874133 4.592587923417495 354.1689239614899
-18.241947413045793 5.1697746031867275 349.13850937812913
-14.868718979601276 1.0600090266488333 346.13474016780873
-15.53044944108509 -0.15121241931212825 347.48840292809615
-24.947280154581946 0.767057543114555 355.9131820655474
-17.226481240154328 7.447690895456004 362.2627137949632
-25.587112249464926 7.283536716692122 369.1536571267982
-33.15713534492519 6.208966964843816 377.5650728632205
-24.216800944060978 10.59267835914182 371.2618160471863
-23.02323004265022 1.4915032076980044 368.04486731941734
-31.864152376943597 -2.671378720377703 362.6551938468131
-34.844948769936934 -9.865932153334885 355.6723731900503
-41.59311440154218 -15.120760380198519 357.5334431604693
-44.51879254770812 -18.481541762226385 360.0888722991873
-35.41338082264694 -10.718766426375987 353.34144720206166
-31.252625468032587 -17.568444579664604 346.01332161307425
-34.14020348032323 -19.064070493253695 350.1722259917872
-40.86293560080737 -17.655421236058256 352.3427333663012
-39.77505242656475 -19.607300000265777 358.90005994370136
-44.9277334316794 -26.743971185812704 361.6936444038146
-48.7961174409695 -35.43485529139421 354.6887369482943
-47.99415425100464 -38.053527377784214 351.8999110847247
-50.54519619391876 -44.90074918972718 356.08944427969925
-56.595897266050684 -38.1321954968051 350.34120284529513
-57.01328947546539 -34.19738275305393 341.4495910240348
-54.15738017891043 -38.89042969952939 336.95225894857157
-54.822738759850445 -32.671861220581576 346.2758373152418
-62.46142578641175 -36.04128754202797 339.5550826287593
-65.09644293429068 -34.38001561256024 334.22325271202067
-74.08111598039767 -42.997427197271136 331.5692182728853
-69.474957118792 -43.853693606094886 329.71760933333604
-63.43070298900213 -39.89527208727219 335.52172582911925
-67.02546356974275 -48.01611026151829 331.3689697025144
-69.67472746566835 -52.48280001926907 338.8803388975082
-67.41210092445897 -57.391724619713614 333.87111584156156
-68.36025124791773 -47.91526584225358 336.07864050663306
-64.9512801570458 -52.62945462026766 343.5916484404816
-62.39820168015078 -51.576903633123806 353.2348934250873
-61.370664554374336 -42.187745932339936 346.93644206742215
-54.9751920542723 -40.88850859137567 340.2342953723334
-47.71517996031686 -37.3216988996118 345.25093452199434
-38.0303232932891 -33.73619841820119 340.21750385163784
-41.88650906250867 -40.590448589398136 345.49835649348256
-51.66007223812426 -38.628360680962686 336.30466340263166
-42.177443666187216 -34.56445320806259 339.1697092579668
-43.13741053467753 -41.7340339684565 329.78515388140374
-43.42591801790906 -49.89608075910799 326.2850792568224
-46.763065499804576 -52.58536011159181 316.38581852091295
-45.21095460467584 -55.63906825925691 311.998720565796
-53.10820914425401 -48.76734342854741 305.70738734959656
-59.743486630909814 -41.4598426486575 314.34465509303453
-67.31180929597795 -47.79196861155341 308.8206008536637
-67.40146766709813 -39.86829194921289 312.38522768710124
-63.86620252584966 -35.81312312214797 321.9524530666075
-62.04850611359183 -37.24479835032463 320.7179408917664
-70.4779152813086 -38.13127329856497 310.94309769123146
-69.15491139153227 -38.490045993355 319.3507310057209
-68.29254923870288 -40.34748690746749 314.85874897681634
-72.09367060763269 -34.68923044879915 324.5102927532439
-63.7119690317355 -26.279703352406898 325.6286860987269
-68.0395777420767 -29.17019125624659 331.8078133914732
-71.11933010699124 -35.28411217064655 333.6048557181333
-66.41442097402478 -25.978468140639617 334.6874936904567
-68.33027151291587 -34.507334878143006 339.38266278591647
-65.4191067960351 -29.17737461091498 345.2413408311539
-71.14245879836197 -34.46787978507497 348.4037850392961
-77.70282655920319 -40.17013386599713 350.8293264261612
-77.684933994329 -49.426773064208945 352.91662888376004
-81.68487573893104 -47.37098433028103 354.400616630089
-77.61119642433006 -56.22911317608506 353.6588928170579
-87.56327431437579 -53.397093352282596 345.6933859122489
-88.22856209837822 -47.35509918678398 340.8991420603986
-93.29671019563783 -50.5633520223744 333.1975241201379
-84.8559056437395 -50.07187104899893 337.5843203254694
-87.96295578432692 -40.28209929980367 342.0537563126835
-79.28857098372332 -32.163955255735246 345.27519113763856
-77.53555387585891 -24.1814176670756 343.71914407126917
-70.28820125205796 -16.193345054256724 340.93767491778686
-63.46398358556028 -23.285593616324128 335.3340084016891
-55.58791808484978 -32.09746623477693 338.68220643283615
-48.83431089975692 -40.03345634702033 333.7642012253591
-52.72760870949631 -49.91646104876799 332.7225720009851
-51.6364019598348 -46.72255876969468 330.14892496382174
-47.637436293916295 -56.46545114178012 328.99714716039387
-53.52480607983057 -59.656296699539695 322.3217213044488
-57.662923875382575 -50.511226249796366 330.2504802777373
-54.308677030508306 -53.38566645709351 331.24665009955095
-49.09296253834847 -54.12313172224239 322.31180299817055
-42.62968545183901 -52.96305856415409 329.8047013759325
-35.268571105121055 -54.50772949864123 337.43482565769244
-26.59578238833801 -45.69709428343273 344.21509794849874
-30.826414941634088 -43.50269547268557 351.60595019220364
-37.911896382775396 -36.90327445817135 351.19604881459
-45.33578652634758 -34.20693530915928 358.89786192258515
-39.1275924854885 -30.9489245089382 358.80313017675905
-41.43324711282474 -22.856781190327936 367.37267471339493
-47.64751123090673 -20.5651050412349 373.74733853304406
-47.919500775527304 -22.12310956663523 375.1273331697957
-54.84833139496279 -31.047486200958755 368.81087305021305
-46.75256227250286 -21.29098926233707 367.95230888321504
-37.65290929622408 -13.52448750022231 368.8536174187118
-36.014099665145025 -11.232408985806723 376.67787310392015
-38.50289159263124 -16.371883079074234 381.8455492566233
-47.65113805040337 -24.64499297287267 379.06940026697055
-49.612507816491764 -19.27922022056651 372.26007265414626
-41.87086560788769 -20.88518334831825 364.31556333476937
-37.264335563553324 -22.699832083895433 370.1340123271013
-32.22456054487749 -32.4095881898251 360.15695468317426
-32.64614625972427 -35.23538101138507 353.9297952930405
-33.020791206406756 -29.845548842748833 349.9294040911723
-38.63495713523445 -33.84699350116574 347.67993810773316
-30.513369545888956 -24.618968493822045 345.32279705047375
-22.044327494711915 -25.444319081016296 345.6080995204655
-20.805557648650222 -16.967797720923553 346.66648904051857
-11.618967767537374 -11.721829640953707 355.60588115097033
-10.819642474282446 -2.3506155273262497 364.94174332425797
-6.690212926685128 6.510887971574373 374.70156484785275
-12.894371299964224 12.75837797121845 382.29193236698563
-12.98859545318337 20.02390610404337 377.1023913747573
-9.690431121494283 24.24381797167741 379.78370358630957
-8.549142485353538 18.5935315175361 383.6005501858551
-11.010519284745014 10.411813024189884 380.56698255922777
-12.333094616259473 8.698227953989184 386.7348698853472
-6.104893777762539 10.423090480450606 379.7548269271291
-0.6958718478760826 6.346158200858142 377.27843762275535
-2.985012202045899 -0.09106717732197822 370.72438717660583
6.384420245353072 3.5584039393071634 369.62418517172716
4.869077991102047 2.3843609088625697 372.3189770902954
10.709143566251187 5.068922841856615 381.7510175128972
4.083106653178108 7.225478918992462 383.4644235132647
9.070483482742691 14.29187968980074 374.54307196773294
16.857635519179322 22.981187333695214 379.5267811350288
13.716490982398716 27.108217069706836 382.3292918307896
20.77878816777408 29.95792453222965 381.8446686325073
13.631951900120214 23.818750693304523 379.5277780887377
22.289192716504832 27.61008642233358 378.24640178349154
30.95640736664135 37.068978388849445 370.38089986794796
32.90061556912438 31.637623631753073 368.25770163384914
29.246800762153242 27.039616026906927 361.29840354566693
30.732208511168174 22.415503232806707 359.44342923185735
22.215523520754715 31.19784344820119 356.0572415814138
24.628273760784793 21.45609305026136 362.84557239299124
17.719257144196327 15.481203375337936 368.55887979798507
11.070869334065302 23.561433133158356 362.8853883436545
16.866309775121195 30.07277471225685 354.61955478565625
24.40307973575169 30.8170139995136 349.77207194193164
17.952536222735873 31.85013589009829 354.0622749887581
18.85693980648787 25.720743153800438 344.61587353568535
17.21529550320153 26.13127394130672 344.4646732482104
19.777640206448574 32.116268942206204 346.67368826314197
13.966030486980118 35.82217934500095 343.7015290315489
8.499289999320155 42.696347399430955 347.97697530586885
6.869900069205924 40.80811412184738 355.6421831350207
16.779889866100042 50.06056338229477 354.2626304645586
17.560978812655737 56.69360591124465 351.13170648701754
27.553604163490107 47.80371702970031 344.309516085734
35.97637883566326 47.582210226533135 349.2061005086055
28.886524202115332 45.248743782279 346.0671253216308
19.837805074336664 51.68715691477859 337.0389019173674
12.17861326726439 42.30155986685739 329.45655675349974
18.790198061650237 46.33137269932329 330.47714469080745
13.641862766721452 48.52369951255628 322.7987215214663
22.371946605310747 48.09243346433842 316.2683055054644
27.2865949069769 42.77115647287473 313.52425847096725
20.556013254630706 41.066180886730365 315.0031918081916
13.441961590124592 47.82009771368956 309.8766872836525
21.343060109326515 38.88437193586258 308.89183426460636
12.450143717100147 30.24546858591343 306.45318395547866
9.457430907917422 35.09768758296794 315.7229280698791
3.908603643475608 41.50520600027208 309.2911177469592
-3.441849136097085 43.25102028192647 315.50238269276525
-0.38803041392838766 41.898287520349335 324.9166129949567
6.588524127142129 38.568692760308345 321.2376599563834
0.6790153130426599 30.34352760001485 313.0628403717566
0.8060984261867197 24.596481561532332 318.21758023807206
4.275507368087817 18.809479635075448 322.51364139570956
-4.383728586792563 18.78758750998374 325.41657260910404
5.3795243036762095 20.16181880612799 327.49901595401644
14.859982427394336 17.735069819563204 320.723937550296
12.57121670115409 10.049449788607403 312.85168270492704
14.088158217521999 9.492308938008847 307.73409081876696
10.088383741258099 3.534945584534677 311.07604853343406
11.405490449933483 5.748708024769436 313.142230739906
20.4215167747017 8.19782998741558 315.6100592944021
17.454457787196333 16.721997982804385 323.27645227529206
16.799356978578484 21.38919250432647 327.3081259790468
24.236915831732386 16.240512541742245 332.70754833527525
32.00658910161344 25.73979493809837 332.20264477855886
28.922432461310592 34.690247389552106 338.055795054459
32.193967861594174 41.54019627283577 334.10291712517136
25.39669116884371 50.59746739066374 328.777847070881
29.473196128869905 43.17115911565327 323.1323278110488
28.409633745391773 46.68664426693782 316.96334158372696
35.72215248065737 52.968759061808896 307.4273009764488
31.728119518171248 50.02265876594492 311.3468373532632
28.076058833242843 46.89359843436323 309.9889290847488
32.083647916759205 45.82539161106022 308.8916172926341
27.980793937145975 54.619588636946744 314.02714882754475
31.551234836406287 55.60177178274752 306.8489525229996
28.424564235795394 52.40593086595455 308.637227772765
25.415473512331204 59.186307161913675 315.1733456741209
32.08562449326727 64.31686918401331 309.7647131220047
32.92378518005641 61.80767499224534 301.2765909710215
32.0206490905384 53.99012306993423 301.5080833541424
29.03751039101367 47.4211279079972 302.5736779225364
29.63858650675829 39.82589891770394 296.11874838281176
26.16782999840104 35.62416679517911 302.0960514436588
35.35948019911267 41.949400508092005 301.7997777519902
36.48808577804304 36.9619549221096 304.0979477549476
28.940732398330766 36.439847882788804 305.96074436321993
32.82189254415702 36.621194682297144 315.11936419168484
30.34105319719309 33.8928770606181 318.97925423779003
24.297164653251315 36.544381024445 324.0791693882913
16.455008833577573 45.537409678251045 320.66829724005885
10.830682394531053 46.973237521165615 328.3149464840988
15.976379504192238 48.39102510578418 321.14956718958575
22.37281958033669 38.7680517524213 324.8818833697814
19.053192955629374 31.969131590859387 321.5597005067589
24.641379123762338 38.60420796187944 311.9593002827553
29.727348368075805 47.439207533732585 316.79283785156395
24.51847184264988 42.27367004466116 323.8971473831938
20.28106171709564 44.7311858928188 330.6169666770449
26.51338292322489 53.35884916596373 335.0330543955294
31.726360881083423 52.334466581905204 339.8434598435423
35.885594922791384 51.343619210486295 349.2701812276019
43.973396566823865 60.59696807063572 351.53595930453514
46.4131372557585 65.00923803131735 341.577367167323
52.54331848289203 63.3373198048311 350.37173683385555
48.376485542409526 61.17024608521942 359.7736531826168
43.721212920103 66.26802676789158 363.98318043798946
42.517844396518406 62.36201795117938 354.89761881481036
33.97582360017657 56.38836480606388 350.5321095010405
38.35834039057102 61.54205262381331 358.7409134620867
35.75650455077996 60.593017510337596 368.7300729587136
25.761028477500595 52.143577702338895 376.3866432401205
32.727489833570395 55.90991894364667 379.6657257105678
23.221856770418267 49.28325818269533 387.95448348326687
20.655756202003648 44.19470303971642 391.50961809330283
17.00036291704889 45.218091201373774 401.47063010774485
21.28058105261404 44.60506686241127 409.74041493602385
17.03596797248437 46.23804896163365 412.8157911723626
22.123713300281622 49.47713423340598 415.7174800921588
25.028868884755774 46.678269071469124 410.4883689950509
34.60931951759392 37.3873446882889 415.09017558196336
32.25584056256764 30.18878980826365 417.92200284953424
39.273291755057215 35.690258151604006 410.4806138072331
37.414198788481 34.590531050695624 411.2446745801994
31.63145163194401 29.698634516211882 417.59979964010404
41.44753209428556 25.960516659740634 418.4849931832668
46.91714426639275 19.124157090356483 422.43503461105445
44.033886996228354 12.75046819937491 430.39301943049566
47.01326413630136 15.864811287709442 422.34831029769197
46.61469427298751 18.432726336077565 413.5030203812405
44.34999052136268 16.823782410754887 414.30523911943317
50.4580425678464 23.098879868927938 409.5092679676423
51.341866617027904 17.067505099845395 411.78423151211575
56.8038338135111 26.87107485640452 405.7363706324355
65.76647675466032 26.168859516898028 405.55743194894416
59.35631485746072 29.346894158174823 410.9128813742272
64.37559927427895 37.39107857130316 417.6945655194492
61.02539785450016 37.38313659160903 426.01027453295063
59.219940581161765 29.782927225762926 419.81378182352114
65.26848634813648 26.162948009638377 421.4614419608612
64.19076282994757 34.672274814395436 414.00776778847967
60.4911721070924 40.46263749776372 404.9000928452085
67.68302224378066 35.498982694174266 408.1765509811571
75.08198477771109 45.08011632911135 398.7232995622725
70.9957217926692 46.49508610543223 396.54615269073025
80.78807090973565 55.27483368114103 396.85041058184356
77.09565089597608 63.73235765843343 391.10886632591007
77.96256878233812 58.4931107378703 383.61808232138253
76.85649659381394 68.20382125125302 385.6708804186541
69.10279338425353 74.49266306581977 390.9821648349824
72.73133436296187 71.20641468252857 390.1396073004793
67.6944836627236 78.4442736505718 381.70918974049135
59.100087085515895 75.56252746748727 385.77279019486224
54.455175456126085 72.70840517203516 388.6511028839778
55.83303334538016 63.6835224550982 381.16332843920407
62.46741463236674 73.26490174449766 384.9023585336912
63.22114150264389 77.7706785350649 378.623959332984
65.36211341172891 85.69006318219954 383.92140030170594
74.21467756813135 83.79585320087531 383.6490928464057
67.62642775252176 89.81685777857369 391.65369086085724
58.87385485981871 80.73926782372608 397.38318137432566
61.15322461657833 90.73842529536607 402.27657699583983
55.42987288714212 83.62480681585764 408.5240579050162
64.58038354865683 81.43918398821339 401.3975290117038
73.23834531605934 80.438933582235 393.01174051933054
79.38478133909177 88.25357224798738 400.1666406191559
73.08684964628144 83.2866654287285 401.6762499266598
80.51903887807018 75.71726775877735 396.0127924777784
89.32957548849656 66.42347915926197 400.78515115635844
84.3007759286623 64.01223868707298 405.36083170339265
74.319141832165 60.56869086183049 413.1709258970367
67.17403721531217 67.3157489853781 414.41315507535785
73.0917376759873 68.62666708218836 409.843144947438
75.91322436927386 71.90817239294378 415.96622418211837
77.46468597753865 77.2464201205123 411.47886047187666
71.74216888320045 68.14803562748453 402.7196517303319
63.99427870446565 65.55970026679158 398.9073219947457
60.11877714057802 72.66533717675794 408.2027695928096
53.710080471656 78.76719724570526 399.1866370109105
56.93536270088713 81.38099923306984 408.43972987386144
62.27505918981346 82.55160422836308 408.7240753878568
58.75147415786779 82.37118575780606 404.2314880165924
57.58668761068054 79.42833648910727 396.26944801365784
63.751623108195304 75.45851654763203 403.06561003591725
60.303991018446524 74.09444189939114 409.22864210356653
65.74764742344621 78.41348021429295 406.6168925793842
74.67950521222458 85.25761618771732 397.6718019368081
67.5041410498918 87.10462092126917 404.95878914571335
64.8999307757725 80.9852682207948 396.4656948874886
58.62113992424723 84.06999273831755 406.2388603622842
59.276897087022355 91.29149025714501 402.27223228433286
53.83856951561104 92.32858492085681 403.9547199466816
58.62670919247866 90.61908874340435 394.4931188475008
63.30166849316238 89.57744525546502 402.41422180184867
68.38003681346996 94.01690264892821 392.8797986979206
74.52682411492262 100.35119171012715 390.3769467895768
83.19070749796657 104.21912583011685 399.7400848486185
80.75189885131948 94.71580021418498 403.2263567708714
87.66070607336778 87.9264783798674 403.50607567858003
78.54818087444922 94.81064603771978 394.7510738259442
81.90105371282114 96.75347158264182 403.72898326788896
91.5992689319948 90.52033947489062 410.09559180168833
90.06192991664065 93.72354055988143 408.85326835350793
98.80704328539309 103.02195360523174 404.68453122126016
95.49714313918261 94.63686761395446 406.87626787664396
85.90987613346033 90.81745860233988 408.0907417275228
82.20751615118589 85.30022575235631 413.11122358039705
74.88380413427389 79.08918768648286 405.96364874313633
73.63746393733362 73.28462138721602 405.80365300968725
69.25514607805056 72.80521221512595 410.59589931755215
69.4956255565406 71.27569374813481 418.33818655776065
72.5557572098869 72.32481869861508 423.27916856756156
70.4391154083051 81.62700552039155 423.0554580896076
65.62931913220456 89.55313056305262 413.9435414701798
69.18169645599697 93.09382445315104 413.33763522001675
63.127243615014926 97.45516760728378 419.4863253755824
59.03511438979313 92.01194290274825 413.4905006595732
58.76584142841864 95.73909162066866 413.80848574925744
58.8442861652271 91.47612167329855 414.37334857939675
51.84326003909101 92.93416890222369 423.09507913719324
46.37317658417542 94.0210855180959 430.87633709831874
51.400185800527304 98.21464412258071 431.2441294902086
43.99244061034848 104.4260714166141 424.0691525281324
41.594928301699674 111.85494092009095 428.81536953497516
48.65719336335842 112.6644047717771 429.8339330680644
45.59034500569996 121.81153756824708 423.63327999654746
42.97250512786465 131.11443135429528 423.1901195885647
43.27569810650477 139.0733465788701 432.72724412154304
49.915392183234424 140.81127593579237 430.4858197147086
47.95456869836387 134.92036939805772 424.1091851655172
38.06609179476696 140.56248423484115 433.1794586850913
40.452726026181274 141.2886600471981 424.186393413724
49.03236816253941 135.45513899088712 415.3572330018994
39.19772347156217 133.96320831087104 409.58001221867755
34.19847364894635 142.19735898645823 403.6647544410736
30.08185428109047 137.62472013806095 396.12711067241037
38.13518313454536 142.48902261674425 404.69933053527825
28.57049514547174 133.93747631699938 406.13712702434674
23.622622960488908 132.5042956364187 408.52647011773763
27.675389995511217 141.77647121969687 415.79640435714424
19.51743606277634 149.99165470339463 407.98214784608626
17.297270890340094 154.2094775728326 416.2515668476834
17.733568931923223 144.84592938301031 424.79863486468986
19.036736912488884 154.38408075729623 425.2885206673434
21.798115954224365 149.47270516836463 424.50468230479447
24.850210259240402 149.8569394125209 433.6463493439172
16.936102097704946 140.20793624758795 442.5424233756086
26.338022956889137 135.17733475894025 432.8431409214574
28.922045003715994 131.9956249169577 432.3435047002541
35.17261518796675 123.250932096982 425.5170513748519
42.067314272211995 122.65007698537826 431.0417358954561
51.3436158596551 118.60573262721766 428.7408243329289
51.25450619345292 110.07043381136425 426.83432707100627
55.787654423441026 104.2639014395495 430.1100072277402
47.21751985212598 101.60169487496137 436.06538881043133
53.24673324700038 108.72427763054768 432.1953092544827
48.682272914150495 102.48912266478183 426.97057551617314
54.568299368506175 95.98705924576437 431.8718469733453
55.965933680940715 90.4581948678784 425.52508722930355
59.48807308596305 88.91928043397013 433.0233434128777
64.22203957991852 87.54893447597514 430.4730438335383
58.755410645620266 94.35173710528002 427.40558382394744
64.72481734348376 86.54017377324749 420.9410256876692
64.38726821725182 91.22446817542517 428.6407456940138
60.343894222952855 83.27265747487164 434.6491649271326
63.31442355988472 83.85694067570303 444.51569837626175
59.59590464700774 84.82501760691844 436.9308665963376
64.0516314626159 84.76202556594905 442.33396883657207
66.60143752464597 91.24990269054415 449.31419525516884
74.95491320182802 88.12504043145768 445.0992597228251
77.09759947979506 92.111735288345 453.47932773271884
68.25924263820153 83.21228469123359 463.0877836377006
73.2873815843922 81.42399545653642 453.8949565511913
81.44765927076641 83.8051100766712 454.1888626816375
84.56719840289857 87.64790644310548 452.12662338109345
90.16937983510945 81.60721890117394 454.38195098045423
87.52409347798645 74.96728277913253 456.53891294934436
83.28128586475584 74.32530917073983 451.31224535317557
83.97485348011783 70.21466088515935 449.67207957955736
85.9758912727575 71.52346750677366 446.4542946538502
94.28569977581327 80.16518492276491 448.35908099966196
95.66015893533613 81.88478892048788 448.1764794358847
89.11361550613701 79.86673754048346 457.55100289610726
93.59935093765357 70.9511998314081 449.7280506989916
99.84228377463049 75.25897654063138 458.30877833533435
107.68662971573242 83.87868516777164 462.98992748055844
113.43103014174471 87.36153388819913 468.3738966759286
112.99258204710398 93.37406647002821 473.7304749088925
120.35636858162846 98.98630413826699 476.5139960821269
120.30281333269382 99.40060468086332 473.7963055352678
127.73166916189447 109.12057203731604 466.91613134278344
130.77773001652076 100.9407020024392 474.16660607832233
138.92179878166974 103.99278695251769 474.1750042800396
138.03799379308273 94.54496539222741 473.4360276714594
139.1493419682696 85.44784408685689 470.59582039233067
134.66059271764212 93.34028948302446 470.3037898215284
140.38789602702323 100.33169131390717 473.37083241293476
136.24124545312068 106.91066101821039 465.8711313012406
132.292542231142 112.01942863514336 470.82380705262733
125.57003633245999 115.59931736732712 477.5686887382387
129.919559790403 106.20808615354296 479.28196908157696
123.15608014998818 106.4226400493527 481.7030775497003
123.77381042078024 110.55688518727152 486.74339754557025
124.25101163801318 100.87048192277405 480.9991339857976
133.31731578573365 108.87356899740539 473.57633478229894
142.68556849399405 118.75088634981208 480.29514864365115
133.5925723825041 125.80541731034523 476.932946934259
124.40883015279823 119.49574480701718 484.4313133659742
119.46085889087333 112.42531789250415 475.9662556622873
114.04013862628305 116.70939232505826 484.5506485525091
116.99407805440912 124.96910100587667 478.6593259738499
109.41309521097628 134.08535186773776 472.7581529913492
110.64129081132404 128.67781236318913 478.1851903353898
114.41969225459624 124.61973692018758 485.93362319181216
110.25184150105113 129.72582183290857 483.95915045490426
103.75764759186636 128.25423665805496 481.9445266858947
98.69806516881513 128.25069548774957 472.5115676719892
103.88089883166414 135.98424044611173 472.48573041117504
106.35044265982444 141.81206466174 464.2283999167626
111.54071881238055 146.9369800525748 473.3560681587355
106.67393188508295 137.98112184460734 464.14978316376914
115.91759368884402 133.9518665873902 466.4315650019828
122.61815514623925 137.27049926759318 465.41061870086435
119.30943021450223 137.56783959752872 475.16329759681634
110.66241395509047 142.79745514451346 483.68794892259734
106.12982190909851 139.87222988061407 481.59599789471844
115.27075294657502 145.71971691449517 472.43251818745705
107.53396016885898 152.74209048676863 474.43680302429726
116.13234618518143 143.40251541312094 475.499189668829
124.03775849788514 133.77758369973753 472.7433324276566
127.02544850673614 128.53817018187323 464.1597292790317
134.3882723042807 134.97397118061446 469.4167864386102
136.0267227728612 143.10415694479306 469.78422433957707
145.84384774673228 142.26703953876336 462.48155431112116
136.70657173150713 138.35779834673798 456.23085939389995
142.17946906720593 145.46019936887632 447.42443693714915
149.73365842032888 141.2469054209658 453.5264940854944
146.8517926360815 131.60286105235292 454.77729097789233
137.90241768300666 132.18471908457224 451.35500575193066
136.20865344159637 134.7081485672175 450.83587979861693
133.9397053323588 133.8281372366954 446.9563429916043
141.97835814238243 138.44449715657063 451.9475460502469
143.70000765263686 135.70842104104338 457.1743731286366
146.72592073045692 132.55448913692987 447.54913986306366
149.6345924903285 132.58493471075178 450.6700711300829
140.76374942537626 138.11675222168128 440.7527432187602
139.1909100202697 130.09716417410047 444.00201165871044
139.2891624996809 126.68136927056062 446.8178766406246
131.1119773181899 119.94394079372498 446.04933486449914
125.12905085705762 121.9236013781546 439.84995989214025
119.51404173882642 123.63504859632054 444.11328466759284
122.46075937923042 127.17805946488126 442.2694529909238
129.65255397253696 121.03080653327774 447.29520691838724
131.9485819220965 121.57090849932473 454.5548066059727
135.10231997753087 115.80920310914419 463.6857388888275
140.21642509749495 119.98480264777716 469.7550731404066
145.8725282348491 129.34818228157198 468.6202937630933
148.77646422355997 128.9102379784194 471.65663000455777
156.41713143434367 128.8670139909723 470.00547015484204
158.56571638790066 138.57943974361936 474.79198478935723
155.22780798016876 139.94484110952632 477.1042966912978
157.95722154924528 143.37008699859194 476.7671680587289
159.39690917521594 149.96712613549977 467.7669026151541
161.75502891014534 148.6933529867747 463.18419440457683
160.57360079792807 158.28684856979731 470.38927459386696
162.34112257063904 164.8806855556729 475.640061048192
168.6603778310064 166.17541846378117 466.95128314487556
162.08440630758213 171.46153774840243 462.3949942144632
169.32247557234254 172.31271051194383 454.79290379717975
160.43330931098924 180.10547651445103 456.07128952557287
151.14186349252734 171.1139483479982 446.2342077879099
158.59482842718617 170.06947363228335 449.00921193298893
163.64148659515104 164.20154625396157 441.8605421042014
156.40929817795268 172.26302530726892 449.23587704252685
149.83604896765465 173.68738163480538 457.3855799648599
146.52964965979103 163.81529456614038 459.0802211268252
148.18338064382718 161.6952003062329 453.24191780695634
140.41576872669575 170.55044682941195 450.869061177864
140.21618265296922 163.8260932851817 458.19214785510246
145.21842668288693 172.94640928357697 459.90487026842897
146.27728162918208 168.43981826938577 460.04882180193084
143.00080951414412 165.4877218383078 456.8310271468894
143.27266472400615 160.9839684782033 450.65714947141475
147.32589330124642 164.05296892967124 454.2587533175122
148.2738218632346 158.12938669931424 455.89439017541076
142.69071372473562 155.16578727273364 449.8872256253523
150.555708151128 155.7771542685373 452.40420123210714
140.84973473106473 153.7498569320975 459.9661578173434
135.67735237421653 159.52346380793668 466.5089647334742
142.73628761405664 166.51532308343667 468.1034886109451
141.86527136139773 164.75033768559626 463.8532612730304
151.6704775274545 164.24687655051434 471.77558035315377
153.92948327814173 162.53462925441806 479.1316067532289
157.38649419556265 171.15030668194134 471.24127214181374
148.54809922044373 171.5714329098727 472.1115166570153
152.20215517431637 175.58096602700834 473.7490224743765
144.53917359995663 168.42922315468462 483.29503189661904
145.20136212601102 176.75281933356604 493.04062141476635
136.3224512858759 171.5162615796858 496.3632741277783
144.3892710046569 162.32547961643505 501.245091614854
141.52497813296043 166.1054769921993 495.2498018978615
140.69693382233893 165.55384287464176 486.116525292336
142.1666934583071 162.22573636689893 488.5176005811615
144.4558048102373 152.34252592013115 486.44207374518925
148.6410418521764 152.06261824211649 488.9299436823011
152.73452419556327 157.80961325066798 488.02776923597224
155.29454966064318 151.07037648862087 478.627489145616
157.5175618869611 149.69984515833528 479.2343778054883
166.34621392957595 149.19760460394832 481.7365360293623
156.55845689992933 144.4724462827253 478.7379469591599
151.10296376757438 140.23446031029587 471.55632710938704
144.037414022763 133.51064634851065 476.84702510383175
143.63405683160943 141.88614323723831 466.9200260109826
148.78272932118685 134.88529598965897 462.29216788141997
148.2412860106653 140.12775104567436 470.2965616927698
157.3789239598723 147.9269604212255 461.5588317676947
157.99663869384645 153.9133829069042 463.85904763181026
160.43824687487975 145.00355989127777 457.7601030105374
158.94744038418355 140.91504845900445 465.90975259336244
164.30111918492702 138.2908862744431 459.77918005557615
159.7579482761155 133.1143955182681 449.90102672260474
162.77132550339505 133.26449852698485 447.45804843219463
168.3355412682898 137.57620722455505 456.3994098267455
176.46051981201532 136.54484897117771 458.4718209805787
177.34889236988275 135.88010654090397 454.8833720791583
178.4445397544722 141.18411940040647 460.370897348086
177.4335524149739 149.74237824908423 465.2684435642703
181.49058006377385 159.14456149269105 472.0600336653059
179.98873653695512 165.1962831189973 469.16974682755273
181.06405039431755 166.1469351889861 469.91329006303425
182.65967482462918 173.06243315017494 470.98525662531114
189.96700881504765 165.99639410243068 471.13968865571167
194.74392379138968 157.97138069895792 461.4757008144162
187.13379881033683 155.44838377941988 457.0162907705138
179.23659517528097 157.67562639459308 451.0548741190403
187.2441209360392 158.8528169126351 442.18377667569405
188.2995089997521 163.09702478960938 441.3214774751574
187.8450470840252 169.33366191733415 448.7302675510601
181.02272108750722 160.6051566017525 456.733557504363
182.35162520467546 160.13696788284554 454.37853537528497
184.7028038655012 162.39021350260418 463.3328323592575
181.76694547620198 170.6771880178791 467.44605601969323
172.4570564984212 171.6058636827508 476.94575111508505
177.0909544763867 166.57576557179257 486.6604664257914
186.84498975573592 168.33267605789266 490.67661075056844
183.2393832264088 161.15454279592998 500.35063092997507
181.86898659047293 154.54787177774207 509.6617428010223
176.05743952928253 151.00577315866693 500.97766154192306
179.94145074350166 154.09919424553436 502.5889193203741
186.55040441438712 150.28671030759855 506.9586697042282
196.18182078241176 146.17753709444602 505.4636472958139
194.89451685162254 154.26944923741976 496.2090552347855
203.93567167750075 151.83306357438252 504.6089886038634
203.18230847901066 149.96090667902757 503.17846952120016
203.6857731115845 158.15631593403583 506.2916711128241
203.87615269438965 150.38114589056724 499.650076423694
206.1364798401613 149.17375817609974 503.23037629579244
215.75445231308285 145.66437489787262 505.7043365725914
224.36686533057676 152.76714060897126 502.57811963055923
224.11920669567192 162.4158772219193 509.96784797891144
224.0989611295945 163.89661144752606 507.08343383095314
225.25370342175643 170.3947003311155 502.144147413604
224.17723514352062 163.70857536953577 496.6609960726024
220.91954892159336 172.63891959537432 501.7650663241094
221.33283557524936 170.74788001659306 501.5853536099699
216.93351860403777 179.41165315866087 492.9622994513279
219.423167305 185.4386585561914 501.24078506298815
213.24314852992828 180.87229337496748 500.9461939151209
218.9011928455653 188.58282686884246 497.5339410545361
216.85840166270046 197.4687764570582 499.6431992079142
218.47003392902243 191.55319338291204 495.39195047948925
214.04880193595 199.41582816449434 501.8173141217958
219.06824087257382 190.72859969340064 506.75998616478176
224.7351234185135 186.3504846171087 505.0364535456543
219.75528166240164 187.2342526320795 495.8960188453395
221.89806825114925 186.99857077602445 492.8691651827203
230.52050951964458 181.879252870454 495.697741135805
228.7134669059368 180.90531842734399 502.4509847974677
228.80018983219014 173.59797070482492 506.2781104891154
226.35732841702244 182.57111553940834 508.18314590040785
235.97354615188576 178.98212059260118 500.5790271236057
238.3898655364337 188.93534289925245 502.8979672488845
229.15625468225474 181.1331294860067 493.16221160808146
225.42408256344063 171.88258719082395 483.3795635562824
225.11253397817214 171.74384113551287 480.1467997578352
233.12956788758333 175.45702047501118 477.8409012716954
240.98609152051836 173.95074661530606 486.5200112470802
236.96565678776284 173.78735223432287 483.8944002138117
237.27420107827098 172.70393885520983 486.74736611188285
245.5931546410616 164.59229169658443 483.08360328531523
238.09545282182816 167.57549001535443 475.45533471410243
246.90231475766427 171.3749064167772 476.02359104896783
252.15766765487743 163.2081523978239 468.6722228770244
249.832020754228 156.30046125517896 462.8220517143088
256.8127968161112 160.6925632362959 453.71387312675137
255.96898593745976 163.18178782136553 452.1051742152122
254.6983825436479 155.10028698574544 455.26734683678376
261.44756223660494 150.79387335995764 460.50697135335247
267.44024608589154 150.58792069051523 462.42598107317576
259.9079427776134 151.97180903426545 470.55467644816866
250.01026740252092 158.5209111488957 476.8039483613773
258.90186708501915 160.25054881554067 476.75315593989455
251.43099837435616 150.25226652926764 470.13942468880896
257.6270979373527 144.90238570255548 466.94166462308397
257.12705149980906 145.30618769176837 466.8678871462457
250.1731924228003 137.50075887766795 465.972754237187
259.11580126768837 147.45679526656593 460.2111770144482
252.49683885274314 147.5813464284499 455.35916101141726
256.4221443606556 140.97554165806636 457.336402593688
254.59596407521846 145.0986509263176 462.85223361588805
259.75700009531823 137.48204006141435 462.3165219560108
258.62529921328013 135.83437781676895 471.13690260666095
265.1493663857137 133.27113850133418 474.5644982294788
265.96975767462044 134.97122515934979 475.41539772200935
259.24023262013145 132.47671622683038 478.9104854201032
256.3262164309388 126.9714883338081 472.4122017155632
261.7261565828692 135.48903567352215 479.1064350461445
261.8287161287154 129.39093877421982 482.72099706138033
251.94711426970161 127.66570012840255 490.5090064581724
243.24168300412117 125.06309348743918 494.6524230880875
236.51205185897985 126.45364608862174 487.57558915008855
231.0969259317808 116.99026217105379 482.2520550992467
223.99675702761215 109.86816364396762 480.94943025600315
216.57286272472015 106.76936625194374 472.8705034386608
217.41120135393606 96.78444224365747 470.41491919414256
217.1282383685953 92.22233334355468 474.5806850169738
224.80205159150992 101.2492708104913 468.79540446081825
231.36242955430026 93.79967248720675 465.1491963768512
231.78741463134918 87.40660057946745 471.03531952564174
240.10096167901105 92.9960203096764 468.69026416339153
245.76469341800504 85.56888503370381 463.15294979578687
248.80590923831008 94.78649307320036 468.7277334789366
244.336982678286 97.99049183494547 472.0953736794213
244.83356516624045 91.27893002223475 480.82986742022797
247.89802268785917 97.61389370102388 483.96396801606437
238.1310207702742 94.71884059092068 477.2583919053654
236.25728732845744 91.2340722445307 469.61838783740853
236.3555385923116 100.40792888084349 467.01963754057533
229.40301158908147 93.68875622220685 463.3197013807647
227.4230871329371 96.56705759976909 461.4174701606079
235.83311510863655 87.83875509161174 459.5253619095508
232.23057774333827 83.72339275675428 458.7069663067998
237.7461109667519 83.2887999171824 466.6897581373118
245.24925492666165 90.8808144287283 468.9249198925025
240.72531718918006 100.05578204327759 472.25893113866874
238.58604278520482 106.42500876262505 474.17285322288313
234.9579560185651 108.13416586085927 482.6302908341512
228.73469522005274 114.7792287666255 488.9334341117712
224.3492360828387 111.76346748165533 483.7353144270954
224.94824052072383 113.15007709336773 486.9548499501729
221.95441261155042 116.56969886117389 481.9541983125242
224.40484393066973 111.19176696886643 482.1662438320738
216.4608665595764 115.44455606413366 476.1942361833404
213.9564165348633 124.82221796474722 468.79620014014193
204.6725296162718 130.97217497687842 478.28234465617527
209.88302452948176 134.88856811281283 482.949795009002
202.8392555255073 134.0535831135934 486.3088812559318
193.1686882183347 143.63858022042433 478.8807936671852
186.34318365091661 151.04278082453575 474.9250585268325
176.41815772486513 156.73014828232928 478.8405389236532
172.16176242384026 165.55563678761382 482.73620957931996
179.81416855116987 155.6895584920853 491.3479151419631
182.68199756736485 162.39822476153932 494.0320889936489
191.9128795077591 160.7112371797714 494.50883092458065
189.1305868867276 155.48108346517904 491.7107052661693
187.78231857454762 152.10479787824949 498.34905332804584
190.3100223091702 154.1585649396164 494.7716837686068
198.60235633394655 149.0624772055136 501.8792891718805
206.53885772560932 155.54741214109876 493.2007725753555
214.28458733976672 159.4835778829232 487.3260809338182
208.39923606453647 161.12178822940942 495.666137205148
204.89180378377932 151.62589024609454 501.0359176068933
195.66235499801053 147.71834818791686 506.48591830750337
193.02657533757034 142.6109730143608 510.04782371401166
196.2680561431568 135.32625915077867 516.9936112396658
202.82019212444794 144.09449186400118 525.764016307499
206.5019438475152 148.83068094591232 519.4843771245049
200.80630677230292 147.08782770463225 523.6902245976457
199.20301960881454 145.62825651310823 531.4040980144692
198.38668307152352 136.17521237184596 532.8344563275457
207.38749388372983 126.72441709482894 533.611619113196
204.90575517063246 134.50880613344347 540.4707075814048
210.07808102696615 136.37112206829616 540.5872065428479
207.9063955878832 133.71331782579924 533.7904741651473
212.24136782093456 137.27633114774378 529.106842849358
206.7249608514876 127.49364328030775 531.4311541047452
215.7211301401443 121.06840196254012 531.0362308153211
224.262878943047 129.0122867878732 533.696896436652
227.3823385995883 129.87819901642524 539.5381567704325
220.36569231785612 123.78319814569528 531.296505541098
225.70489805529593 133.39521022274113 523.6705913856882
231.8930922257989 136.85236951576414 517.1306580016878
230.7639667438894 136.06444771846748 515.9123697995311
231.8697779214642 134.23650033139617 508.2678447699322
227.92672534069308 136.18080501957618 514.1870143334382
223.5588108634213 138.84345573858758 523.8284296189867
224.4330322917055 138.03365535119326 523.8574113030846
229.15203050269153 129.73545939531107 519.7831933123754
238.7986306731597 125.50449287581102 526.8197521035003
229.87676019895272 135.47762345874054 530.4498333114252
237.92481439071813 139.56482765652945 532.6856592750368
245.08209872842548 138.14214505778216 526.3578207413673
250.00314586132544 144.79224202872334 525.384035046907
240.78832918755774 154.39560941593777 528.735284880355
249.7565373715194 155.7681828583088 527.5001147667875
254.48533528364294 165.0673700271676 529.200812144855
261.511255320785 156.6970667361183 528.9700506600835
260.11785528292313 157.14714596519383 531.0296343546092
253.53252540875962 150.71474975870447 527.44997185957
259.2276867197812 148.51400321596324 529.1842972908961
251.7355603257143 147.57149321547868 520.4979539128537
252.15964646855258 142.87828591663563 511.9372325838354
244.69487222775493 142.17665755819147 504.95450107944765
253.53316037688742 140.24986116509496 503.5320243815749
246.3835615293528 143.11598715316433 508.0305564276463
248.83972248785395 136.1336200933132 510.83743048236306
246.92391185310535 134.51463132014777 514.9119147083657
248.52731026324102 139.45580612795666 505.54621464746253
240.480920916646 133.10827977684596 499.0054117531761
234.5034231567509 142.09375571640197 501.3578838852561
235.77766622619518 148.7239737076992 492.24763928845454
233.23341435610143 144.58249791355846 492.7317745021889
229.90628087601743 142.73245332534472 489.9633923830097
226.16541478625842 140.83801454997143 494.1805500714398
226.32145926712545 145.13595765876337 503.35159306563105
222.91291235541811 146.60725079495754 497.31153973748536
224.29911692839806 151.04155629411403 491.1826186040237
220.86155833942732 154.88181227505265 482.78481536490904
211.4534654245546 149.41045274597516 480.8215200260534
217.99242340628342 158.54736572868825 475.0755570573099
210.9685618515917 161.06178485266733 466.4839151423748
212.88556263077083 162.45916440716687 458.34455745304365
216.0825065324739 154.75231317238112 465.2206264565744
206.0847053763158 160.0586066143803 469.6704239141248
212.11693823438708 163.92396182719236 466.51982855670536
203.23957946786555 159.34180623611118 475.2195415128992
198.76383399457325 160.82176109720743 478.4622043440767
196.36098028974203 169.33693231973294 485.8261525078376
201.07228550155676 161.86213980617165 482.44214918205415
194.85290633876457 170.65631399727633 477.0005836970463
198.47926600633454 164.83588124281184 469.66751326950777
189.34450744596666 170.05846795854794 462.6445732075878
182.9676083802322 177.16430511895337 453.9450717037612
189.5970520509612 175.83230997798626 444.3215776688835
188.7925129034359 172.29277918309734 442.05516220371584
191.91255759286918 162.82084621277826 449.60932737193974
190.0974337128318 160.18194004932388 444.6347257018061
183.29780166680013 155.41663392749274 435.7051188894511
174.53781812426274 159.0441415118428 443.97142514417624
169.9005418979861 149.46048837879485 436.5829700734081
168.45520926944508 139.92928369640546 438.27725315572445
159.44950004780637 148.17491280698334 438.0320277463205
157.36331262583883 157.91485432504157 431.0652733715706
163.9250569388142 149.34154832403266 433.1579369133393
158.02305976657658 153.90053217465413 430.9371507553928
154.37226819551236 144.24503173815896 421.302187001412
160.33353783526576 153.48720138387142 430.3601668403783
163.04179090266032 160.06806127077087 435.0342828735993
170.8341409962289 151.67125929282247 444.401196784404
180.5441946993506 154.94731291932976 445.683328256181
172.0750296290546 144.98496178078813 435.97836388471376
181.25051493506044 140.53540018076575 428.20283722402013
186.43629844267707 133.20825862770172 422.8187825421683
179.74561310896274 132.9078664336907 430.43670766243224
186.36289707599312 128.8223786707406 424.66125866337813
180.28711945565985 119.81465700918275 416.61070300474273
175.41973172079358 117.9191169874986 410.56373048908085
166.9062995405543 116.53676074092847 417.5464779352408
169.85004354357102 120.82810325267755 417.2463712070838
174.9717977269111 128.5098881787184 427.01892058624804
172.78621552339342 133.4561808615296 429.84404593055126
176.30955549529617 140.6372588908399 420.6339262654003
183.5890660801058 132.5901013153152 411.6891843339842
192.0689875559502 126.20228989652705 410.67830689466933
199.0885124175529 128.57751035698078 419.3465780392754
199.95949840849786 131.2876632116697 419.69982185782897
198.01078237732779 132.39864454254513 414.33334370806136
201.91010427537168 141.68398386770212 407.2341411735709
207.24446630762847 138.96768385055367 407.0313029021073
209.56845821133612 147.03114522617145 401.83578800624224
210.8723415906696 153.77176536057104 401.3282593191252
211.34199460167676 149.59549623216196 411.1437417459848
209.33959178342576 140.0413511424565 414.84664347711424
206.2355889593522 142.93677137812344 415.1779133537594
213.51996090462367 133.6211329124978 418.53244333878354
218.17750739378204 143.4961082412351 413.0441988711464
208.7507181671243 140.06927013489255 420.42201520159625
198.98374055866918 130.1521824412966 429.5046052514411
197.16583560390515 121.02439386519096 436.66140534552653
189.95978824174827 124.08973275986831 434.37172327418494
195.71876392552437 117.22948190048406 428.8788544645901
192.03767661048815 114.02952756197088 424.86147266249384
182.39134039154226 117.45573601464392 422.9879116557331
175.70243186004143 121.71134812205744 430.4748298330942
166.6296964484746 115.24176718627453 433.580286157623
176.1319948382294 117.84370397760237 426.4854080081477
178.39602536856918 115.82287097011546 417.16863102378045
174.47729840643095 117.3348653129618 416.3753517669612
181.3926441481011 116.4473162669118 417.5560008131478
181.47665443772863 108.41353876510001 416.95344630185446
188.9034795764991 100.01389906921106 424.86794047869154
195.7232778558153 107.12497456028092 428.1429107364003
199.44224470823283 101.0625996336784 427.63296201151815
203.46657268948687 96.5892191862625 427.5128965810843
206.46537054090817 87.03912814335104 424.7004216709254
215.1000852461021 87.84014269427186 420.14620757078666
222.64860112531935 83.0870230171184 424.04143760080046
231.3876336795081 86.90654639521148 418.9079577833725
240.54872992967626 90.13064084844673 413.0846157893035
235.23498950075023 97.20268595376972 405.6133025725581
243.76346067998483 97.2860224375055 401.1417557177633
234.94151776758204 103.19967922172619 393.4158920399123
227.56557137580018 95.51097256341586 385.8082218229963
223.01742485409716 94.44809985790508 393.0710373211401
229.83843564732985 86.99236531767386 402.3647110542646
220.55554069331393 84.03313573154553 397.01116474979295
219.87518251828587 80.11496289526995 389.6240878164096
227.31412485105554 87.14117874528102 386.2833603131347
230.0134829111615 82.49922991139114 385.32886317251973
228.1181590862217 80.69955844741281 384.7952589452702
222.96591293328515 87.42088056303112 385.0999371786589
232.6324410369022 78.10457478902642 392.4114746228812
241.32715485962626 70.10547077844875 384.9603493359201
251.13577330633984 64.6806462190826 379.38362550391525
251.8177878523954 68.80783416621291 382.30512135405587
247.2599865747011 63.86270984102978 388.68539938445116
244.58581174348768 73.59940379453772 397.70294439279064
241.31077606761932 78.77115199763028 406.01672671945374
244.74106661058872 84.53899727680965 413.9586942524888
235.53839289327234 82.9530612328298 416.989312152072
228.8788498084077 81.56513591756541 426.41723213457135
227.05060312890177 82.59827227099478 426.88590565096763
232.27932788140288 90.4244506698969 419.7436965207865
231.35897847578076 94.32884931818943 420.5313571928035
232.37726024490536 101.08625672953215 423.57342338616263
230.9473160509498 98.42701028432445 432.02312084699497
235.5655047735862 95.81736209760774 422.6536634613594
244.27638005890898 101.07665099613322 432.47594644626486
248.2644570511616 102.03778712850617 438.81164763841366
251.65855385831924 104.6184749738323 437.7255751727135
256.0676358760129 112.61147791519396 440.43738063174993
255.60951850522972 104.86756280250542 449.6898741372543
257.86746907876375 101.17065043351128 452.9198164386884
265.71800938850765 100.29410652483502 447.49393925250763
275.13138900812373 95.61325139860828 443.14637085729345
270.232706414757 100.67257061892255 448.7388155225418
276.9473184999602 91.64727714387773 452.0246033663213
272.9512668067439 97.15366991922735 455.11251426128854
262.96311446191316 95.6689869181708 449.16094759523344
256.1843417511057 86.76701483440118 440.47242807636457
249.13602875890618 83.82032400358078 448.1324273191169
249.13962670182653 81.09348121362311 443.1447145997108
250.38469518238236 72.90024837219389 435.0788954289476
246.20939859729424 70.67818093394789 439.6948133071121
252.2117242294214 61.312371834546276 438.04824098767324
249.36309240039168 51.62938081532983 444.8125872989375
247.120340701263 42.66342278483643 448.4607368996405
242.86582952335934 47.735273592347966 443.80174084502715
233.5459877028783 45.46306448143812 440.43241172632435
242.75994229312624 45.16072917666733 433.72146050995104
245.3605830636967 54.938558625219315 436.6626865751015
242.67305502084443 64.82683318601319 431.3053879587957
241.10930812194204 67.177676676133 435.98772197996607
244.3447829422051 68.88424640246247 435.56930290030755
251.26504898231414 58.900971825894985 426.7380127873528
251.81299410363238 50.600288597470474 420.40491013053565
249.82547661412826 44.13331254157284 411.1761309853652
257.1979279456805 34.28951395242886 415.7732911579078
248.71961719328172 25.193877855421103 424.87658182517436
247.30491113960088 28.926520395054585 423.25575942023045
240.78639368888614 36.6806877112715 423.47062824567644
238.15348199745145 44.17007351635933 416.356147711645
231.1584088397277 53.304865756006286 418.77116254383066
225.70013451701888 47.711141590605706 413.1271458522537
229.4908589464796 46.65771167641503 414.4494727784704
221.1637440192758 54.57363945167878 422.43354936431416
223.8055761698534 58.25441219279507 418.60668395773644
220.73624932029554 64.28942386631554 425.28461345655205
221.0012893547786 74.10641222686728 416.15985097825035
222.67654334998687 78.51699775310547 411.26101590783975
224.14516285263633 86.78064192355498 417.9010199461911
221.475987816084 95.66135956346807 412.80991619175666
228.12212997282174 102.56780168157448 403.48900210936256
219.94726481665987 94.22868301447859 394.25297201543276
227.7920632332681 88.26524266122001 398.5939114089818
227.6804497641798 78.28817230820427 398.4753918855357
231.94894998702006 69.91493608521486 402.8725920502136
235.60886573972647 61.256134793141314 406.3293689093591
244.82263443859367 54.23887414697654 406.0783049464779
251.02494020636027 44.44525938640173 411.799425066599
243.51580501468834 51.00650508817607 418.6480381853421
252.4416309875757 45.019708428258 410.9058025781856
244.90689543677138 47.16914936012991 419.848177593134
251.9696689095972 46.886184640408494 414.9228814215469
257.0185823065998 38.22231578703876 406.411386594653
256.49169207779204 35.51471226158468 406.89465127687487
259.25642295194115 44.31376579527321 401.8293442801098
267.0632960641096 39.599918333755234 400.46598972252207
272.00951626225276 43.43859902825971 403.9133021902702
266.8402184861561 41.40462683271517 405.7847463994459
258.02889259047674 44.477318050159106 404.37569523954124
248.36101462538238 35.25723213788321 402.9597143334153
247.07561713095708 31.520340788001096 412.82719134535535
244.20218247318473 35.27338951499641 421.84714719062447
248.28064591760275 44.76504710969403 430.1412977624123
247.1417237117228 53.34441221444692 439.2627068116191
250.72442913381488 51.93994143809993 432.09825125301717
242.12937717911757 50.27790729957269 435.18411913301196
251.09258469463282 48.49430315135315 437.96250908416056
250.3439989665291 51.67078959767222 428.52159245595834
256.0298525408897 55.14313737107427 432.7032645418473
257.5115153970832 48.28705969660696 423.78040871430323
250.24821356773634 50.9692149409847 432.91884396050756
241.8889767064769 43.31994950309221 435.78498821997346
245.24857088028 35.76107074312227 441.4085526101908
252.34682075541397 37.695724289708835 441.559744330329
252.2726209859908 41.7954701581146 439.26975361811947
256.9108122687691 40.58864602764897 448.05125885450934
263.86735979170777 49.52845354242809 455.7324765225968
257.15811952056043 49.57538386086048 457.93457612586803
247.30763668130172 57.463027001067616 464.3879194656938
251.50311625443103 62.39387624788022 454.3882331435162
244.17540143411924 56.883342339191636 453.3536820958204
249.04609877391582 61.358071174232435 457.69669782500057
256.6685391834494 66.21770983080502 459.18251301913546
257.15090886662944 56.21922560973957 456.1223579350122
249.42561485666428 61.50869571220563 454.99893103946306
239.86264758500306 69.14033871243745 464.09906587290783
242.49148981503743 62.25102763041336 455.73818123362423
232.76947937602893 60.10260483966628 449.0389439804513
233.81548093394963 62.79481300026225 453.7678796848923
228.85141687848247 57.402248574761984 453.7079080947586
231.70813845337133 67.27573761747892 445.29600708124065
240.22061535224165 62.318340466901724 454.3338714037732
245.16531651539916 59.98452083961958 445.5470519123069
245.2246110242612 58.38810237907875 440.8528466949468
247.74648625796647 61.434790915822525 433.41371250559695
253.23149445818538 69.10484587614327 440.5749273349678
254.5866062925661 66.43359970577744 442.8614972867257
248.34220352060274 72.2781478914783 436.0845706687036
251.65592460903432 69.91847709976702 439.7943717112122
257.222651911807 79.13755520866874 439.4609740781479
262.9395902577251 86.7372118630667 433.8515587686476
260.35446660678167 92.50280266490425 432.28040959210176
254.38965550251595 94.36799226045548 436.3148884073412
246.56709338145092 103.87455508923611 439.66836846080986
247.31148968206432 102.07735550976673 433.91959679097295
255.41546531656408 98.57823129029228 424.349360302911
261.02987278715216 90.60835387501614 431.2440934005642
252.27047184885043 93.87031102095631 424.0717200917628
248.29182968838447 89.98870120509305 430.75248590259906
238.992467661495 80.26004459938063 439.8077030238301
232.3870591793913 89.62867300478413 431.0208695870808
225.3116832240932 95.78816213117213 436.53636638847456
40
194.35434030181435 156.28181213872256 486.81334200324187
195.20253595895053 153.87170911044868 492.4315076972463
180.19153326119968 153.63124080222678 496.7781198826361
190.9522641466989 151.5555606755971 495.64755217463016
196.6884799314371 144.29027698450943 500.77901248859826
200.92408513298932 154.1848677463863 502.52896405570317
205.72315094238735 163.9647379388202 494.0163105821803
208.09454152053297 158.0221765134962 504.33687604493207
200.63679422366357 158.28660438186992 495.00826968704837
194.3863778968432 154.81356145717263 501.9096614375115
192.77000812428733 143.62260365470658 510.2213617555276
191.2128966996705 136.82169565343548 512.0591638819678
206.54310007616627 138.9484416425893 533.3516723657207
208.02455337004108 153.19449673979298 528.9845077377158
210.7881726457443 151.38671060487414 523.5983510129049
206.9237290198449 154.38226647916844 533.9726594810273
206.97183847221072 133.12872836037508 525.4302343672471
206.12530348438915 128.07627459976575 533.6957047340962
195.61353496355864 126.5420105260029 546.2568517429847
211.75096754740284 130.02339567236294 546.3526823512774
209.97249394994958 132.72512452237146 541.837798616185
215.1826503784688 132.92371575199044 528.263589558342
209.06884871704472 120.69144843699124 539.421820252968
222.69301212375666 118.69433907978933 528.0577599644882
232.38882299733342 119.39076026062378 532.9297428502679
234.5836534810006 132.64428230511263 533.3462260978476
214.2423616214467 114.13068643351443 524.4377155593755
233.0947915828057 140.2374074519008 516.1144376183847
236.02922850280822 146.6167514016916 519.2263639269097
222.6136509053909 143.86452989128526 525.042698808631
221.8756662333736 131.67568904416981 509.28527722681434
237.32175103569512 132.36366891476627 519.9368370449243
225.78158241482436 128.85418700587252 525.6066854577427
234.36693811446568 136.55510210956763 522.0779827748768
236.18153100127378 121.69002611976057 521.2450154316033
233.92728496107662 134.7606940432674 532.0916852514756
239.63807068300068 138.32580371913735 534.700940628322
238.50882928200878 141.8991336382938 524.8924330330398
247.16610076167888 129.5905017822618 524.0220882943203
254.96317611250203 141.17036228031705 520.2246662679693
