1000
325.14110922456314 128.71548317576853 146.10393451740507
330.70086567468104 125.35875182064856 146.13620061787293
330.22112990029933 134.34076289986464 138.74980288553047
328.4734444563593 140.86546759778156 139.77609560887336
331.51569767582936 146.3195516094623 142.22844558836763
335.00258851780956 154.37335491337535 136.39290955584903
329.04584656030505 151.50869458558216 139.37511686387174
322.1979401690465 141.98159683768813 148.63043745073247
317.78730459504806 150.32895776184333 154.47746465279772
317.96191458509367 153.1482512268789 162.50168119787955
325.56158151306573 147.99496254893447 155.93058928450995
318.2944867349863 139.33993323619276 162.45837724372151
317.0732203199785 139.34135855170751 170.50841537931223
314.0994472048163 146.67850746123716 163.53894737029762
319.5152641107614 150.8619366540626 168.574318947121
310.22065417394236 159.26940734710624 164.30258022156332
315.15615359100855 163.06537315099888 157.74887121383023
314.51095309902416 171.63397138183086 154.21790611041862
311.7720973702577 170.7077376198267 155.84358505359248
309.85217579683916 161.46899367905172 158.89363523536383
316.82325613856955 163.1241676916785 159.07853289332323
321.87812174269015 160.68617210880532 163.99856991364246
330.06932307938297 151.731333337301 156.8937898192671
330.11575448979204 160.3966233170911 155.86872565842586
325.80918713997005 164.28883731312425 156.7143158113629
321.8795117617113 165.2086772444155 152.93501536599055
327.202448062543 172.38440291896734 158.20123908951834
336.6330689076435 175.99702353149553 165.69835928463903
336.4858474739782 172.98967002859084 166.47087803301108
327.37419559576796 173.0341038209451 174.00454857012073
320.92011403727565 165.48841237746373 176.8715981446634
323.8468791714263 173.62319384348478 173.50098298696264
322.36050718798964 166.88417879067308 179.9082235931251
330.46835965133346 159.30472387504594 178.43519965115308
323.0491484125221 163.27564976911594 176.2019065103481
313.7433572214512 171.93875141509878 181.65309315220983
313.27741639564005 175.25170902471632 176.3485204860512
310.96842896515847 165.98805591264843 179.7716458962814
302.0673248450462 162.26947170704938 189.5564799059414
308.7882853750068 167.1449313564909 184.99053953842386
308.8901895347298 166.5650777488885 188.97623428968654
305.8931851058981 157.87582067535968 197.36498420693368
301.5194752380424 154.24894291581833 199.2633339611272
301.8137808077011 160.14793713454438 195.13888144877558
308.97226615162504 169.90608653118178 196.57238670527943
308.31868550272753 170.24494403126187 201.02575952961243
305.2752360657032 168.41775202901457 208.29417511017047
306.1850387151972 160.11404655433097 203.71911792975393
304.4774554232483 150.30899269782225 193.8609369779606
309.25801220114494 156.29645837080454 201.7200437018152
304.28212932364863 147.6828698629904 204.53245115966038
308.08091276691897 149.31371559917022 213.05259053087516
302.6984627462051 139.59510221549584 216.050754611196
303.71085987370753 136.66623751179856 207.8437504761505
306.6405518822752 130.0364648796906 213.93123631394312
310.71623323883915 135.6366583029625 207.65006447843248
303.28621301007405 145.30348801848172 202.06052497754837
313.03199070811263 146.29819266368753 192.92333587148198
318.0556254334782 148.93595523799559 196.79689155906638
319.72179858561844 153.70857058205226 189.99944692484394
311.59354956993843 144.34055272300543 182.46635094602638
304.0786579518176 147.59186544046395 181.41290112626254
307.08280541698394 146.90593037770938 180.3280477845566
315.81972743809615 140.83499992350184 172.05617559498336
317.656481101008 139.301470335459 171.87116748512204
327.03208946354357 139.4653612496959 178.05006604664732
319.90365915540684 130.67114202478407 176.93311596366536
310.04088293473944 126.04107428439531 181.2705506692181
315.08190276682075 129.71760659503093 176.23959654796855
315.3521239232504 123.73428431219077 186.21696889940097
311.6681109113496 121.39573791720369 182.1311838830088
313.7529937173275 129.99873925278192 188.35864017864512
316.77038944637985 134.0184113160887 192.1397872581715
324.6162794351121 137.75022906875864 199.1477602314796
331.5606000537962 144.94777105082838 193.94251195679854
328.6311437441031 153.05646082617488 189.15050674025312
327.5169575087086 157.70112492422524 197.43578061460784
337.4057370387123 148.3645925735873 196.41319025920015
334.2164690019716 141.66191943788766 188.53889676783496
324.878778697072 141.55351398224295 179.57642491517254
326.06374156008184 139.41879991141784 176.8894470508471
335.9291970563994 149.04719620849374 186.1693863782512
338.0488351941172 145.826117066628 194.5269564237915
344.6409805830828 144.8934488871476 201.5793504070183
337.0087386544039 142.655944830206 193.97012336035425
344.52240164547686 139.4966887019783 192.20310306294368
348.3196710121709 133.37750696077265 200.762593614657
341.1143056903169 138.93177868684174 203.21774159168606
333.31987910893866 145.18201085799402 196.11720383131876
331.73031004609487 135.52753408416208 195.20767228820137
324.9778891283544 136.21512152937493 195.39666335886224
334.0106900026283 132.59394984945783 190.7119880768175
324.43338535048855 128.88100236109165 194.9026017099122
319.0640996452991 131.7293549368972 186.53877226094994
328.774846146229 129.31972985042523 185.4544104124426
326.5667602105971 137.26287542340654 191.45523603811563
320.43913963444726 143.69187046813016 185.34956421786922
317.01629985785974 152.5637072996914 184.95906843845208
321.2277317715455 144.45246043078296 184.60979513898525
312.2812095942995 144.80200648497313 175.2442186761068
306.68366366552453 143.5769605471844 183.4704398170777
303.03526726770576 152.74004225153368 192.02720593708042
308.02040530644143 142.90347376609049 194.54705525251217
310.55583263658514 147.67982631377183 185.84563778554386
304.4910755475783 151.14964176632924 186.54588223076053
298.3060636828114 142.0635702503966 193.79355891795245
308.0154683258138 151.2333089019106 190.0911649477509
305.71539968317813 154.74720666014534 194.52979370248352
304.05717287646536 156.89785512073735 199.01638705453402
306.4355685775047 162.82229971116277 189.82304651840988
301.71508061299073 162.03997664070036 180.00722867585125
306.12049261380736 160.26488346371062 185.81622830317787
306.44512574469013 158.07747634864938 192.45281153193724
298.90082534940586 158.17076781984085 184.55050372141793
295.4131693293515 159.4397982101309 184.03854464174916
290.1240710598816 169.37622355190248 175.3566240078026
297.2006462406502 166.57862219608634 171.0164138681136
289.00163837171925 171.33890273505693 167.1417085915943
281.00621122142536 163.36943382732588 172.20283581127356
273.0800621269225 165.4943345108013 164.68006003658493
264.9757037576141 174.93704829517807 167.60304478054533
268.8031755233965 184.13869228006226 165.59628171070983
264.67178138143504 192.24229538526131 169.4230460782971
255.15488619531033 185.69869827126806 160.03925535375845
252.51984297196552 179.77390369190394 153.04016005615833
245.1315725422509 181.0225105903892 143.5438776283339
238.69036183129387 171.02297320646562 152.63477622853893
242.8630070042232 165.96260144315528 144.48423507751943
244.7365325254789 163.7799549265631 142.68037536680873
250.99085450489144 156.25457435787843 150.3780851795035
260.50953034253513 163.3651631057902 159.096889915087
268.48092859235123 168.9100725831623 166.3825302703125
265.01471962011817 170.967022123759 165.3739747543305
266.74515572013223 178.6174779073703 170.50242801102308
269.6381107443213 172.2987285083877 179.51839578687378
267.6718845848023 172.62327362942878 187.1363882037546
275.4238628795571 181.26257478688336 191.35717847189176
284.22710076782147 185.2715854460682 189.83644746663558
289.8749442119789 181.6340454096429 198.12858846234545
298.43767182689976 180.9032440729067 188.48253008980396
297.79821937079583 173.93955455990695 195.73563505029998
305.5742645153802 176.3658619955847 203.956939428946
304.86235969254255 185.4475981673074 207.25486664333582
305.90455817325636 191.2818681457955 211.173180676749
296.9100079384975 198.31786575673885 205.76214668771303
305.2554090509196 195.68594887542432 214.37031140216254
306.94149383355085 202.83377326114734 209.21386763743314
307.5076815260389 197.99478289794914 205.44632970712945
304.6562342599945 197.80714088332286 195.65516795891517
297.04802876519807 193.21600441905127 188.26372718516782
301.4322236515116 195.86574938281092 189.90093173895326
304.5101285916803 205.57844045138594 192.3281398075616
308.7695450028782 207.83291933095845 183.6379237771999
305.4763668125512 199.0933956788247 186.48252366484664
304.2078561128353 208.17147829312745 196.21766397993747
307.63102637582324 217.68773935286802 192.8659326057313
314.2400916060014 210.14055566912012 201.87274885804268
310.5559244047101 202.9138524812738 202.4170540295114
313.4464844029906 197.15681329662263 196.20590130274343
305.90781294755504 202.51872431519666 204.55339870743236
299.1135659973268 208.36598206461716 208.0314265401503
303.91241657096316 216.77566380191035 205.63133573855026
295.7943849676677 221.59618007090626 206.48824001222596
290.000315251715 213.78088050668958 213.88367162616524
284.8470707016947 219.83984763854087 211.42673476967514
286.0985185831726 227.7491907323512 219.14269432162382
286.3704480941589 231.9540780057762 212.80411610568433
286.9167825727686 227.04022466971117 215.25252018073712
285.21227941934075 228.51308098408256 212.81932342396001
286.55740237132414 226.54024808999554 211.3606684711935
286.5715123255469 225.88092779955355 212.1781645477184
280.602875400643 234.74800135050972 219.51537631556295
290.0540256606736 238.80200711607688 227.70525190961595
282.36520197367895 238.3581077349699 229.22939325402282
284.6015955643766 246.10759159949194 237.1776596157401
282.8167291123464 256.0202985979679 241.48949938657054
280.8874584980522 248.49543811027866 251.0481992694934
290.35383705109666 253.26070989324393 259.4430904795305
292.4691993754107 257.7935498048738 259.23282134351774
302.4581011303131 265.88316479202786 269.16208864243777
305.2831080761943 271.8205652317952 270.06341216277644
311.1050404792835 280.0430376926349 275.4087401257124
313.7825558286728 270.7821811555107 272.5973939740177
307.6356108636184 268.625574550105 266.9775835872789
316.8517009927057 271.5287489160835 272.45493571712774
316.8879186408572 271.892393715842 272.8818802686209
320.85893469367227 261.96414727317745 276.79289898464106
311.2821919938673 265.9628100604141 273.8427360906615
304.22730653758464 271.4479337341068 266.7718756155161
306.74341217499517 264.5694350309433 263.08875248078465
308.64751469283016 274.3871676277283 262.543514414403
303.02583602369043 282.3055524692781 271.6433938013597
308.9300831320519 279.3400842622779 278.91438235346976
317.72012791909447 279.4874571386566 286.0728519332588
325.0203127365873 274.15416330571196 277.9196048975839
328.66373774327036 279.18401541706396 274.90741435549364
333.5302773081087 285.35233330017684 274.30351137923344
337.6388041041971 285.27991244454427 267.55652152614533
343.43746644705385 290.8472738611938 273.5603976670391
338.3799440812128 299.87691301354516 266.5714970058374
329.33150506264025 297.8407393746196 264.1713208522231
338.5967309022365 304.0633441724879 260.90399778084856
343.79378909262067 301.151428649111 261.3459860489552
351.9534022228958 299.3351869643699 270.0574367319388
361.13384721378367 303.42279751341124 274.91425829256826
360.7627593404978 305.7934562641522 266.0561194663879
362.2464588647612 308.4178154263217 260.03698751005476
357.705449528561 316.22736765531 254.6582964389265
360.26492405158615 319.36252278199294 247.36364775934157
353.79553654280176 310.71268935737055 250.31229928921925
345.65023960598853 307.0984143124651 242.9893025667363
355.45405167744923 315.697979080728 238.79518181180558
346.8832840959834 307.2930221454344 229.95879279030444
352.43117120362393 300.2525620352739 230.68944012835595
358.1582214668383 308.53165809347496 223.57994537597267
364.8029918974136 310.7195687537727 221.58750390225993
357.13449504164385 317.2857455730886 221.8150196811678
366.070218086111 312.0463630799441 226.9006811226365
371.76125785514586 321.07545646868203 231.42262798353096
363.7541686360023 312.30355072159875 237.9924093453889
354.81262208187064 311.1197293778206 244.21817173990456
353.0888216749345 301.63734220389193 241.43511889510532
345.5518354451303 297.7380142479556 248.59340864921518
351.3727721498628 294.34783864892825 251.94170501553978
341.75069321041633 290.19247390234096 247.85276258323353
341.7554484426048 291.96247877162483 244.0225819715576
348.089083001908 289.9486051958907 235.59216865121323
346.8383960853958 285.68341256635347 234.08376396584904
353.4827701372503 283.8448168177084 237.92012353801277
356.3099728825649 291.59690085126164 242.62542816237362
350.3206843659483 283.65155959349 244.05573362237428
350.1405068459032 286.2201380997955 237.83348798790374
346.3496615116771 284.4702215271695 236.55615742769714
352.11570323984205 279.6242725656817 238.37990704618753
354.1564620917514 281.1438762420338 246.85349005505165
352.27984456134453 284.9171427340872 238.96245318747395
361.2490144529145 275.70004760797985 242.99120879999882
370.06720566433967 282.65434191270003 243.68463126539737
367.19411596142834 278.0018365290617 251.9725192306391
361.03720917639 272.092935179494 244.23383012313786
351.4002289024993 278.6597620900621 249.14999143668695
358.0863861100005 285.3080064115796 253.08727143785148
363.54764402345984 293.25279201002957 245.5816660441521
371.3634080368145 294.17998387120673 251.87486160610635
379.9465429633606 287.5852929553509 252.86707178411714
385.8472604005373 292.30288466407194 247.78747288504525
389.5439661793681 293.1825340146396 254.93789831681036
394.02160916525474 284.8610522776592 251.18593164653174
387.46068093234425 277.6723124785446 258.2807915683569
381.07018737170216 273.18574622566575 252.4577348600258
380.75102209490376 269.4106398442156 258.52543137736774
376.53637811299075 262.0231766552798 256.9038923149618
379.6989278058588 263.7741226433569 259.46659053467994
371.9427899138881 269.517322027933 258.3046220651688
373.8532736042119 273.4996591533122 256.0603013232381
379.85428563284654 267.0440746391628 250.03254244459805
385.7021613465444 262.0348812984329 252.67229489694643
384.33466836153457 264.2732541383493 256.98265042148074
382.6448743849448 266.0054452742095 247.6449731487467
378.3369597448448 262.6152960016486 245.76144902346235
386.16136489722015 257.5345782392224 242.50716608876718
381.53638196920696 262.3892761910067 237.2815987293477
390.1426511704656 255.47636153071034 242.907544678126
391.86517907856205 260.38928246105957 237.8065572158229
390.23067882262006 250.43251369079184 229.94426511479676
389.08607857767595 242.86572491719386 232.50624765157932
389.9744918771116 244.6858742340695 229.49303085022322
386.556648031984 241.7938964003682 224.94603558802498
379.19159483238354 237.69091644698875 218.94033370064741
373.7662503362742 235.33891843111945 210.116171541751
366.18120581492633 229.525374700829 207.8062779501358
368.12729912762677 224.1506317911333 216.66027819476636
370.16973884420383 215.41490333812996 226.62882012745487
363.74265093816405 212.73057414072693 232.86933978722774
355.1218279041756 203.74055860049114 234.16757441441214
353.21507154906953 204.59432554537747 242.9717377387517
345.5980386440295 212.83158839102327 241.18818033894706
336.17557958700644 212.69664655156552 242.8329702188102
341.67303969793915 209.1169686971726 233.3547327068521
339.54467842763466 206.49455390174933 243.24888841609348
344.9887029872365 201.61209826547997 251.26790502697384
335.63400168906446 201.4140568221386 251.8908050288275
329.7795934089614 200.46811226089375 251.34382574175876
330.44913661464255 209.2447400985855 243.5417070481782
339.92833850935597 203.77878883940826 252.74820841087617
338.1482147994555 195.76880046063414 252.79407482799164
345.6810131067437 193.0589645393668 258.42883814687605
355.1871478891348 193.60751312598336 252.60332755417676
362.5147067514334 203.30541582886912 243.76864014562506
358.810650926512 197.46158140331625 246.55012491020813
350.1510915274739 203.25104069812107 245.97120094198422
344.2863800116467 203.73512814014111 247.20672658294063
348.2902407769698 200.45737530253052 241.3622514844508
343.9661715623162 207.6310754909095 236.1679770856481
338.62415862954134 212.93571600138984 237.86764671805236
334.35327238250403 214.41659047029611 243.53458960386234
342.3685890842042 213.06056953748885 243.28661190050906
344.3661867536553 222.08850238478396 236.10945663423252
340.5249283597613 213.32171668468956 230.21118166362754
340.40220115348836 221.5397609603251 233.85589583301947
347.243285181793 230.68100029423795 224.57885786208362
355.6060709931763 224.49237790292503 227.0269033996132
363.57951134064507 217.56140833021468 225.18367142036445
368.90441336654715 226.81427531468628 225.64046678540203
362.1949369106746 219.832230695246 235.31107429215922
371.3574003638206 223.24189882178806 232.5858006016722
375.09216407192184 223.3545594356443 233.69509918038452
372.1802080259072 219.9247771872487 238.3341367244899
374.3890255573944 223.40825206799323 246.70374618339528
378.45229338007573 213.81896426457547 256.4990980481702
386.5885202458861 211.38460338116016 260.81772187492135
383.51312503825557 205.23611503550245 257.34880942959546
392.03375473022567 205.45638547906287 251.18805886590775
386.78222113035923 209.18811655006778 251.0657870517889
382.01740361674763 200.32683052918458 248.85067161740795
387.0580857674801 191.5093424005578 251.16953295105486
390.16544927515554 183.73462668705594 243.49761687510292
393.5194520549799 184.2452350253159 248.7821452968177
402.6414429868987 181.4361814488426 256.02901527488046
407.6363802827357 187.3103448461444 257.8182190483517
410.05280715754833 180.25029005119202 259.59161327817395
417.3098620845857 187.2713660291938 266.03864457455484
413.98536205673514 180.78469017502618 264.5858887341888
423.6587358409711 172.87173081854527 261.0756069181881
415.289326032749 171.169041271317 261.9041835135659
416.3105352895599 174.56983415540634 259.34057400470385
422.900877729507 183.37772558282853 264.44431713343795
422.49125122938864 178.1906146590291 257.4245876584937
417.2609742286844 180.7583556218212 255.31455642803428
423.0122321917335 187.033108076261 246.5427803342587
428.5205575188733 183.05038937411504 240.11635850117187
434.4910263511146 188.83592773611358 238.83498139015833
440.99544051625776 179.77742279555878 237.0987366906722
444.9980492621145 185.27035818167928 233.15759870892478
450.5787674441392 194.1055639066939 229.5902977935692
455.14535770071734 193.82176104237615 221.03954795976017
454.4693717249282 193.53377841356422 211.68325700736364
455.38747688441765 198.25188182061427 211.7467234512196
454.66525345502896 199.94283230860952 216.60484165229556
451.07759253046885 191.9802552721304 211.40851754540637
453.5553213787394 200.50645449125105 206.70930521450242
454.6551142207251 199.19314091536296 210.07274272393914
454.20858095194876 192.7281360019167 216.5759095997533
447.9572387331473 186.64370776853477 223.1691261338094
453.7491384420151 192.42885118903902 218.45551136012907
451.8120400812293 187.54721854648503 219.267232549939
456.4159834997788 192.86779959952474 226.00602939975573
461.39072713685096 185.15555233632844 234.88523100566175
463.6665562454191 193.26293479823246 244.18156559548305
462.99784490976134 200.34174838693883 236.34176733564908
458.5456392817513 203.45918496994935 242.51647959196595
467.1703471813071 208.90950546909133 252.03080067324987
472.9750874035449 198.91255553035342 250.18592143361502
474.7413163660711 192.9845172441068 243.96509503912768
468.81636980100427 186.541233681175 245.0388244399915
476.36299358830155 181.27847496970145 249.56861157294418
484.463689072424 188.75733047152013 245.28181804561794
493.7634188939606 196.9874590211193 246.7707344122669
488.5320704977762 195.79952279513924 242.05994955724495
478.72983375502236 193.88195260957698 235.53048995644576
472.15936215714316 189.46545534777403 243.14141006824448
472.3552501528069 194.4649423393117 238.55952688784203
468.2658601087466 195.90749854830662 237.17861601491998
469.8472168164701 202.3053651679348 244.95763922782388
477.22335011893284 201.63422411951257 250.45485098956848
480.7350795779181 208.22234907837694 259.4579485854219
474.0168095466469 199.89928929175522 269.0570621619171
467.3575302595693 207.9070542704138 264.18836630248313
464.6504666468645 202.44369337407895 254.81962390231286
473.0928223797525 198.64141461646136 253.84434628831357
467.73627010510484 191.15198637873016 263.8382363891407
469.13175870426966 192.5070928081496 267.90223848020247
466.0276788306514 186.4777205080935 267.7737433269391
466.0956243879021 184.18982255345915 272.4684168402553
460.40349741480094 178.6435270590202 278.2898697142536
468.79885944332534 184.54359278047505 277.91612363143264
462.7473498325709 181.38065607002966 284.3014775698813
462.3497195594405 176.54663495862002 293.751038896719
459.3231931143511 175.84279853850924 288.51717679846047
452.74384684006054 175.7549893208781 282.60448118895744
445.97838784384186 185.1137546454416 282.1836924660903
442.0499051348575 180.5668166606919 274.24903564992326
434.2537868190003 188.98937381654198 276.5083990441746
430.55596021911214 195.97137628691976 275.9100891814649
436.355633424445 197.68361324994916 279.1044730959005
444.84572759413857 206.282529691324 283.8148468928481
444.4254522249087 215.05151320875834 282.57804234295725
445.93807592090315 219.58120491660415 282.79151970672615
440.1925641014436 228.97490091345378 280.19828961780246
436.4305251652619 238.70155895546094 281.92525479150714
443.41110297229994 239.37341857931955 279.0933340477742
448.31901500851137 244.43506255931473 281.86440458155846
447.0955978282442 250.61922387418613 289.9905770900787
444.8512549130367 242.13553463679662 289.2557381852674
440.73207632803053 234.00116657758358 287.6074544040868
447.42033963130785 228.8413366027081 296.3711940399419
455.7472272301792 225.87820113272844 298.3009969760304
449.274260839861 230.69256382168297 297.4660571751611
456.04127807878075 237.69304523747348 297.1094230539198
458.9017083257062 233.58159768828276 306.3473183053847
459.5739969069361 227.39259046963832 308.4315998070094
458.86802175225483 235.4272726978319 314.63344277275684
463.60139052575636 230.27418419541485 323.62237771355655
455.05112094046444 232.81774952849744 314.23817531477164
459.1883844091517 233.3284506123622 322.41414315391006
458.09817037876246 225.608264448291 321.00601980556655
463.34791572902327 218.01848894389641 322.4028572080573
467.3725823316059 214.3051939845497 316.1034274853658
460.6600045813527 209.88165449558574 325.36474797120985
451.7107078984991 200.13071156757164 325.285607202505
451.2151348774816 194.66437544703084 333.53774432293613
447.0082501855196 200.96233595201107 326.4812405992099
456.107671217439 193.92633643102144 318.7231524288605
458.2411094044729 192.2756917002769 326.63679847524514
452.7924093335668 201.3413637837365 321.6193146270013
459.8952567016984 207.90051648254786 322.2740650313678
461.12106806815933 213.98429492972335 318.00074253192537
458.63138170405955 204.08229933063149 319.7344927536113
461.47798468408956 207.86183434137786 319.03946528460483
453.16808098816625 214.80171007272645 324.0756674381571
448.8367549136477 221.26820160647745 314.4232726341042
458.1512640942966 230.2770741634012 322.15505096229805
453.0131662669575 235.89882788907386 327.13989637905735
444.71857500791936 227.3985098705965 321.1916072952786
452.74777208017576 230.93444152107722 324.25069330864613
443.32298914927253 232.94633830726858 323.0999780454353
435.26907521060537 239.06836535773118 329.7392882087302
433.411966716384 244.92191532217356 321.71659963529953
440.44562047223445 249.46696641293187 322.08198430391224
438.99170747687396 241.94233319505398 323.8803779053293
444.2242180710442 245.28176820970904 319.6459753367811
434.80867969379636 248.37605252022624 312.4349612185474
441.77943654526854 253.67821669376858 321.0534045487757
437.860105143992 256.51198033348106 330.2807156403337
437.6207530262681 248.44655071820438 334.6520862412334
442.4196516000106 241.8111228199519 330.21627803765193
445.6199212906471 251.61781444114686 335.1622546851733
445.90145081520967 251.28274425353175 331.5796852658196
449.96189720349935 252.4618187721408 330.96050625361147
451.82697452696493 251.081897475077 323.5759777670949
443.24878585478075 255.76919111791946 324.04547345831196
440.33966402987346 246.15529688753028 325.3299330761676
436.1534073829228 251.92125083195896 334.17019331175845
435.16005425645034 245.48393473233727 343.79964174832503
433.82030835726476 246.8174692846691 349.3683201311879
443.68304112653436 251.4226725179172 349.7836232523448
451.7146976794627 258.49163870713954 347.66901227540893
455.6442360337989 260.4138869755623 354.93534166698385
462.0365544260208 255.8687975011856 364.4316291515824
455.6015121956309 251.0996865826176 364.0761856627928
464.51181150198005 258.4577412142034 362.55457237338817
465.964104727435 251.05887137717158 353.27843199575074
464.09088297837144 259.3709014817042 361.3131603235271
470.17249200944855 250.7919421583821 369.0785225166126
477.6448314493103 252.95272423659938 366.2639029830941
475.99691634128055 243.76730629242564 370.51335779930355
473.04168173460306 243.547790615582 365.2009567586696
469.40012661276353 241.96153054438602 360.2291498183055
473.19787341513177 233.39552154699965 361.42821690134116
468.4474094410683 223.98904191405347 353.3532449319887
459.04336636545685 232.57161361411147 351.26035860180906
458.97211674951296 230.08558438792446 360.0146711946516
463.75389586730114 228.3516773801829 366.8301716528993
468.47113589779156 219.0645495933058 358.01450037048994
470.3896126877939 220.8545166410833 348.7960999580109
465.85746521764673 218.62957486434004 344.62060111935267
475.49485881456485 216.05223070963262 350.614262680339
485.14146315002324 222.4512891224807 356.4832306203344
477.4628637797937 221.38656903999293 358.63850926590936
485.6664134350835 223.79410247879292 354.7581288442993
489.73830213728985 215.88554392840902 362.4979434720477
498.14942776544564 212.3260461162986 359.3959559335715
504.6185211490367 205.32775787401857 364.13724544770014
497.03660697154305 206.40972304032675 363.8842068171064
502.93107705185923 202.4651400015656 356.7141622199395
494.49743403825556 208.49347129396253 362.81896006205614
490.23720173316326 209.74428549948516 371.4508835412782
494.67970310801235 204.37789252854762 365.07057116682466
493.7856971095107 205.1207687792667 369.29357758047234
494.79234269125124 207.05863588547945 377.3361164013231
491.4450667056906 214.01969009464025 374.12991446208287
497.7298231240299 216.5313885638146 369.3011055002906
503.13174542205263 211.77630997830425 362.3067201143013
497.2406754624025 217.9297605587146 353.25988269100355
500.39838124337115 218.3185802636307 348.56466112562373
509.02115233724595 223.06450824486774 355.76373713611554
508.2356187627555 224.44785500960694 356.20546460992824
512.1992709490589 217.4546688911448 351.4367730164984
508.59140201004504 215.73919266228668 361.15498382835335
511.304499857913 217.642635319632 355.7225398338502
511.113096562463 212.86834656669453 347.60908624744974
512.4136860567257 213.28389550623044 343.2473822493777
506.34653402246755 206.1384660734774 351.82421131147095
509.65530541925835 213.8220071865066 357.2311507172115
506.2693753373284 207.74493793383337 348.1733544458132
514.3475603035038 207.58607543871832 350.23454299648876
517.4605784650915 209.38957194205614 351.999795965786
527.252036157498 199.8910006522251 360.7928379592987
536.133930642721 191.41680943315515 356.579333643826
529.7773233476298 184.4324197538203 365.9307268744789
534.5642494378468 176.77717909358213 371.9688035826742
535.389209533424 174.91579562822776 379.88364590123905
532.4157587193961 179.3538141534326 374.4007738330401
528.7313704980983 169.80123306905048 365.6006243084621
530.5188978568095 159.82585424908044 366.6189476541473
540.3527349408789 165.05789112546532 360.04848231820716
539.3607469020874 166.3285328161714 363.65723255969345
543.948353019626 161.99107521086103 354.27325011076937
538.5067082124488 152.7515160724625 360.9229030934986
545.5809819403034 143.2683548287381 354.6617468508478
550.1982674464996 137.25615164367136 356.0383787881694
558.2115930297546 130.22230851801868 352.94591253589203
561.1931972027025 124.73216679368565 348.52356565264887
562.5479606083973 118.4202315872922 354.75963550827043
553.9969305040919 126.26412078122073 352.1272926726065
545.7762871897479 123.27147666806879 357.42941008132306
547.0613610988835 117.37813405259561 353.8664934730967
550.9927584508692 120.31854920737949 356.0982261737171
555.1282574211226 114.61152870906204 364.12814289834995
552.0231775468649 104.70696294409635 359.6164121728095
543.7589325926969 96.58100066413442 358.6174757440557
546.423383614975 103.50080067931873 366.1052211408807
551.8276755986042 101.8897451812663 356.5654112817349
548.9810112184394 101.36423002583128 350.5815826554888
557.8380939215864 103.62491589135863 340.8475424197592
563.2359638960844 99.72637893438034 336.2838855620805
566.792736761169 94.0184495732761 334.77758937748484
564.9429846128794 100.73472455623332 333.2639228346755
570.070928377092 106.19994781125678 339.4826750316075
579.7139975913411 111.76693178004427 336.9574960698666
572.7233403233365 105.82832997742531 340.49845183579305
563.8467933480264 106.11526485526899 346.3521500207255
569.125872292759 103.28691626803865 351.78287700092045
560.5100037745437 100.94050339038054 359.7805330087912
560.1050475544173 106.28587919915341 362.53777933626316
550.6639576345405 96.77777107747382 370.0746070866746
558.1100928374451 106.66975039567058 365.27279221927245
560.9162601229199 96.69400170471602 374.075132562635
568.4533365063677 91.88048293697105 373.11583915083156
560.4433664781308 101.23679035839345 367.4914119917898
556.7913765906684 95.61991296730577 363.7456474981991
564.8492868275806 88.92507323706886 355.5958834508906
566.7704424150999 98.56885474641354 360.50182791342644
562.314192865943 105.3470598112878 357.67275846360565
554.8375880578467 115.32390578801363 355.5301538695422
549.0451058341963 110.66857306264896 353.2298122299681
557.92141262823 107.93150375066988 356.2553801224029
560.2978187391761 116.51538812129616 346.4324803494596
562.3238260561376 113.50499743101754 343.3647602540746
571.5286931177559 123.22725315088466 352.36487102058015
569.6192510267556 114.75940400885762 348.1408000216482
576.8451385164648 122.60885230343116 343.25117032829024
584.4252043376039 114.44728479310155 344.965048435769
590.9863871890133 116.29783395006342 351.72116730599083
593.6592225515568 109.9561188780841 341.8482361323881
590.1585729263959 101.58903207246553 351.69751455307926
586.7494149951032 106.90163275128084 348.2609727484997
594.979013223962 104.52373784895808 357.6545404951978
592.8491399273504 107.77994467202247 348.47332171490007
588.049626043513 104.21500896677696 343.5661495225493
589.9977025166559 102.8295166637745 352.3963105457478
598.4390800534663 103.04592107266036 354.833998304077
594.8678856928726 106.08452653598204 362.75786001625846
587.9768006387709 98.66727137878917 353.20730666361465
584.6163125573763 103.05668169533945 346.85713111216256
585.2454023646512 112.67420780111881 342.26894608608814
584.1197801701294 110.87097736852775 348.91317477428424
578.6411748759749 108.83195167084938 352.3505086052206
588.2876863833985 114.63840878797956 361.11127094055996
584.2496289728751 123.56418221333072 363.81703024920387
587.0110682318306 123.96833944398506 363.7356442469321
583.9995420026625 118.65110116194936 355.43992934799894
580.3770691665961 113.52880360458317 358.4235965753149
573.0169692694471 121.17330492228018 357.6247648462781
579.8364627810777 126.72517525150516 349.65450911363837
589.3643871048243 133.39157484261145 347.94741152130064
591.3148642474735 131.86168492808494 342.980903987819
600.3571516600097 139.66297622078443 348.2639798432346
592.8564491576608 141.8310149345757 347.27682569812856
584.3289397780696 136.235390815984 353.29106696087297
578.3330340169945 137.8006210213553 345.681287500304
583.4030147435956 142.7317796989614 337.765092991422
584.5969454971358 150.73387485446543 329.3229960214418
574.726493779819 158.0527238212049 330.83533453016486
577.6174434921119 164.50669902335252 322.32032272012333
572.8782647442775 159.81841872422248 320.53272733945533
564.332360580868 167.7417087546742 329.52761448105554
564.6585677059226 165.19090657321195 326.35097552327795
557.015095880997 169.3501458432574 325.854574382895
562.124607802618 175.8489360320165 321.6718394220585
564.7014494132935 171.2092013065914 331.48166400048365
573.8627911793103 171.77581805376954 323.5176764676155
564.6281314666951 178.04158925038874 323.71703096377644
561.0398400020529 181.1650836692781 329.5090508482484
560.6947276425335 177.84286915683782 332.4958208530841
554.1577143399114 179.42328023589891 338.0158484994186
556.6982716327713 172.46818560012733 331.54568153187665
551.4367760542133 182.1542887518135 329.2330687837911
561.1485057609676 185.5586908591504 322.3458011553108
554.7360039141349 176.1414017993193 331.62699827885234
559.8124755921848 167.2579738234923 329.23624723735344
564.5079462754846 173.25955396394966 336.0384231783083
570.440236286585 182.6487888773871 334.0691729318995
570.7453199853928 191.65731502754056 335.8548539726557
565.8315469052975 190.2568211963596 325.8682965009555
570.9271689799251 187.72575385690743 331.8639289266025
579.00236983303 196.01801425657183 330.8526794743284
584.0902947459547 197.99923602169164 334.5383873005434
591.9244212715369 196.3936079233145 328.7018908575943
596.7081877778559 204.95958045641459 337.89749167636126
588.5019366362276 204.33289198727314 335.0536816627712
583.1836324761061 210.70613464514156 326.87151701443537
592.6654553440699 213.08287729935807 336.5597377897697
588.6483366968959 220.36135788690885 328.5231128080463
598.2664353317866 229.5392545634582 324.0389322503506
603.920703351446 238.41835366611662 332.53565625816503
604.961220183576 237.75954319014926 330.72588137592055
609.987663007003 228.2452816401104 332.61383697342546
607.8087497149016 218.630121396965 327.3314651051381
599.5106095328152 220.30302366577354 323.6065117942581
594.3780445658826 223.40625521351313 318.2469548684009
592.0233765267694 231.64100356194552 312.8052111044932
596.7350695499551 228.06950712400302 311.36076360656637
605.3827511021074 232.34028663743496 314.69334739947993
597.0539753311239 235.83320386293252 314.76199333564
605.4307839138582 240.2864827109658 319.6646158715004
600.7840032384522 249.3303963742782 317.12147550922793
590.8182634529371 259.0728153093436 320.1332711243573
596.4778248682743 249.89364928351992 323.69668366945274
592.4196194232242 252.06700519540064 323.8951432246559
583.5891147830548 242.09475142126925 320.0513147206261
578.1851796386663 244.4904986246261 320.39425015004264
583.367186345933 253.5688244605868 317.89829351502334
587.9093820137922 246.72332220735274 323.0108469083484
582.0367137403189 255.32643351476304 319.5832131740054
591.8156675068927 262.8075162929168 311.0049437436699
588.7575160770537 259.7955375024174 317.6013544813564
590.5173948828639 255.9956523829012 310.0592425318667
591.2252544826982 261.57282741525677 306.61542285206406
586.5826752400953 252.72520169450783 299.35709930481744
581.3129199734175 245.88125917750264 297.4586056231836
575.3837871111292 246.2795949192515 297.8136259424755
569.8781535635045 237.4223133882531 289.34246078302607
571.8453084135183 236.04420912626296 287.81982601255055
575.6997428288884 233.75740192334715 288.3011805962198
583.0690398331145 229.22835263494312 279.0093495021087
592.5007978242686 230.46261356293053 276.53940954510443
596.5096038976251 235.8175734832611 278.04772095984134
600.3185606262131 231.40085515930744 278.0432664664665
595.5616312886239 224.43960477090403 276.4296930525974
599.2079456491105 230.96129821220882 268.4936214971382
589.5626645610793 221.93666142887855 271.748897761562
584.3710603874271 222.33762323068396 265.617374359048
592.2327859567622 213.15277255228847 265.7136914111661
585.7219084545019 209.29502539941822 271.21307752902356
589.9197622580061 207.3052814708316 280.43278355276067
588.0499394602479 202.4413229460854 289.2603379971648
586.4163085681774 196.82196864044423 291.0117785757051
586.7302528178404 199.51901627628646 290.2708034550854
586.4325720954466 208.8957773024044 295.9842907349897
593.7132309489059 211.3373229994118 294.6800377199634
585.9728677047536 219.0495457186558 285.08778229820683
577.1540486546978 213.39945105116877 280.3305797279075
567.9925258470486 209.6100010194788 274.7856909882723
573.0930934822466 205.6825900927602 269.2552728336993
570.2157545950433 199.02755929906198 275.7703506911748
574.8265043326239 189.66880951341355 282.76874001817487
571.536453836207 196.32737455646924 280.46275536574126
577.1710485652779 203.04534854923457 283.9090054448102
568.1767598158137 204.7094870328953 279.4449293608939
562.6485302240716 208.62185092158114 284.2230341715828
567.0035532715868 206.53356793729742 286.28118684871833
565.2759760591348 197.6213994496837 280.5675324181292
575.0352574933735 197.6547559189046 289.788283814715
584.8872239369585 190.9587744225633 284.41520118647827
589.7518951824136 183.50068812273616 275.122855434457
586.3965775467808 189.68120490854358 282.8832537860295
578.6009719432 191.0633230984114 288.07093822643816
574.4651886481756 187.6523346236079 287.102064666083
575.4785025426543 183.3851316704504 282.4129521524119
581.535091699569 174.7669811890682 290.0587150604531
575.5098464918758 177.96075246956852 284.9613826051609
572.5824327313027 187.5610370568608 288.7424068570999
579.9035743802472 180.33002040006443 286.79055384113565
578.2712825980731 187.21695950777266 295.24007485343515
586.4893489896916 182.78432253577017 286.9307235061167
584.2310182645929 173.82110403283758 281.72802514706416
578.9692391506026 180.0651367497212 289.3884508362801
588.4139380460879 178.2610329736413 298.96690384764764
598.3234161987307 171.0205475727754 305.75601002073705
600.0384637187111 171.69419047531835 310.97876458860696
593.231307818982 180.5295664281005 304.10855168210054
590.3809613712128 178.87791516420165 298.74356941806985
585.5595452839372 188.58931794538452 294.9802322632857
581.2910930637037 186.43881315934038 297.65457049229275
581.6581828376632 191.37375661548597 305.1464839736391
577.0108532091982 184.88776948905 307.1245675960522
586.0985378228797 190.2657894229565 304.4080818623143
588.8735665301793 182.2896220289873 303.4231233749542
583.9822785240924 177.08811519451717 300.65405772043937
579.330287290649 184.12410553985086 301.82658210654574
571.1986950278002 181.16766586859615 294.85583498733627
569.726164462553 177.4865244267255 293.61573076966755
564.0280858077766 184.57326140047832 286.26071156541116
562.3031758778187 194.17074772986032 285.7038839555207
572.0191904992809 200.82933164131916 284.0181654710652
579.8119182301683 197.38019680085273 289.33001900155193
577.0264740012614 194.18253748068037 290.8767638338718
577.335335950061 194.40842093430498 286.6401573718459
580.0153739919477 195.04250448588417 284.5079029052054
582.37359262935 201.57122441955428 282.74449159310427
584.6626664016535 203.23943511554808 284.1220183505227
586.7229850774512 209.40670242027926 275.86573727351976
586.5837628572998 210.5731710901502 281.70249005868294
579.6245571335835 219.50570668547408 272.684042092322
574.1963298382625 229.12916308877533 271.78749038323076
575.9424913351193 231.55447778035992 278.6925402609047
576.4971140394856 222.03123491105475 274.5386699333005
569.8365510054699 214.27878065423693 266.56885786614276
565.6483273249034 216.04197837379414 267.2785976865861
571.0507135550216 218.5289246970333 275.5205506184775
561.4471969426684 217.71013848610446 277.2007002897933
557.352241772356 214.38320929262724 275.8736780094405
550.746631024915 224.0676699405865 284.4856020741488
541.1491296505897 214.67321420512545 291.4258543622293
536.2061445319029 206.35335964517927 287.0780324263999
531.7546870598742 214.3435154952048 277.46258220668494
538.938154409474 215.92473648447373 272.59673579660813
546.8515137174775 213.63798081152126 273.4090979997385
542.6051310470282 213.6322867419773 274.63146428489534
536.9286619564388 219.9704233614139 278.778803718204
541.630380476049 224.20798716690206 283.3832822178216
550.6588780123905 229.57525031788992 275.97242296617986
554.7445078406447 221.93421758314432 269.87851571013783
546.4423727858934 229.08739432374028 265.8792372175394
539.7931629511709 238.00790854275107 274.4629326060864
537.5372514456405 246.14480824660194 282.7800510894951
534.9639074682551 241.12598057849075 287.09433073129605
539.0998749996764 241.56594494460688 295.77143743571105
542.6913474757853 246.7995321281062 289.6312819765195
545.3191486125016 250.90415021225743 287.5077610096882
536.8481604851745 259.42350355874663 280.73772939171414
543.0379561582798 249.63591273866362 272.09941519751754
552.5110482636776 246.29028579290699 281.93885704714756
545.5973903124234 246.90977218260113 276.1665398639374
537.4459130531955 253.98972301485742 271.90361777832123
542.3874899383195 257.4241260152834 273.6105291140834
534.0070977964838 263.06309815006205 271.2745725146
530.4243037872687 262.5387378595475 262.32584449847315
538.312732050051 254.21142222401875 261.42024172925557
532.7624841611147 254.108157816087 262.2835783052039
534.6217183514659 248.38196819497009 266.1012514246882
531.4652691658787 257.03135856121474 268.7748184867763
538.840659751171 259.1630171028364 260.28336130199114
532.1445233763138 255.07027787725016 254.9992027580033
537.8539012678282 262.7538605868369 260.5446362615853
531.8170513205562 254.25620637630206 252.25233096794526
526.1055418399446 254.05072720290642 260.5104992527271
521.4236522818817 244.95698992467987 251.0868774560332
516.8582013179282 244.51730804682353 254.31226568176996
514.620565588605 246.06621586706342 248.41617698119188
516.2363699502739 251.2848245559682 251.55821311629575
508.51162142863893 254.03481104448662 253.58079135646554
511.15468395768005 251.4381602728158 257.8934637432263
502.22242946450405 253.76182209493788 256.6154352451299
495.29865538768263 248.2482160302303 263.09126118273
494.75558676905405 257.74279019842504 269.77190128754006
486.274185363169 252.9667543380725 275.53432121378256
490.5300056069513 262.05774917360696 274.14190155418356
488.22285587281675 253.29795162379003 268.5751449973914
481.6752363184101 252.84594353647455 263.72463376275897
491.5070896571323 254.31757312056567 256.20136119631155
496.6780851007303 251.95932786271223 264.0429660210125
504.7468844994137 261.64290604221895 263.68215453289247
510.40065510302435 268.26534385014565 272.6372217004951
506.89578857490096 267.1734572822746 271.10117957251424
511.10079477290697 267.9541475766582 263.4305603542001
507.6146036439282 259.8716808082978 270.7234502387227
505.59530062219216 269.17573981240815 277.5467519778792
512.1458471981853 259.4854922032319 282.63053079003106
508.82170500066405 250.82288601427445 283.0761394006878
501.86019826440145 259.9178243967284 292.63062139316753
511.60009177187203 263.08347153803584 299.8186568477798
515.5538978618843 269.63219068574784 290.5027516764422
512.586106710826 266.63530128011223 287.1219864958292
515.8419540859109 265.50085433541494 280.20531425934723
519.3202871103517 270.2629909178417 279.9658694594941
517.8330980418061 275.7845953486825 285.0928197103715
518.965865093791 268.40124924537554 279.31182720904536
510.96314587038074 270.4212135258608 287.46578414881617
505.6946714897278 261.4224834002066 293.5540450194262
503.0202194163865 260.4362586659326 284.343450149806
505.2683108912646 261.5640250298626 288.658117974254
509.3383842150169 267.63249768477317 296.0013014499698
514.9906614506745 273.66985973950415 304.8552319598529
507.75088083915375 265.8358419398719 311.89593643761253
504.6484306396082 257.0220936953167 311.4023410144444
506.18291009556344 259.000354206826 306.67479764028826
504.32543835468374 249.65051681203164 306.7009433337134
510.7317318046579 246.81461583754773 312.40105763062957
512.7627999029793 242.464623645593 310.15274806463333
518.9260920629522 248.8738287837521 311.0845487571104
518.6880318153717 244.58069228462702 316.27580528303554
511.17303877520135 240.94393617688476 307.55035619265357
511.23262516959034 249.50458816526134 307.98355702379007
507.27365962651555 240.72356275300152 305.90747542496894
502.6129391129986 232.76422974199747 307.7650511057141
495.9161777257085 233.73805536403535 302.5541930396409
501.7989029460965 242.00048306331803 310.82646008304476
492.4601871718464 240.27422720076692 315.80840441061713
500.36139767141776 232.36116841849287 308.5219430113072
497.47177755804756 228.80800499882565 311.3608415266808
498.2810276657257 232.55391607567572 317.1754619256803
504.9590203708666 225.81568648430346 310.12710278704685
513.4096945990165 233.42276594360112 318.7761715894584
512.9923107376893 242.95481432290248 324.82304643381303
517.8761541728138 240.2762252117246 315.649945515218
514.0740230787417 230.4676386041967 317.78635033187044
516.5029696718547 224.78670601975577 320.0210378604757
514.7156876871329 221.1778126282132 320.8543869402745
505.9691279689932 215.25415901396246 328.29194719732
503.29942273675886 214.9357673613757 335.2606851044715
497.15230686805614 211.85146110894752 338.1202980866922
492.58610948785997 218.83882818685572 342.16713261899065
491.5752302318623 225.2213707674273 341.0801882422501
487.61618390564666 229.30468503059356 341.33205823626076
480.5448880881589 233.77261327647867 336.6754187961769
490.44200989943204 241.0500115115937 346.46583790997994
491.12595718316425 238.15553852903085 353.2546842595158
498.679488812124 242.74996612655275 356.57154028431574
494.762514437704 251.62457653521557 354.64755105388014
487.6570221504527 250.58002837354135 353.03871916316973
492.5568191731731 245.03571156476653 348.54562300234505
491.08253903027287 236.7431752138238 357.0556185415106
495.2715626995065 244.08353103533054 355.2465294988902
503.3059523805283 253.60247459789886 365.23754304574527
499.7481344137247 246.285606730499 369.8049514157522
504.1065615559726 255.604931548159 377.1542652023216
500.9709441447995 254.64432670291498 368.7199364144729
510.07951100339756 261.2332742565792 378.3698916666935
510.1436817493996 262.79779396971384 369.1135334719721
515.663263007662 254.5114221094905 375.5726032002909
520.2314243241334 260.41642954853285 368.39923404979953
530.0989198633955 264.00375894532453 365.1830993914622
535.2645694098068 267.0478614836828 373.9075173148273
526.1499613010473 273.61142409738545 376.95906993244716
520.883168295812 281.88206573940033 368.54506182753005
521.8624482121885 274.30594463783393 360.6207698433056
524.3099062669913 271.15239815684885 359.50571621872024
520.8538226148679 272.8861192360969 353.2274767924948
530.560289531563 280.2822860604815 354.0464435730086
522.6818811018047 281.3571630628254 363.12098809270987
526.27978402146 289.731676316831 366.1793603429414
532.1909423215989 286.6328602520759 368.65133208073007
537.5692229167855 293.4638094610928 370.9220111251539
543.8768578972528 299.2952617314867 370.51969538139065
544.9044252474232 296.1035324266172 373.5198488938911
552.4901073726227 298.64612000685815 383.08906493645964
554.2539099884498 297.9305482965866 379.27223032822576
556.0858331962743 302.8384564188545 378.75073140687465
560.0592550661066 297.24824638010335 381.32347520065156
550.4841941819062 302.54775922034094 376.6290302726787
558.0721995405734 301.00613573898164 383.7592351754554
553.9222838701904 293.7448757095036 387.66219783659795
563.0289098709113 300.87399459897745 385.81086260144644
558.9958389680494 299.2221864383233 377.9450251282142
553.1724314124355 303.63263339320406 387.0971872418292
561.3563547435649 313.63000442895054 390.36870443081705
559.7758675095209 306.82251877530496 396.44551982358644
562.1952076654791 309.61042228761033 387.60495953648274
568.1984825954089 302.92280175509273 384.0976635063623
558.7670476840741 305.83238312460486 387.80093488260206
559.3226335404848 304.15101390867585 394.3465999024162
565.3703407671296 310.65243841658645 403.4263228719973
574.5136381978978 317.8343548552846 397.7442766127731
567.5454787149928 314.87557938510383 405.57666498248295
561.929148200093 310.70530418015386 396.8999474735717
567.5268266802374 301.0631833071116 388.9246118719757
575.5251692755535 293.1408653884947 397.9486924681899
582.614398630451 284.8967400547063 391.1542280153579
592.3669447857484 282.3425465717381 393.0155484668949
590.8201909709211 282.0923622128408 389.15499104581545
581.3648302532182 273.7773329307742 384.60585866740945
585.4045549665371 269.20349233976765 393.1227261069699
577.081704221112 265.55135419591966 400.0338960077016
576.8496251335216 272.92611054397184 401.5031958187129
577.9997526474788 280.147966919244 399.5365081318425
585.8756530775443 277.3395129602051 407.97942544860655
589.3770124083566 268.5695546145038 399.5927721904023
594.5538135274103 265.06108255155124 392.80011725278894
595.4900075171797 258.7036865931006 391.26201768706153
599.5473523508904 264.20363759910146 397.8678953783121
601.6633452931685 261.21811967195475 397.76331754618775
602.5558587563273 256.48396321796935 399.42181465819687
607.7246275176263 264.119992918496 394.5194665496421
603.2263132685172 271.84767398622125 403.25075350709653
600.0593690850086 269.559834968211 399.69405443806335
593.1379546951816 276.09412020628827 403.0288535725948
583.1738212812195 276.7807757855962 393.6548419038471
580.7213366543758 285.1725294126972 395.43465637619073
574.1778679568464 283.6767449757836 399.7609081138009
582.2698263775468 280.04985381487506 390.6709568392727
582.4523301248954 272.41536016818355 380.95064154387273
575.7321613788503 263.83295161133213 382.9173756393836
568.8899978129365 273.34973328461 384.642641545778
574.6716086662427 265.12119757567837 386.3101723169936
564.9614537497089 271.85187619897295 383.27006423838424
560.9001301845403 273.6165060438761 376.36801644475196
552.4424944410213 279.7995721756411 377.84254802564993
558.0571588014269 288.63784554594065 376.0430319370573
557.4236755433549 291.00367244492526 370.23503562455113
554.4530138265625 293.0798951581476 373.7557477540147
544.7793324581047 296.43048734185 377.8654460236893
543.9704844109017 299.99591998628983 378.90597319003155
536.2071099758244 302.95854072726655 384.8437122072292
538.8709228501 306.42724206018335 390.8792016802447
532.3260304616588 297.7723267527882 386.90765793190906
524.3450996522527 305.4754407353039 382.80214733551236
525.7144519168218 303.61330314539873 389.38386837535455
525.8475501432729 300.8640900608888 395.76731596857843
525.0031281742077 291.418505616151 393.4883278503532
534.9120822046791 290.49223410004987 388.87784452238884
531.2484778561045 281.58496802938964 386.93682999025185
532.2397381284745 274.02987862241963 382.40887309742715
532.0015484058845 267.9457258025139 382.2516347869208
541.55516863726 261.5501852040924 386.03788075045566
544.3835171796326 268.00029607775036 381.63895288871333
553.890080973013 261.9671818625451 373.6902723773618
559.5710829566591 268.91462811244617 378.98200903516323
566.6721373556207 275.3481270600482 374.883218452429
566.8592530215404 267.4997167704369 383.0556360939416
567.0964103226091 263.5879784946137 383.7132935881839
567.2920060314835 268.0574573076365 382.380069499154
563.6010713529702 274.32941320889825 379.17506075868204
562.8802978746464 276.96370905835596 388.1645171741259
571.0701325451905 281.0310559372612 391.0005933270872
577.2233787068233 290.5677984250362 386.2739460011118
581.5807282909202 288.6853078253146 389.4987120878306
575.8629801412399 286.5304303719773 385.81210891585636
578.7588860962795 282.30099741064095 382.5150224617677
583.3401654046231 287.9409494145581 382.8381738599364
584.2868521211382 291.44728836195213 388.060954569519
582.0996298818286 289.74432914444276 379.77377331715564
587.3331936162126 285.1178507773382 384.10987245391624
595.3395200214313 290.8072298678194 378.1543589055664
594.3530549551642 283.50049850394515 369.5269906624607
598.6459243618837 285.6564855731945 366.5110856948325
592.1270635619696 288.26713106996544 366.5728532840744
592.7912322273463 281.5397974834286 360.8468659268428
590.3998600276061 278.8609561497743 355.7393252796435
590.680907792828 271.57792008967306 362.59238489107224
582.22987030676 268.954748343168 368.25995807621575
582.9896838349075 273.2439947587702 370.3257314358599
582.2357603956788 268.1209964573818 378.4191050085361
580.7251536319064 267.02828880759614 373.5478359478271
580.4356972118827 266.07227429223593 363.72664279736017
588.7321752178625 275.1118914824 356.6747112676929
589.8279876735833 283.84250318741135 358.05318296354625
585.6472723377993 277.55086085085793 360.4795053267284
585.3017803682078 283.4865206049324 351.499516633805
579.3238064462674 279.03991528687044 350.19287336889374
580.4397054002076 281.2565603057181 355.4843612568465
582.0162361816555 275.37952521047407 357.53402805907433
583.0888649552483 284.33875185409227 350.94464152781865
588.6874761163384 283.1414652183286 344.43135287646777
583.2244556095441 288.6128476965044 338.71033663379325
583.0098112656228 296.7246979706202 338.02936343275843
590.8276412613955 286.86925506734536 333.1852071669723
589.1393486842059 278.8699727567361 324.6879898598244
598.5699353364001 286.0568446851019 327.879799101943
589.0298570427537 286.72417540092727 318.0723098193445
591.5613152157445 287.88155590988316 323.55603940829957
585.4558709389987 293.4704195360833 321.86121995744014
577.0276738771853 301.722846886112 315.2257330025442
570.5704755415123 302.41835839403205 313.5386850384336
577.2496040492551 297.938958787489 308.15997767066204
577.1549553899346 297.17454655018196 308.15996368732783
575.4774101405607 289.4563268192411 307.96400130338276
578.3042821355225 296.56966637600016 317.4512987703016
581.1659482596888 301.81157372062256 326.84716533844875
585.0212143856077 292.0886544067758 333.1365665299198
575.09824887646 288.71437329722124 329.09779865751426
580.0002900727701 289.3267580404584 326.08351256335806
586.51625610223 288.2686293516875 322.5119436247095
584.683932335835 289.0626503351395 327.41662050471604
580.74706590775 290.7469905873537 321.14866474625444
590.0358336129307 295.25790507256517 316.6760855861228
581.8139645285909 289.7489272908521 311.5457979720723
586.2505838610293 285.97087584361077 308.9677352975197
581.5275642829929 290.03079198990605 316.10615592242533
573.2430491918498 290.9334211012083 307.92646749640227
575.4439342178066 287.9187691693029 316.4376716120903
568.7750519557302 283.1036187420077 306.5806133932811
565.6118350468471 290.8378231901753 299.0138837306523
555.7588640774716 286.6061213856483 300.1458123132177
550.535057318634 294.14425697829734 309.5106556538146
560.466332215057 291.1023410856791 305.46592913946233
560.818246890057 285.33303304692504 313.73489359833695
569.489657305048 293.603833746746 318.6258474548683
576.0914648854316 296.9223515611013 325.71558470317933
40
340.52258155681045 135.32837401625318 183.26770314279554
314.5472707481053 126.37576187570805 192.8856483121003
309.88117784651007 132.1703741960914 189.67079743872878
338.4574098009637 138.7900204723528 193.45115049403358
328.5961350495797 143.88135796447244 198.04523145602008
329.96125173825135 149.16976430405182 193.72090435794894
309.2031860062443 157.94495714092992 179.47125658169372
313.399883113046 148.20183657935337 175.82869387976226
310.0203802925974 143.32670756250818 166.38639320544988
297.48705413773394 153.14877900187668 192.79297638528044
301.16506895531444 151.23542378209447 183.0100571246263
298.1875426548108 150.2906073190765 202.54200087078823
316.1511300720196 144.54524958020096 195.06538624336824
297.0038383911731 149.30650904154498 183.97738355389183
306.66534855602197 147.18185523916702 202.91666963599465
314.50903699641833 160.8246863399875 180.69237743735076
306.0763761228116 157.11763403560138 203.87725166751324
301.1432184112818 159.0686160180469 207.00592170747558
315.93250840807883 171.68669229051633 190.07792604197613
296.93743582493477 165.61896049148595 179.349111122488
307.4197236071326 168.29174675878247 193.66281812730924
311.6697614228928 149.16114256823016 186.27083215873316
299.22699614258636 162.82425277264258 179.6844155095907
294.2343054120028 152.2458528180303 191.0832233267649
281.4096101388749 176.0667577829055 183.68532926327057
288.46345322144543 166.46550131287282 179.70260902754725
291.48627136600106 180.87855441196746 159.18499634247272
288.3728876368753 162.20882969541148 179.64578624026197
271.48377420528817 161.14335384679617 174.15200653519355
273.0404349174147 167.7600090368832 176.75374517888642
265.9517727416878 193.43523917204755 169.75771664140484
257.35278332263056 194.30707595167357 169.92927363994752
260.5600111294803 180.89959123248568 152.2025113757299
259.7136681218215 185.06539119066326 161.83868384933965
248.55412705480327 171.41078685834742 140.76843464580543
246.60178644090277 173.07521277365893 153.21001426267102
232.87836390411798 161.40652028151405 147.65304088202555
252.23920650081865 158.7266126887917 145.91349596273372
241.19567628232878 157.86208022138842 143.09785496581424
268.66985823689316 162.16216500714484 154.68990261399196
