1000
193.35738677163465 61.15726021390221 373.9506449500075
185.49569839661345 68.31945129220335 379.55974493853427
192.92073642146534 75.01455210469257 384.29341050022396
188.81566867965668 75.76684552029339 374.9575802158825
190.34405789891434 68.1663327518931 373.93269063028515
199.9036084023944 61.180592949957436 381.3834135860108
197.14950577200918 70.86877057080142 390.3350316983489
202.98678397669374 78.47241126546271 392.5241329067149
210.36544578213406 88.24211822973956 398.6161285825357
205.0360181008904 91.9967916795534 398.31961601233445
208.28780387030224 94.39512510382339 399.4596034488482
215.1972610294777 88.06506656079195 400.1808664892396
215.97681662330285 79.70501695973026 395.512278986907
208.0417667714161 70.201465099769 385.7228414190938
218.00202895519766 61.57370167472234 382.55225543622083
223.82426131333025 53.039233648078564 391.9260048757409
219.21365379862766 45.72478425877622 382.8223390450722
210.45266547742318 46.67604688430792 381.9018012927315
212.70829204859993 36.80215737615302 386.1237761285352
214.69756219965691 32.2278410589168 376.462649427496
205.09979194882456 40.38948086887574 376.0821358385659
208.60877294674518 42.72400425655226 373.5341266425554
218.1679108886264 43.3848847094502 374.5406743299894
216.40636326347865 43.61740956180164 369.8958103116024
223.79410903782954 53.12000412703257 374.0227221381724
222.02527079163804 46.038790255349696 377.75428739488893
218.75802644616468 47.453066080716724 381.59781592232173
227.9287021388925 50.50635040915787 390.8569880348254
232.48999439567285 52.69114193233899 382.53483020540654
224.751287365743 56.45637487104709 391.098498407643
232.60795994861894 61.36702130297671 383.8450223569542
227.29035389693956 60.466898374040234 383.8221815456843
236.7373629875116 65.0814669886072 386.04315819524294
243.03904475600677 68.94908895873968 395.31958638537714
245.15310446537717 58.96958979991131 401.138984684973
240.8212009786397 63.005756939457335 393.57068174705137
242.48756777406157 63.06886792838191 386.52112175327505
242.18103405606337 69.05014895121289 381.95736860524227
243.17961326982078 65.74713941085824 375.19697678593303
242.43111594599665 61.201862335723604 381.090268066221
241.01717659085236 53.95421103141269 373.7379921584128
246.49613998156633 54.27953906786825 367.9742594920987
240.50640588289835 50.59982672312555 372.3898295321212
247.05501681164802 47.68404466135856 370.06407007009886
252.5276685160624 39.696893460673586 374.0543312684159
258.48689514958846 31.429799970457466 367.7024824969114
250.33389780810643 23.952093325409937 365.7638374542319
253.10223790371188 17.038029933515986 366.14336851245906
256.5908409942023 8.321056399687297 359.3650739307671
247.25751541238415 11.949728850086988 364.15452226172
244.75756656290235 10.326093556645151 365.9253953472116
249.86638501945043 12.957786852763121 360.9974282995271
259.7618181062843 4.55963019074413 358.5438327603795
258.8028727078682 0.5480919232764832 365.45141772072355
266.7206609864749 -9.410936328300824 368.1410081001089
272.52152533097245 -7.633878700402345 362.4288677526203
271.6582057956388 -12.265290708047662 355.66776456199796
262.4603305380428 -4.006066974259875 359.20976063944045
255.13571135892053 -0.9413697315762568 364.89527770892664
258.1422710611374 2.5761927271176313 360.8565158554422
250.7746570691139 0.10374439767455801 355.63116127007606
248.95563205779536 9.664656514979868 363.240850656711
257.2383727770498 6.850585394542887 365.7748428060043
248.25532286187988 7.65649586007725 361.84183461232556
253.67637393807584 9.046610778827636 366.3710171056668
250.9644210974792 12.409156025899698 365.2548849218504
243.49853963229236 12.999386155703908 363.5049906539586
245.32411427470112 4.230297500290543 364.65926160319793
254.2980126094744 6.380340321560858 370.3089579335843
256.5920619163757 6.083307320995191 369.6648919903694
254.75730191149094 2.054368715147712 377.1982702492768
260.22427860803697 10.287431400876985 376.4462727133032
265.5762664529751 19.780438616073294 385.8204846420699
255.87560631014065 13.440953589686785 378.409154377293
249.63205914398142 13.161851903669426 386.87690349708623
243.54637344505707 17.48103955575896 377.32151011230354
243.10566307746674 8.224799046761921 376.2273419055107
240.55478713488944 12.075206074822793 381.50834133144525
250.36074534185434 20.946763562210577 385.8169063434689
252.04586096798297 22.325058388633302 390.20451777283654
257.5934980159422 26.195194579115643 389.10124127976076
263.6900564977088 35.75626417014466 392.59883491493747
267.61543840714234 39.254255007523966 386.95241324636913
268.079996125474 32.971252615136734 387.063010234177
265.73772646808663 38.56487223460823 389.71540800189604
268.20087298022327 42.88465419910581 389.81833519282077
268.89578476562735 39.06585234049362 386.60838522786224
275.8541732819691 31.426842760362504 395.34157045634305
267.70705594949465 39.76536587168809 388.16739786039284
259.88415047804 31.852917496505025 383.22189834843556
268.4617263938105 36.37995110456163 373.80280274967043
258.99964797094907 44.81357482140599 376.4769495522604
250.13415588912 46.34802534481831 377.12069147981646
244.72576924747045 48.21829345109684 386.78111495424935
243.13091197332412 53.39884392687847 394.33352472728865
235.6144544600989 53.8962689372359 394.05428951465154
238.29531690400995 45.476606555792515 403.22157504757985
244.8387692326326 38.07711811555009 410.82459843278724
239.41032992613938 39.17122034752549 412.99203463255367
242.54697293501204 44.4458208183985 406.98883600518496
244.86570279786682 47.398393887106074 400.49332354307694
239.97684088932868 41.80709537082194 408.4344112489358
236.7128366282771 33.30151483481174 398.93550302016314
237.21071355819373 30.381723446241637 405.906474728824
246.5484874569328 23.462154927554263 397.41900189713
249.6092608254205 16.867849414506907 398.73339870847076
248.42666930034252 23.599678180639525 399.1001194192773
253.42409246594698 29.92192223229899 405.9039435036783
254.48301230265324 24.957833786357885 410.53223411337626
254.61683041690821 32.922630759103214 408.44104039885815
263.1121933869173 34.48018611688111 410.7789923907539
257.5880363333529 32.58567156707928 413.73746769466027
265.7621890099508 27.23026622705187 412.5367392963639
258.2473977857446 26.2168201351637 415.1295382896238
248.34921100262534 31.9295251933288 410.72332623269097
246.03635029742108 24.535176109124077 419.12926276293695
236.14895772429585 14.609923169970548 425.5667025753703
246.04298185355202 21.06766824896374 425.6759457099258
253.743224349174 19.65737727989064 417.4368640465211
250.57359102074383 19.018893785645275 410.76196857610165
258.93124159933853 13.807705583574936 419.4863386190461
266.7472863776171 23.682797274873725 415.7172140664279
276.4041587356608 17.064050889755844 422.67792092338743
276.37086773688367 16.917067979697773 431.42617826741827
276.52695275430574 19.677976621514684 441.3320233709681
275.02708859921665 10.41785775621665 438.81516844863313
271.49203079037045 7.16151107686507 432.28124158019546
263.1685295111303 11.949643612007126 427.06143540748093
257.2657692192948 19.673612505521294 420.3087002348623
251.6151893260485 15.626336733775306 424.5379319490947
248.69424634759704 8.249303296105793 423.207069919219
238.78897811848557 12.280012444395924 417.2027676843378
243.10987357378073 11.140077495194785 421.1892271632701
240.84820505572245 8.882761682224602 430.4111126120976
247.37248949570727 10.849732428409515 431.9662641029607
247.49167040740411 1.1527528522144443 439.02860436203866
254.13230340299134 -1.689028695864863 445.8604249169052
254.53552680616582 3.2801031856584224 445.6811867713489
260.5393893772075 -4.135395811417835 454.44856304015764
264.41749529920077 -6.230465555776415 445.61734385224753
259.20159085208263 -7.282109066934792 440.8026047710926
258.68813875396063 -14.360608337227427 432.3667470093583
248.86387313106155 -24.16103092621512 423.70515117160295
246.06355388882415 -33.53431500462153 419.7047224590775
250.6690463042499 -40.42770580284438 420.89280952181053
243.75910563294931 -39.885329309288494 429.37355974249255
251.27087451674828 -38.638770076198604 426.2831157485748
255.29792425016348 -29.696979292914243 429.4351004867136
254.33568403084752 -26.438399775950025 433.51658782488937
261.83127579395153 -34.73235011805302 426.9034927650474
260.06375468046235 -34.88425631243259 435.6438207374992
254.5650025703147 -41.18200568806279 427.0356716213468
251.88056274581572 -39.02637706671204 436.31365373640523
261.6421593860034 -41.8217744141043 432.4200016780053
258.9462240730798 -41.263960167684836 428.27457410929617
264.82399719635595 -32.574587259149666 421.69978386560683
258.7643232593728 -36.764638327926505 419.83535221074044
261.42914676428273 -33.67423341594477 422.71179256088163
257.97856009521547 -27.751927940539424 425.07439590608146
267.7721603573662 -26.367532724360633 417.40629014375196
269.90012075484776 -26.593331835973917 411.24909543138233
265.9834624050303 -25.32609240261824 403.0318192138948
263.90162852475004 -30.926040421702957 396.66789256201037
270.40422843136287 -22.202689173314692 391.61358089273295
264.26334972471244 -19.51473818275504 393.7985853002333
273.9863726329152 -27.6071504939527 386.6836222417274
276.9142357965528 -25.639602053029687 392.6726865913398
278.4292761215343 -24.429616125732785 384.98212482590367
270.7995004290895 -32.94355154157326 375.8583740361746
274.10713368045447 -42.1911764877943 382.96296450161555
283.71001745808167 -46.90801763472513 375.5710138777787
284.99337326116205 -44.28787010803259 381.85394270830824
282.3047749670972 -45.154048242578554 380.8438151875784
289.1274347172703 -45.87153699789199 385.22178233594343
297.56105553401306 -50.585265478794106 389.5556930289016
288.4872153157275 -42.36634478402087 395.0076268776606
288.0379972952554 -47.543801284105925 397.1382803385858
291.2047976840976 -51.05819219299369 392.4794145150908
294.0455244978565 -46.68912275542902 382.92437169028256
284.48930887265686 -45.214265126126165 374.4214561427373
285.986900879227 -39.943612449870535 373.1066527006451
284.36275722911716 -33.00382384384609 363.4727161655925
275.17869561149473 -30.42155122126263 356.54931056865144
284.0412526681079 -38.518029830734505 360.6886015817963
279.70501287170254 -28.53068158903122 354.44177987026166
285.19827785467805 -27.497401186938358 348.687682675331
294.6461179560726 -22.149809029033023 356.64441706041396
296.82595300677747 -19.743577646618732 360.94773265810846
292.51271230646057 -13.840160791513176 353.3389246125652
284.2486887841795 -17.768286166111633 351.3176729278129
282.68714024493215 -24.871512586953262 354.8351158264873
288.0573430246925 -25.83288846768531 345.83486684010734
283.289288256011 -16.678307979648096 339.6819519664793
280.7679208386557 -11.765159544097552 340.61500384881236
276.67244749821447 -5.893577031949124 344.83693261888914
282.4537622499222 -3.4230447135647997 342.7834905276285
274.81885609299525 -12.806124078046707 338.93082409918037
265.25884872083424 -7.298811741632342 348.2197702982727
261.28741162466144 -0.21609727923977218 347.28622993174247
254.33792849603262 7.394416430728815 350.6991547160756
255.8614581376635 16.89446947076026 341.6307155316871
247.34643493401043 10.823838373091325 343.5141085209944
250.12604173872032 13.072831218417729 342.48446327257005
260.0864514449939 21.782356809701646 344.3845610703591
251.8063317939698 12.09909709252339 342.5192690593496
257.7765109723085 6.329944935959997 341.6516950489751
258.1637912374132 0.8969495736483779 344.6495145761161
253.40149474868417 -6.428062133909888 349.2191707201745
249.32539494020767 -8.892211107119165 347.9717757677224
244.59820162832463 -12.139557090406056 341.93132664669287
249.412793092537 -21.732268099676396 349.2328806031854
246.79277543443484 -25.54863718474069 347.7552892556102
236.9448267165531 -31.687552390505793 349.50253831436385
230.34424656451048 -26.196405994976125 342.7205482337659
224.1139834682101 -21.245734712170304 351.0989840815835
214.6873535816708 -11.918903934853677 353.7986094358001
221.61160105543559 -4.824509020891656 360.6078723879896
222.328613414081 -14.101325968031276 362.84267002763136
220.0044012142925 -13.660355954153703 355.65077218420225
229.13985038020354 -18.095787658718663 356.88791241637483
226.06338455975202 -26.935498354888303 349.97693018866545
230.01370478549734 -20.8185377882739 357.92346607810373
227.69213682449325 -29.93967837641341 358.111933778915
230.84823546119833 -23.349012534671807 363.3368367413942
232.08294869009964 -19.06251725704685 364.6200808521628
240.8788034851052 -25.947965048128108 366.09087875224105
240.31580871129202 -20.523163620414515 360.52332602620737
237.6642568485699 -27.348562474702057 365.0781673081823
235.8409742581586 -25.273729817165606 363.2171229648937
228.56908263012846 -28.68584751494728 357.877374900657
232.51858512231058 -37.78747795997992 355.68500832279875
231.6202256949778 -33.459190333831465 346.8958316104828
228.77165002213368 -36.449857039014354 355.6478150144057
221.17461617964778 -33.33059573696538 355.1219193249439
220.19433006948242 -42.97156874335403 364.94991558864467
211.44281851290998 -40.365031520413446 362.3570926413929
209.7687359508988 -35.27216673987629 353.19589099179217
203.6571185733037 -34.582920832014935 360.8529792134326
213.06458506696447 -25.895952619073235 353.28296658194523
216.2072824472135 -25.195833768330964 343.6999058768853
207.8450204508562 -21.90604954286362 334.13409561758846
210.40580576457555 -14.067258529569688 330.9299462834084
205.8647614823513 -22.331693753014157 340.2406760279276
207.49243324335225 -28.37804402186798 340.41796170417956
201.60634271392144 -19.580366114731614 347.9922851226061
204.562368284568 -23.07417268214006 357.8080292633653
197.68810375209506 -28.946773153032193 349.106443444682
199.2923243630391 -32.41212016599816 341.38311510049
205.28962590565223 -37.27521602681085 333.69765484112537
209.16287035063579 -40.07090704821079 333.4346239445889
212.29425159608988 -39.145931111848206 335.7191616184641
221.89939836722684 -37.064618343793285 329.3146486510533
217.70618921122497 -27.137730947450567 319.7438856941467
222.3142494671109 -28.466358071805523 321.5277018788537
220.1239712368788 -29.145449290826868 320.4018851555483
211.88677589642575 -27.85181333028956 329.91566551619144
212.42930520671786 -31.080475770403574 335.19292281556375
213.66339462053693 -30.403625647952413 342.8358431493994
220.8531540088883 -35.45389765816992 340.189701017801
212.46967792196884 -42.866587461760666 339.2476377875553
211.78807937993872 -44.64195891879496 340.87137513014727
220.3483156910501 -39.38120733047838 350.47690072686316
226.84787167694594 -48.161559599323375 342.1821052877361
233.7026266871928 -49.068120835335236 343.06961019047435
241.88383482459977 -42.10148573040138 343.45713407601653
244.3904194435567 -50.77760286573125 351.33227908478534
253.7397089879985 -54.306627151746696 358.6809538716626
245.73121743306592 -51.23083753374304 353.889375820984
241.0291785384475 -42.552486330080896 358.57780125090665
235.89071584269652 -35.49806393133509 365.991338833431
240.93509014853817 -35.05991447813983 375.95234723148445
240.41336146864583 -38.72383929660378 377.51193178472005
233.95485193859966 -38.232310908832865 374.6099495604521
233.0979586095494 -39.00666019745722 382.9275755612797
223.4545837354766 -34.632807170355704 373.27202910089443
217.73644969548707 -32.247584318042 379.60965492595983
224.41964823890262 -30.626548006611888 370.7693208491787
216.65801870569123 -21.771599943402773 375.71722735024815
225.12559522201926 -14.139920964184869 385.2845073322006
229.68951535272532 -5.787551831217497 394.3712954923918
226.6824675375011 4.154969359393009 390.67638896343993
236.43181571605305 13.314584138176869 385.2546241963651
237.7199941411636 11.789050203245573 383.79989344292903
234.3544306972125 14.840029511677029 389.78850945377997
236.94867886281298 16.252419491754498 390.02832437431096
233.2752874982289 25.988593345249363 399.9770956463952
229.66553040977956 31.969018046743063 398.0655511064535
239.1004099877165 38.47949797577104 405.3449415143549
229.5094089671226 46.795395618747484 405.152136352903
225.20342013382276 56.46530082684758 411.62206625061987
223.65463379448525 66.22241131764001 401.79482922243034
226.5731140798334 61.15330537893904 411.79152098857236
231.25226435579432 67.94966896376192 410.0167542272655
239.70892497705395 64.54424579027076 408.12363257923624
230.54501223518537 72.86769644560509 399.77568633677316
227.97778839208885 76.84830559267115 398.15417934349495
222.59966848397522 77.88502033813106 395.4410579319967
214.87877229338636 71.46021507348603 396.31479453187944
218.25201474717818 66.56262956668745 388.069913362356
220.48712780210502 57.10780844887884 379.7095228775839
228.85890674525658 60.553370628873466 387.65354734251616
225.34199050647973 51.04582648043745 385.2520632982557
228.5325270521361 59.19087706729066 375.492582824098
224.89901795335186 58.09106186295027 376.9991415458542
218.02056624879177 64.74407715479941 372.80839783979405
213.45094004232269 66.70527568972254 371.90784897094494
208.91230673771878 70.09696886653661 370.055756400305
214.97351236605374 74.90599335702622 379.69732741544544
206.28052344487944 81.01958519414693 388.21591744005076
207.03572103686756 90.21235694337155 396.1741556133107
211.56732975352784 92.88722794112793 390.46358596831783
209.19196000230696 95.6573477379165 387.5654144204177
218.91711590079643 97.30846551165355 379.7966515439304
222.75222603472176 96.88651765004275 388.9409486084596
229.98391913329843 103.21754907922191 392.83402328096787
225.46342048926192 96.99390636445246 383.0750951244196
217.23538845062583 101.30720917456512 380.46504062230537
216.44773309810947 102.09399811659262 383.4188136819949
217.86027081988823 111.48760169087848 383.88994517772335
226.62107953423333 114.93696670075995 393.4918581011311
228.62966530280553 115.97931428161695 402.8470904983121
231.24632028049464 123.22462870993303 402.760980971535
226.671777434328 119.59038934635267 411.5846044524329
227.52235795467783 119.72932006309577 415.69481911366887
236.72348476709948 125.64863536125105 423.2082871203961
245.39476721128804 115.95067840787864 426.7153334799233
253.81742126620583 118.37786167815713 431.92499255114666
246.4095345972496 112.25530435544037 422.57270434674075
240.92411839928468 118.23872154905297 432.2423614353913
240.8473477917471 124.86560325794697 433.39965745781467
237.77575130997826 125.6987027746013 438.1651631819079
229.5009423299798 127.85669949694204 448.15616791988714
223.5227491859553 123.62000670228193 452.2694350159535
232.3391701645414 122.18928868891759 458.13147748433494
240.88990143447205 123.26070890168734 451.776480031694
249.73003469693788 131.51030180646882 458.63095792463946
239.74318254130466 122.47839221736706 462.5657868898315
242.43362425924258 124.81624248648342 457.6220540054615
240.10693372582057 118.0340404839633 452.8457779136642
248.42072544339558 126.73549912419176 458.41792369661164
251.96334587695816 131.90317090937995 456.69780227533414
254.1589789320408 134.7341467364793 460.1209328956841
261.8303929775741 144.54801761672192 469.58925669914083
269.7664897610969 139.69705146679658 460.4790802467634
266.4978367377673 135.5482178215449 458.8548658540496
260.54429624455844 142.0625008539547 455.19834893438565
257.333215644204 151.22351052822017 460.04626042092144
258.0263054076827 146.80522739213498 460.5025971885006
258.5235922480816 144.96860845935535 452.78921409693595
267.92334967584014 147.2699333000768 453.7771726419595
273.4674843148161 147.86813539071133 453.50866490756323
273.22552259310135 153.22600686175176 463.0329924640433
273.258400832492 154.38324736683177 469.1441207463824
278.8971040953094 163.8301126244259 466.61406842484695
275.33745235894446 160.96852811907334 459.11463240816767
281.01030868118306 167.569964342987 460.5329670114694
278.1462833729187 166.87044460472768 458.3033431343094
275.294894030438 168.25648181488646 452.862666464094
275.9830259184598 158.57345553932453 447.58260610964714
285.58310371864974 151.82827595693465 443.95698876026785
293.4208520353164 148.21885108419954 451.97548343887445
299.25844767793103 146.4310651297618 448.30602853274877
300.75185646440315 150.71938904474462 439.9368254596875
306.4442284876504 154.1228324934763 436.7188317513499
299.27761576216704 153.59329264020624 439.9871143265372
303.5782127409965 154.90488465032607 444.15561229790205
303.38616972539796 160.26423388410132 436.7463265051179
301.0137458437678 164.85259964007216 445.50458391727346
297.9042806869813 166.15189126948374 441.1576218298388
290.68795436614755 158.684468140136 446.38936137351703
285.75125112736185 162.14153901925016 437.7754910069859
293.31231836090626 170.4764347235867 443.47479051629756
291.36052773337286 161.74346781771575 444.7266595056762
288.48257261792816 166.7538419543413 452.29903411635723
287.3895855699423 173.8191594506234 455.23353765856024
277.7498640764678 165.35162074250837 446.35061038476067
285.1997436937713 155.60685850077502 455.8304170755976
294.2453908440017 151.04692335558218 450.8138973378228
284.31373051833305 152.94719963495825 451.60783705700123
291.1104155202592 162.00355387989333 448.16649643307335
296.25519792683957 159.0689308229678 453.30805498966043
291.24565415399854 161.55498959386225 446.7378559532456
286.2742898136528 170.29391465601 439.828067637793
282.48061381076224 169.5024390894897 435.10237516190534
282.1373811806074 179.2036268624162 440.9507733319808
289.08983110692833 174.5906978352672 446.98482903964003
282.74143520767745 179.9753713535249 441.140399635188
277.2149856366094 171.41946210511944 443.6838682073048
268.8591004841861 180.9296692541447 445.9172850555715
263.49610381980204 176.29100260714944 448.48884378884105
262.8720976077062 178.09987396106487 441.5025456661325
271.3804521667262 177.89367847358403 442.3108042192771
274.923907573824 173.88299996731206 449.70000683115984
273.57472053262376 176.8079178407346 441.1305412432925
279.54750357793637 182.53453199416927 439.71175407744545
276.11715471540134 190.08565381006517 441.6726279672542
272.91538635957386 198.7314010737032 439.8404225876487
274.1978628008054 189.08477641589704 435.70795419930715
268.11487138315863 189.85484454838104 427.29769512826
276.1506211123897 181.3181883255559 433.12366540728704
281.2223458647581 176.0260783560499 430.5230656236651
274.89274484628555 179.34056132614612 439.3021091202036
282.73589165982764 179.68885890797822 444.3329227105834
291.5571977702199 188.53958796662423 452.4592944071513
292.87746903726645 183.49391576066702 460.1716670629455
293.5142725197443 181.0615417485592 461.09285758960857
295.07275137142653 180.58320213099793 454.11460883473626
291.10841989283153 190.51098873845316 448.6491906453906
299.98727750776635 193.8385193685718 451.51656366040356
295.6610131437494 189.47393663571307 447.7910342131545
300.6208226354905 180.5561647314204 451.8202997884156
295.8312063653504 190.35490148883602 450.74681940676226
292.7454431708779 180.58436087426398 456.0180712042965
288.30532682586096 179.67920046253332 454.5373386501583
289.89244231168595 180.70448750720797 464.3127452165236
295.0337012958178 189.57653242287302 455.9356312972368
289.21181045140247 192.95795776582096 460.16760233050655
280.21163318255407 196.86125227152917 459.485933451598
283.36216375880525 187.67096722851767 463.0737745424697
283.53911578953574 191.38850942337513 466.4121331062148
284.0804715135944 189.81154268910456 471.0050403352515
287.2000771699567 186.28759189480326 461.8477936859273
291.2306209851196 195.84599390625144 455.42974430270544
288.5338279782185 197.5981916781693 450.62024705489927
283.27563371513713 193.1404827500285 454.950234523214
288.30793094094446 190.94263427550604 461.1465260316893
280.17320364775355 188.46194894403692 467.8871197291117
287.34500671559596 192.03882945198055 459.0941947821053
282.70944011531833 183.89226917545113 468.03199283740753
285.10535718203874 178.00879302932483 462.7300230378285
281.3449080689878 171.32815472130437 471.9349573265511
290.4806775798512 161.86689024209798 462.0044770162662
295.37760689724973 162.67862524599474 470.17430075729175
293.5584133477256 159.05957073583565 464.5219874356488
302.7908021166122 164.12075661233763 466.5571594518729
308.0547501347622 156.31445369554618 470.0722215737533
313.61273179903634 158.48253902950233 471.94820982602795
322.9945102915167 148.9498409376623 471.4946794126849
329.0445474769534 149.45854451225932 468.607941727032
322.93016764461953 158.04903002025904 473.3703481090979
316.7598399615534 164.78535897230336 469.17612118708547
326.4988547804462 172.70715509571397 464.8298082676307
318.89255167970913 167.27946243014716 466.94631880199523
320.9659562089837 162.97527128602633 467.01112294621885
312.2137415545273 169.55036503942398 463.6865430816752
312.3830119537526 170.2321694266568 469.1160991889722
315.15099924323926 176.7164881775236 476.5389559792089
316.7092434043084 167.47447556975172 474.19723923192856
323.35278248892763 159.32018215333292 478.04693984841856
327.46973014173244 153.06933171877245 485.5982901845193
336.6349743395519 145.20225409860225 485.46435751985615
334.41240574231927 145.66633395094163 492.38995170072644
341.349710322885 146.07314463732018 494.25084858251523
345.87040032370595 150.06031753530837 487.33148940771
341.61518492845744 155.49608471747993 491.99267522877545
334.9452210352405 153.95484441830857 489.6460956916773
325.08862678301125 155.15154431834856 494.4578002719858
333.01114487950406 158.66556238338154 492.7648317881129
323.87620435395155 164.29949076392887 494.50877276146923
322.91914933537385 172.6410340565584 500.62185113976614
326.29556610446025 164.77920882145602 508.1789866203606
330.1836382875267 161.85909237989912 500.78326731910687
321.83964304543963 165.60511932002225 502.4507814033173
328.2714433674869 173.3977123195538 511.13187350674536
337.7225876644319 175.99629892021431 504.18927510616055
339.12922096840776 166.5514276430506 503.3774625448524
348.5573432926805 171.33740564134655 504.00198425760004
348.08188728883516 164.234110914 503.2298031019974
357.6518095335039 159.27728787917872 512.8394868788221
367.0227252594757 153.19247996341434 521.5380515047597
361.8276863086651 158.46649511545593 522.3729047063028
363.11625049804206 164.99160257041288 528.3887920867442
372.44209765555 174.63420678471013 522.7623986958138
376.10970585448973 179.71036985153142 530.278579577957
369.3613995314525 188.29469991350453 527.3902611941949
378.64348258469977 186.02030300572517 532.7247641399954
387.30374453988924 193.18842413666724 528.8427705039323
390.7737583795868 197.46257220144312 538.7898194696974
392.54849588374117 205.22416568741676 531.176389344337
401.5547845731877 214.7557104864649 537.1664227939111
396.7364217583238 219.83126595726986 542.3759732686316
399.2688072166314 228.30424649576744 548.7901339092767
405.07675469955495 230.56678249495369 552.0485357422048
405.374042320431 234.40996449361683 549.1188282409363
410.44647978025523 226.0396396373651 550.3482839974068
405.1529820121004 225.61908292095092 551.8713069257432
395.47042059519794 226.94837091203408 545.5620734891952
397.684474829888 220.03256930277826 540.2050056489893
401.6584657848141 224.37793269394876 535.5432501899827
404.64447718790916 230.4401656422743 528.0267317362833
399.0699980757719 236.37585863999155 537.6745805071638
407.62536305658654 235.6370545439182 532.5458491314338
411.9796936514853 238.40095090888846 537.3925847341416
414.8530068729001 233.77785317643017 543.6943984326406
418.2467513699909 236.86385899965953 544.7023447554576
424.0172567271381 244.0886458652868 552.2320202919984
425.3045984005496 250.1905025189833 559.3988593730934
422.5641832895766 244.28007883706255 555.267882316494
421.4288002725091 252.00727715244182 547.4974598072451
422.2622048745023 255.47043621294392 546.7137930065717
432.06194955559374 260.65287537972944 542.7208066279804
438.9239441654774 260.0481260317742 542.0384494836727
448.70513199240867 251.90699819129946 541.0316840205729
444.5410787422843 242.24709461260997 539.4925565825663
437.2219905273265 247.36461672990387 544.3697200507628
444.67169826798727 247.88780789279247 551.7175897963641
437.5866798944734 250.90337020052115 544.4494446549734
441.3707050328343 253.37926226706097 548.8173220513164
436.1811405732853 246.88748074018153 547.3870393430606
437.64072282321126 238.8522912498831 544.1812386240733
445.16658804697454 237.9325508195088 540.4348057703216
440.0040177158258 231.51344758878142 549.5511768445919
433.58233875067185 225.54472944437242 548.3139532391332
427.08019241635367 229.76330742453246 547.9620364997575
424.81226451933884 233.24554579823396 547.730624682061
422.02125449358664 241.15383795727442 546.2322844290886
424.3271204207244 241.2679099437108 549.2178890718703
426.04513882644824 249.58083030881903 547.9350468542366
434.0348612507284 253.72801810630705 550.3440024930909
428.1086031501445 260.15967418358235 556.5792052302157
422.60772241170184 257.9692361912794 548.6229509728656
418.5784142175376 249.0512150485945 551.1927102996344
427.16720037535435 239.20018758160572 555.4484800543718
425.5694717420365 236.2365665871066 555.1917973753181
425.26937724146205 244.84862187917216 551.1641746068084
428.27149627317556 236.08199563800952 548.8293193024062
424.09098425428334 239.88669824825968 545.1141115793345
421.22597212576943 242.9835375350329 554.7531841060724
423.32854720725277 243.5926245297988 553.5962157256647
423.5954857656088 242.51705073837488 544.3586311257324
429.87125383137493 237.48689994961538 545.5261505170341
425.93659071376135 246.79601061502936 547.4160381144603
427.0488047416386 249.85789142991783 551.220084925869
425.6870284733204 252.70674701728856 548.5781442674756
430.9645188223927 248.6668740900821 555.1918350855047
422.3460560684615 251.51875631099352 553.3188165629153
431.0051754353588 249.03850774123987 562.5946778081229
433.0452216042109 249.11320317277284 569.551760644538
439.8532359557174 256.30616220701955 572.6068555207364
431.713811712043 246.34285783150705 565.366033716433
438.3493513960402 244.42687075531907 563.4804529697867
433.00403602154535 249.63724109526794 560.2228951043654
436.501438570095 243.685002039827 568.9586946864366
440.0354708843706 250.07117971433397 577.3839534858117
431.62061893770993 255.59360444383634 574.615824865225
436.56617536122167 262.1483828038788 568.5356875998931
437.0598559062124 262.39783794790276 577.9199816485009
427.1473333685095 268.33615694359656 573.9796305306654
423.0969060561753 258.65287489706407 576.696426910277
417.8031878442193 249.744590052912 571.1534593382116
422.08401413035176 253.49179551354956 579.6124235879338
427.7000514063766 259.4863611685818 588.1728075053816
432.1662187960143 263.2234474299217 591.5689598053694
428.3912602037927 263.69555123507786 590.0657816114558
432.1089462259873 270.30909767221084 594.2854612288729
438.0790029678767 276.08292559613074 586.681167483642
445.97097442035215 275.79899931177016 577.9475477088963
454.33735945696196 284.85843099613277 582.2454864680873
457.73518328557327 279.88401434939783 583.8063490121274
451.76534862676556 280.56974590067966 590.7558550808748
442.4520815521959 288.98764392547565 599.4144607221234
435.8230928314756 291.3437868438951 604.1435923523841
427.6317801152791 299.4295350797875 599.4897543906509
422.4567542779155 295.5150683072875 593.4923795779389
419.45412581319437 304.7544299347034 594.5096809031136
410.3134002024945 314.65494402847685 599.5933346007026
410.79495561809495 323.57654465385457 594.2175028854955
406.317442319188 314.48072145095 594.4852946323957
400.2345814456981 314.6392831119464 597.2243040444234
396.71107641420946 311.2909105215738 591.0141539216302
397.79790450060125 305.44789820181876 589.9636795957397
400.09616228905435 310.49997268809875 590.1629692644316
400.4332236652848 305.1777432515958 581.6385511325226
408.66707841309636 305.5252438059118 575.6432042538812
408.4998913862721 296.01756053993597 567.2958974616595
410.7770409115946 302.91124990409674 567.171727519025
411.9301991317519 310.1205794473573 565.0247315901801
419.93023602305766 315.1202556589267 575.0106800651098
421.51997965740003 317.35716019308853 579.8486318204958
414.3151650053763 318.9163676848466 584.1009912223486
408.2611769302012 326.903423534325 579.8916212546856
406.30743072360144 336.5811409214831 582.826278371999
411.8600454003176 343.9138140005926 590.6728143750847
409.9919433312757 334.5762037679685 588.9792229947859
405.3685864357336 330.12893935983806 593.4910577634649
407.30620455044397 329.4178911311127 603.0352729766886
402.0650469453736 339.24008917911664 593.2566228469608
407.2689679106903 343.25119081375254 587.6643387155464
413.797717972371 339.44976729093986 581.145858449005
415.8532075521264 337.94905971471076 583.0339750394654
418.85902683516537 331.48181340851005 587.2290596349313
417.33071921925966 328.330204985615 592.1181468321397
427.2791234971662 320.4799435112232 598.3958318705639
424.51681951846655 319.9799108743691 590.0806959998383
421.2337884400478 322.3734342429828 598.172432358366
427.0848346231675 315.82710225670195 593.7492581383906
426.4509260654848 321.0378383826188 595.4291164112489
417.06979148852787 319.6220372042705 596.6751341861581
412.79814794265616 313.24224025473035 600.9052419486305
418.8080296677571 322.2014294107732 610.0005783558354
419.30867162435726 322.6244169213636 602.6154802859852
415.1286373770748 319.5702220467319 611.3117867021707
424.73946828132307 312.4027525460206 612.6518445919174
424.7016193102613 319.7584259222067 621.8872825623115
418.32837919351414 320.4378621312335 631.4557283028723
427.10669116109807 315.02899550658697 634.22267055946
420.04927141568396 320.4042799883575 625.2044462770867
413.6485113444083 325.86545077261945 633.4056166966536
408.27519139355354 335.44997231391295 638.4120420928436
411.3841129001563 340.9915319157662 646.1221114772997
413.6798357603201 338.79905899544104 648.3985229064035
410.1117089983144 339.16125561260446 649.6179867536695
406.3359938085683 342.96316749368526 657.6765253882801
401.7190733272558 338.6696441885821 653.1761258416578
404.9321388991173 336.13909322308547 659.5699326014354
411.24525392830776 335.6379681254209 659.5214618830557
402.80037973097325 332.0263601794402 655.360418622864
393.3827282243987 333.9751722673145 661.3640777862976
400.17299926205465 327.8225479425889 657.6856087647748
402.839570401863 332.201102547729 657.0667899034175
402.66919749759404 337.18711105554763 657.6024908771275
397.49662044522745 345.96231264839 650.2452788621118
403.5716932828868 340.379159412565 649.4108014655308
408.3259596101786 344.30840937676453 640.4551571339388
405.80849500361813 334.7177626748373 647.2531462308982
397.61026918586515 339.17650004366743 648.9583334347382
389.28298275702093 337.8569372547047 650.0494157482964
384.5752488307863 340.64936203401646 650.715464350625
376.13534744265087 331.5890673592039 641.8477350799577
385.0138358888461 328.5825830009737 632.5654870567676
383.84784487703223 322.33812808340514 627.5108077162056
390.5756838336393 317.5313256983186 631.3454472240223
393.82732549225807 313.6623440335148 637.696997290638
397.39078514690124 319.4232924673025 628.9357900382435
400.236374204391 326.54647923876706 621.290983197271
398.3992387100321 322.6781797114745 622.189786241458
400.4285193739007 329.4424069537604 622.4120913133492
399.199081259988 339.2149147227319 617.5509501904972
401.57094520963403 333.06935749470665 625.563576043604
399.7760693636425 331.79301928515696 615.9713665360111
395.4551096309153 337.40126168959426 622.0973631935052
396.3305907081314 342.6565595232949 619.3358921798482
391.6684671618694 333.0709333704095 616.7126768827767
384.27764607490855 333.4680185666828 620.1598041312001
382.48004824249665 327.54458447678775 611.3728437766749
388.2675964407924 327.60898757256734 611.495283082072
395.19411156552025 334.1731056807476 616.6559976766538
401.28045842324036 327.1583979219627 617.955246688117
405.87170579935446 331.46948172252047 615.3451182451514
406.18694019248676 322.2858694574926 622.3132699879808
412.89170694609294 329.7331936295329 614.6797468534087
414.9970199381535 336.7571695018701 605.0214490725781
412.24646177252436 345.14447536176147 602.9820562204092
404.5799272593594 339.58736330299087 599.876107382748
412.61501122429837 340.8296079793163 596.3911055384891
403.4866613982746 331.9235520269665 602.5609206885453
410.4618335702329 330.8844450548672 596.5885542183743
402.4960963537981 334.647960450154 605.4370460180855
408.56678509945226 334.5935428433286 614.498993704912
411.7482799898341 333.11491537747844 621.7747962609393
409.9072949174958 325.157584976693 617.9814989682476
416.8630665368199 323.0326158433463 619.9980591366431
416.77409736875234 330.8943383471796 618.4148647953314
423.9671636539662 332.5395048964293 627.6704790785552
429.638728843596 324.149467113881 623.6355598472674
422.4324907338674 320.38596442877184 614.1029005634335
427.0958206604528 321.2781674758819 621.4595003192729
417.94595960957 327.41603535177006 615.5116649651462
416.09136796676194 318.3895620782476 615.6801333083374
406.61875465180407 322.29043832002986 611.3656286989498
403.38961831278607 322.52077346756334 608.2551086334464
394.3786168811274 320.34300443527576 608.7410612174124
402.36736932413675 329.87448918321894 607.6686664145436
396.171817623167 320.26335191889467 610.3820218247946
391.4452160659256 317.5475539411968 615.1647304669724
399.80887686045475 320.7358622800341 612.0824114465267
398.6790939393092 322.74306983063 602.3158430877414
399.7904372493818 314.4503634311347 605.7328158923142
406.4512522108889 317.12040090159525 601.4173844613589
411.5183277484825 314.7338226053136 607.8432986686804
420.37354487328184 320.1138222096754 598.7671095553195
420.30619462891985 310.1612128903797 593.4661889123798
426.2382490351774 306.45467248088096 588.5601884436356
430.09143830744375 310.30411784704245 584.2830892094447
420.19640938745965 320.26666013821153 575.2330489481856
415.53538915322434 317.8854188293689 583.8562748057121
406.7607867189212 312.0911870473306 590.6071956706853
412.709718111324 317.5830381129524 593.4052318696114
422.2085220166166 309.5830645759928 589.0632789217083
419.19841384870205 318.02021882772505 584.797981891212
427.53367917190604 321.9197206111792 584.1573301190654
422.5985179072309 325.9975367524118 579.8497981137034
419.34851542258053 325.0521734656226 570.2429329700417
422.3635681672497 333.0016108451474 561.7765688289186
416.8405607940523 332.84986499502816 570.6371968695007
415.8747937120977 329.9132151349178 575.9072417827632
411.46672530223157 338.9640815066119 566.5070674155319
407.17214095038173 339.4785290731784 576.445536952943
411.8814404598895 341.00660552994174 582.059581295259
418.81764018203023 344.8419310379938 588.8578130996902
426.1296003190023 341.73905339011753 580.105841738804
417.00401851267685 334.65893318985894 580.6790302810986
426.91862526824286 334.56748816723007 581.7459088018779
422.7811388826999 337.47857318663785 589.779295671523
416.10437801353345 335.58610109117836 587.1885494837668
406.9904949315675 334.25225608510243 588.3404369564432
407.07268761160935 324.8352701954968 595.5397563480706
398.7949580252464 328.5987256656671 586.0564809747555
400.71872295458934 321.05951664187927 588.193928611445
404.42314901367274 320.04199039402386 594.2514768083279
401.1573692103743 318.4499398731926 587.7334011405634
401.917543997542 321.19859688965886 580.2054068728779
404.8053820816213 330.5382614201679 583.6681750668067
397.7270258622881 334.11079831335695 583.8990909058507
392.2176532638395 330.0132948951271 593.1976297611161
401.4261154241541 338.4897010498798 599.2042046425247
404.49974626619303 339.64172095820146 603.9188341118514
400.53387997565284 334.51893433875836 604.9993542278357
408.7288190274942 329.1970755149249 596.9374632623834
414.7820860853943 331.99955237894306 594.8840596838129
423.34817158827497 334.4959461938489 594.594799269682
416.2011536936752 334.5763691079261 588.8451247082304
421.4040704411163 344.24556974009204 582.412568214347
429.38362263240646 335.1245845612931 590.2430583643373
439.29311955347146 325.553941137675 587.6717867760489
445.185753899804 321.37587885959795 582.3073237891523
443.1216916115071 314.7194765859718 580.4552662662375
441.9454153783869 311.57214345306903 588.4631427947855
448.0696259230384 303.6669192957303 587.4411788815847
438.8478176169194 296.36888037558697 580.36165022549
441.58998930048944 287.0077941331436 587.6133664108559
445.2554998087995 285.409758984537 578.2214262109363
437.6050920575817 288.7449762108674 571.1242896749292
438.4633191572065 290.51818305111436 580.9476472312233
428.6631258746243 283.8298900798801 579.7409241145983
434.74126812161154 286.54545853651564 575.3764015823722
442.21346435065817 280.4877664930235 571.8996568101966
440.4398867496388 290.2950042188854 574.1997982347649
440.6210321646839 290.6098617377372 578.4129977702167
444.28747396546265 297.2100263653865 580.164092361787
436.8273818884977 305.54491763916565 581.956548023783
435.8690851879781 315.2755786615907 580.6041602428038
438.9944941444366 320.8599894344273 574.4313689799989
439.1761696480124 311.94319720234364 573.7294153494228
439.29031024519094 315.3325673581629 566.8989802969658
435.467291800552 306.56505234443057 570.5760709137664
442.4010274016452 302.41439024669387 580.2066679531364
432.66963871319473 305.8794402142144 572.7306023922462
424.57899654179187 301.9177225597791 564.8771163886362
431.7388942117429 300.4365673487312 566.827773372334
437.49086243217573 290.94295208978997 571.5626772417725
445.77523242374804 297.21724080004503 574.0325668379087
445.1251882274412 295.33825132194215 570.2437139619078
436.9572358297332 286.27038392784004 574.6939439929712
433.04865805587684 292.5093458726917 584.1012082737133
435.04503994147524 295.4112463019198 582.6286789912805
427.47893175419455 304.03828581930316 582.1372323604722
422.0007308615419 311.9885352492376 582.9073920967558
426.10769636634416 309.89281722176787 582.1728258945561
432.22964202947617 313.0520074032149 573.2342402813812
432.96837861996414 303.3676291812364 567.0198023459172
441.07488679836956 309.7176105869163 564.8643399186834
435.43673238782753 301.80961236203535 559.8924629552648
432.99788691543216 295.3480237218899 559.8148110454919
427.83409729660997 302.1143113041697 567.0330296308322
422.03980250084726 292.3883412042545 559.2925922239288
427.79892908847637 290.7956626432948 557.7199435886703
417.93468826278223 290.70557962547815 555.7112659755232
411.6687567810344 283.3320339140052 564.0870326824474
411.02811624773415 284.3489924777785 561.0714415650091
406.04248913737024 289.74213552533314 562.8252767621847
399.94620751426504 284.8008549879855 563.2348172654418
398.37292379818547 278.1406347413717 561.548630901252
390.65510567287805 282.3140287634558 555.097289438083
384.420752816064 272.7266947865477 554.9841363683347
376.6219897390584 268.84768256576865 561.5353296372557
382.785235712293 277.76085526285516 558.043064556547
383.61790531609023 274.42220152837126 565.6277286733601
379.8753703833924 272.5104088210881 573.5037930114631
389.7249751534483 267.82832040223013 575.2614913218247
381.7105688985101 258.89793990821084 583.9077843469101
385.9471305276334 267.2392707444412 578.9946668315089
381.18881977204074 264.4186693766108 583.6109355938518
380.9519742621193 259.56545589210464 576.0689084248663
390.3915401718897 261.8997500886942 581.3042837019688
391.560381033877 256.22852261591476 587.6223519170534
391.1573322385662 262.3266123707597 595.0281677060417
392.278640939767 272.2632091699529 599.5156477114988
392.25290564651834 271.591020889261 609.2755175915229
391.203461478396 279.54213077902614 608.4765219358168
398.5281473974392 287.7961590839135 603.181876271684
406.64720691708817 279.726918849093 599.2609057826098
409.171212578229 272.1687408973289 605.8952896557355
401.57186098440934 279.5728044615971 598.5352812260088
400.73362683930674 285.31526500126137 592.874573721519
400.5968899685431 290.0391932806334 585.6245100917654
409.90663660658976 288.6421668767886 585.3081871826843
405.1992765167673 291.8729058679901 577.417214360301
413.5451833017431 291.3448285067585 580.747340290108
422.84017345326055 288.18294468449676 576.3212845378825
428.6828628577697 292.2287009555824 569.4967159545063
429.2136306568116 287.88028257873174 559.9828394259331
425.95910537790365 293.28185327384057 563.4914647933686
429.4150299403005 289.6012832795681 554.7611840977237
432.0428726230288 286.4679680537991 560.2129710753745
440.06190567280237 296.33631728610476 568.4399720325908
430.08303888617877 297.5025954888206 577.2672364486325
420.69065101089683 307.01580752495806 571.5844416044522
417.3813151910882 299.8666628559405 566.5254573181102
425.0268682730127 301.82283460448673 572.7684775002725
433.00663188208637 300.2502754229065 567.0201935250877
424.77732512564046 308.41375555834185 563.811730518617
425.0114759362996 311.2296823101052 565.5617095697845
422.4520904462714 307.130823819032 560.1183411579595
425.55210342725996 307.5066859192667 555.2364839249442
427.3085267920788 297.68968757805317 554.9556904922218
418.8266259982041 292.78372501896007 545.397460125281
427.8301705543105 294.8843547776213 540.3208190092001
437.8180441724458 294.3228278826607 540.7694025867053
439.12791311106804 285.89896524478667 538.480296740958
436.49805496170035 284.4732007180699 542.7317196563823
440.15208549904594 281.55882433119893 543.6069911409077
430.2224252410725 280.03568026924927 542.0651235893797
439.26378696283484 281.0028166054088 546.5924203001695
437.27881150769673 284.7757223361548 541.2944108351389
432.6076806988309 280.592739899229 548.5813314555521
430.12890700914454 272.9033718492704 545.5692907404506
431.60043316950174 263.86357895942376 535.6355318763593
426.2461665170265 255.9446479649553 536.2994833421342
420.89181322613433 257.56375786541264 541.4588181795477
414.3987908998417 263.3448884248788 547.6886853007234
415.3286436736301 255.74792971094124 538.0987755292524
409.7949573011375 265.0375411647572 530.2401183161039
411.4530331715945 255.49124043463905 536.0846689661211
414.8942600495217 260.03410786582145 533.3398132215253
424.6726418054023 251.1962099622673 523.5008700412027
433.49202935822126 253.87007773507827 527.8751798842684
442.83006044112415 250.50325641902447 522.0482057953187
449.5685374308041 244.75422994702967 529.6970451980382
442.6107440064289 245.05856141640442 525.2760941486131
439.7538091359834 248.79285351172092 525.425271015027
436.80282546392397 250.19529896251015 516.9055859841014
442.6511851866552 260.17327243490035 509.455800274911
451.06716967923853 253.92408260961423 499.9687738869032
444.8238092977973 255.731992694357 508.290645943182
440.6044796876329 248.1929336134927 516.8801206876224
449.2598818914274 244.77724250721977 512.8030665296924
451.41875004218696 244.96971912068582 518.9432832761477
452.09165841695386 251.95366659889137 515.6958272046561
447.49217746587465 256.6163063688884 521.5967724162697
450.80186025164187 254.47281823274085 513.2585029066768
455.1296820416253 248.87480405918754 505.5911011623493
460.52166127846107 240.7942744900081 501.3535806493543
463.0105299951349 249.1845230571977 495.86838567403805
464.87692808063446 239.49298364847212 489.80696559867806
471.9162767443471 237.70877491201125 489.2372108265652
474.6972295838467 239.38462317761622 490.1564000526573
473.15552321774265 232.20427083044368 484.88515541056654
468.1912888090697 222.215456198007 478.18276342006754
464.4653706278727 229.91445764600954 468.64177743195677
473.15273074495855 229.38892334242541 462.3908479799443
466.9108328769099 230.2514422658554 463.1563710950019
469.15975386697124 220.73945228590475 464.02445886680965
463.678461246871 224.76612641793693 473.2898297392755
454.6452960627496 227.3165654112964 481.0978126988765
445.8275528101733 235.09893913681032 476.21078190121864
446.1029661894189 237.2399585588026 469.62094881533886
449.7757239164667 231.15585864272234 465.945185214332
446.9563897435902 224.29823779473404 468.95649403350154
455.92362297130927 222.16322885265535 471.15517998623795
463.9806131164571 223.97913546392752 462.0136922366809
463.6672118300945 217.0600545290224 456.661127628511
455.5796031630192 215.2300553612494 456.7789115247586
456.1973704496141 219.56977282900868 466.2428561136984
457.42511266321725 223.37665797556397 462.05585172889363
464.2850544695848 213.62552470979847 465.72648600660204
464.38606071286654 205.27539071387287 475.5310617932218
469.21483789245116 203.37023706715365 480.5567214164907
463.2230932613767 195.24111278911883 488.40284222015896
467.66799839690424 192.92753424663945 479.1003072531284
469.97271015536114 196.40740039937 478.00301434106905
470.73199905421836 192.2752453646315 483.99909218382265
466.0320461500321 186.14684223438275 481.1310729770937
463.7489765994675 185.34999623631347 483.0282695598751
465.582331858511 186.67862779976235 481.59674040624367
467.2793232582071 179.7077217845452 473.85958252049306
468.8093887011297 189.2851814400018 476.5560235823498
469.1888517335035 181.8263375009421 470.80682311988124
473.15571993684745 173.0366552888402 466.6509338549879
478.76903947350326 163.15356975116703 464.3376216882083
479.4383972893735 160.7233448470146 472.1895422093682
481.5928339074939 158.73652309600539 467.8214601746407
475.8358167413479 159.12716432959465 460.17835554058934
471.5950116690366 159.53862218546817 453.6253730258403
461.9597474155554 167.98921443994053 446.6059707709145
468.7102081729124 175.82163167011024 451.41216592132366
477.0897359025209 184.89567063373275 454.64819571118034
474.54550624215096 190.5949426280799 447.1217557971315
470.018075505048 183.0929976762115 437.9565111749542
470.75685764806303 174.40295937357604 440.1637101503806
460.85190301254397 164.8803170667687 446.0515384874043
461.18055298149835 158.28253567355566 443.12332603416735
454.9481993806914 163.41748612416865 446.46992610898536
456.91301345563403 155.29635072796071 442.70803097782135
453.5150658290867 163.975338470778 435.6221931109416
444.46352428459335 164.7795583917616 426.3150147573745
446.55192362481415 165.16202869622285 422.687438627229
446.5025457756887 168.6496286747789 416.7568205543756
454.79248645562114 160.32593998857033 408.20886935854
463.1920331089141 165.95373526389002 415.5719841670482
467.6714942478343 166.12452994080328 414.6593456272113
468.9676059173416 160.90439617444102 412.4298150129165
471.5585091440472 153.79238954293152 413.305492746901
475.91228852402594 151.8687442134836 420.05696473995454
468.90263814492266 143.92529884056185 422.67269851014163
471.81102106064907 143.14686360177697 419.48563039168766
476.71656367497934 146.0514281629934 423.8178984151933
481.715855087019 149.1063246564598 426.77034592143883
474.99837572046806 141.95740834138144 419.10981855988723
474.27190792026806 139.87294491128725 416.36199697254443
469.0772239291927 138.26978602208743 419.86924376614087
466.75462759869697 134.53382385610473 423.5761159046031
470.04320904772794 140.56369109411486 426.93364218836933
474.15850207719797 131.41253602406442 430.0263219645368
481.69596761168134 140.61021378390686 428.6677859131705
489.1633686134754 131.39542932135535 421.75960185732356
495.0500010416848 131.10966058338116 414.6056740028942
487.6728812491353 134.15547657482233 405.47901172177427
483.48265587712217 139.34325930309492 396.4102785680267
488.7556468711714 140.26973542245403 400.95827797014334
484.225942372689 130.72751510944292 400.6668274475003
476.2697253575065 132.2878210478967 394.10932225567865
470.930409019732 139.02447388838095 385.9353661615508
466.39800222425276 136.46475014088958 392.04500746416136
470.0543960009318 139.40135988953412 392.19703472033615
468.80862187136694 145.12864480732262 391.6684365073737
478.5377084996094 148.85965380383783 387.9867716738548
480.7609090429391 143.88161365913155 386.3070354054009
489.00770283906076 147.3353241628692 395.6923637863389
480.7850010798884 151.02904397724066 386.2781493265263
480.10700996510104 160.64771149138696 387.0813631197537
471.35157566773654 163.0168908599959 395.7888064631925
474.66703838948604 169.97694244181284 394.6613190739943
483.9472667507837 161.02454668232104 387.40072756598255
478.81458791079905 153.86705102350604 396.27389961556753
472.2048840320569 161.3288137569253 387.82941956624023
465.55687436234183 166.62750390279783 389.4209680037624
468.56710516123064 163.42628716875603 381.5618189096791
476.5823776178627 163.3936255253953 384.9632257394849
467.57954135908403 156.35553804379288 393.3553353545887
471.80677817338636 161.08127001543386 399.4669814851642
473.69103346754946 166.84475380411658 408.34397715016803
480.9053552637196 172.04910752272752 411.3419756685897
478.41079050852926 179.11462566605863 409.7381459879694
487.63460980985866 177.7993920165427 405.8645486587086
482.4793753820239 169.4629541381891 402.4328757140638
486.9932504338782 164.42809741498138 405.19729646019607
496.79864801786056 156.3676283497756 398.334322220984
502.28029420643105 151.9635797461785 401.22369569441844
508.54140444442913 151.3169326878439 408.99742371747476
509.9268306668431 151.41106247148738 412.60534060250365
518.44965357857 149.3597741161781 405.46629287167525
524.9762954438557 150.20375333760168 411.67939792180323
519.5286442289997 154.75667406214762 419.8722023449275
515.7854026922776 149.7364017698662 423.7315284645615
506.4052952534284 142.78711651171562 422.3088856819236
511.9124816463719 148.44355941605033 427.74021887614254
515.2317144306844 153.4304391838419 435.2416625331373
510.4503705499389 157.26863727930902 440.9355703786636
502.0034407792395 166.24094784308178 450.08328194165813
494.5674097477671 160.26874997815648 454.40851648862406
500.9132191389696 155.0795065891483 449.21311597394794
509.69401067480175 162.9404383305752 442.7339352028178
519.0436755266395 166.65472140540413 446.0301627957181
511.87279969036774 172.08597079462686 438.99330505314754
520.5874408396004 173.0128651364757 441.2749346763377
527.9861551042978 177.17014798208456 435.35900224283296
534.5565461646906 179.93209521510508 426.3969405253996
529.237515862275 170.7711590280322 426.0254212388497
526.3988207697726 178.0133138558947 416.8602833667409
522.2400639736051 182.12165906646985 423.1182325743474
517.8806003543392 182.84564740929102 417.12921840946797
512.2465807429862 184.86510735938063 419.0883916034996
505.183368974917 184.12229678572342 423.49958179768544
498.2425646635964 178.29974630542023 414.56512787378153
494.3894856750256 182.19176761260513 420.6968183986472
500.3382576336592 177.30214880863667 413.6375506580869
494.7096250066027 167.6719440280918 403.82368555344
503.93752094360735 172.12795889869497 398.00560539001816
510.4210890036451 180.42463329982675 396.8146324609753
500.62844645997086 184.88570765367805 388.7677193988746
497.7739310485209 189.2094144724415 382.7934936120844
498.8665283132072 199.13401550663025 386.36373207595994
508.1479902097268 203.41578985116888 385.79416676261917
514.7951069554416 193.8989417120688 390.8021717207535
522.5799312870635 193.59058011442798 400.2054852121651
527.2029565797823 200.62955931400091 403.17338441720113
535.1485340209076 191.2592810249612 395.9680662310675
532.7502833317195 189.70034496774525 402.1210995193915
537.1538775764495 185.5425692650276 412.0914074740886
40
411.16646949994043 340.5071445055814 587.0901885418436
417.9882832470703 342.10023234553046 592.1380098834035
422.4194633665134 335.5096639975195 598.4808004801237
430.78418711176556 321.7173784165 581.0367188547004
442.5229602654928 318.47006402979963 585.696061614582
449.63056594874115 312.54011045988216 587.1442618334835
436.05545504909435 319.9536543561289 594.0156944532027
454.20285197615505 297.97608103460277 578.5351771448411
429.6578591744757 299.1419366880905 575.5278799976184
435.51560192984226 296.51815051180284 592.2048442520608
447.82543281647725 288.6255330505098 574.3382016446258
441.9954506063927 289.8188902261687 568.4110703042631
431.6379548397313 293.28266784241214 580.173756555567
419.7862708116132 286.66846692448973 583.9660460837223
444.55434301913346 282.75276228829256 575.3968011322448
435.3917374859653 278.32260373378654 564.6736400906292
446.0533881880911 290.7388732725849 578.4137639874373
442.3094372818615 288.4398255617921 579.5439122420331
434.846908489853 303.3317633607879 585.7657034672815
443.6151403619204 299.5380462266878 572.7123410726118
426.50865165855737 315.4364349299896 587.7023798048546
446.9569405081755 317.438575632007 567.8413659830322
444.76540732618105 303.8964538770583 577.4450402834827
447.2448232269107 309.43353631399 574.3345822043298
429.32952066660965 315.3759125283383 561.5763361389838
448.0779230992754 311.2346934644093 584.8306451590772
435.10528114908186 297.5691849006906 567.5445266310679
427.25909674399907 295.6534679705977 563.9725933347781
434.9333828889014 307.9774264931908 570.9423825584339
439.3638147821528 289.1986189161164 579.5079613964343
455.0253550143701 297.1810394786012 564.8698062329464
435.61867430036244 298.6278749938504 573.5288960508263
446.2831563991052 283.43478206146267 567.8657607087122
429.8365928919543 283.84093228515167 586.4259207073784
438.9899693399824 300.1233396894679 588.9216462427054
417.80569375604443 298.5685174020797 580.9273089472364
420.9201526526719 317.486277822234 590.881175686971
417.31818251333897 316.0680839894929 591.5037504659701
436.3633597650637 305.7663853726513 578.9248071736646
434.0311908463169 307.09811329154445 570.7576484434361
