1000
493.34049924723513 214.95873367941732 175.99818131783073
500.11970479916477 215.56078368803753 176.0890805361319
490.255130180568 222.33092474947978 175.90416273386032
486.5759072802192 220.07114088267625 165.90506589975922
487.9892658451868 229.0885359589869 164.91644568853226
484.466481189285 225.1399228042621 163.81197939338793
489.2659593184087 230.451332273839 158.5847458144662
480.73017980871333 230.69152079539256 168.40968530800532
471.6201956745348 240.41338135600958 175.7784643655198
480.8009930521942 240.55027438191766 169.464719227175
481.1839196311538 236.65818337991618 165.97078360801913
474.5251663984493 242.55020473674722 166.02234063544125
482.4932445766155 247.92278327186173 159.50008038521545
474.2098627101372 244.8805247330591 154.59646466647933
474.2244488906731 244.48850231003615 158.6686710884054
466.02580192805954 241.0317781717689 159.34940247973935
475.97837660621303 247.64766449726392 152.36106684958585
466.2536032316643 249.25747219655543 157.5851136900503
457.0202941901797 256.84326518122407 151.2970989152974
459.90841051801976 250.47495583746144 145.15124757208622
457.06233305681303 250.54710240263762 145.0748081746442
458.03971312580217 244.79931973324645 153.49652912568106
463.11554964765594 248.1420176758256 160.3059477814881
466.34518920840117 253.858429355881 162.99907660102747
459.27333600791366 247.64674455540168 157.72697393317625
462.180250575129 237.84327365778574 155.8131458300558
458.45091508760726 234.23903833924734 164.4887527299867
453.9989341390723 224.9392272365884 171.57001018808018
455.1620064784374 225.43908218714864 175.95962535041164
462.625262834402 226.6982302355281 182.17184455670366
472.3731219478385 233.83464082995496 175.74019887259306
480.19721739278975 226.965391259014 175.97929034678015
481.66525927725615 221.50100629299462 174.5000389523742
489.13209900016426 214.0547822910927 177.73894938786842
486.4827620569389 224.05051307433206 172.9746899268214
494.8751437121953 226.04891561125808 166.3213326976802
489.53911016524603 218.12219131837617 161.3475688057914
486.7622378418148 213.9142147939462 163.7125546901751
483.31941200344454 208.28680325895036 162.99012948816812
477.4170609989562 216.60256598130042 158.416302610706
470.00357661000027 207.26663333658917 155.95002358174034
471.0391964925317 207.26666833646036 148.46305528089584
477.9829374420365 209.55037339793898 154.1191959631681
478.57966852219425 207.05361263639494 149.6692067769775
482.13397365811477 216.68061185989282 153.55374575290764
482.88343142105197 209.15044666610993 149.72321362980017
480.90565087530996 216.19646443711576 151.46341405102143
488.2812214984532 208.25749108523317 159.91667779075166
494.53832594372653 213.05750390274287 152.62544052782397
489.48649609898655 209.38576866280053 143.4957911739514
486.57647169818785 217.7875365215 135.90745398427305
489.82243498080334 222.22102647874064 144.6573612570291
491.4893554199181 212.9834448180981 142.63163523341066
500.0073531975587 211.67772358940803 133.78569182160115
498.81426786030784 221.22443190976531 128.80811272855448
499.6574557482142 218.73303533691595 126.62970871581315
502.57171598440914 220.20623297562938 121.53285151772764
508.44736962399384 212.0316706572606 118.4950813176964
500.95694379073444 215.56484625396013 124.2217847642964
498.60704575633343 225.2878950126899 128.58751081632474
503.70715869554107 233.5482475177286 120.66279093364213
507.2040608267113 239.196871109231 112.88216990285513
507.28662237370514 231.91161631162632 110.02703189518594
508.8352793370697 232.78305823615096 107.08071518626681
513.5756078010096 235.15158408963256 115.09659830260594
520.7137699277118 243.9327324546758 113.74563315004323
516.262384890829 245.64387780429357 118.22987357010788
522.9355818396474 250.4297263001326 118.89636364420348
516.1231763558113 247.33428604741687 118.90740518050625
511.63626368086693 253.53771866456813 127.07715693463739
517.7028431545659 263.47103969985085 130.5501664605316
511.2179169145448 261.2552477650486 127.99291031584809
515.5397836683193 256.136996769955 128.32824494821736
521.8345400469688 253.9232852938989 125.48803043564256
514.5878770310767 257.9114946543276 123.91869137883037
521.1676372064475 253.24960326067873 127.72984462142695
518.586149403297 259.83587930733967 122.98017550196946
523.8498560419232 268.9193206599687 128.51238536591
515.833277337165 264.00499641227935 119.93505610702643
509.2135289392567 260.2319877036635 123.2943868693578
501.0009507368392 256.17354378827775 116.13160192583017
502.6988893091255 263.8345463666059 123.61733660452953
507.61287965107147 261.5245639693137 127.91331132340653
510.2505407650974 260.5955216167831 133.6249661966794
503.40976595442805 255.44490457423794 134.04322898121492
495.5151865864812 264.8552259231366 130.00011394963425
489.84319672060826 265.188569441309 122.68565737922054
495.99455317558323 258.5825111749104 113.79829511447232
487.46672492895567 266.0378888655556 109.03437088319019
477.5807686650236 267.48959027584607 103.07567959567805
468.04600327641015 276.32281428319953 103.00108568882492
465.9245749556193 282.60133266460707 112.7334441764881
458.0621946783139 279.99339783493406 115.68365356889134
465.62393020984297 286.8549444738439 114.91124272415871
473.23404202011596 289.7759466880058 124.56554139644487
480.850174981152 280.1584024302591 126.10178683141781
478.5635762739161 278.7830817749267 132.25790323000177
477.26968773469383 274.40088326711594 134.30277416988815
477.28338970777224 284.1596062897854 134.57305216327137
481.1475760562547 277.73881349552494 125.01553905511547
484.34031309976217 275.37203331483687 126.71827115369805
487.93031495332576 271.0565364069258 120.44703356276365
488.58090747445647 273.8977489391577 113.31338979936326
491.94710901019965 279.1884734146156 107.42474189551515
494.837680305075 287.55995493094775 98.41698953462895
488.4505017602911 295.9827701161914 93.47607102489903
487.16186829160193 296.9773974211332 99.16011003822862
481.9882058496303 302.56311762627706 105.50252909963282
481.32360941496574 303.2544241315735 95.99513011946198
490.05408369185324 304.49668692130444 99.28770194724032
489.6116419752345 307.3591787486387 101.33173454476345
486.89906933096773 314.45502737842065 96.15005919933073
495.8749445582837 309.8772527027834 93.18639405428578
488.2213130745995 308.8569798867605 93.154304842647
482.2778849745522 300.5671336164947 99.23311388702543
477.3945772384192 305.3121562284905 93.57752917971948
479.94601485078596 310.42657539040664 95.44740255803364
474.39803727171 303.8079575851867 92.37303330864835
479.9097998694497 312.2229960913432 100.69042911073811
482.0743902978836 304.9057383005331 108.66983321581257
485.4232379336428 300.0608120479442 107.8034639024499
476.6515522338594 293.22818210899715 117.64818270082209
485.68262345819664 290.6538537626302 119.68686119997851
488.98743778130904 290.75663673867825 116.94421828771992
496.12250649502477 297.87095972202616 118.27199021702836
504.5399738303181 290.1588864511187 117.14141655617934
497.487342661509 287.3658947062656 118.98915538812541
493.14954698881684 278.1407441694775 111.68073458558086
500.65871147892386 282.9744606006135 114.57647692426718
496.32941489866204 292.6015796353119 122.43748161979912
487.0646627909839 289.9904871228018 124.86390627622123
478.15440176983867 298.8902316102354 129.32498525940645
483.9562020693114 292.28253453306786 137.257984895887
491.3316885099749 295.2036348802345 134.87267472486775
484.12811147782327 295.6534319392401 138.04513256773237
487.9196195902485 286.76408766000594 145.93615583886097
497.1078798306945 290.96256154660085 149.5351375076361
501.3107508388375 300.41995808518453 146.79924834030822
505.0054338067538 301.882550886095 142.86965158498626
513.0471439737227 301.98455920526044 148.90825469646555
510.18170197526376 308.43084579468746 139.4430665988874
511.99037743374754 307.72224585732874 148.40756230188077
516.3466607911935 307.66889839839484 158.375782584707
514.2095240684988 304.5799032964205 158.39020407559826
514.4573918758208 299.18037933532264 155.7406943302085
515.2228374284296 300.52858574167647 151.5354270741727
511.79291164905527 291.82655357480843 141.56298584003295
518.1906130669654 298.9736497891195 143.2589763737196
517.2180501385923 308.1042020158404 135.548811231714
522.0827653372772 307.06645939143493 138.76681965109108
526.0695439786911 304.68769435860946 145.39699680048338
527.9118571936043 303.43104696825685 154.133095887633
518.363309872737 304.10721208995864 148.47903654121768
521.8393612461097 299.84326401289536 142.10734270996514
525.4321199925085 298.98197610166926 141.8321674621078
525.1799272514082 296.99236110428944 147.9398285109452
532.9607260387855 287.35558727502723 156.34154078811702
540.0392455162655 294.4168264004289 155.33032442885573
533.3028886396002 286.97550365213715 159.86212717946526
533.2867388042181 279.23814172062265 157.3715252085456
531.8415961004476 275.0854024992677 154.26255330705254
534.5216925947333 273.32205136364297 154.53551455941923
538.3637201153643 270.10980799419644 150.59906780113127
540.0775472980359 276.0349035596135 155.1917006836715
548.2827737964108 268.634197335652 148.22027963994478
548.6684694129609 259.4185934552304 139.34654567714875
557.4413616006723 254.06252424902542 143.10495805670155
550.382704695071 253.29238436703017 152.24930325228334
544.404675905293 262.5313090939371 161.7355851643858
549.9653285492525 261.44062917851755 163.14049628509497
551.8448746038885 257.9031663807762 166.0120180530459
545.3202496216112 263.8885589320236 156.38464779654677
551.8378866198866 263.6768537164388 165.4885879517451
556.3747842926591 263.33254586681574 173.14711210868495
551.6317212213617 267.3336346959378 164.55289334398063
547.0224319546611 267.3705114918372 157.7972224921915
542.6672527576133 267.7126907326507 151.53051981718838
540.9154114389813 261.62141549517986 149.03258086066066
538.827596584418 261.70539231463886 147.47768809633968
529.1693241272214 268.2238338370093 145.3866743094455
524.0555976568568 265.7797679467166 151.7586536704346
530.6566468115627 272.49580825679726 144.74368467019278
524.2862222735646 277.10796504042355 139.32323776801036
526.2533561802272 278.2381810343064 136.92302238582724
535.5523503922966 283.1204095664252 135.89303729749858
529.0596121432509 279.54194072612165 139.72299194394475
537.2938885769835 271.73431356280696 133.44673853306824
545.6685380076905 263.93167410704075 127.06490475593145
551.6643258408544 254.1480772746424 123.56462582616395
554.1225495121496 261.217539366202 121.16900614516737
561.7856728236288 263.11257511091094 125.73088121865159
553.3285964859921 260.43661120861213 125.16135086536362
558.0495645175008 255.38227219742132 127.87576554217658
558.311557439267 251.69902375764138 131.32552824655048
551.5772412189426 247.93011978256945 131.55233304526132
556.9656153734494 240.28423391153183 127.61345855769098
547.7482737749516 240.31276061431592 137.01915512921028
546.1144022259209 242.9207937247411 134.6209621833984
538.6464417878846 245.55517983381222 140.05102596539723
538.9826835026073 254.32711669214316 144.09487452081908
547.4817155389283 255.22652947775768 149.24698571460254
552.2670940345572 257.2457759821711 155.63358827071696
559.0208589342528 258.89362482573966 159.72108549642883
558.3793319605052 262.70664949460615 168.2537063298486
552.472650822285 258.8391288928277 174.1615934805871
543.5628917500594 259.36003406094756 164.48015042065387
543.5423749598184 255.14173320584229 156.79837647889977
551.4630696994457 259.3577931230517 150.15160039140105
543.3325989175681 253.00695828055103 145.8173491606948
552.9405053421517 244.50969029504452 151.91799027785066
557.9930353429661 242.81372948167262 150.37359387382395
550.1741174327409 251.29027656728584 159.02076949558182
558.290063410931 256.40506564246084 161.58174713111643
565.8875529327978 251.62530934291644 157.61567118164686
565.431819308301 246.32279468927265 152.39739662525312
556.0316140255363 252.34498787204015 149.2354928007204
560.9261327766516 249.92117049944832 145.50438599695025
553.5242102225351 256.7689398909108 136.81524847724955
560.9143675589111 260.44006602086023 133.71958567497623
555.4409232575782 269.51703424314314 138.8268090047453
551.7944203367704 278.9239446790028 135.87251176645768
543.1367220852964 276.82276053819413 138.1813502836241
546.0497841366275 275.4917224738816 131.20019658358473
538.3401229005214 282.80840607410914 131.25560410401468
542.7114756210888 277.2281542936233 128.80142597639843
544.7351501033642 283.1529462552707 124.3415253320739
535.2035284435892 280.66427776589154 129.89186769356772
545.1603060293729 287.446542799188 126.72060847901038
543.2158293983703 285.1885120273323 123.95338402447445
540.3227967914179 280.0252063485976 117.52409543524492
544.0207765726029 288.37090512328945 124.2951168100288
536.759430245082 294.6327114457594 129.79763214904898
541.1462202267231 297.6218903094837 126.64908608872382
548.2213803191589 287.7455815537792 132.39265551039807
540.3086270036553 286.61349951396176 122.49647140455512
541.4988473588807 295.3584076679077 123.58166907270028
546.7632120068994 302.5963693420012 131.37594969524858
538.6722065753943 296.14152146681226 136.51868707413942
548.3788011096486 296.12273802671945 133.9932948446789
554.9575489631803 287.9946468808938 125.3018233116916
550.2777101667036 287.7142291578034 133.55088137242188
548.023010219594 282.89123765954224 139.101256113384
549.224671765436 283.4243922745438 136.86996133528345
547.1091655921118 286.09955444307235 134.44139351236163
539.2538969258898 290.0304626552033 138.46851451132108
531.5675123828046 281.72964312736497 144.1644960515564
533.0346679493692 278.3971876622935 135.06716196810595
538.3744505465069 280.1861062766103 138.35098175323054
540.0207199206407 283.7923882955313 128.6267310269949
533.7820298784158 286.79007937958283 120.04691438756652
532.6858826470767 282.27528757961176 126.59162144887274
540.026574341506 276.24886110317277 131.37310039279305
542.975236134641 267.64952168602656 131.02847611176585
543.2329555646388 259.92082753833574 140.62992214518763
540.9471307162424 252.03920397829106 144.99140571781578
536.0283475924253 247.06354755849563 143.69481089583064
541.6989720237033 238.8766170677178 142.81085354353593
545.5356783710407 237.87637259939405 137.38800856994285
537.0990194054848 247.49186747419608 131.41244820181078
535.4333370238033 248.47846297452347 123.16236243046681
539.7792795334773 247.81551380409815 124.20477132164888
534.9003706878066 239.07959491691471 130.68396617835745
540.5618080395542 233.073627319995 127.61331375053274
544.5190874668044 234.2383529013063 128.79615132314476
542.6589175260866 242.50879792394292 130.92483135015982
552.0985415774798 242.02387290335906 128.9530577615176
544.818254662088 236.09170875745062 135.1926106679937
537.5035684869772 238.17387677372386 141.93040895177316
537.5466742337607 247.00995916433183 143.50435398530337
546.9532058642853 243.50167400373135 145.59815455940495
539.9948672008525 245.60696871022046 148.16221729473543
542.609815031904 239.24840209744482 143.7136978730379
537.4754171553367 238.14960110572878 149.15357029597828
544.8425159613515 246.51923872683727 147.0280293349626
539.4752830827199 255.1538127627847 140.97794156463846
548.3114844968309 261.44510361558605 136.31038539686884
546.8514377568894 271.0745267424679 137.98891099297174
552.251948569571 262.9232877974683 139.81196643659766
542.5951060753353 253.18706130028698 135.9197853303157
535.1401730725253 251.987957304382 137.38207949425936
535.1042746791538 245.93539177776324 145.3027093563057
535.637005472196 241.38020531152745 138.0058303082786
545.2818207444716 232.2966426931809 135.08225630592025
546.9774727274088 236.0593744978175 142.27770920662812
549.0156145022274 233.5938869125525 142.65343962925587
544.9509055060703 231.87139963418878 136.511323525801
544.2929744103932 224.520702353574 144.51167097733637
542.8155158493796 223.68277303733103 134.7099354071559
552.633452350373 229.23650012027267 138.74970056318656
543.9930412165679 220.23052866024406 142.2625898678381
552.7113562319905 227.68480022768927 146.89555899333402
553.1297277028285 227.8630477747239 149.02396286976412
555.2060820135905 237.48378063152134 156.75310841833218
551.9146953474423 228.41787620991093 162.31732827342017
556.6015230552964 226.558142085453 168.0563946799625
559.990769625805 229.75581571620071 172.4075173341604
558.2840837833996 234.36870023875576 180.42723139209596
553.3009110821745 240.9905567860859 185.74196151655198
554.1055002095438 234.84533765565266 188.87786904022528
550.2703200255191 231.26321837742702 179.58544450304043
542.2229813072385 232.88686383599014 176.77045195747846
549.863586558298 227.3218813000436 181.80096996098797
540.3008376967217 236.21494189504628 190.2604287484878
549.3716360384108 231.22922706199182 197.9374860953068
558.8704030481698 221.74103272389524 206.65917765771627
563.3247063422168 220.196660854765 201.7223769665544
560.3177494903366 224.71613300542361 201.6476181791772
568.0421980365406 225.14738161098145 204.26650385178212
571.8170038601698 225.5458787718411 213.20375492322157
578.2794103645939 220.19314901369142 217.090548032096
578.3647841831298 211.61129113515 221.60402167817614
575.4158980481529 218.73775275286826 221.87582411124512
572.3775881610468 213.6378785750621 226.11891805464847
565.0580890817969 217.6023599609399 234.30411891531497
555.6631597262322 225.78601724440136 227.45594980939794
557.4202630222753 225.50767250016588 235.77211075727934
552.6499773091397 235.44755400692364 241.5545499741568
551.1219386500946 234.6647190873276 233.92299872474203
550.6714334151615 242.999187357285 224.26659784479432
546.2461987718772 239.96657376248538 228.01169643609086
537.5029380388784 233.71187217808668 235.53224739993524
535.1542693797203 242.36120376990746 233.90308703422627
537.5474273641723 234.31441840710033 235.6784353408944
535.9096339611662 236.73251171146256 239.08414576110724
528.9850665603084 237.82244213899727 240.27965802818082
528.5646717812539 235.7172842691538 245.18534391247846
525.9766740179853 233.24322847395132 241.5667833925034
535.6903434822015 228.48621318144097 243.8183074784501
544.4511164622147 225.72349963276764 238.08724800812823
549.3845151654667 222.3855468489039 243.68589680229496
549.9845173447404 216.150689404189 249.11407200791416
541.4703910979385 211.0845199028657 249.85529044931155
551.2274668477933 216.27422782620934 247.6680008826322
554.6670420931802 222.79746729717684 238.511776799852
562.444587994781 228.86749441359981 246.66849531249264
564.929556188419 229.90632312369445 237.87016977972414
562.266645674811 235.78597653129185 235.94969342119865
558.0421627135368 242.3542552846323 235.0830971383597
559.0802941459008 244.78248664782723 227.54973268765107
560.5651870482059 240.30161306780667 221.49888831980866
564.6563388046466 249.3212012243368 217.2859729292837
568.365360888954 252.821716668451 207.5789150253391
566.048407885828 251.90300167265102 214.5091581377095
573.9749896897202 246.4830308067061 217.94101209513687
566.1013340078499 242.98248297358555 212.10194874888975
567.6198133631876 242.83724237207403 207.1852121253628
561.073528692128 235.74725696862515 216.4179658145183
554.7233532918915 242.77703564913134 222.74595965213007
555.490656667148 251.98765401685037 217.8040389788928
560.2030724246315 250.95241617517203 226.79992247319794
561.5606041077457 252.88832711033334 230.40982181744158
570.8899629662541 245.88907209398639 231.9381688154485
565.4484127897827 245.6373920220799 232.33288234375067
557.2396387020675 237.36558533291372 233.60636050684175
553.5310875187871 241.78161975259349 227.73679546030598
563.0219256360182 250.76583338663093 221.3940428239269
564.6780261771652 245.07711316375506 213.86075412335563
570.6822391110028 246.7413304715254 213.05836645169575
563.8769464813902 245.69088881223365 204.4254118981152
570.6027651924122 242.02539265572454 198.49825577846818
567.9210110407705 241.91847977545234 194.29396058942226
568.563809225948 233.54927094027417 199.1274984411065
572.5448860129545 235.541714748607 196.71519356855293
570.5286771114087 232.36265707918167 197.91252053808793
568.20210879313 238.62340745297928 197.54719004899744
572.2593587764413 243.9123685231579 192.32701543242194
576.0706121684582 252.54356411794404 191.58598737148031
566.8779458950245 245.7894946683959 182.93998868177766
574.1634519743129 247.62769076758056 180.56908577708757
565.4603605587382 257.2088667659086 186.16447841977336
556.7891742371152 266.56632314028883 185.13677474788724
555.336778799539 260.31773761664044 176.96453807910277
545.8068164351597 268.7110608614412 180.36692639674382
542.1056741185607 274.26257678578423 174.48263036290447
539.4678880527483 274.3450681611642 167.93576308228486
535.25253183768 281.1131667802437 162.14114449304856
528.1701568877537 285.5277061946066 160.47071648261073
535.1225470311846 283.6044187321267 166.27403596329896
531.4751276481967 280.93406703191806 164.3641751945764
540.2768722979044 282.1963967757042 173.78380542341066
544.6308822330865 288.4232263605268 182.4997588637106
542.1983490036041 287.66120923717835 175.4880352110353
536.9955580065678 285.8681574838662 180.34288775857
529.4143397513346 281.904607481074 183.51678521211994
525.5091451946155 280.22872303355103 180.41827816074283
533.3077206518457 281.11238302691464 178.68750066129613
526.355797189065 289.545961756237 174.45028041115455
518.0455552768374 294.48596634347854 177.732211114471
523.5523045188784 301.8360954833881 172.17287596356513
531.5194795449004 310.9811012585316 162.80646816963338
533.3293217995641 306.01985353530864 160.60788491302227
539.1113429340827 305.6124345576566 159.801326729796
540.9969810542725 307.4490205464313 157.34855876532328
536.2577865554977 310.8488860781056 148.45568176729867
532.423930226924 311.1012611463646 152.89693534006477
541.7262520893942 319.5247149876826 148.25434566438122
541.767672865964 310.7251632809565 153.6383705663266
535.9874423943777 307.0846779575637 144.01264786318958
540.2221703564352 309.10614587936334 151.89078099513023
542.9764695214711 307.2309367048979 160.51873570489423
543.739507011051 302.94007129808483 165.5182810396261
537.027751676417 306.84746506724474 158.53525909086378
536.0579795362687 308.87508852103315 154.7218681170183
536.7811646182839 318.82400713879457 149.6239836675985
530.663525839865 325.1684283309684 140.06578173407317
523.7588304931857 322.7949659888596 142.17682156983142
514.1705893754196 324.6660108449454 145.2749632595452
518.8932384357543 317.1284950469166 154.22335981282117
528.6070429039736 313.83846597505595 152.51928949276714
537.9616475203435 320.4586136939121 156.903553255549
539.0416338751205 320.56818315049446 151.18257261385622
536.4302743034975 315.00936759549944 142.5819090521554
527.8729871802744 315.9825718478283 148.36803509465514
532.865216200434 313.10679883980794 151.36633821724917
534.3133542965626 309.8075215707223 144.4805544841812
537.6835586278493 302.14438890169095 142.49386710389112
527.7734121700403 305.8317678305685 141.95050604025283
536.1079116219092 314.83282206826595 143.7333317428926
527.6253904434558 305.6824957991567 136.76925823704852
532.5312033833177 304.4553885153756 137.92609984440435
541.8849542165709 295.2179091962872 131.0625902851536
542.8072908932381 289.36713660343656 133.37909200835819
543.9464537038602 296.79178924837703 128.6181206829478
549.8428437170156 304.4349518508278 129.60872808457123
543.5837679141229 308.25087826198825 133.93029619127708
537.2881551044196 301.0649224495445 135.91860851536055
531.7960013306525 297.80459209077975 134.37576106755165
539.9089978346045 300.0900709145075 126.3372497282506
549.7805203709829 305.3940243806431 128.17390570166845
557.1413294412313 305.1393336357052 133.81214257215638
554.5095722914386 309.06892769772287 131.64480980729772
550.2953310713511 302.0520757628117 134.60605423306257
549.7233897841604 305.4148904087855 141.49967998992918
553.7098344851199 311.77143493617416 150.47206465866296
545.5718603618358 305.93085883110416 145.32399842968536
536.1539603135163 309.0085787671488 152.1539171051316
542.4630584038464 299.2585238691447 158.68820001692814
545.6632890170418 299.0834292819341 156.1062998832235
541.3528300254916 294.5879991588158 147.5443832698094
544.6887156417442 292.51782850991196 155.3492837957707
538.0317312157176 293.6853941279486 161.1167158224012
532.3933472270801 293.6370880013021 163.01696203403256
524.0305004408389 299.4042848646691 155.21022923209682
518.9399445100593 303.6575340583795 164.96721683366664
524.3631976242439 304.7237331376383 163.98675210784992
522.8937935317081 313.09733476340705 170.212284625044
517.6412441900994 321.29549233337264 169.47965249921234
513.7524760355698 314.1872723913059 175.1141263939593
518.6700621250993 311.0914070328087 174.93032983090623
528.1517060303961 301.42772156924593 173.28946344996962
537.032872485813 305.73096244896107 170.26926722331646
531.3253845139349 297.1416153599657 162.31358177948238
537.5057183302852 294.15562723253913 170.8092285880951
530.9595856959613 301.02938943386954 173.22184653276796
535.0952389194875 303.8358890473995 181.0662482030029
530.263075090414 311.12300051542877 189.65096208460622
526.9304418972365 320.4797921411488 187.75971673931303
521.5273500124123 320.9178510551424 191.4500027262131
517.2228422614915 317.2927307225983 184.03794709060978
518.2741397421754 313.4707493599923 190.12165239379843
517.2937167592352 311.6740865489232 181.25788019650128
517.3712259890011 302.87846475848005 183.7189625452348
523.494182033792 309.45468690046727 178.87878074337715
530.6097416484446 300.7663669264763 169.22029817126565
523.753668761559 307.18920813989604 169.7122706266751
523.1390944069467 312.105931825379 173.4579238006785
531.3128046970103 307.05570243250185 166.11885412798793
527.7869046103314 299.95090639098345 166.25823959588024
521.5814761620471 303.6727856859337 163.37888128898217
530.4845967729352 293.9048308771998 154.7810642874975
535.0412731915687 301.58206617087285 161.37556218086854
525.929100111065 300.3794449933231 157.31395015324944
533.5712340573739 303.9697700653885 159.00205803486782
527.8484933003804 297.2062396429413 164.74223897518297
535.9599748866899 307.19746523854815 164.6386003165139
540.7746103994792 316.1734618465838 159.24208074583262
547.789097745567 319.4327296982127 153.01068463770036
544.7030106935764 328.50103796993346 146.34693100754637
547.834929046518 335.19569011250945 147.14636901538373
547.5354434678442 334.9760737057349 151.4144776885574
552.3277706216335 336.44095194810404 157.60768809546187
551.0177348955481 338.81367727693623 160.80259073191232
549.4933955602853 346.17074805843896 167.08927002061964
550.818233485517 351.50707458549743 173.3870363151989
545.979450326356 351.0472755125119 178.05902874477343
550.2330491288408 353.0370181498749 185.134827878184
548.579359203779 350.89122315796 175.36841529404032
551.7962341793409 347.4569263902255 177.96870259235828
557.4436846354926 346.81409058526145 178.4331760781263
565.8385852115132 341.6914124335924 171.28473440515018
569.4082132935516 345.36461032815185 170.08198074695167
571.5162831209839 354.59020383648584 160.72166107369682
570.1046159816492 358.818223651235 159.6936571865131
579.2186235896264 368.41540865664905 160.49902654102098
576.2938822128133 372.9056890691208 162.9162874911738
577.2926200047417 373.1687021220909 169.39541666410034
575.23700080742 365.45167425013443 161.99899599032577
571.6814482607838 358.6622869844572 171.06082514464262
571.4610997716815 349.7381581271783 177.68372115670135
569.6678707854851 345.7540706984803 167.92776038317237
575.0024341249667 338.2852655514856 158.55602008900814
574.6801324353023 332.96837734257804 164.33788603350823
565.6963130380341 332.3468453904504 172.3094867684176
561.0201678162937 336.07142487967957 172.7871528680079
565.1412068017431 339.9655205323801 173.6712282529129
565.6516414929853 342.3691936205002 166.42562578966326
567.9311169649847 336.8561652163386 169.8253024104817
563.5940745282571 339.1394149748901 176.02730536806442
571.8986841736782 337.13059812358733 168.7588746854002
576.2254862300664 335.50218650228356 162.2076957724575
576.1666515611086 341.58109641646354 154.14721314097227
575.1032045310984 345.3679608891679 148.65966962306732
574.0749976509418 338.64973979038575 149.7359954536256
574.5677668535146 343.4232414148198 145.2457267327972
568.5825272142062 341.63737175622424 146.5418372779847
578.2779220166041 341.3687782301569 144.46272885862385
586.5962653170114 345.7868243547726 135.08975603181216
586.9392314639183 353.95507627748276 126.24679326701673
585.1417136400472 348.5785805208929 121.02150517868513
584.0434924372755 347.4746816877809 128.0328207537833
580.7939603601326 341.35509149677125 119.64203760570004
583.9831091996867 339.4882544627791 117.44310335354177
593.8333915011636 333.0615368997661 124.37222037181377
597.2614566534118 340.61588521637907 125.14174791677924
598.9207969734249 341.8814928792886 133.28133291543617
598.3688631172952 344.62044272916023 125.52811777810732
595.700455347754 345.68306188525787 121.33255375045732
590.560715060391 345.7928578920015 128.62272486233007
597.597176699393 350.0208500487923 131.5289593884174
588.6219092014322 346.87722079059677 125.30190765942534
581.9713491743089 340.70953933594024 130.70080499860308
581.1395713212087 343.24091180705284 130.2282728825379
571.3740959784574 334.07900833896935 121.54438479340023
566.4343548965354 330.1056972531677 125.13285237147143
566.1009135694087 330.45747841741854 115.92415230415682
562.4983781435219 338.3311336308629 120.54266114824824
556.8931346191521 335.2896560549798 112.17373309389318
566.728027851333 339.9968407142387 104.11483935013648
568.3846146546118 343.01863617682307 108.4057325507873
569.6424374819504 343.9801141886028 105.08485632869696
572.2566248169015 340.48212175194027 112.47262178288277
578.1558518935472 350.3995376687728 113.51870259709635
575.0052716067835 351.666043508652 108.47121452889883
568.530364582478 341.77365950157025 99.07350702457515
559.9055603144894 339.36453788616535 93.03431328185523
558.1780960074068 347.00174451060735 101.23312951794355
561.8690983759908 341.0960020413824 110.21886877221708
564.4053270256464 345.24019772281713 104.40212063288499
569.7364482543288 336.18224794805246 113.05147148761614
567.3158923517742 330.80090605775126 117.73561932933279
570.1985988629427 337.4884015997823 122.54791440884559
567.7055663023544 327.98819436633306 113.50604713114424
573.9665299356943 320.2040374522802 118.36537866126884
577.0632323962556 316.18040859477725 127.24772880807267
575.8276671158026 317.3524919717134 119.35706350617671
574.310597513341 321.53480052521235 112.87070917976703
582.7314685598074 315.0141420962488 108.07554770251554
573.5632763634356 323.51908145878684 105.71518084851067
569.5914006579741 323.4477937406796 111.79852401190301
562.6075415046589 321.8293667015124 111.59040924819367
563.1801784397784 331.1806957063737 102.16508839903848
556.9635940451839 334.47066851722496 94.1824747467278
566.5758726616373 335.19025961290043 85.61271477074831
562.5839130110547 335.4200632045974 93.84687356856405
560.4022983032571 336.11620281325526 100.47239260164972
562.0874010897884 327.0126184566711 106.54095682332085
560.1256841473948 329.99755078506246 108.0282788425049
552.8965784567897 323.32790410212107 110.28843063192366
562.6483229677013 322.39589433868736 109.4913499080204
564.4852242070253 326.1428152612212 106.1805494309273
572.8040617456153 331.038280486312 105.82799523531591
564.7018245625568 334.6389290284464 106.10174797662513
572.9697711204071 342.03781075889225 111.34747759845885
577.2573662376964 346.798675233866 118.09878140575803
584.0555106344713 343.99087972967334 127.95233337191486
592.7229814340582 352.58583667225554 128.38685158044217
593.0367819618735 352.7334098881541 125.5323333743184
593.1809788602955 360.052426219024 124.19514488792987
583.5622764681082 368.7735957857489 115.70609488924462
580.6493441338072 359.31683951554976 113.89339893836367
584.9016538754234 364.97207791929236 117.60200705551702
582.576642518341 374.4972849763769 111.55494059614166
588.8815101216043 365.896357603158 109.41966925052755
593.7244054150287 362.5088397694873 115.49320909452004
592.2640405952533 358.54889000899647 107.23555605811822
591.3672456903616 351.9483238284282 111.54322438991517
587.4047128286546 345.3106349962721 101.75584878780106
594.3819051439721 353.3997205984545 100.43330532149534
589.9764461238092 343.4611480686891 101.54726560914803
594.7734637203135 349.04678176333755 93.41060550386867
599.054808717646 339.7099695941183 91.52752225328668
599.636763250888 330.07633258611605 90.2736997795469
604.193514450581 337.28412448703784 92.7582311971265
606.4709707425737 338.30582947841174 88.94020703945506
614.0515960925359 331.57397214865836 91.74915566133697
606.5417965186605 323.233622023105 93.79619626538208
597.0108228586322 332.98726684906023 99.04713909614459
598.5024708296602 337.6673557080615 91.09595848603486
593.0875967114856 346.04136954780586 97.86175528563966
592.713472896918 344.6258016690542 102.95657493555257
597.8358464820867 339.7859605138807 109.91204681298544
607.2242938082057 344.0413394566932 118.51391107321888
600.5638725543577 349.5104887882742 121.51982676306353
604.5285494155809 353.1008655356428 126.56336033222237
595.1308284122908 346.68714504932876 120.89734343166111
602.9087525980209 355.36513574033665 119.149797721218
605.6476196612111 357.6786164140507 111.62801755195088
606.7245090648995 367.4374238801598 113.96880057593455
601.836178631503 362.3070614620797 119.6062921205169
593.3036136899756 352.91634589493276 116.49217018279344
593.7283075774747 349.99891950739215 110.72535273977527
591.113549364142 349.3208430590757 103.27581555590223
592.3855302526335 350.7011443542684 104.71322022924507
589.1966904632171 343.14057952608397 112.98714827667582
584.5208555622881 342.8025608034302 113.88129482544439
590.175391085048 350.3915992176887 116.62611973007519
596.6463246301244 346.6783215697435 114.76733568019495
603.8896303398454 347.97991157347275 118.49616511989947
601.4147995995007 344.36714063129796 118.98906687779949
604.1652468959762 337.30614264473087 109.15215102331038
609.6175450531767 327.8789338565738 109.73972976953551
599.6396083191187 337.2512123953552 111.2157050306164
595.0246361578731 328.3880334768409 111.45493496699815
602.123841461542 320.56611319957005 108.25713679629852
600.9233806175528 327.5406781476442 101.6108898697882
608.3584944675097 327.66244028340793 95.25949073424289
598.4652980118467 328.8379766981502 104.12923557108788
594.3351038370969 337.4717417597023 105.37126743874822
602.2785605074375 345.6192294490671 111.96615161432837
592.9562982738247 350.31826562084376 107.44495882285797
593.0147388537315 342.4529873994638 106.88675192130297
583.3167621848634 343.1543344174701 107.8821040159223
592.0801639893549 333.8526807857339 109.53293062810143
592.0331813542294 324.3605237334998 114.68112990992867
589.7389541149444 322.8907580799737 124.6094285350749
582.4607996928505 320.03562997947324 127.1973906051587
574.1551941711166 325.2069643010597 125.76813340505547
572.8798265704529 321.2768554235393 131.12490853871026
568.2182783865911 327.62012725065506 126.29964451535692
569.8114557339185 336.83037841296465 120.56942097740973
570.2132422786624 329.7219680627496 118.43117019798004
563.6394599618557 335.5985417454523 126.71066285851647
570.3506277567649 326.1139013326028 127.02150307559265
570.4412156908999 317.5941478407689 125.62068060363445
577.0785904240485 315.90991963662896 126.36516873772007
572.3802689996228 310.53083744876227 135.2074483236331
571.9901057084982 311.1275183689957 138.91789846419763
562.3087066624898 316.24371999658115 143.52128918644988
571.9443361316273 324.47455004933096 147.5910446477192
567.001401093972 323.254827777423 144.1739810883115
573.2580014155355 315.2585479825715 143.61007514656612
576.8782197550609 312.98866824063373 144.1007920054012
572.19448160708 319.74601319710854 149.24737136995134
566.820759650119 318.62057736779957 148.98781056582246
568.6383636725961 325.8153097934514 146.8732207045092
576.3774023376169 321.78499624334637 138.51925922407875
569.5918092286715 314.4015131620345 137.95228987610332
563.2565331938513 324.1942407467045 129.8218173864667
571.4814581273985 324.5893210607007 120.07539123048188
565.4365451712064 331.5214650438923 123.61517158664495
556.6658667655086 327.6864488013087 131.16192731210285
559.9990326054719 320.8978443384585 122.17297016517483
550.3747862002148 321.41624912393365 127.62886923834822
541.3388807604674 324.2765736155024 136.7982424787241
551.0074995054784 319.02264585364253 139.21768874304058
541.0530877432435 313.40712933911726 136.99509915546167
538.287265321906 310.55847206790565 133.1899996754801
529.6499401057554 309.3132734884635 135.49761195999554
537.9849300652442 316.5606890940209 140.0123616003938
533.6774237061026 308.85052915501757 148.14660719404787
542.3655813983211 306.31324454602054 157.90789454397293
532.7914696241653 313.51812226150577 152.95656182717138
540.2379769349733 315.0205152680246 144.24825991163186
545.0498287767865 312.2027422693407 141.1102074554835
542.8765487689016 315.4243968332033 144.48636061677797
552.4813818605477 320.18469956967164 136.18943158251187
546.9963687418273 329.96392819693426 145.68665225651952
547.5031995678239 325.30628553956825 146.76547865989033
543.2593554914449 322.5375828965405 141.26143081086892
538.4986968732538 312.9873794642484 143.59291988053138
546.8058146559774 305.67101521323076 144.03069960044752
539.083948439525 303.6875710121607 145.2155817576763
538.4097873464617 307.36372530475893 143.13911948272832
531.4993067681332 297.6150481143136 139.850757952758
535.7258418438075 299.3855333374448 138.08945643805538
534.7865478917785 296.11531389121143 145.5509288876577
544.5263973858268 291.0651847078203 137.13694023971226
541.9044971819405 298.994202445975 130.85853081080714
545.9396680528636 302.4014837949909 140.18063404903324
541.0779103304603 294.20895225191634 146.7623631868481
538.1785402456702 291.9766285039719 156.42148220266083
547.8815436041825 284.51642583949314 162.36246108574676
546.9081388425031 291.5099396998888 159.2327235764861
544.6738154956672 296.9524781848215 159.8946711044483
536.2521964753382 294.4388988618362 158.1621319103887
542.9301217732743 291.4172202750197 153.68058417319523
538.7364766467545 285.08510127601454 147.25771201559314
537.9684204067469 278.48633242049607 153.73864117744228
547.5533987584963 281.72059570860466 149.89669630424456
549.1373637299018 291.28137483011216 142.54130829737468
540.5242921769105 296.7826185770292 138.81088807234045
534.8586378873686 301.43960660243755 134.3944373247152
532.7236010802213 292.64939191431506 140.473136166302
528.4474888173902 294.28514911428374 135.96130463851256
532.1910342162397 299.6657277895564 130.86641007062735
538.7552030842701 305.3701976536886 130.53010068557774
540.3574321075632 314.6964527460615 128.78710250089208
538.7220573566611 322.11366325103484 128.99688135780934
539.8106861850241 317.7036955761418 128.84717424889598
545.3820704098366 310.98082134188076 133.39706324230247
542.6848025156065 317.6068936435095 124.06600566032516
536.7913780564938 318.51241554749913 125.38806791838228
533.0022408606568 312.9938127507837 119.02259321666169
533.0025955775476 305.67985130135975 121.93059104918503
541.7727710257161 301.0242742310555 116.71190808937763
551.1726485279503 297.5998349678979 122.15659115405892
543.0817048159981 305.9795630862125 127.02443616946489
536.9953429825015 303.3665109570688 127.72800942454059
528.4270602673035 297.2701544354246 135.35397400077653
535.8079351098309 288.1998343024476 143.92459520024096
535.4567460849333 289.5661560084622 137.62697594545506
542.4188785528697 288.33059353531496 146.90692024193604
539.5120225265914 282.78946478719473 148.25804888154968
537.1047323531254 281.6685045535657 156.5125132917159
540.389429283549 274.9615247052225 164.33102503365873
534.5946862630984 280.550298262907 155.33517911152916
526.680592534089 286.01957752885477 165.1508503608506
519.6508327861584 285.2128258803846 165.39607839428078
526.1466455688346 291.4211151570759 156.93574522623462
526.0073591860265 291.17355313078775 153.1407508493488
529.9192625524232 292.1181712021455 156.36616994783458
531.6287866336813 290.11289274023443 146.8500171784304
535.3226140223794 292.26533742078294 150.39149610863575
541.9430050155452 299.67520385860547 155.03387093219092
547.6729089851468 294.3757110573392 158.55000201254222
553.2429192415548 303.60260055874346 162.73208194465067
559.0819594451655 308.52332428684406 159.51532674310377
556.9159599212708 314.99467258006985 149.5819360803756
559.2139437373733 323.9566608520121 146.25044890952202
557.0309159372575 325.6391930027753 150.12332050866416
551.9708577981356 333.40773212813355 142.29317226110658
560.345161226392 338.1682603197286 135.7322481337776
562.7684232108388 334.060524650547 126.35493802118344
566.2848441011395 343.37950863429535 117.6311289823061
571.6428876582944 350.5025660341127 113.98436840185596
574.8940222747673 341.1098679123956 108.91211238508713
581.3813112487725 349.4897134894256 108.19882427558046
588.158765432581 344.40432387024697 117.55136584938545
591.4155834172151 339.74046393695903 112.78748434926399
595.4617749530529 349.45968690760304 110.66980921834337
594.652555176725 355.29005789659476 115.15592568667691
593.5971822809723 353.84411040875295 109.40099125822107
592.476916542422 347.9430607214172 107.12033412457268
587.599211215754 343.0538750809118 114.91734646685893
588.5452303286104 341.2824289067721 119.4374934899341
593.7791935281307 346.3693943366855 116.9772993654387
584.9431384417098 353.4855198165548 117.61886572150404
589.2434664084897 354.16560646468787 109.50301128275615
580.921962973778 346.6941319971963 99.5674085032483
574.5983289218004 349.4992913851008 102.02178105474012
574.8360383264292 346.10758665050366 98.52921447964533
580.7691247521832 342.39016961944856 102.01326560339461
580.4942545621935 343.2397208445649 110.30833664241048
577.1490879578745 348.524663753248 117.39834302344603
573.5056746236759 356.748155029467 121.80156710127646
579.5536188382038 360.02528011413943 123.79597734644712
577.4040627946966 364.2810310210688 121.36149065103375
585.5063781914762 356.8340106169612 124.50388193207979
587.6801530190538 349.0816072800297 133.51631470610354
593.1052368556547 349.1016618241273 124.63637751494375
588.331810831059 356.8472829344072 116.43272501404716
585.8215890667213 360.570069318599 122.0882955538122
581.9925990388206 350.9584707625542 131.42885893058894
588.4038991460566 357.3718743835009 136.51335965576502
582.6850545143641 348.025417978621 128.5078577689506
590.9739060662545 352.7250430743491 134.77316610516883
590.5968273774814 355.30057535441756 132.19529241657833
582.4015954724006 362.8355310756128 128.5124709453514
588.7058693460364 352.93506907168705 133.11667120184376
584.244460297758 362.7810668657515 131.86518833442105
588.4139115025165 359.0458706261262 126.24060973913525
593.4345779143133 367.35167904504505 119.91928805816362
594.7465615176295 360.7440226645923 118.86139639577539
604.0803949066672 354.7012152962307 120.51788597914859
604.0104530032122 356.9566333109135 119.97292805731753
594.6727722550607 363.72163992853837 121.43095606225849
589.9197397155234 356.4325762604496 126.12126385133251
596.101283072637 347.5072904074893 134.06608005419218
586.1815346061856 353.7984625099627 133.8918620622925
585.4657817852157 362.6785542045022 138.36184576877332
593.6677422075932 359.18746936531744 134.79739154337238
599.9279674463828 361.8139712274376 142.24737822309098
598.9286814691663 369.84801644407713 141.29514870663888
600.0275894367078 369.6393081659847 143.7760440074155
598.5584199922835 365.99361835583437 135.89441616928673
607.0244371189937 359.51124648548523 127.26104338163549
613.9802061513255 352.05776043730293 131.91959443092009
609.4791929391243 358.837831956983 125.38610309266923
615.8575661514953 359.59012330748794 128.75221079334477
612.4310669607945 367.13222888393733 135.4053316306038
605.2986829772769 364.8453337356336 133.3700996110171
612.9664263683926 368.90188889564683 137.30173684596178
608.3464651367534 370.10936162460604 141.05201569735664
612.3038451810451 375.11346431318424 150.53086035846746
608.4108925537377 366.52810594100447 151.8930346133299
605.7380597970812 370.7857830225084 145.38495674439076
598.9933776143787 369.2056232332621 150.00572862124238
607.4948502575322 364.30948250316044 151.9925192501628
599.8974093022127 359.14003234851884 148.30220652503291
590.6734242126564 357.16063316253116 150.68553318969583
582.6298504582929 348.03729320129554 156.90733167003506
575.7265275637651 339.0693551979273 153.51342653834297
567.7427974011634 347.4450781271479 150.35807548109173
575.982017208791 349.8331689369749 149.26824722270183
568.6445133037089 352.57264673328694 146.9065053092238
575.8715930764008 348.31952371061965 156.33893067941807
577.4508270025974 349.45636038200814 159.35154514430153
587.0641507904535 356.86258623002686 149.9257596584632
590.7276004349911 349.67736863681677 147.47184597018253
582.7139235381434 342.7674322315439 150.42829148785745
588.762253155218 349.3743786071158 147.99064811379222
593.1819904581527 346.4838976183956 155.79592010500653
586.1644564810807 341.6676358224752 160.29664767336544
595.7603254339432 344.9378876030503 162.4277922294294
587.2470480764732 353.957992883355 167.71234460086413
579.4294645866671 346.73950194865336 162.59823030743482
586.2847412813253 353.11630690185444 167.67691751914205
580.3739565511619 349.4993255926991 175.42426187852652
579.4327226714311 349.2628127463334 184.70880184713266
588.648168976429 355.50793542872015 183.16575442473925
595.2823474453484 351.9730370712556 175.18150726067657
601.9000618682442 345.67181070801286 173.28858974991886
610.7196547134415 345.67851727040966 165.6767081276898
612.6195760422805 348.905501471107 175.24171755244276
605.110573543308 358.36753178366996 181.4841809529162
605.457847811707 350.06405689393654 174.33424776351518
603.618924371661 352.07508057560386 168.0879467255146
599.8434078637625 345.06484668118344 173.76863227226636
598.2084841251826 342.6265091309123 172.4561311984781
594.2631333283484 349.0377633525779 164.40686201495365
593.824903709018 340.35020859625575 166.5995914149144
598.2750168845895 333.47598636025367 162.23390890551556
605.1678122865148 329.4898394087534 171.3690637568005
613.1785885942488 329.7511897931612 164.87240475620928
613.2355996769484 327.70151920470573 165.353215267122
605.1190330277896 321.12862942756857 159.08886376601583
607.97339762133 314.7127488622476 164.79885834460194
601.459411132883 316.58125489510974 157.81949691461486
605.4453954686683 313.6928786444474 151.33066464969002
615.3213040484106 311.01262746631073 149.53299066143194
623.2615392073583 316.49910357967406 151.37054146126258
632.7679110248426 309.69883518174635 155.26323025643532
626.1631219723881 304.3521335504949 163.08308984009403
616.25384869075 295.73286839937936 170.0922651097209
623.0634803284302 296.4547625240675 174.48321120868954
617.5690331114112 297.2406970634058 168.33132849819313
612.8533583319809 298.25280324623134 159.2644552679041
618.8052568205953 293.4612955605312 154.57787929359932
609.5312442313704 283.5897984540945 148.22977559365003
618.7163804328435 283.1211679598546 150.48095872089547
616.3748821335101 284.0635229417595 154.90676928495634
623.4603218270878 283.9089123394905 156.30709212767806
626.1123469833491 282.1082909469369 156.7741500395383
619.011672002002 286.0419783311688 148.70159438022526
628.0242986200038 284.50704704851273 139.26065932638744
631.7290420929223 282.7840494158457 145.55635223543555
641.498017060111 275.869547621211 141.36069242870985
643.7251369606952 278.3122041935063 138.6187689665717
638.8413656542604 272.96084081080744 131.69305145678658
640.6276974794016 280.28837448615553 132.665460308117
648.3969619941718 278.4996074503397 142.5578697062357
639.8756537028503 279.3854077821624 140.55057956270244
629.9642340718544 280.7997391699273 136.40807887172494
639.0364743481664 272.9426957516576 144.65532357606216
646.0581589693493 278.12880637510676 145.00906282000693
642.6939461055251 278.82194312140024 149.5464566931876
641.3993947348008 273.60320951877844 148.89241756530615
636.9664029317779 277.6393684116478 140.36064346048207
638.6787635718714 267.6584842438884 136.1570006121953
633.9922208227295 276.78379408155706 132.72895458436122
635.307010676744 279.49989754884155 130.87338243806877
637.1519459360039 275.1999050072842 131.1494449320153
631.050266452913 277.43452844550694 135.85082678980902
638.0780953407218 278.78736113294667 145.42768994327264
640.6442121207114 278.5150961097663 145.2463222302331
640.9893582679764 278.1289891069589 151.2521895876921
634.3858418169997 269.3894197101118 151.4887010031263
641.6117279619347 274.3907459283281 146.6277385930366
636.0009407323174 267.0165516584373 142.0128777016851
634.0247996415345 276.33547907457756 138.26426618074768
640.7858856720692 268.4657339083569 128.68835891737558
633.6736734353905 264.3525394377985 121.59303101906147
625.7772136265503 272.9101305274556 113.65884966155298
616.3396850742575 272.8918134022982 118.84859941285315
613.4785156754413 274.60618043167665 115.97877529446382
612.3216606732911 278.89391279303453 119.40504199305236
612.7930922166972 282.0215983075994 121.56842993310444
616.0365471489888 291.3676235697956 131.167382392561
622.2910901594199 284.0229947523129 122.95994917607372
623.116258381928 275.91977685222633 123.01543741140398
622.5698191001882 276.67996089842586 122.15849680064154
618.6285362369289 275.4044244809621 119.49728448968189
618.8617380507534 279.82012934760536 119.26720040528834
615.7895356042158 282.2216469324054 117.78450896168847
618.9002370501006 275.0942987978312 111.72367176228501
619.8890136753818 275.9495251234293 113.63121903263205
617.7001633136823 279.12418822132275 107.13870446723988
626.7582782227944 285.4516493139238 97.15846997807323
631.2254381772746 288.8401728177399 104.19050525059956
640.0385828601917 292.45668043979697 106.17942499219521
634.7723381300071 292.3141104732807 112.85909316310159
625.4700334281647 301.0568987583256 109.76683400741504
626.3245786715751 299.63242040143996 119.13749287670497
617.55415069277 298.6136329382044 128.8244720533953
621.4569635723152 300.5221993268432 128.2127519641074
615.9537127316501 309.15128110424934 136.9811362468848
615.5021440953734 304.9327928175685 129.22494205368181
606.0790172433354 311.6393763440481 136.55623661750093
609.6017709934304 315.4388722544218 143.83548226942793
601.3961654434652 306.3727498222692 151.75410430277046
605.2028228441864 314.15242183898295 151.68397059073828
614.4884025866794 317.5052795070049 148.31470919741298
617.61027289229 322.3826966265444 142.94624510510263
627.3633864226659 322.39609749092546 146.40240409767722
620.2861719926411 317.89392805685765 146.39958245547038
625.0578377286989 317.0685021427143 145.95965461954071
622.9304983144804 317.0948721658108 148.91545738607857
616.0080337477832 318.6290152209174 158.72359858788278
607.0439940557029 322.2902689815665 168.67432734238812
607.5694340345833 327.17347348686405 158.73690183512176
600.9327227199558 336.6153839300705 166.48585517801848
604.1017242883573 340.9093220507596 160.18150009876493
601.417135868734 343.5518025421165 158.96320758887444
597.5481739955375 345.7879606001307 151.84945161406358
597.3971085424006 346.2620852589788 147.75521487296405
595.2124894598082 341.3247017986085 144.21204688619358
605.1265490546618 344.04783542585267 140.35785556149122
607.1078632488312 349.4895662136164 139.34394741893846
615.6969948127471 357.13740501431477 143.11107448676609
621.8665720257003 357.41034789385395 138.94634265364414
621.2963594031543 352.5617345635335 147.11079276677592
627.7826626954742 352.482018989615 142.8158113807051
620.8309550202786 345.6839374410132 138.0583765461093
614.6112607560831 344.2045029622824 141.66668563727245
606.4227681619105 353.01108690668514 144.98584986311727
608.592746152091 351.6899241597533 143.3168320366912
614.5427694258958 343.3829017880017 147.23853637152465
606.1759847647763 334.3313825841531 146.48552133998047
612.9176997715757 327.23346140747987 155.87769399491503
604.9446878008717 328.4261189656131 148.63775340793862
604.6578539390657 326.46539374241394 151.4310054483833
596.8402129073768 327.89280093952664 155.61975917521374
588.0948336904025 331.62973279338723 158.93247966072335
581.9043749024422 323.4613516458056 158.65869843856626
577.0901414773762 326.6077250322769 150.87119939247364
582.304777377608 318.239557614697 144.83002824919356
577.8518826954711 317.1597822892191 153.65167360141808
584.0072309508635 310.69517940758027 158.0870877713672
584.1067312511651 316.59124178642486 154.97446091234218
577.7549370705908 322.89652975526025 164.6007716408122
577.1970370891006 320.80862935107973 167.8097136362563
579.5736460886159 315.9261616342291 166.56122255199296
578.3788527370417 323.1440889413014 164.23070282563793
575.9892779000619 328.9261606169961 166.55612268373955
574.6845568677443 320.42491468514925 174.47090274227367
576.4367054240432 310.9444499482502 174.0681014479133
575.2890778799867 315.8168470562338 168.318621314991
578.2752102406122 312.90229364665714 162.68996349677357
573.7782721537442 306.18000038193435 160.98577180575285
565.8611121755963 300.7051841554928 163.4654435113056
556.0133637170053 307.0341750312737 154.19025179190695
553.3960352381761 316.46640567101025 160.24176070336455
562.6085155273436 324.0611270987212 158.02465307564412
570.2351852940894 326.7103750840892 162.09272090333457
569.5731319833556 328.25592849480023 162.4089854056083
577.2804113303343 324.3686774784109 165.9479010853346
567.2918427857072 320.30664696494426 164.86203515259527
577.1499473807105 328.2140643150163 164.59236135927793
584.5871840848346 322.7291422401328 172.7176025412943
575.5084391463034 318.4154419265237 173.48021626156057
567.0149323729557 323.99012639503474 181.1908463742648
569.2369681197808 319.3508918562523 185.77076279754118
565.0511518531982 328.4581889894258 195.3668788508446
573.8895609525682 319.6199462000165 203.23892996275595
576.0990333589768 325.5788045356961 207.07041462173964
580.737225835547 330.09899550404043 215.36739058051933
587.8804592360696 337.22774669963974 213.2578247247283
593.7474941740858 344.6593710058081 219.75859542012682
600.4455719971199 335.4304689251702 217.76081634047125
590.5267408725769 335.75198286477314 219.40944656574425
588.6900647331996 337.6090120658542 221.7623740187321
590.4552703285422 336.86290524031256 217.5456650991275
587.1321761267742 337.38702999619983 221.047446561736
578.081093916784 341.77928979347996 228.60645234927028
570.8422501444013 340.768489734097 236.9699840507098
574.8687105190811 340.9854962456974 231.3569247632731
573.5427892625082 340.4313621366971 237.33906643821717
579.3487977022406 335.9607940552021 227.9834538192274
570.7526032437548 334.2171463914356 235.35243831566422
562.912761270081 330.5260574898536 233.04524830590069
40
575.0283817431587 344.9043917492959 120.19621431585414
588.1106683338734 344.48371545467245 127.1421024773367
598.2459962349533 359.4874710791636 125.21063004607925
583.6527695103399 355.39180050843447 125.71502041599928
584.699193033724 368.9153179533056 124.43266444964758
584.2159415479506 354.54290602564765 119.09535514777664
588.0530380169554 371.2356951298456 116.35817291549517
587.2247898004002 378.4444940844297 112.28289017456665
590.5576524218624 364.62668760790564 108.44568284387528
589.9765378018408 352.5750041515967 107.08353351222006
582.756272375795 359.93503753686144 99.3846992713942
584.4128056499654 349.6431188747242 114.11646262708426
588.4993968147426 353.3294604646752 93.2036000559381
603.9022991684255 347.89580149558503 99.53195818897464
587.9017959996144 352.5989997481954 106.66581821789536
588.1274627051835 358.11984085253675 94.27128806665569
599.2591866717959 333.1200843927597 97.46970763947523
591.8219245158193 325.2184237850196 89.9163162073713
613.6648054573542 344.4507174844427 93.34307503345609
606.3899294611563 328.7864656530513 92.46679770298765
622.1563967662725 326.6144515486639 91.73939871670807
609.3471065705403 322.9419949993356 89.15503029977883
593.5391289389663 323.75429271349543 107.15248379923368
607.1628618387406 330.8319334332408 85.11128043544959
595.5024551784293 353.3043968069434 95.78163409647786
589.1015778674386 346.9561734305758 97.68185758591746
591.0483662594631 340.54332074100114 116.61282821590979
597.6273617040051 347.5861889011831 125.67038415947252
603.9226512823227 359.0595833781577 127.9986684433949
605.9134427534331 356.81091893118156 120.14514833937898
602.5665328214013 345.3868953347754 112.52250020063863
594.7650754321477 346.57969721122737 116.12608150657134
614.5385530002898 347.91220077732845 116.14099201545626
598.0575693708963 366.94948280997147 117.50575010946186
599.3903324489918 369.4600122496569 124.75234383674533
590.3752602548165 350.2547499700883 113.90647136180667
585.9146956797715 356.50792727920134 103.7003439779881
596.2208531344932 350.9655781948215 102.85804681073057
588.6737097109922 351.62942913509625 94.89286343703654
585.45582146418 347.19546422767036 114.92491322977538
