1000
481.3980352308414 154.33764610028823 37.11200780466767
486.91337893962356 152.9323228101532 42.34058240805508
479.2915064357891 153.39086208504392 33.1410338447219
477.0313065143084 160.16706922613662 24.32034214066014
480.56545948986064 163.4167095308877 15.40494134087997
479.71584893852696 158.8566293725184 21.455643378173765
487.0430900083283 163.9018894681955 18.660485641956374
490.7995770709046 161.29751356109514 21.026573373593962
484.5353695025361 167.48215174548127 18.942006043408878
488.65334999665436 163.41902879224637 16.127213706228584
494.95117935915334 160.4139275160625 24.80558883040746
495.76015041553114 150.69300526510648 32.03376316354374
489.15869587611184 148.39693593331444 41.79963936449684
496.85735323724333 148.19189213808193 41.95833713841011
490.751157603978 144.42241260842945 46.57419826343758
485.96853718399876 147.94436332593423 40.82506650343778
487.0506708840627 138.17107934544444 32.774208314650664
484.1756747852115 130.92304286140094 25.09845423043018
490.9902208095109 126.14418606648339 31.95993288633862
483.3534264288011 135.58995374593388 21.966788364500303
483.2980332175248 132.41575428775243 21.068709780241534
479.34540292288335 123.50743131714312 18.822102564254006
485.6516715473778 129.88599392576637 15.87762840731596
487.3696890095384 131.19824966393975 13.54218081118127
490.8727247775845 121.23445715430415 9.939324020795752
482.0450693079309 129.97048591535474 1.02769027491469
484.5348340065534 130.43144493830934 4.124159575423787
483.793865357408 125.86293772877424 0.6693127347503385
488.28853432236144 130.3602941314704 -1.1612312556868072
493.18644861037495 120.41174269772294 -6.458943524063354
497.29177711125647 127.93714017538376 -4.733399748817517
505.421268350392 129.14178885965165 -8.574482108427304
506.1594952324806 126.94991505126328 -15.33244092257722
499.11604845302946 129.99238423273422 -17.174151063734158
501.10132164441075 133.0597526615751 -17.592333301517385
499.5207417482726 138.94441408755125 -13.836228286338308
492.366574153465 147.01118572460197 -7.616975876931282
491.76770183500275 155.27427192175855 -11.928534551862963
492.5457631469324 164.63938504884212 -12.506779441536228
499.2650138574647 155.1776252990769 -3.9544659742258546
492.1762060651272 162.86754324880116 -2.6825892934942983
491.79357550901693 156.34922870090202 -9.545935098485984
486.36504580340966 162.4493461637967 -9.902889041797117
478.71306856867074 169.83504075199764 -15.352803658356887
476.7162392839376 179.30303717339854 -14.288463323090127
473.07027258776316 171.27570759243432 -21.665156860168867
470.3920155028874 165.86566203331378 -11.70606102800188
466.7660428224478 164.75371207009943 -13.537870140470492
467.22079215800096 160.43760721111042 -18.181005502327054
473.69175337282695 162.76390801842672 -22.644693780479923
467.9064907375879 170.71436260701725 -20.52744219598587
466.9493322177429 161.95097112230442 -21.48611299857767
468.798853215968 169.01599469919543 -14.96690050138887
472.19767907297745 171.51900059109764 -5.13594835786572
481.4845004612894 176.74643216021883 -13.326767001723416
477.46536996681397 175.56350332147935 -7.33926913078955
480.3738894120604 184.79387373347114 -0.9604105231326994
478.4470220665628 189.324679614093 -3.8193879939017368
476.9411075539832 179.9502053004068 -1.6481207788864167
474.92208614083535 181.94871606730499 6.887044077778489
470.3327214315201 176.3475274275066 12.393681628772484
478.45254747521597 175.53173519960424 12.673932364250074
470.67896635664255 183.1401600189202 9.353597497047692
472.393726926876 178.8138273812222 1.2844872509590548
480.6219200390059 177.10112430854875 -6.522460489793873
484.0632956129827 171.7039328866313 -14.31000402865935
490.88285964829805 167.06002603700722 -4.482731002387549
491.2840672751518 158.0379687919231 -3.4628278010023252
497.0071989900732 164.61941238180253 1.95820922071371
498.8912510713409 158.5190968804012 4.75511439333704
505.43232969604867 164.33505365263548 3.893577527232558
497.0340675758235 170.82091911539524 0.1881022116329003
488.9448253549771 163.88896740376626 6.238873426222588
490.5971451901611 157.62310488971087 7.035409562822762
481.57176652817293 155.65012592834725 13.37608130220112
479.29625534484336 149.47029213434317 21.366909406563302
471.39526970852717 156.61710658328678 15.563413215078125
480.244265315179 154.95669021069003 8.289576330981447
483.97743268828657 145.27373723274536 12.929109841425213
479.76996516136575 135.2969130734328 22.206096754284275
489.26845404917157 129.90948497488867 13.72411953258684
486.45921724155284 128.80098348316673 16.481759297119137
483.5642930014124 129.2850475068049 11.448242269656458
481.1512747812926 126.66292633231542 1.4678094015484024
481.2315930067654 122.50591754575028 1.6037317219523786
478.71260085508845 117.62107064795674 10.57267902446808
480.5308666013181 118.19208248170906 9.515758625916794
475.43666271788885 110.42366710606984 8.1476546674705
478.7748292463964 106.05258225652346 16.503937940446427
468.9879621698897 108.19123340886516 15.055892803809666
462.8022909799597 118.02435421244888 16.45738827956974
471.5700683519632 111.8707466924582 9.951039055127579
464.65132808470037 115.52514135278345 3.7778816644974036
466.49124747190376 114.32085096805525 -0.8646659105411212
474.088970854091 107.55692460891582 2.11690432306085
480.15125722862166 109.39697403762658 5.106073795730227
479.33069301761896 114.25397378854632 8.215932441961087
480.8698284544905 119.46776270910317 7.668013923683789
483.61885701224924 118.12028622392069 3.776810980755156
493.3381559109966 115.21462311226527 0.039880824473450094
495.4035683762814 111.3038560073294 -1.542573982619813
503.26655382559636 106.71175103788731 -4.745216389072976
510.9513856709493 105.36695059027447 4.150175981929916
517.3899898757201 111.07066203221335 -1.6812937993118684
512.2330728430858 105.89436029425839 7.918713906059297
520.8240793342343 107.06019954858658 3.5594358842098046
521.8726644643498 98.35344106512501 10.30207669052076
513.4954046271342 90.25064584379507 7.06242776783764
510.0222641763601 96.11460288477609 5.209590563169422
509.48631313355787 103.12414759428857 13.150369512570016
500.2558023940692 98.37857253577974 12.306224038025402
496.88710667124224 107.03046740265064 22.257843791467106
495.4801203247487 99.24053010198111 17.12720351818209
494.92822939387105 90.12798164568954 21.030809239827324
487.61490254638267 82.91534965379027 20.663671254460045
481.5531153168758 90.03090628214255 11.431015659674287
473.3051051924518 93.9135270834045 5.891604618583054
479.11172708110837 96.83706897480614 2.4657984837177884
485.7644401871373 89.51104290992853 5.139712327974953
491.2148939795361 98.44124071534239 0.13587844780639102
489.70757040535824 97.46233621129163 -4.355302281911737
480.51263878427807 91.55983306733303 -0.7504780044031052
476.9109012682614 91.62171268362545 -5.342910067377137
479.1228762021469 85.08210849663243 2.969621792138593
473.9810502618128 94.43768151778318 5.825564891226758
471.0222689590647 94.03569724753054 4.717038324465079
474.93114148401423 102.19270471687453 -4.024246925359318
481.8687106284627 94.32214578041287 -12.06972743842934
488.39071806480314 101.7443667867598 -14.55588553221682
478.4800538899389 95.34746745236737 -6.605223781591057
483.5988037114404 105.0646477321148 2.352461553504229
491.7501387336972 114.06850430496868 8.234150219036845
487.20635042515687 118.85119216466838 11.56852763141832
489.6602324242495 110.65200630814735 19.186507495105957
495.17140759158 118.7404345545385 12.090981326348103
488.6462055090309 128.58724773849696 18.028866222602783
485.63031281525315 118.92969029458617 25.450963658055507
488.80466700493037 115.3893517190077 31.48581407115772
481.33929172884854 107.47476134530709 24.33738128486032
488.9791817488753 100.61408254114247 28.203821429776127
486.75629139436165 96.43131706232472 34.44557424545624
494.3322470931524 92.04543499117455 31.360826272806836
500.24774729016633 86.88660486587422 27.385448004404118
495.8714381536757 95.30636338123979 19.119265297595653
492.79795913045336 87.55690116378705 26.320840781360566
500.8696163729922 79.39422432990706 23.60508350424946
508.63248568515763 73.52242315774365 28.478317231093982
499.59382945877906 83.39166452455437 24.041257500182645
500.8080289857837 86.18142776650609 32.52970879294138
505.12589063596505 76.41788107220695 37.998232382964915
495.6916818860429 78.56324205981575 33.3184396650488
490.11512021563357 75.95330477731059 32.095173649930196
485.3995173964829 83.70826406467413 36.64264846398754
487.21897519939 86.13034299446952 30.148183940925197
484.242710675008 77.24700600572885 30.464549815287803
490.86512134971974 80.6136277640523 36.89698223223945
493.14277660113663 71.24175894395485 45.71387319794554
498.1814166614295 77.41603184118061 44.677451660010064
498.53701894418487 82.78031841197006 48.021748275234906
505.75164212927547 89.96117947960461 53.34817336548421
505.53975394791837 96.13681953021118 60.32248261435221
513.1519507593156 100.43024331005641 58.13881446436035
517.9116097994925 99.01100912466919 59.079333937884414
514.3941351251412 90.68044938418787 53.77391759015737
511.7105407238585 86.33817928641334 46.74887194222089
504.7992796254705 91.18565566504277 36.98728647914077
510.8881812310035 87.4342412390698 28.313960249033677
503.14282937274123 86.13207282129494 36.04743406595356
510.2232590717395 94.60199649864236 34.20121174674034
511.1908984928821 88.95727354748506 31.490540138460666
501.6061230346482 98.32627126214602 39.59902717833311
500.12344837649 88.93166783836446 48.938013168320055
490.5732727811966 86.96417328795981 51.730386314123855
483.21788932037725 82.41263427504089 57.592865675065205
474.6863189018758 87.04953194247031 49.88036857799975
483.544569171252 81.99282032177227 53.49764612554446
490.947667974833 73.07747962234976 57.48022801762252
490.05213323924175 64.10926071562349 56.8609458405046
480.7048659746413 66.18968064039376 65.85787321266591
489.54758023819437 74.7824896859307 56.8313678830571
490.3058013381877 76.73699225138854 52.720966907663254
495.42812992841755 75.34340407709097 48.05047803541399
494.3541109933589 76.33337698052273 55.81810784626786
503.7319282377717 78.61207035392341 63.07696457734886
500.3486941456081 74.35186175962704 62.6521901997045
502.9052885473816 83.95424716669466 64.31370849588227
508.764683127622 88.67379848476169 60.72485989741993
502.43151429977394 90.99055109341153 56.15698030479926
499.0962254413927 94.53302960241973 56.5389852329005
499.33608643479386 91.30434980510064 56.01829277907344
505.60040944422576 90.87316513520125 50.0782896819411
510.1041115237245 96.51432111935802 57.11367874831736
501.7039990129993 92.52826200858657 52.63954493439741
494.8256921970782 95.40286160417682 44.209599318785635
486.33085178454434 88.31239207809257 49.408352133115166
495.9413066293737 92.0532075558594 51.3723003761161
500.3951475522427 88.355771291134 60.192388750991
496.8786377638327 81.62020582172504 69.77055637713374
489.95784544310743 88.04622586090315 61.269662098646975
481.94957492322175 94.90178504386431 58.18485605381479
489.89204069025743 103.99870157628483 63.69305741464192
489.5929064304645 96.77734151513795 69.00718509571561
493.7934693757508 86.92639840079792 76.57518040645685
497.34581724567767 89.8228410703959 73.25822224670934
499.58545029687343 83.99384303179869 76.04544792814151
492.8083727172161 90.04621189793963 76.03207377686543
490.3631842764563 96.10241541958509 69.1412108531369
497.95001609142093 98.65815891903829 73.91785685954937
495.7725741535502 91.57584863520646 77.04409015624428
505.3459694399809 97.40331309643926 71.70963172074345
499.04528021048714 100.94669994181174 67.24547607984614
497.52289650072953 107.3582192239784 76.00884797387643
502.58003805972766 100.91576391538675 68.8124154542519
510.9348512904938 92.81974949221325 61.24498905166541
519.6342087332288 98.5127416758369 64.41893518250873
516.106094374138 101.62723942006471 63.00432616167465
525.5953821296124 105.53577678056415 60.36582581791223
530.0430974734047 103.68479416088421 60.65119021384011
533.6917143503695 96.57180167108837 58.807648747469564
539.1274399571591 91.98854354327963 68.24833270077508
539.9760219921426 101.07117612112994 74.61624291602197
530.5405517734436 93.9624400152739 71.35862826164002
521.9523191831487 102.9122016445719 64.39136106176943
525.1555152663493 108.94472306716378 67.67445531904929
534.1177098428819 117.17808382260529 69.03609259977752
527.4028138926981 126.9761708131073 66.87691836508088
533.4236489832136 128.51724687828371 59.10920628391811
537.4424355728028 125.96065388808647 54.050984629299286
527.9332939618602 117.79462335915073 45.8210310965259
532.4079260358757 116.97206259647078 50.26854254085649
538.7042873837242 116.78544470373498 57.07866348784866
544.1268868309253 116.07628910389452 49.833856320155185
553.5121908685607 122.33153405930547 45.49892424421346
550.3391729974712 119.47327015524141 50.87047066104955
553.5798317417576 121.24112543543163 41.46217215623243
553.6755329756281 128.31933914464634 44.406305458016895
546.2949436000504 130.7986182147279 51.783074084612785
542.0204200901193 131.954210042174 61.46047509848134
545.5015744087573 130.03934571379375 63.585394943104234
549.2880046051692 138.33728825416773 59.64090498687213
551.3673174464014 136.39659542590394 60.72835699989344
541.7032968001273 134.5417079560654 52.76668278953775
547.0023677957 128.4787860999152 56.738731193464936
548.5177297504056 133.6566583073939 61.28620348919838
546.785404874276 123.68003085323289 56.49456804512705
548.8354082370918 128.1438029984745 64.56047435080143
553.556389574977 125.73154608321717 56.25899208020911
548.1766685754822 120.7366921618614 49.17752866387126
548.8086453973755 116.94200854549366 52.91764480960427
557.0774187402719 124.334568376616 50.530540399369286
548.5339938093947 123.38032208010739 56.32891982181354
556.6155108769345 113.84198801078706 55.94696545307104
548.3168104166349 115.26729766978298 62.65724848714788
548.3409275713843 113.60802001600818 65.43316232040718
552.6407294230686 110.97236209650933 63.7921425093633
560.2676748578151 108.77343356331505 67.37592806970977
554.1207092489677 111.26426932232879 61.96620424371066
561.8250022178333 106.31262827830415 55.04873201164671
560.2389483702494 112.57311138348906 62.923968894016824
563.3118656502135 106.99428971604105 65.83237538630192
555.7391072008024 101.18673420706385 57.494536825736866
550.7532585754948 98.602204314947 63.78390890364236
551.3915534879666 96.10991214869632 64.93804139655205
541.7725939492248 92.9773185182208 66.69196153747725
537.906581015067 90.16229372951342 62.154854439358495
537.3319990589628 82.85132973069317 69.35294274680537
532.3437887089888 87.64992839081499 64.64707509428287
525.796003813691 86.97677949026155 73.00890259589748
519.4115656909258 86.57674765300392 75.3130921921505
520.5780484296914 78.93034860628238 77.53654184857506
525.2158875005445 72.87841767969908 81.24858606971428
527.6899956890828 68.76831919768355 83.77941190857557
520.7446582890611 78.50258642032706 87.330438595798
516.619971728661 86.4424299521406 86.03144928790954
517.0308857459822 91.11854187749535 76.77859833760186
509.8347658030481 100.53408670776497 71.62114153465174
517.9483444095927 99.66673106611819 66.90019781761504
509.7945401408151 100.31383381427659 63.07054355188814
506.9613905965611 109.72766238617717 72.36243381716525
497.6178477219974 101.73827460113267 78.06855410525672
500.7299956947156 99.73121184726575 72.8153717055516
506.0970203642695 96.86878796994625 66.98472977016294
500.7043942135774 101.94782150429468 76.22366160214031
493.4001313168491 108.29787793802913 84.01063378517837
483.4936966987417 104.23063665485392 82.5512530765689
492.4248846750764 102.7974039180123 90.77679252377615
501.79256091529714 109.44866592692308 86.02062871925581
506.406628095713 114.79677736902825 93.51743707703798
502.84320129178553 110.20934436125451 91.97226344092603
506.96929745854436 111.32977462442862 91.69844645775684
498.37597353842983 104.64780402203894 87.81791484915021
495.9687721021726 104.26840919460135 97.4840257751924
499.3769460689225 105.95986684621695 104.59474792831345
507.1655213170173 112.66774446218199 102.65145461285923
504.34698875080215 113.9589555277123 98.95377190582794
498.6239042927042 118.0387103763251 106.49012590346405
502.8433711963179 124.5226003531363 107.6921924327233
503.10200877548226 133.41514076653027 102.10593000700494
510.22123006165725 133.35025705221605 109.29186710805354
504.10428910291614 128.27985061552883 99.48223420054548
503.1576574764501 118.94407631104498 109.23147657731144
496.1463285787903 111.5984976643936 113.9213571083991
502.75952685933277 115.5215964241251 115.3819268786154
507.2073650758403 110.7011426194273 116.07857269003391
515.7113880295569 106.35811649659234 125.86598938911828
520.7774372443894 111.79924452918766 135.1948168987584
521.1644526218098 104.28477858831388 141.4830563081186
519.4931162444764 99.42563952990933 138.2496476448856
526.6052865652389 90.54837032797863 144.4150529211078
532.0996727637647 91.47552946379263 141.30009924682915
540.897274272504 91.78226242174387 139.0344678349253
533.2701567758038 87.13877997519583 145.39684890889302
526.2974964887657 96.22179872672687 154.20926354002512
516.3829476154968 94.70474075034777 154.36325818876122
513.8921477425523 101.39616448656962 163.31752779394864
523.5950663580628 93.16045560808985 170.82833020190952
521.4482068101452 101.60419565484011 172.6133785038358
528.3449217132861 103.92895258764831 168.01265235573058
533.5133995623386 94.13475470198031 177.6703422184832
542.010162102494 85.17459219134227 174.13068134942307
544.2855134651563 77.9371912292414 182.62695332248518
551.5461705818938 78.99785996983687 191.86687477551567
542.1067445997851 88.89789606788855 189.66445111427387
542.4469879876875 95.45715298386239 180.87471422983864
549.5907948797676 94.82129764368358 187.31380019563642
553.8778538919229 92.48699376192904 192.85120863639042
559.5321629651141 100.00357908665708 195.27790131626142
568.3002912841328 103.88909202194729 193.75786302045498
558.8700040234721 96.25211742005457 198.28591412147944
559.0279758173276 97.9903285223434 189.83127555425423
567.1760557529393 102.17306726290744 190.840031977491
570.9782828556419 102.85999903639829 198.78183097790708
565.2857854116763 108.25409157414488 207.73494832784343
561.7942914229149 101.21426360820692 200.46633823046892
560.4571928191102 99.77803627321265 202.83412316978516
553.4956445245163 105.57260184243158 204.65118086740193
548.8414852513804 113.54857149429543 197.95773087101813
558.6547336067398 104.75091656709608 195.35114322071553
559.0959252603217 96.41206698465211 197.81390590977736
563.3038762691448 86.87061649232058 197.4071791615043
556.0921317903595 81.8250772626987 200.71877821426887
551.9496238723946 85.36901251362751 201.59496047070624
544.2721590769779 86.49647534758037 193.75396506427504
550.7224506045587 91.82790473481872 203.48095719622637
558.1170135227098 95.65683252395405 209.80366323698865
565.4712760232782 86.25323692731567 216.65708814581123
564.1123303965331 81.71673939621107 207.0283533338309
571.6147222875164 76.13255701949743 199.2405736594063
571.8732267571684 72.65730837064956 199.42220234636068
562.1406998918337 68.07214629538109 195.1403564627922
563.6913836145593 73.37701323339084 204.60991873734307
573.0193524245797 64.80495798874631 208.98589054194133
581.2887867404186 73.6112132790199 215.55463627236148
579.5827693297584 70.02925700332028 219.8955734717584
584.2135762338366 76.735437131645 213.62644003888116
586.0914201801324 76.39610469795626 209.2019733925339
590.67293723548 83.41601590609098 199.59271362849182
589.2557332096632 82.53428532264338 200.90458620469914
596.7418030367458 82.48449696077287 208.26273433890444
591.346943136581 77.05903429512666 205.61777510304285
583.3243264472194 71.04950881635008 207.2876453286023
584.8136061848883 63.256512486531356 209.51131367722022
581.040636606414 61.62852647610925 213.68075477595312
583.5405090474376 55.15919314127358 213.91869632714628
582.3408507467345 51.060251281048934 206.148435219
583.7910073387424 53.72233702404436 208.60807723376666
585.3350661416234 57.55590479708264 202.74440742948653
589.1213517115165 55.176293498083226 201.24290890856324
592.0622667312 46.12441130698289 191.37095146387017
599.3050679377742 45.796221600839594 192.80758841073964
599.200464483061 50.48361419227004 197.74291708370373
592.3784524939612 50.720817758253325 204.94922043040552
593.4765438021843 44.468489301283235 204.55949772750446
596.4087768781187 42.53722355005276 200.79377106276388
586.7781095524224 36.052717092862935 201.22992104966275
583.4725260008074 44.99419473798849 202.8732826523381
573.963039991349 46.472412521999104 202.87297307706373
582.2219213843405 51.79344129263775 197.35141064227534
572.5286278061712 47.037653820510116 190.01062062599826
575.7976281431482 41.52567456351401 196.27390537314778
566.2276193261889 37.90289276868061 195.24972681053333
573.8959350756761 47.12232319492314 202.8433470779115
575.0626961656666 55.29858451229543 210.88534544432304
571.5551639610402 49.2249090144714 203.91949077552013
579.4114591759696 48.141834560640774 195.9949372398271
581.6471506629567 39.83428640838206 205.17197139032052
574.9658326880237 39.02661900609476 209.40601897656012
583.9533170023443 40.24800470756326 206.77260056160952
591.4195247973158 33.100220029767314 208.8535541068479
585.4411812854578 27.318385596547117 205.44673321066594
589.3581428297023 37.20903249663451 213.61546745158023
593.8606063723744 38.14489086149407 203.68475682690945
590.1732646574611 31.162709878010887 209.911466135562
592.7943628830807 24.81767346516267 219.37124527432832
599.7696836596306 22.101988331725632 213.11708270266845
598.7714925097039 31.676553203248087 211.56221786263862
601.7719639709804 26.89629157551155 218.7021260976871
604.7222081829979 33.01289702256248 219.42431910839136
614.5473878355724 24.552730049134258 221.46100958108573
614.9672217726237 19.538152695230647 216.95112362357958
606.9986866758196 29.537561756635824 224.67009514577276
600.8096415826195 30.44472191347356 231.9367259467396
596.2703850177655 32.08405069223442 240.62410556642675
588.3362218862071 32.048023166663114 230.77587484179116
588.1400481482947 26.301970423774655 238.52250467659806
583.9282759630378 27.30122874462174 230.38185209572995
575.0288068140846 19.095910459486635 227.99951083577182
572.5572052579249 22.124806051976947 231.90243776836357
575.1914592173416 18.820499062680682 228.03035379152104
573.6915126168766 15.2555711874945 221.9583080378208
580.4599289590194 18.079423314983863 223.8451353497865
571.7394106140782 13.86897843940528 227.9009979014892
576.2379436901708 13.923072671925892 225.3167919990599
574.5997103413719 8.037141374675555 229.18293404214654
578.7939121832627 6.008141743907538 224.69153543289107
579.2182207919811 2.1364385479347496 233.81501006280627
584.3681621607678 -4.313650166831119 224.7823660567145
575.9543606348697 -6.505678184897282 234.6170321688557
584.279964371863 -5.7204195142484435 240.8068379135275
583.9192251673038 -8.660044331457286 240.66040030607124
582.4162526619183 -2.5624016733456134 240.12069929771818
573.8462072877074 5.345467265885873 235.53063978614594
571.2093763485999 -0.7040207064768929 238.75064794698847
574.2079694452523 2.399329942013813 247.152446968432
571.3514770514347 2.0129319466144406 253.2768891545269
567.4184221765488 -7.660001178687407 253.13700170399915
558.223190824192 -4.72237318736467 253.24564760433552
565.020850893516 -7.686055246251366 249.7903835556332
562.6294199793731 -8.519453993261395 246.8029440550404
571.5715387189211 -16.174691303406732 240.4689688830012
573.6272718612631 -20.97497030231282 239.2049913965276
571.6311449045286 -19.815266690518577 246.3882125381449
564.7580441329486 -27.846317210002255 250.0507060400425
567.0394737109594 -29.593448984337726 259.3034836833202
561.1616172595546 -31.481597770566975 249.933120301436
569.3079237519844 -31.52090877439985 251.64976460879225
559.7762363054749 -37.91527343853641 247.04089959473185
560.8897101557998 -46.27883508452105 255.88119671836185
567.1079253349445 -51.29765457020402 250.72236954697198
572.2398007191305 -58.44971778851749 246.2659726265906
581.9217898791194 -67.55899543833803 253.8955619260439
580.5662453619132 -57.875832408730204 253.52874713326244
582.3781905156267 -62.892895898284145 263.2374758493343
587.6449676550243 -57.51964975384578 256.8939287880885
589.80773417331 -57.332832547912844 247.26640333843616
585.1258710822525 -53.621081258144244 250.74917792008472
577.5299032187962 -44.00104598199527 247.58777790679576
585.8715763468219 -38.773107607509814 249.05023879675312
584.1070998758645 -44.36706076162115 250.42174158988448
589.6706761083436 -49.24150574465034 248.24068440058798
587.8365741042493 -58.54098804897189 253.85149465075415
589.6482689110962 -57.63843535923748 261.4747400875697
590.9969087906082 -61.01449393967744 268.1293765777638
584.6190047960766 -69.50502690766073 265.55559558656614
586.4799608692574 -65.45734738625359 271.201241224232
582.1230825886188 -65.4739056346315 266.78718562733525
578.3105908264434 -57.49945017011086 271.34188483489123
584.2725180731483 -60.009353041177185 278.8033664562194
592.1767132345171 -66.23108604467892 272.9163584895225
597.0855566363798 -70.65375290064091 266.08969067459526
600.1522163453949 -77.13063324240386 267.97383845441715
590.1681598899006 -78.71275925939032 270.4165925776645
586.8193746691044 -86.78262111499765 266.9844928919231
576.8324114524372 -83.43531716244266 258.22529052044985
580.0309209396321 -76.62676643165744 261.1271330750982
578.5300046152199 -76.46452893843438 256.17301751631936
581.7784230076642 -85.20354201002813 256.6364110717163
587.0086788480494 -77.79856275823334 249.55021237568312
592.8431093844056 -72.23854222058397 257.0270293978292
591.0966189094675 -77.60056035140424 247.2515572378412
593.6447909938139 -71.36412559164502 243.66491858090797
587.5074906591348 -74.9187181490822 241.63793845738576
591.7711383474996 -74.81613624175014 240.90489883633626
588.3451002991243 -77.31584520381651 238.47210291674324
591.2083421805372 -83.49465724220326 243.44025137111583
597.8734938656473 -93.42061867871232 240.06359639163182
600.9774745527741 -93.79629060626029 249.66863348345385
604.5381315558569 -95.7046972070528 244.89837336231412
597.1406599122686 -92.94395246670213 243.59683496900715
594.398959844223 -89.76282597235195 247.0936047115586
601.9502954530116 -89.92592045041897 253.14507836440484
602.0788072543121 -95.88516586617637 254.39725208266242
603.4882820482464 -89.95949587150186 247.07589436905772
612.0063454647228 -90.93148605424798 241.69385519668774
606.5730123994693 -84.63362525133164 242.1328945272773
607.319031522592 -90.2024137084699 237.71953939412805
611.3189325241244 -97.10456613299469 229.82663125762497
606.4891389474919 -96.59472758995126 223.24567713252918
597.7395796759564 -97.54054353809046 217.83733479024863
604.4688696852194 -98.23247954985581 215.57733840815715
598.9195415511605 -90.01670322919472 211.70370574682022
598.2264943965755 -85.70265003258669 218.52428040872692
603.1084414755472 -86.59622528405724 219.66753812581717
596.1198671464639 -86.3483670891264 220.74529186186814
597.1452731066828 -94.14303880919428 230.2368761040114
588.7407411778604 -100.70453309724375 236.51508065268547
590.2032024965044 -93.07764384080033 230.6944423633092
592.3541138506984 -84.52308441289928 220.93086328605602
595.4219092454991 -93.55760404759982 220.2142821613004
598.6611880470626 -86.55856195016722 225.4125887234847
595.4672613802363 -92.78319170124047 232.89119712871002
593.4400497203995 -96.86079439703266 236.686731736246
602.2443731731863 -92.85570870553302 245.22256786268323
603.8900628854573 -100.1316220529278 245.0665705947239
600.7859926837654 -94.66515955438362 251.1620548918503
595.4506097797782 -96.34579465056217 246.3388638806843
588.1551486641321 -87.30919479658868 251.87908264479728
581.3990720959981 -92.21058086777452 247.34972589167447
572.4491636937062 -87.89065250659529 251.03604935644543
567.5198034569211 -96.60562982179756 247.90391662237178
569.7822378909564 -105.72191223031179 254.98070978962625
570.8844859685456 -107.2537220394089 256.6554454622292
568.6753497266257 -102.4279496250757 254.0919164503743
570.0683774343686 -94.06497787012975 261.6126890980567
572.6659614260243 -101.48422553604155 255.29085731698174
568.4587913431133 -93.29849273122518 254.31203601819175
569.040070931772 -89.13474347643663 244.7868123713475
563.920200393573 -88.39175674911984 235.39293134308429
560.0963534633757 -89.95470331737555 227.133154531856
564.6736414554425 -95.79814471466008 234.63211356792522
561.6858414554171 -103.34296690326929 244.16727196655552
553.8103938754862 -98.56933227250725 241.09814619015384
558.7745123005351 -89.5459361843021 244.2788671647696
550.8206000864213 -87.68566454636762 235.74698106746973
543.0261761662837 -78.30092353350369 245.6205315057674
551.66986055679 -74.03709008188763 240.94229295242584
553.8547865003038 -77.96402860627835 249.6958270597055
549.3896242394704 -83.39908615397671 257.2164294579844
544.5232174856623 -74.77418303591107 258.24004687953465
537.9642431104221 -73.86015826851397 263.8411827257976
543.4381443096984 -82.5903118547866 265.0585708374273
538.0491161287531 -89.57771337162568 258.54216880437826
547.7139533130315 -80.33128023812593 260.11419161113446
538.101111562739 -88.46809180823695 257.27860295006235
539.9821463155736 -92.07141948836838 248.19745103479514
547.7945361620123 -82.23586023275318 245.56664374382694
545.2935630120228 -83.49368004355402 255.0905633922797
541.9574638813796 -87.61272874409352 257.72373969403856
538.9034312253457 -87.93463227350685 263.72167616096624
543.9463917402686 -82.85375968837864 268.42193713167256
534.07715461408 -84.81138455319092 274.6669613365198
543.0147566266946 -77.09478968794853 282.68972882680316
534.8184925704588 -67.53819443980555 274.3311587049607
531.2408127459372 -76.28882780982849 279.8373967683291
524.564331932649 -79.79733744274931 274.9463515303267
531.8094097340472 -88.91526582781276 278.6297991957011
522.6163567502934 -96.10591812067732 269.5936926603937
517.1237098302355 -98.93377672570332 265.4126558063692
525.1243619463753 -97.23232900585649 262.8400848078982
532.7104863644045 -94.72337972498822 262.66421519248064
522.898175988573 -98.15747467057423 270.9070199168165
521.879364568359 -104.50049592968566 278.05595802101425
528.2946037824024 -106.02869862342094 274.70129345262274
531.6456442618808 -108.52083729851083 276.4395186365812
535.2984805477168 -99.78456173288183 275.16564779276644
537.2343922502703 -99.2705954792061 283.8236993986058
530.5375474378437 -96.91046421805733 279.52231350242977
533.8906862395062 -93.07111495780755 281.55250633297686
537.9435927120309 -95.75496404196804 288.944335326742
533.2958375938458 -88.37998508082978 294.37348022477124
536.158166435368 -79.90060629606819 301.2934130962102
528.6163901657271 -75.23860383316745 309.3430306506602
537.4375968140688 -68.72770411673588 314.8342995472007
543.220572506326 -68.41928904588016 310.08396417200265
542.1022446330255 -68.91697667029811 303.2780013285583
540.9950975647898 -70.5344691092955 298.5938314998807
539.3731405615957 -70.51948737721803 300.40549867606563
533.215417036145 -60.806780171695124 302.51438816894574
528.998885287569 -57.27030037625019 299.0314283535319
524.882975588517 -57.669980298666346 293.7982095483267
531.0771291777718 -60.43214482326491 303.04023474967806
527.1508929595326 -56.65320872542362 304.4577884250934
532.4718395957918 -52.12094857583075 303.0921295490828
534.954630839958 -53.17188796355714 295.11865269754213
536.6413767184312 -61.48936711846451 289.0300805637735
526.6697892745682 -70.86877625635903 298.1808476888129
534.5984676075064 -65.62147321831382 289.73591818073453
527.3845504288497 -70.46685421899866 287.4832490306673
522.9693479753183 -67.43504008943081 293.0019399814317
530.2655586810534 -62.45172223220574 297.94629707173885
530.7255438133512 -67.56136137513309 300.64915970166373
538.6699524576567 -64.34995238031648 293.80610449561135
543.7968352174377 -63.05959622308609 300.821893302351
553.0118742368666 -53.07974966059416 309.5024882116417
550.5332624593225 -56.09014371270994 307.38015546531443
545.7436480823744 -56.07179011912699 298.77700578876943
554.9871786309418 -48.54553495310648 292.8869974645154
552.8302813962139 -50.12115292636367 294.9399189849199
557.0879226010117 -56.7431798065748 289.89693469342103
551.5981655711089 -62.89687155287699 297.9144625277643
552.9824647659858 -67.81896139121211 307.2093330565302
552.3015427710352 -75.35974456935597 303.40833337919435
556.950497519291 -68.12115543156996 306.8523730545319
554.7719448553509 -63.55691013515078 303.33710336969006
555.2879869081298 -59.50731032735923 294.92871864925047
548.824584989408 -56.91571556518576 303.5431329910677
547.6244784286755 -60.72405721505032 299.99514852968923
552.7865254893462 -69.34637886703959 293.42151559437406
556.0943148236203 -70.68320777510417 289.7846387524336
563.6957902910634 -79.82629813723388 288.75962613036626
570.1500380522914 -73.80965206269327 285.1110667454535
564.0105841670404 -70.19970537082855 284.9839965843897
567.2513285582978 -62.09674352754385 275.15215347913636
562.7311419064288 -54.44297574658546 279.2551755924601
561.4645819855596 -60.77466189973983 274.977004199446
565.3428919795978 -62.636541330723624 276.13437836122426
557.3011809711504 -53.977935316874266 279.51654163837134
548.2597843367415 -62.06604825412715 279.1336940642178
557.4517372193693 -61.97441411882325 280.17524876405696
566.266139929167 -67.10426069646047 273.7468059466838
570.9821106392017 -72.4200175876595 266.2813883699191
574.0499280787667 -64.07272176993624 259.3939131345955
575.0606967934602 -68.06195986956813 263.3245028326262
580.6890680460987 -59.0589459867198 257.9577697439075
574.2580372477191 -56.43918641805482 261.8921772169323
565.8488370680099 -54.84364785612913 255.5667531734752
574.5328997451716 -51.509974489620895 259.80491740942983
567.7028557554617 -51.24606516189087 265.64963377459605
561.3183457465724 -49.7030540806214 270.9686171662589
566.1685185626217 -46.74045148089252 270.00646137128837
559.2892472807407 -36.820355708452524 267.4523618763684
566.6715425295953 -30.0623748465692 274.07128789246644
566.3362960644043 -20.281528947179716 264.67833776896623
571.9468308715882 -25.30047186518211 256.1158555135629
575.5420338488029 -22.882521708436464 262.45291764302954
581.3189582285488 -21.085770745916285 255.74685780107058
587.0984838162948 -23.593826514693568 255.24787986227778
581.8079549741019 -20.03190617475237 251.83222148431844
576.9935288609603 -17.194621577853386 260.0011282470524
568.2207737289289 -17.219969457512626 253.8367620770908
568.2359176700285 -8.546195820948702 245.20403046416757
577.4065721336435 -1.9078716595333276 244.7888251386081
579.868372382368 -4.830892838405042 246.9877888881605
575.8818785082372 -3.596004482514573 241.38833319294545
585.7449149869815 -6.205825848740863 232.23413818730802
592.9719009967566 -7.578751172001125 242.1563759696369
584.6059778671809 -15.668145473507234 241.63007904842024
575.130123646991 -24.370930686823396 250.8801471493172
582.1736419164831 -33.7141954175136 241.80501334849822
572.6031732069489 -41.3271409331424 242.97104989250332
577.6474119873403 -33.345637168615205 239.718533413712
583.3481046051014 -32.810701955504136 245.3391148317248
582.3941528464616 -42.75574799094374 254.7561828144433
578.049817634266 -51.00767757150826 250.20231404874224
583.9674664252467 -50.87779057743545 244.36598053312986
592.1415947255038 -53.615630718943656 248.2579377945237
584.4713494553492 -58.11946842917539 238.40572070560077
593.3515278789891 -64.03631569813439 232.11624756300782
586.4779063104257 -61.0535867855513 229.53581417381204
592.213548530412 -51.76124518751456 227.67221393300343
599.8378753148072 -57.03488030095282 237.1164826394636
607.5101401642523 -52.88846368225348 230.98275030505224
605.3438118145991 -51.49917793919987 236.98641386328637
610.6797095395747 -41.613220294889885 243.68101574485868
618.2933400741782 -36.53430002279785 237.35866554741173
623.0540722414567 -45.681318255619146 231.44876571526598
618.8371831958295 -47.00569039025439 231.85534764417918
613.7570329543577 -48.16537934064824 232.84934122745824
616.6605411706 -57.536865416628274 237.6844616643535
622.0065882441332 -48.48744845421858 234.96512427217633
613.4714673751441 -44.221312311802464 239.13906872453197
614.6048728289168 -51.72234078037673 230.75967554064496
609.151604893716 -43.14758554322087 221.39340338033688
614.4429141557041 -37.75066963458433 226.34937394532952
609.6256724685286 -46.26007699088575 221.47700426567062
619.0695185708297 -42.036232490541295 215.4936493653246
627.5248316788266 -42.32161349943655 215.11282082706117
623.7861015525291 -38.454725109336366 222.18148205709332
618.3074150831508 -41.34651928398113 215.19663734871878
623.5562592366765 -45.38265219140311 207.19032864035773
633.3457148661407 -49.77756221586009 216.6960900795518
638.615606278499 -52.08295058312676 208.3819055298149
640.6112897200782 -45.149469170025775 210.94211270761318
642.6389937631649 -50.515643135986146 220.573280732171
642.1128526114215 -52.14546935047506 230.1613448347532
632.2047253993294 -48.53158826935836 234.41681076333234
623.0739312968655 -56.462049172851906 241.43282515698314
620.2642710691887 -54.33776213407558 241.359216663693
626.4405507699324 -46.16410418894915 240.50557144327607
617.5370465704673 -53.48976951674494 235.15254409805678
625.5681121448797 -62.432433071929275 241.93171952607673
618.1860790341266 -57.50043548378263 246.60269099061964
609.600922875353 -63.56392473693504 244.5973776769583
611.067172893268 -61.95874999892438 235.86517366225033
601.6199330551449 -69.11825723088165 237.48870282753407
610.506206789136 -74.34630795586895 235.47562762794894
603.2203862738882 -65.36851050967032 240.6945649554906
612.7356261165659 -59.14836346423631 244.537521797092
619.0700095278254 -69.01761098190048 237.07634695569826
627.1182383275802 -73.19429395422124 232.12142869451796
631.9697699662546 -65.76368369629752 241.7368023788021
635.0314847765201 -56.68907825273649 241.69440675313453
641.1292635584146 -55.22610025281006 237.83267991182134
650.5060487565323 -58.004548590760336 232.2153992640114
642.9089599007264 -64.77853587688054 232.02917470167884
650.4790575606501 -55.14875219915841 226.6021589649526
643.2478229856047 -53.60205043215918 229.53656041617248
645.2717945252652 -58.20667871933209 234.55325133377596
648.8797311074115 -60.61464845402792 244.1421245307601
655.4074432908403 -67.29437515632553 237.64789484342924
665.0894880642952 -65.23336408022412 231.3490889228126
663.6663438101132 -65.1893321938335 231.99012791923448
653.7826176884262 -56.029445329123675 241.3791908342627
649.974635752504 -57.86565151645148 234.56898416073997
647.414267418832 -57.59026341505617 237.12255223156134
652.1652894714825 -61.146055280317604 245.1330740598149
657.5510460144134 -53.20062620211871 251.4098922117337
660.9699833380769 -57.764353650558185 244.73172846307415
665.6714202878223 -50.654147532694026 236.43798693293536
664.2954415829726 -41.67198291076016 233.29330421032478
658.5314681523064 -50.246781431800045 232.61680348459103
654.9522056092849 -56.75298797741823 236.76980370683552
660.4921157977695 -65.88306641763116 233.22864396233706
657.2723830357044 -58.1345537627401 226.9643929581055
647.7802503544349 -50.54462619161256 228.25497376249854
640.9358200330716 -43.61994447246897 237.79043304043668
632.9121576043924 -39.061123858124915 231.36187516237854
629.4449543227004 -37.347051928466726 238.20226557470903
637.9510671207524 -41.16374012728385 238.93780222235054
637.1857322729292 -34.29166761669544 242.51498011200394
632.8115500370649 -35.61127884119844 238.02024947838643
626.1633021389387 -34.48926039975876 229.52263273624197
626.6647915284642 -38.68505165468732 229.33526298994238
617.3521912480923 -37.42844002148163 221.30857231595812
612.1877862908686 -42.556673090219974 216.29397161268088
618.3123692910868 -47.38445025440671 218.2126734461797
617.4876884025078 -42.93628453841529 218.9827297449727
616.3488724225963 -46.0010604495722 211.2549358941487
614.3592365619238 -43.986843050382056 203.8364157905652
623.1790834346566 -39.29732165809939 206.49663412193698
618.043165339928 -33.77250268294604 198.01890346207472
626.2202320165501 -39.12092530630191 207.11053606407378
626.8712756061645 -46.71200025239997 205.21581546626925
625.2926956081308 -46.32114335946002 206.22757206789387
617.1577026727912 -53.29002034554002 211.46227558386627
625.3997350460795 -59.56879171528849 211.13730777551515
626.148106183919 -66.3388689014849 215.87901271174275
628.7784329364064 -62.66220700306944 209.6307950253335
624.1472108492186 -66.75770670681608 217.61354211871398
627.2445090332952 -73.00447524389969 227.09370894257233
627.9069248254041 -66.49675164931644 219.99038364118118
632.1707507647933 -64.5186686648428 217.71775100575732
627.4177894599114 -62.38866849709522 213.40145133838848
618.1866418407155 -58.896981329446994 220.8997447379472
623.6325265937554 -59.46714397663341 218.36017754961813
629.7126603301219 -67.55760968301581 215.74569161234137
635.5887824561628 -74.63126293725472 212.34654786136412
633.1265349414424 -83.56081820793601 208.15848722461286
642.4613234212685 -82.99411493736496 208.78395318998818
651.6677445891764 -82.69719905685422 204.7903270308891
646.9519066082961 -74.04889232370368 207.83225333968923
637.9614114184131 -64.8416637631313 214.43792630897605
628.9163772800962 -69.55917968833228 207.0016853902028
623.2152979257625 -79.41941771207665 200.43415443494553
630.6296453056698 -86.18698070771741 205.5807008940746
626.460756304684 -81.20836864555307 211.75710149393305
621.7339377829844 -74.99031818715144 204.6256783177509
626.6128253254439 -80.89643863959755 200.15283677003947
620.873608618976 -80.04717639113207 192.10810572803035
613.2390660958977 -85.79015983000056 200.82910297741006
621.704887291751 -75.84053026684984 193.68098760373692
626.6757980575892 -68.45525389272916 202.6306558804385
624.1121190182075 -70.96024961982528 209.40417321795766
626.4913344409016 -70.43108144321727 199.5158033737529
625.322606159277 -71.7544903897049 194.44100010055348
633.6678898168998 -64.55709424975365 203.0079923921982
635.8828454365074 -68.38599708324942 206.51476286133698
643.8126498879034 -73.62072311639886 208.36325856425566
639.8351655866154 -82.22027340140795 214.22648506356393
632.4082653739906 -85.06040311020176 204.22940700780669
634.6859180172829 -79.30910880676994 204.86310546640658
626.5086197942355 -71.2651698495334 202.09866482000024
625.5317840278036 -76.14910456658787 201.8609424689461
619.9301034393967 -84.31379772797435 198.7936507307481
614.5964067346996 -93.32124932838715 197.53486987939064
618.6685563678373 -87.03096484378706 203.97707307024035
614.3124646557312 -82.56719066811107 196.45153321778307
620.9741479005444 -77.69272076141937 194.8600675449771
612.5163125402922 -85.67216753457207 188.60485038206858
620.9089837147512 -82.73218579739049 187.70946884026307
617.3115148072653 -84.25252145305164 185.99808909375682
618.0047483828013 -82.2909839094827 195.2141838421369
616.2764608901824 -87.21822072937115 205.1957807658087
608.2522280015569 -87.65037759300155 209.74634589146342
609.349092121036 -96.08988329104444 216.66767698870405
600.5040664871134 -103.4335219630734 218.12884842132334
606.3913900638273 -100.70297161651631 212.09512011620285
601.9576952523647 -97.05964595328419 211.68232439114985
599.3591123766536 -88.85285453502212 204.60714936735005
589.708843686312 -83.223420271271 211.5278964156436
580.1596016666649 -78.3213199814314 209.4227365191838
573.1697300171483 -81.38898695073053 211.02610489988888
574.6394209097829 -72.28842483019528 218.83542747129178
568.1856609293895 -77.46575346263359 212.4256439150758
567.6940912382461 -87.4534703190686 212.1279900521742
567.4781904683863 -87.4342444444775 208.11139735052345
576.6342755908947 -80.37763013420118 206.30027616396382
576.5668948160984 -78.8596690063814 204.67483200674332
573.847066010223 -85.07119176240387 209.64087071509329
572.4054469530678 -88.56977162838864 217.70180247753186
577.3334116552261 -91.1476731764786 224.96255036203343
579.0548740071233 -98.78987368542532 219.8863464300669
576.5585763528613 -89.65512126347184 224.38113263091861
579.1687164229345 -83.01486333981835 228.37379928456653
581.5328391262775 -77.32397051759075 229.1241462321878
582.2857182153053 -84.71966065097413 230.46251125316132
583.9674558078627 -83.84626568686959 236.5810360434961
588.3736660413641 -83.11552734252898 227.65052111588713
594.222333059029 -79.84012062193932 224.66025879155592
603.9884371459314 -88.82180371104793 221.90346262345668
599.801743613084 -90.11331648473434 225.035091567309
609.6831008871985 -93.08859506056255 220.9269206821812
610.459443658569 -98.92449040485563 220.6152382376009
605.5673099170774 -105.38159201001683 222.0503879520121
614.5007276642085 -102.3566987920853 215.34980223457816
611.7911105851182 -100.8067635182278 215.91477596503947
605.0395360262888 -108.05692711184084 220.31677915428145
602.7996538076903 -100.89652464136583 230.2306529512694
610.2975411993917 -96.61820732465442 232.50679141946082
611.575939174883 -92.00403118607156 235.6637635367908
605.9250654737103 -97.32492970629912 238.20602404940263
598.2996024937896 -106.23396905990406 232.00438420208647
600.779736537905 -100.85089009809732 223.0532991239579
600.9978757094075 -96.99252006848282 213.25040455322662
591.5928730333824 -106.352454818544 207.14013728653967
593.8289337710601 -102.45857529864016 206.24818065748852
601.5552292343019 -110.99924377424611 205.88454790081306
599.8830759459031 -108.38284179215596 204.26626765211327
593.6300932745366 -109.41157752318566 202.43900877405295
598.3637909538623 -113.00534307270242 211.7787227733665
602.2125232155867 -105.36558584521994 205.12086389092113
607.7752229331278 -105.81167689824048 196.5899270000384
616.6842964555484 -115.30795748132509 205.60659755257856
611.7561520199971 -122.71751981959855 213.93372148870512
613.3112283799854 -124.1733685376192 212.24147259706828
620.73271625055 -124.9264924186115 208.07793080928457
620.8376685902622 -122.70937598012152 199.2511062916859
624.6503651828542 -120.24777390087374 193.40954986105413
628.7349469144787 -110.61689561345496 190.18209751100179
635.8223242761314 -119.52008240398479 194.5091850897526
629.0172403236678 -114.31984234902666 192.1072161842641
624.8129911949043 -122.3907188911044 191.1986471131431
620.3447594529565 -119.93488777967848 183.44184737508465
622.8814982421794 -128.65792110257698 178.495164564236
621.0615163314097 -119.16800521397295 179.68413236767702
614.415104718262 -126.67565147556394 187.83000214412343
612.2218395059721 -119.96638734217409 177.95503942908618
617.7579642347865 -128.81647299909244 175.48355137418693
614.6899274257712 -122.68849314561601 171.96363841123352
605.0706386617342 -129.08926618414625 163.9294530627512
614.3909651202936 -134.45463354917953 154.0638815489385
607.1673556657189 -136.02336874800932 163.11055564255227
616.4400730859674 -142.45053509414453 163.7987085770941
618.3574495424715 -137.7462855323583 170.71496783139324
621.213171969096 -132.50440973759243 174.77774667608585
617.2206828354688 -142.45811057893252 170.58369663174165
624.0491252913082 -137.97683212878607 171.53933294841454
628.3611156384871 -147.6733433451356 179.9441233639109
634.2604925653901 -152.7523394494602 189.02632281078277
630.6256371604023 -145.93078056168383 192.90446976350728
623.5611208936461 -145.02557369117804 187.6235484455871
624.4247661467292 -137.07130040703348 184.85245003765795
628.4752439924209 -128.06841887291915 176.3205801572285
634.6283174361694 -123.1344186132936 174.74768306613706
628.7633604101636 -129.46993368815097 182.05080178064895
628.8140673749782 -133.99904610141053 183.57405773480377
627.1040651154539 -136.650645656807 175.2651049112219
631.5505306848092 -137.9893488375898 175.11621662208347
623.0553082714337 -142.0349392450361 182.8876201099483
620.2499372422619 -148.08788564382306 187.57554845301158
629.7273757085638 -155.35289708285188 192.12215786690612
619.9764612957429 -156.87379912014254 197.14888953206193
616.4527464447718 -155.78100264769958 188.92632119243436
608.1978999917832 -156.73022801005433 183.4441927034269
614.5185083951594 -153.1227775612806 182.55078307913567
621.6133837424393 -151.5379355416545 177.261282630795
622.5119750930444 -149.51527745728353 181.58856996755156
629.2366437360664 -153.44969299615076 172.75112189994593
629.6109895144599 -150.82228129603493 163.24187150235656
632.5212758689004 -159.56594044794417 166.12192377993048
625.4251656923045 -166.3807167392804 164.0598462363375
630.9560945702036 -163.50158000171191 154.1529204140663
621.7440130751907 -173.12268849168854 148.5322384005332
612.5167118636119 -172.193190857795 157.02458082785168
617.7601861157718 -164.9098666652427 152.48956285912146
620.3966854689879 -165.10314063951301 159.02824768723082
612.1225953848649 -164.10428886510545 151.6597636856219
618.6367853930617 -158.34267998881168 150.46174617100692
615.9500442353147 -155.96518107756583 158.8240806429024
622.2367291677919 -154.30317694705482 149.53107104872004
627.4813892649189 -159.62279569285784 156.9800237818266
630.1644893816432 -169.49999799557628 154.86179567448974
625.2169378160308 -166.251839820047 161.4559109242499
634.6581182856644 -174.77287984272425 155.17061304431232
629.620767208961 -177.3662592774589 150.3085845688466
621.7245211471458 -179.0501427862161 144.62676421848428
627.1105871255807 -177.35163265013105 147.31669265082962
627.7421487809638 -181.72333335000502 141.35958865220127
632.7022916790163 -180.64192364499627 139.58325241539677
640.0971397031503 -182.15355495095264 143.17830902607025
640.9430360730115 -180.51813012662026 151.88241861045597
631.4888072242205 -173.691944265247 158.7110799455043
634.1544271480515 -172.90020255823197 166.34665427694443
627.9661315647027 -180.1335297611358 168.6434016091328
624.8173633085345 -180.50288936745048 173.4176283062908
627.8033232378093 -188.00317320180613 172.59592950059113
628.2511876859382 -188.5730450515758 181.0944867137863
622.2358243932738 -180.08555702801164 178.65923677436044
625.124186964492 -183.00106951922984 168.94855748238646
620.2550574380323 -185.3896534330345 164.05025802156237
627.1606722675389 -192.65013801705288 165.50884055026518
630.8003586026362 -201.71035585444451 160.73981470298227
623.1569082109907 -208.6317506321124 154.94767698782408
614.4317897738189 -214.22055939271354 151.21145118318435
623.8808292032458 -210.8663544204764 150.8837072799032
622.7355698488419 -217.07995487342768 142.74175936981572
614.7111006281384 -212.0093499933921 138.6654817717938
621.8426944111538 -213.05863712077914 132.13541076930974
615.076477979175 -218.72642985984427 123.34642953142313
619.4980685852855 -226.81173746037993 129.31070560343932
611.3085409340979 -229.20050392637606 122.93778097507003
609.4582227186377 -237.8037659071006 129.42429079587555
610.7236695686967 -228.0844773156749 121.72805748485762
613.0046423079689 -231.69575168516963 122.79977593894817
605.1088586932884 -228.99984992496476 121.09260133289123
614.0650640697332 -234.02640678961978 121.67585049931341
605.7848426850966 -243.7272937547377 118.4399025596585
607.6738738883536 -248.7924029655338 112.75273037953804
600.14924492875 -242.85044791964597 114.21013028685621
591.6146680431887 -243.4876521765553 115.69861598801992
597.0533962385261 -233.53611698586013 115.55598880307043
595.2971107475756 -232.9388086502528 105.92283785435936
589.1416489441407 -240.08784080608544 96.46900875145818
595.3113272718905 -237.58849268309578 88.92898645272544
605.184905233474 -243.36960204202117 89.42990361132671
605.1188494743842 -250.36751632349552 98.63006704356235
604.3097006091555 -253.01710659764368 89.16999864856781
605.7787809020456 -246.67868021388898 86.53039248325766
613.7737266654817 -252.92844371385948 93.43379407600216
612.1818749581873 -252.28375335612978 89.29862515498043
610.7281514253517 -260.2222302067393 99.20497904979266
619.4194285185888 -255.96894373290826 106.94379350797463
613.677698756835 -262.6492698451504 102.83126161822638
605.0708233895278 -267.1127633640527 97.10023341303423
612.6177945734067 -261.7211773516706 99.65842930486362
615.7626035727211 -263.3641953493209 102.09203232943631
621.0474963913009 -267.68621118601925 100.1984689095219
616.5492607731306 -269.84159104381985 107.53822091764737
617.2887928872715 -270.71503529771155 109.97553300242647
613.918710280473 -276.65689002417787 117.28971543228319
618.993349049643 -267.57652793878407 116.69897175438781
619.5957906375185 -259.3139701619414 118.48222174818852
622.796700009466 -259.1945134506411 115.23676745769096
631.983951453689 -253.80588907392934 105.30761909195363
633.1278499050977 -263.3858995146812 99.53296930041006
628.5362443566172 -256.3639054947078 105.72843665245965
632.9119399190412 -248.8186677879674 96.2608731445989
636.6349764746869 -239.89603421939498 99.3027580917516
643.5265414868156 -233.89270122044326 93.58797096423739
642.4740445988939 -229.07948544007948 85.59099076442662
641.3331216907891 -235.7526785796278 95.25421207988927
651.1406130089265 -237.89982513153166 86.83607741725609
649.2478186376032 -241.08121316612784 89.5937198923066
659.0450346358797 -234.7387327472471 87.49544063727488
665.6558444673731 -244.14167944656114 94.08919881700842
660.2862054792632 -241.75648753407847 97.35574724020557
668.774947091072 -242.24642488551868 100.91475495575243
665.8824033443902 -246.09994679372616 99.48246261340395
669.6810757494553 -236.6046080656302 101.11269277292354
664.3653998562545 -245.05016148796946 94.49170458349997
665.8569573745742 -254.98795464441963 102.1848679685979
655.9482438722835 -245.82550928131803 97.23595101762994
661.627246132865 -247.96751505608637 99.76384701185745
666.5018943696452 -249.03040698043847 99.95405707652147
664.3754143974606 -244.48952954457755 102.64364142360431
654.4865290835245 -235.87533025224567 100.45713523559536
656.5062706372441 -235.11024142948895 104.19346399544122
648.1709996450891 -244.4089711521969 103.24173433275932
647.2510214678771 -242.49336016864802 105.95059627763582
648.7636157727892 -237.6960989289765 100.49681061716947
655.6366627067455 -236.2814040259006 102.51553138922733
659.526006987176 -229.10036779064643 96.03879149737541
664.0756466986637 -238.39748513459514 87.75514316138884
671.7678589124286 -243.41487266953627 91.60979975979859
675.1137017641751 -242.10943802241093 91.61352369591364
674.4365649436769 -236.6442093195796 98.13440520646671
667.5311960933215 -230.27845997639324 102.54169151137489
659.6501262375411 -228.37714164462037 92.9109632583467
661.890224465778 -229.04616247518646 102.59979616419561
654.0562055434216 -222.71878089072277 102.20072782315114
651.0691379252115 -221.58931804448764 92.76687505189504
660.2400707081717 -223.7303594005796 90.77115926043899
669.995657885018 -225.07941743093596 92.89051882729444
666.878936203735 -233.26434187129288 87.4815991476617
672.8049854734917 -225.778197128865 88.92976068937367
681.4039618546311 -229.6034193949244 82.07946717880553
680.8501392925701 -227.8420711825221 87.20912903516086
682.4353173212952 -219.31819621492133 95.7475966791446
674.9844030992398 -219.90326775301665 103.59478652915935
665.3788301712889 -218.53547888158778 111.0290526716026
40
633.5509738199963 -122.38391286960947 186.8204963440869
637.0486140783548 -135.39778134027603 186.6871718821245
636.4790573531587 -137.6270903361519 169.39784022108336
631.9870841898829 -146.1175371725926 167.32518294182805
626.182127756842 -146.5092938714974 184.85453437565252
616.0007286323897 -140.59056367261934 188.32076430317753
621.6127655025887 -164.08837432360122 183.9443086341437
614.063145474536 -154.76368728244586 198.36785567522674
609.5827022488585 -163.4124869069973 186.01358115163546
611.6467585405338 -162.2374766654557 174.92435323680644
615.3462312140387 -153.4279458631884 190.62570401492923
619.2405548802616 -143.69843496623056 168.24423935794036
622.3808725222717 -140.1089395436301 181.8268245851359
632.6205680315496 -160.92795835686076 171.83645604359876
631.0228713054448 -142.32280064632315 158.79733996268394
627.5798116505231 -167.57662599579336 157.2118538841979
627.924807888489 -171.63864907311222 170.25724647170105
633.4547826709261 -162.64107531813048 150.85767137243187
620.3061555483048 -181.07006003236316 142.9084180582654
607.8302366919336 -166.3058061716822 159.54449829825683
615.94291221191 -155.17158436606692 144.34735171277154
618.1576378443898 -163.52410306721814 150.1773250444645
620.3825143336222 -165.59064952939215 145.93306817463656
614.0641179494723 -156.74336212979046 148.18505119164735
620.2502752760545 -149.6411274064836 167.58507845536525
631.797449162494 -149.72602616881483 147.02304849690736
632.8541550401688 -167.40386652443397 156.0846782107463
634.3186504094623 -167.00094806878022 154.62667426760774
623.7832849381389 -165.70556887011912 152.88481012888138
636.4834452523296 -167.94710156740288 161.35005807875237
626.3891737390522 -185.073806542492 150.28298672860302
612.5028436669085 -175.24321960199015 136.71900262060873
625.95086093203 -178.4341405881114 142.44948473262266
620.9480686137393 -174.2661487981254 135.8878411166492
635.2571279381197 -174.60481498514582 133.87640310646617
632.2717752473415 -189.86229110586194 146.53831436157344
650.6625324925533 -183.0322993797167 160.95809781948543
630.5244104382649 -182.8779019107208 154.40562604243328
628.2354901938663 -166.7888024191175 159.69247088340646
628.2057192264361 -189.22262267724273 161.71625411926317
