1000
109.11568239586074 138.75736679627587 161.9917426164322
111.52661779559625 145.95917572554177 163.18302823718014
117.77932223922697 152.69548341499527 158.58380838829137
126.87812952340828 161.6324460426487 150.22149036200963
123.40585851823548 162.53845291303273 142.47615330902218
126.40812167876716 157.14701813657678 134.49674690110146
131.62026060733498 155.99572658057573 136.23289199844405
133.83576647954703 163.34149064687836 138.34944121101478
132.78176087375962 157.5707672964151 134.26342537782716
127.2496629142039 153.75141604372044 143.67446858980966
135.38458955460837 154.8792646165153 135.1866390639109
138.617565947777 148.6619935077165 134.9822028921552
143.2517100788238 152.00823230676156 133.95422517535167
144.01442660059132 148.56312143117532 129.1233963099683
142.3643275357553 148.0933994808265 138.42404838356046
145.3896969325073 153.74018793821566 141.35262267419438
141.7627771552897 147.917618853237 145.75388519064776
143.64428490417873 150.70879529144273 137.24331181332124
142.9016162903131 142.1032700265393 136.59463077651165
147.9802070061371 134.5981474680251 142.9382968163808
157.1552394149089 134.72602266145418 133.0132318959576
163.34700495405752 129.591660119051 128.22024305537536
154.90182039662767 135.37642326304615 132.15499833526064
147.83805828906102 133.85404119562384 136.19116323908645
138.24327606901608 129.31014553838577 134.57629743596806
130.0167180040432 122.79824078066254 137.549513741451
130.7434146058594 119.8146483295613 145.0445621645936
136.41569823685907 112.7452641193729 142.5152707079453
130.03575957385908 115.2722816331331 139.20827834460968
125.72153302754766 118.97750692168044 141.22706632655303
120.33806682190028 119.38640290582482 140.51343898203464
120.48687555142712 109.54962045098497 141.57493484941645
116.4070897991962 113.89524999256379 150.4774819059909
125.49676036792974 119.24232793862937 159.48928972609139
120.24429666861619 121.72962503810601 168.35024870378027
111.6476845042775 127.66724668232477 162.22292972957052
117.83418145375231 123.10165170454371 167.4475354748838
108.5820671313828 125.36236346628041 175.5421469594276
108.6622102606014 126.870537302731 178.28777420885555
107.25123897677592 122.47915224017312 182.79202701707686
111.72839405385272 129.0014429867411 175.96472732025796
112.24278568738045 134.49826793872225 179.64220215756225
117.25663789917331 139.52601365938165 184.81816080350214
122.73670011887475 131.05448976334807 187.69749356444927
113.02389276099653 138.5771691621564 195.74137759070425
103.03726552449407 142.34405553183817 195.36841098461556
106.88932755837405 142.1531165149183 200.53630060500936
105.72227288056946 149.01774513537902 190.70162805940194
98.52259609762007 146.33774438238888 199.56467023716107
108.0108846246389 145.98750497863054 199.10847721946897
115.01826999681084 152.17294250730347 200.45752370909162
107.16990352429652 143.73591378588685 198.90921999856312
106.09890816474554 138.4985793478663 208.1885791477113
114.29159694683077 132.76099158478135 217.66194633456251
116.52334044663192 138.03815520283337 213.43824487489178
121.42029777194765 146.89751939886142 216.36026601406166
115.94908070618007 142.89805390015775 221.72828912358705
110.35308021761861 151.51836013358522 215.2437073297738
105.57271465084528 156.3466740381449 212.4952381698631
105.68612145647484 151.21510340157215 210.0550593668588
106.41442183847862 156.64413989126535 206.79564301066128
99.55809569131792 150.26031055759228 214.84175214050143
96.21970039791606 144.49736052253576 214.87738965677906
101.61645563015529 152.09488782875167 217.04783265174157
93.09542946414639 144.7957315484079 210.71156206233374
91.3001816002402 141.4100889601159 215.29153618367405
92.5092548351653 133.9406835989391 221.39795021895827
101.0305716872949 139.39006129784937 223.5152954005793
108.10132916501935 147.56520731559903 214.86117626219487
106.63382099544997 147.8696222410809 205.5060985707821
114.89510791214785 138.4426335587676 208.98383066291134
120.34001920273941 134.16380311301356 218.27534864136436
110.63315379096613 135.06501576322782 228.12311443829975
101.30108776165707 126.77259251900404 235.41598513852216
102.14611251613199 131.24515740831 240.41571177873882
104.594598119482 125.97137750027466 245.9746687113808
101.64589419679369 123.30775204885019 243.99127279558527
94.0088456638368 121.18426251709676 250.12560403342133
87.3076838762175 123.22647105487002 243.7700372249224
90.58057192818578 128.45653991447392 243.6242791662331
84.70772274309215 126.56542466411214 238.9363038909054
85.77843497418911 118.60872286820647 242.74661486563716
76.72666193875777 120.87559521344858 244.3565042571822
67.1642825795216 129.7961406011454 237.9378258304573
64.4256579700309 132.97472655673567 239.6830699595327
70.27007997119091 125.20606162874752 233.54469286848425
67.02960595150476 116.88312969067115 229.81341426561383
59.27280100217116 119.15232968566444 231.28112555391505
66.8686894918293 124.14728944097884 238.37814523821302
60.07263072566701 129.42771628072757 232.99443332134015
51.51115934577352 126.35949821282682 228.98110051536594
56.464441335993314 122.24487487408865 232.70579030826738
56.80624501040349 114.28505635934901 238.44288867651275
50.18105373791711 121.11705665644868 240.83302120734422
47.76897529102457 124.27898903840078 244.87306892433398
44.74258556736487 116.34717427994539 252.0439923942098
44.44492944736248 122.91629052027825 243.74187701346966
42.38266715742225 121.28072327281879 241.30331764883655
52.160770309941924 114.89167491894229 237.90127774541648
57.35742208935682 106.35741294471696 231.3649293640062
66.18350780360478 113.16844071025834 225.68405625596185
60.07235847345794 114.91740004535546 235.23083118821674
50.85628115179812 118.56043617113517 235.52720866885122
49.56206142722829 113.12413916934241 238.2016807323795
40.90988200827228 118.78452348452113 237.62944982016376
41.15877208148043 121.40247209113252 230.81417400952523
48.647372202992415 120.16939491808866 234.3489493017631
43.43903734900124 129.73368671241042 235.8801328491785
35.17610773733044 137.02243523812788 227.48199250684874
36.87684429415415 136.99132370012498 236.11225682154068
27.516849600255377 139.718543789394 235.83383249008546
28.954590478242345 147.62476586892225 229.54108986136075
24.23144973136933 147.28939243048913 226.62962449645195
15.245947856249982 139.71401155429487 223.5721332349736
15.013061297441968 133.64968543034274 233.11821496853133
14.10468371381636 130.71569867002125 239.39933131215605
10.310447786021083 140.01685016585355 247.5668907729662
9.850748330088589 135.88430114616474 254.82245170817401
7.620998431349312 145.58026971711232 251.7455442155678
9.644144796899935 151.5315092229215 249.646096985381
12.06910804366144 146.47208991208748 246.9148070778641
13.928871652047752 154.56944683715696 250.36991613973314
18.037223549560068 152.12698471620948 258.2044793172267
9.818539477733227 147.89039495260394 252.13026556655117
4.664604966341531 157.50298849307413 250.18600388677146
-1.332987277988635 161.41948810590227 253.5541228150553
-9.80664593143629 156.21027962854467 252.62916696100163
-5.8347642332749725 162.5434173148202 245.91997043263643
-12.89334028395157 171.68539215377322 239.93812247925078
-3.0679655229746867 170.294332457348 237.0647203452633
-6.197397181349942 176.89395145191222 229.99604211848484
-14.142614077055494 186.47976549850642 232.30909664526087
-12.695588225172449 183.02787402302152 235.43370408362637
-9.102185086706204 190.08839969479612 227.87552197840523
-17.488750532100198 184.60758395492704 226.9268178611715
-13.474054346550352 181.0382659731905 219.53854970441816
-22.69793717975731 187.47028967293673 218.7910883395994
-22.51902309074702 188.1082585600623 225.87891736784496
-15.18894175642347 190.88725042675915 227.3584949349904
-16.556797905724316 192.30848516189192 232.4863459262228
-8.528044158969086 184.75453678579603 227.67769161545854
-17.802180377428478 183.400670544828 231.61512967837288
-24.242099156563313 190.2989499502057 222.5699366332672
-16.607826938833927 194.33879054932237 230.2487990171077
-9.475757755756785 198.1626497098029 234.75676817097764
-13.31715306649453 194.97693756848764 231.66124953748113
-7.578708716675685 198.8617098396741 238.95564538691045
-12.603762967554246 189.95828151655238 232.8138973728122
-18.606285413645026 181.95008396521717 225.9487250971726
-17.219597294762593 187.25604004117326 223.81129891138238
-8.221148272085316 194.41090993752974 214.41008659953474
-13.287446806778298 199.95385070831517 209.3860418674734
-8.818693385877273 201.91615677889845 213.0638500612245
-16.00696841931446 204.44672647684075 212.76529703788015
-25.76002617234662 198.83536600022853 204.71468466423568
-28.756835237934528 192.21119939145225 214.07500175259722
-31.042713548496547 198.13446608388784 204.3014211275006
-38.1675441878967 206.51732042133975 203.56864506800335
-43.78709016895465 198.37407160039174 198.66695985052303
-42.93128251284883 193.9392337227976 189.87952305123395
-50.13339728495207 190.70213896350973 197.5751757764842
-59.53153654485972 189.42437123581058 188.60322138071086
-65.37452631959677 187.3852800292568 187.85445951983533
-62.731045095557946 181.87867966308826 177.96252653555325
-56.26380959964596 173.4229392902281 175.6893338986103
-46.85611585889556 170.6382984443821 177.42642374089877
-56.48849566381074 179.62876035968753 177.32128043215567
-65.4011060213226 172.20532362446394 184.1253538234048
-65.47148313711044 162.8392475746785 187.59117140522878
-61.19081496858865 163.30075075986318 191.92281266540726
-63.72985613235666 165.58869694746764 184.410859684199
-58.33711309960683 174.71191229093316 192.00057724151776
-62.58820478130358 170.48992886305174 183.96621249297746
-71.8764836898932 172.47536880036665 192.39289950169353
-76.01635690663882 174.35512182230715 184.07531712597927
-70.70431929719447 182.17181669851746 175.94074223029494
-75.19464463148773 173.3671408432877 183.8523350019492
-67.78697309844283 164.8907388504837 176.3486427128907
-74.30052831965759 171.3902904853009 176.37701504198924
-78.50069705359992 170.48006999960282 170.22600104022277
-71.11122045230422 176.60029664097513 178.46403485297338
-75.09532208788195 174.73992483009644 187.26747860320197
-79.06217171007911 170.0612931676237 193.35754650901688
-75.27736327816318 172.53968233360123 189.31429714378189
-74.70186362023321 163.72027336038846 192.70639923785532
-77.5161593093428 166.8207973595749 201.87383804634052
-85.4902462689317 164.10726379834844 203.1691348523615
-78.93681456290388 162.10740716755248 210.1408934248681
-71.37841376170101 160.12274968160432 210.79469778132113
-63.42268367723122 151.52903852674348 205.16550665111706
-61.33410282356825 144.0144764383558 211.6128394878376
-69.79834386891194 141.1009991612575 207.6403729585449
-74.3451055518667 145.17345310748618 197.987075429939
-67.34894366746089 137.19533904584924 191.88585202425628
-66.33107729196784 141.0666321950794 193.9697083376505
-74.89247427149314 142.27556562334252 189.8186412309845
-71.06310527252634 133.93673414433954 184.04933938198403
-76.27294977073609 139.36747640981247 190.05352124429314
-70.91482569216647 133.77739820833122 191.84637936884187
-79.36957965836942 138.33948291803515 184.5932416679326
-73.96324241470258 135.71763359221117 187.7036258262108
-83.18738155979105 141.66752648726944 186.1309320490597
-74.47819969291376 134.11927291848426 187.3208342594375
-64.57185236417806 143.3343303799559 191.67997068731975
-62.51178561131853 140.4640701885546 190.5540162767389
-64.17533922169555 132.22977768761075 185.16852088523754
-61.19828608668921 129.80895585735965 179.2502808458522
-61.647463335350366 137.787810065465 172.51625979498706
-65.26525563864634 140.52814597644127 172.81909936044306
-57.14541404035281 142.97155988021396 172.64983731821192
-51.61375106636834 152.9272776587669 174.06347620720555
-43.878805898224236 152.614554188673 179.6363942667684
-41.127252913065064 160.4410180948704 177.43668988302798
-39.21359134581586 168.7671153297644 167.9868816053346
-44.160712163843556 163.03329307546366 172.33688708400697
-35.33627415874629 153.31974373944254 167.90959409095484
-29.197499179099363 147.45707063626207 163.21587147995072
-22.984657814499805 145.62184957591876 159.72924361684508
-25.25386563432703 136.14069781000728 159.94424764222538
-33.09570856531916 129.2681970602523 166.63517248356786
-29.736953357491227 119.38109719582252 176.3498904467703
-26.071432761288772 125.51779458826051 180.91272796551752
-22.560175356637405 117.46378694162254 184.54279080722392
-17.20960428553717 123.03846540867748 181.72851627011758
-25.884590091299167 120.43797300942461 187.09554298689127
-34.7806353779579 113.18447478043251 181.54070652871317
-26.96393382362819 110.08184245372942 173.05038054123293
-17.652231394858557 111.01590290509887 175.1215401371233
-15.42929326067571 111.11534442766018 183.97728946118963
-19.894276919749124 102.56567915978768 181.62517531565135
-26.869190608012325 103.91086330293935 176.66607319906336
-32.318108657639826 108.88456083860285 177.623555836999
-42.17144654681607 106.42946813675275 180.32151630901302
-50.91924273432467 114.32203560195207 172.6325443098622
-59.06250016007283 117.4187111018601 172.66487596639004
-59.31016081310235 117.24355083634018 164.99750127953962
-64.10171309203618 115.18769264877152 156.4525532858161
-65.49870325065018 111.04856994861278 146.87396656979115
-66.74848347125261 116.49320619127496 150.72760650227076
-73.37909400055963 119.8783623670405 142.16738828220628
-73.45696434478104 125.58519039983521 147.59957438842426
-70.27546208019888 122.88561323933864 139.43732184883726
-71.32160041238006 128.7614531770988 143.0131949577785
-79.0923127918211 138.01974692523157 152.48553569302493
-83.44100224782281 144.5739281128805 145.78477343678674
-90.78968505400397 142.53293144864836 152.80093041628652
-97.50754690382519 137.064785159218 145.56441360790524
-91.35696031828009 132.42601245059686 150.73981434416345
-91.78972353759568 124.38889153656194 155.2972201495531
-99.47262988157942 115.59317132399873 160.63880708926598
-101.90745706424786 111.06439342654848 153.53831544942193
-99.90991044485291 117.27915761737823 162.08076041202926
-96.68071035577623 123.27720873306536 152.7721753108309
-87.73786052677175 118.93380903797046 156.83912660486067
-79.85497329611242 126.97615561808612 151.80313670738724
-89.84521051297845 134.18298752669807 150.97000057391796
-80.20124544397802 131.03703606325516 152.04958562699835
-83.44871225743105 136.38494643221293 156.11360007018334
-93.42197895944727 144.8101650937524 153.680558888631
-86.85587931081623 136.9721809197033 144.45848893813755
-81.87230900914642 135.72383889512787 136.89460429540398
-80.5776538180694 136.01116537302704 145.82832253470266
-72.05157819496716 129.6445013488205 151.80506112575588
-81.77307114385734 135.95996127040155 151.8159690394919
-72.08069875633745 132.1209953132881 147.46542797943812
-73.04979500348561 124.63537085418919 143.08409614105108
-69.05782256177105 126.12337888104712 142.93592944883994
-61.66514705939384 129.9253335447671 140.58391587986407
-65.65155543615231 137.047849950413 140.11330062349924
-72.76717211800512 133.55054661075837 140.20056616562758
-80.1058967129746 131.6787469128872 143.7997177941071
-77.36373648626585 136.61846181465873 147.99225272453174
-79.46384451664086 139.92390643239477 154.62281518967862
-76.09599358797539 149.89907644511163 162.24503085160785
-69.39094165249158 141.69234152732352 169.9766372007361
-59.56240803233843 140.20719591370653 175.313698766785
-63.53575217395398 134.15143328017857 169.6008405096758
-69.66274850879186 129.50333227753407 178.72784328566556
-77.98511007815489 134.08515301982095 169.99617535160098
-73.71892851663758 139.90662094980595 171.11580325203613
-68.2309447529207 142.4089444503606 164.7855231603967
-63.97614370869038 145.46877778647442 172.5354829722685
-70.78275020704076 148.83338311204437 179.7668810008979
-64.17539391295773 151.69163055170523 176.14317256607217
-69.7105892174313 145.95502710067322 179.07537537513156
-64.78241542965833 137.5102595504489 169.78252655430018
-73.77169001291699 133.83002405755738 163.8930205935033
-67.66296422780871 134.6785820685768 161.2716653622086
-72.21858567985504 143.35524117374604 155.91757965713288
-80.44642760829088 139.2464206806871 161.56764666952233
-75.30482471664769 139.56329575311375 153.2375599125284
-67.64982062065587 130.10266451940407 163.0412761098126
-60.946348255549374 133.61447770895404 170.54721792450815
-53.7386165220631 135.87775929129876 175.64124549394134
-55.060289495246714 135.31766876731066 171.80035774757872
-57.29101027553988 143.73472436830818 166.71394046140188
-63.32602885975273 142.07401092022278 172.1871377469636
-55.70204169537165 141.74841885793919 175.46617774833464
-52.99062863211205 133.96332745869793 182.17637421082333
-44.234665985994525 129.48934833268075 186.02103376066526
-44.992285788492616 137.63400602748175 182.78147075824958
-36.2919294430339 144.98254399573602 192.77600318847652
-29.83588006863347 151.91182610298412 187.08172804230884
-20.859468740365013 159.2991075643614 187.62398895438417
-14.38037318788705 168.4365967871541 185.79542611610677
-14.76380908590844 176.37589311686517 177.56413810697236
-15.029978302107496 178.02047068381157 168.0900299214142
-17.95728261444451 171.41819491265412 169.8143215314243
-27.261659771455218 169.7038667058762 165.60847267178383
-25.697264074181703 163.14469640408944 164.94717800321106
-23.991394916557915 160.71613016776567 174.01688084950666
-22.701670288218434 153.85179034930118 166.73239425836135
-25.221833252305913 160.4664748186562 175.9538209859083
-18.500559330413182 162.41242431296814 181.37486907771816
-22.94040719259698 171.7935017237824 173.54193339682163
-15.523740179176313 175.64187666478654 178.58912216764475
-10.340017308924143 168.12765960483043 173.16771291922632
-13.957462553283495 174.37228786186708 177.62226396325264
-21.206921913607093 170.9165485221727 169.54759031496056
-29.12624480719673 172.81559192629487 162.5068796812937
-28.051146009667168 166.4759761615308 170.38092726353926
-37.341948615991285 165.08212435891568 177.59740074056035
-34.973694236043585 174.9528514010473 178.72059950851767
-37.17537281701884 166.6311777144623 173.2111060146902
-31.50854763723397 161.63674925863202 177.95505402561454
-26.52662468123824 159.12871116229033 181.27303238641906
-26.69768068692134 153.50630352432242 173.93087414007442
-35.343259395196135 159.6119875572942 176.84269294599645
-34.690886453656624 160.30438101746603 179.73926239135693
-28.979254255101267 164.89628119968938 186.91820747770626
-29.176643445357236 166.85480780482197 179.02107489179394
-30.04372219471797 171.69690225950478 176.72282210903683
-30.766098371324418 179.6158379750688 173.68774981117815
-30.06741152769951 178.10353307908412 182.02006748339303
-21.299990503097394 180.71339674547966 172.7272297850756
-21.28334225965013 183.97607764172608 168.31624189912247
-19.386337079058745 184.26398025356133 174.60779410530517
-21.439832401600817 177.78163324595454 177.50517124034866
-27.853689212964614 183.8237702317185 171.51422202160038
-30.57136273198284 187.41385692312429 178.86904046189767
-25.49074747833535 192.75358209511967 184.95299932996843
-18.034582673575763 184.82085836980661 176.36525291978086
-19.748950453699255 174.82999333170443 181.63916942353526
-18.970074290629004 171.1281821663945 174.80271837582228
-21.02140827022029 178.366991637738 174.71431175659805
-18.161795817800986 179.97579475216904 182.76630617316752
-19.056140827016144 182.49598566908784 188.98539690042125
-10.34577309476042 183.3218403984066 194.11701185879664
-11.671175124692326 185.51219843312572 191.8143116200244
-7.783124825738701 178.64400535446129 187.1587997366384
-8.723453284425576 188.468857959531 197.00866443178526
-0.1384919138769849 185.0343602514617 193.1330530231668
2.909406561402504 191.84650169139007 186.96618621529922
-2.7002439078018265 200.41407101491757 179.16419939758453
-5.11771658075802 204.08883319288458 187.44300902346063
-0.399088487365022 204.1651008561987 194.69823459126906
0.704327436127206 201.2087772136904 203.88283767720833
8.085343619382423 207.2631784381504 211.16407828713878
5.715439299661175 215.40223778601757 213.5422742743067
12.334472763064882 218.62077220425877 212.43999056178552
6.0658921434215465 220.99555706706857 214.67638361332064
12.663430246391105 219.4295498004685 217.16770526125916
19.46674218845549 215.6132187894745 223.92857884627426
17.06107452729003 206.17755443873074 229.59985208436748
25.954017637251116 208.3017041734001 222.12825241733307
28.935803398811142 215.25574504985872 226.0945454585858
30.93394782138433 218.50147174726615 221.03040423031266
31.102003480171323 224.3089861015334 221.8521569053431
35.82779513927506 232.7425636793494 221.5724632039192
36.35186785542684 229.53793778826872 229.82653393209094
30.322094117250344 223.05462547720987 220.38425634354337
27.04820351953599 218.2565132117729 225.59137421851844
30.967515155160672 222.22757076885648 227.88325660950264
29.383204743837965 217.6870045501123 222.019077892948
24.44758856257191 221.92504988771813 218.51998468300405
29.73450043670038 228.52250559090808 209.06470368394992
30.830816042335208 230.6950655413233 203.61046406711478
26.197256055481482 224.2939617623036 194.4959471671872
16.754556076588848 222.54669041526884 203.1969112557982
24.45254314024973 228.11622831559148 207.271764285587
19.90726775772471 225.29124798019058 198.03845816025182
14.362890657736175 228.22726752825034 196.6799079865598
21.220819040719924 234.20482049944087 196.84162200598357
23.796349843777552 231.56997916958755 203.04509936648918
14.17386217941853 240.28818961188463 201.89454705957877
13.469606264772244 231.89417469287935 202.48172337215763
5.926248633879588 230.6157362360277 208.23856220514187
1.588373279697147 229.93730609830612 204.79284108202805
-8.260814561188834 227.01996994669327 203.43511612475032
-12.673677827405474 232.92143839419435 209.46751030336557
-8.88952448002142 237.614235059718 205.92336246012417
-9.23254662610697 233.2891609124412 208.84256716752103
-17.835442472653227 232.86264078278896 218.17473497495294
-10.78862823360224 237.86745652582877 210.1004945690579
-4.24501699806637 228.51433620167194 201.1587629691624
-5.997530330431816 223.24966023155716 201.75481051174586
-10.610198182653058 215.39666315115872 209.36744237704568
-9.342112300464192 211.9260528218657 216.97811175173587
-4.695887663408355 219.50074924104675 218.89498438898065
-7.446282411145649 226.41459910944099 214.97382167723666
-1.1041000576122837 219.65359729756682 205.04202269470886
-6.750020248921674 222.7066937748619 206.22496427898344
-1.7526047502706774 231.7438229416677 202.99930959369442
1.444576816543969 228.72455940384967 207.45538436621044
-6.167600894484556 233.1739255248718 205.11157148016116
1.8593533942355247 240.66655414531854 204.67944930416513
0.2091457517426245 236.29220089606633 209.63058357235255
-8.29695959482617 229.0187892138545 200.45919399947616
-1.2249059550274 221.29292829608627 197.36023979804344
-5.65216402987098 220.9280339975304 199.14967030905532
-5.521932245294405 221.7591368545449 208.78349064128113
-11.831914281239818 213.70722907665274 207.35251058137877
-3.50641321348928 212.6809238916251 213.66225359545143
-0.6577060585545866 210.12771166085085 222.85580428147887
-8.054711335796071 214.45615489439453 213.9697663871518
-2.2989654063337426 206.82634006599505 219.33207445660364
3.372288506530868 207.33458273592535 215.11712064205503
6.0330693383479925 198.9972383226363 224.21819852975403
-0.21608763359839323 203.03052471717723 223.1811175701944
-1.5853505514259028 212.74433097865688 217.7175531364424
6.443298995007213 211.82607017224214 212.78305431464474
15.399376947307813 220.99369798832382 206.58499663155288
6.097187514057945 220.60652122550323 210.83017291336037
3.861613120857821 217.86897235978103 213.2534946384112
-5.289096003041414 216.028513445292 217.8308324583008
0.5531878946771807 215.56734894761118 226.14817445771925
-4.8748535208336845 225.14383198608112 216.99180775722454
-5.951274737793062 230.32621814951483 213.6578480928308
-12.914307931471534 229.15723385941638 210.01080139498518
-21.64630343649923 234.0578043583877 203.8657127153183
-15.650020879190077 242.83265088039002 201.11633074058426
-21.639916306086853 233.8449366500592 198.18478153119557
-17.04847425016495 234.4744262905993 195.24462088023694
-7.879794722138666 241.09296211175624 198.8582981572256
-3.1712018290809425 247.17279912428222 196.1915604556305
-11.03630465683953 251.1591599310137 204.7886317165008
-3.9748056165223513 257.96596459222275 214.48829344761918
-6.168080714729775 256.92158942297954 216.97592323221508
1.9369918310232608 265.56204683969577 211.5730651920101
0.5068137042359404 260.53116134666516 202.59880841186038
-7.594500262641361 257.15262175313956 200.9644506360701
-0.05251210117111338 265.52992721043 209.62237313300713
6.659100506749674 257.5951820944854 217.38190257313767
8.257794313987759 253.7677955439345 225.1381437020073
0.27081928013023315 244.4949049086882 220.18727454501868
-4.9145909794568485 253.29101433866128 214.86242743092
-10.540491659440681 246.20840881402125 224.11499439261522
-5.787849335675961 244.6733482020918 224.6863592820414
2.033286363718922 235.94775200844933 230.80280860321227
6.973029240455867 245.19530102760885 235.69210661755025
4.29187747701404 243.68069073176537 228.85586337915296
13.6218602606181 239.0420189580743 228.82787271159103
12.545591842012229 241.61246914546467 230.97610875394724
9.453038954198107 234.0593531073501 238.3307416476083
2.3437222923911136 242.1428557347046 231.12566619267153
0.7774171862121246 241.48228053645695 222.05239095190493
-5.362365165392381 238.91642408687886 229.56169484855712
-8.112571546088347 229.47729561099857 238.60265903713568
-10.835272016161055 229.83296897105177 240.8926525257062
-12.079473610722031 229.83331943819508 237.59241590759788
-11.107761019619119 228.12003276420026 230.69940692396457
-18.719987966756133 218.93355946836198 236.92442667589205
-21.149388751587992 223.5270939533818 232.19969660074327
-28.58303112022473 222.82096903462354 239.92280905419136
-29.248947784611424 224.53411043391648 230.5027380040267
-36.294464115280306 217.48146605183032 231.23067571700864
-33.560711377150724 222.59778943340504 232.70848207607293
-27.875148651429164 231.62686321400759 223.29960858138065
-18.711309984242426 226.49043132656686 216.06731208273433
-16.242763927634062 231.33003008927932 207.21377249453016
-12.826497413652888 240.304398530574 203.06992609199006
-9.12860550882785 241.2872406788519 209.29059728088964
-8.456257178761295 248.31888061359808 199.79982721099842
-17.63677271552887 239.45791103780545 194.57795084636214
-15.011658150078295 240.3337621646467 194.57026661057796
-13.569447295456737 242.3511882876019 185.23156197880516
-9.80801761911047 234.72158313598624 192.16207293794892
-9.160066791076495 234.61732350931345 194.26454313993042
-14.575676904938934 227.64606626696303 192.51414531218504
-18.98066353780574 232.61208729386635 183.96470157463776
-20.376155905743932 223.69914643778728 182.48817386553563
-27.22391574477443 222.6898064204046 179.94012209957265
-27.902090218164304 213.56137484550567 179.75303962907216
-26.555543659755457 223.33230069135394 186.57591081930434
-24.713930393172596 215.9749260999052 187.89523939529371
-31.00504614434284 225.24175695337914 186.97196430545674
-35.20617126642121 232.49588690075018 178.43310994779625
-44.5287712472908 228.80257647079844 183.4297773592809
-44.60858512468151 224.42768961052997 173.9098334911945
-35.53965262401098 220.85837873453946 173.93168735898692
-38.87056145443934 229.05585135806737 180.21893416569523
-44.40454659836109 233.85682746868457 189.86953345383594
-37.021436314217226 236.23666738978864 189.72589860146218
-46.50945507196817 230.96654278229943 198.31499997109586
-38.85223092617318 238.24095346071056 191.61293124311194
-46.153139005419966 237.62370935327212 198.06023860457285
-50.44163535706994 239.34533807649558 200.39027588717863
-53.28149475509429 248.03545842252558 206.02793699179648
-62.48977684680229 249.13239473918105 215.7370102042564
-66.41951892993563 239.2526231678771 223.0685507544186
-74.11060535240101 243.91441610583453 218.54266699549063
-72.38849922428882 236.21687300563775 213.908336936716
-78.52277251086473 234.2810644393864 210.29591816063137
-85.65049818641901 228.2796807670702 216.86055361629906
-75.88394009732635 221.21637452784503 224.8711959852364
-67.11702229863978 217.54655725826356 218.23859018837322
-71.87672540284088 219.53021893192172 218.5635508589474
-67.4371491621176 217.9198025461389 209.50657723424308
-67.87771024405923 209.4925373078145 217.00525542719885
-71.24081312273674 204.9466073174911 221.41413160435204
-80.58037351761207 195.53081358701664 228.8883137221995
-89.18898217018237 186.99267624601805 228.92676174311146
-83.43308555790412 191.10663540035222 227.26903514620952
-92.38339891989582 185.13097364617664 232.6833187112832
-83.08415882299428 193.55843743479073 233.2823066726846
-88.02596212876398 195.92522991536916 231.6345901170116
-92.2901887968223 202.18009558255548 228.27823751628398
-93.5041406131848 209.43787064913482 228.09818734237126
-89.49831806923792 206.4262262922996 221.74095812463614
-80.78906869269062 215.9187119422488 230.0515257792389
-79.91883621308297 218.57075924110842 230.00709456259366
-79.63928697792699 217.2987541178848 223.5360343477636
-76.1836641449192 225.2197513201354 219.44199435318657
-73.54980909049674 234.745895862356 223.11426194779054
-81.68977069639459 239.638462198069 228.91376271350583
-76.42050566415082 235.09564917896947 235.89556266256204
-70.55362437965412 232.30826593681113 230.33660570387102
-62.16683698325636 226.21753964362182 224.28814371115905
-57.525075596338056 230.61320505623155 225.87887438127268
-53.55466829529781 222.0175950435551 216.82129621009827
-59.304667923257426 217.06977972750173 218.18522460920806
-49.78801018840936 210.27692190577355 211.92519197327502
-53.43405457368994 202.53032711979102 212.30636362479459
-55.04953216933396 193.03007659722664 210.78094306305542
-52.06301995433659 184.76125592445842 202.2023121272654
-42.668871252991906 186.59616368646783 205.95618481849485
-37.78965435797697 182.97089435240292 206.04438666841642
-41.96960636075822 185.850242943537 215.4622560806914
-39.869714993523054 194.58928240580366 212.45264200385662
-40.933901624032096 187.69746541534167 213.8793207510969
-39.25576055978599 191.18045704596136 218.13366996617896
-45.23029760254457 196.7360389073821 220.19337622920625
-50.61464496001325 199.75444611373103 222.4612176095741
-49.01845921364647 200.58784555251705 219.08253151673642
-54.49211191803396 209.37157894857768 212.74862710030908
-51.820821429247886 210.24066108834793 220.59809323809895
-60.07377970195417 209.2989703103397 223.1592482090221
-59.17140008744108 208.64932812295572 217.04903402702138
-65.02299650839977 216.65841919770438 208.38196574275204
-69.65690607695869 224.78202893944837 214.32744442902543
-65.54357079287696 219.83855431781248 223.80150758736187
-64.59062445995183 217.05556672144783 227.42798306607713
-70.7304547394726 215.77964654505257 236.29682738590537
-79.32462397228147 215.09668111564116 241.9954786172664
-80.26250227748693 211.19910779854857 235.39265975310067
-76.72760879216129 208.63440451272837 232.63743100526085
-67.87235462223424 209.64490296596074 226.7361247978286
-77.43218614523566 209.17742603293658 232.20581046362423
-77.10564140797504 200.93216441133217 229.2928086837943
-84.71656820255828 204.47867747763686 228.4160868992518
-86.00559332919376 205.25998943324444 235.67339436341337
-81.99953841310688 206.26392360508282 240.73005469765093
-82.64638574718514 206.31726062051828 240.78165086243214
-75.31152850190055 208.04056180994573 241.73387354791373
-78.23872243810659 204.80700353928586 239.67095803709506
-73.81185217651448 206.45152896225338 239.08375618674296
-72.41296299021013 206.791033596545 230.60718292781726
-68.30320471289431 197.89452824819568 228.0275546106278
-66.12861390275334 200.909334324504 220.78224818882754
-68.3745592482477 191.24213765658544 224.0821865310529
-73.23445838248075 194.53056742955854 216.54540774320225
-66.45617050357369 186.14351907969967 213.9503123379964
-61.67372192495577 184.16741540737772 213.1145059761822
-69.47661597813665 176.94472183012584 210.51965582107482
-60.559285488072675 169.8885957996755 218.41487358176917
-52.153197588376244 173.85614126937188 225.3256515985386
-47.97242011635168 180.8352677892417 224.85335252053784
-56.03138103926476 178.23884897903199 221.01180055678563
-59.477080628024524 173.9614170052768 217.06230573098466
-55.777207145838084 171.27372532477273 214.50030107268316
-61.43922256667978 163.88569885581808 216.96020672908884
-53.516311665921855 163.13224626183552 225.9807408684677
-49.63530342206985 153.3017361710453 220.98003624707115
-47.41737273804832 154.5616735211043 225.97017592730708
-53.06021578246261 148.80671586293965 224.1470245475707
-61.28636033162501 141.59718846485742 224.17770872672878
-57.18446362860156 140.02372469310026 216.51456664496672
-59.95317697228579 135.61349345486227 211.5487819593276
-50.20041845052144 137.52079183028152 220.8396113462648
-58.925768090000304 128.5889494760584 219.75961477799387
-60.60914240007364 121.14914689740472 216.02317567914778
-56.81508568492537 128.23947690787782 206.5559122510264
-56.50463279190377 136.0086970718435 209.03452237922627
-56.972421691909325 133.14571748358222 206.85148299422804
-64.49979122169732 134.5489322456442 214.95130621846482
-59.38931041076967 137.75505204125793 223.18710105151544
-49.84533177388603 146.78911343009335 219.95065169482393
-56.75579241897994 150.29617468284476 225.32030641348527
-62.51945386055064 154.79512492131104 234.18914561344778
-53.12075327929995 153.28656796645964 227.4485704274846
-51.83592268017469 156.85237048938754 235.30806968544223
-59.57909482774782 157.66068317613102 227.27666685868573
-55.146019478350425 154.07731708085254 228.8276513376364
-49.07716468154633 158.01236551435514 219.33414482324076
-47.792623910789466 153.26662105619957 210.32194703809196
-42.40666094964193 161.79625097641602 216.88288357481548
-51.57274430441763 170.28563945257716 207.739873958174
-60.532783841864095 176.5040870476667 209.79120099428042
-55.06521555563599 174.90851715706307 202.18742447192017
-60.36777517297761 180.47772063414146 194.15554662245563
-56.366185826614455 170.8256235684595 198.8167611730401
-59.65144265201833 167.23103254997562 205.91558653045453
-61.60050562856812 167.01942492617252 198.6964391429378
-63.89783527005791 165.00215146537798 192.5093032352786
-73.08828892164783 171.28862972254325 187.55931211653564
-67.74119976964747 164.066437491703 183.0631496434945
-68.47077923400724 156.82601104273581 176.99178487019904
-65.58556729533058 149.6386368371436 167.35637106871124
-67.65569517491562 149.53041945875614 158.22881715761645
-67.7018041324351 153.01993561827146 150.22754820868943
-73.6906826220372 158.95813154633075 146.2096266504507
-71.29284121425457 157.43365144394613 137.55199320604643
-68.71084257023574 166.8857679386144 140.85563810318214
-74.30131829541061 169.0322800861886 142.31672778514897
-76.50381552362202 160.31641024900293 132.79478062796133
-77.93819689514706 167.4746670394745 123.08561557500268
-74.01850677185918 162.9072798307602 126.4173167011835
-64.96240420210684 153.47625326582167 123.68676425970355
-70.77048066917382 161.8739359442184 118.12727985919592
-69.9977805802393 158.1917602053466 123.57620637516223
-78.29170580886868 167.90081511786738 130.29477227335127
-79.15389549122197 161.31758335140378 139.70921817193883
-85.22418771570369 159.7404573230252 145.13167611221363
-78.87607490622169 154.79588888393317 142.97933138675404
-74.91107189671644 151.852357104551 142.5036265132081
-77.63289248154555 148.82276611928364 133.34009808861146
-70.18228745526436 142.88201009655992 139.67271232525823
-69.4188251113107 146.2387945454936 130.2283812378887
-74.3705410019999 146.2371985797362 121.12289034785815
-83.63122273224171 142.29063782118598 112.21500062105008
-88.27137373877105 144.84599061100027 115.35725432310765
-89.7267992397979 142.62594844681504 110.55867061417842
-96.30506662128064 135.5054383578051 117.46508473516782
-90.99570846915444 132.03664177473405 117.82808679084486
-96.17081498746003 129.1963380463804 119.88187466695553
-89.21363875523099 133.85970616759622 112.5272541544215
-95.9084607107974 132.89748853350315 110.25819840709889
-89.22960127237509 137.09551510030585 107.06826857402842
-81.4662297571564 141.96097344111163 114.6051846988208
-72.2409980799991 134.57914993826554 115.23726771976328
-76.61090276868747 140.3612496938645 112.49299759755272
-70.59588675806107 150.07089791130886 114.21458213137525
-72.75395666252399 150.9688922610254 121.86931715314995
-75.2937585472695 141.27732020061555 126.33220862749323
-68.87121332074851 139.48254915454032 126.65255596636769
-67.54546398544662 141.12324744012616 133.67505354332587
-73.32370445331833 148.48395357277528 127.62616681853589
-81.03920979815337 139.97004106306113 124.29791441908733
-75.79859040438713 136.3833362266949 129.7695334027215
-73.24622001171466 137.68847335717288 120.50617355472028
-79.63728252181403 134.9276119984116 123.13212402155496
-72.85121816147682 126.30808132390315 118.1046972056096
-66.6260203279016 129.51856814200534 123.07362870667679
-74.71804762064734 128.42413087094675 114.08291474226144
-73.88740394823536 128.32885651342792 109.76753438581781
-77.75052739074555 129.607054134379 102.79537821342134
-78.08405870334184 123.99678567482711 99.08625251238206
-75.87700566230237 128.83287537042395 106.4050604487897
-76.703125984997 122.99269956300915 99.39974379855454
-80.00925173238412 119.19893013361273 102.97060034533149
-71.64327877125791 126.57953975593944 103.11670881406855
-68.56310494657497 131.85407189048152 94.6535451652731
-68.63471567846294 128.88543529779878 85.73106170021512
-78.42578163466416 134.91312836255238 92.6239708500595
-72.00559117007154 132.10920145361342 93.44707373231887
-71.22360433146372 133.32557658647056 90.51618193631724
-67.03030224179368 126.65547390810532 99.74184980359766
-73.8839872273456 127.92918556175816 106.15674285899547
-76.40945984027483 134.62606804635553 108.90164087206576
-68.79297639455481 131.77529558831813 100.3364282884216
-64.7654748426447 134.29041785084365 101.66020446744366
-67.82970856107502 130.45800639479992 101.16161565664893
-72.98342894143178 125.23470360952655 108.81311371189823
-63.133210719311194 126.4794934241827 102.48036792080883
-69.42673188599825 132.50534103185555 100.07323662570126
-71.74338953988102 140.77204116406404 103.57685268426586
-69.70692539763252 149.6403222992224 104.46743221587653
-59.740196395741435 141.4599349949771 102.36510732656137
-59.53703307554562 142.1710264479806 106.1353133846961
-51.93156822616179 148.18540298516112 100.25453198968296
-47.50335071394038 154.5888609388405 106.24170853637807
-38.11753580634662 150.88310277775275 101.4109259947249
-43.40317625259977 155.90291220051338 110.94387504198022
-39.16779923484404 155.02325566482656 106.25972947377306
-32.327875842004794 145.59576050601612 101.56033621755984
-26.26264811138089 138.94556832600702 96.90494407754807
-18.068657770671148 135.22510901993567 93.43382184166705
-21.680627474637237 128.46365632931125 103.10695191994756
-14.205907032552751 130.77136077057247 100.64332478287234
-20.99906548664265 135.82093798220527 109.3023907685817
-16.321806001320333 138.40893432729393 101.24582442048155
-17.93576217210199 138.9855257397468 98.08829781581646
-9.678513032018852 135.10750518548429 105.30565695387179
-17.55908205482248 136.3726119589397 104.6348399659456
-14.988182863129722 134.0999337087742 110.34268280512616
-15.88507507944655 141.75141292317284 106.9983767294654
-12.17407032113113 140.85769894072433 110.69099552579448
-12.721880004279924 134.78861929515296 116.95092462804875
-18.235189230266844 129.31761715493408 113.73154654894799
-11.13515110273169 125.15890779595028 115.6595727272629
-10.43030082939594 131.34268081914144 110.01637111334199
-13.696711671227739 135.19144803448862 119.53960467798295
-9.215879845203148 129.98089925906007 127.8464817494613
-17.63299568177198 136.16145381746875 125.50963975188169
-21.413807615492154 140.54534849685103 118.99947545433652
-18.03415738799132 131.00796430536323 110.27293846337895
-10.280367816812861 135.47830699750736 101.65443550808124
-2.0362486820250094 141.71747203147976 93.29494326374852
-8.654495169142496 146.42691854870787 102.80726807989603
-18.34378106293206 152.47804859456366 111.51262195545246
-24.85859546348862 145.02850547743142 111.56892127832758
-17.979470574496283 152.36551301562446 103.85005334573171
-14.381832121779727 146.79220526349542 105.51528980402341
-9.56556362262206 153.68969732403355 100.7359613507684
-16.76550977024372 156.0764807127701 107.00006185248891
-8.49760458365898 151.3778673527228 115.01483461557777
-2.606249627234696 150.68219383313345 112.77521195992185
-9.926181549071176 145.174518678348 102.99273065536339
-3.267619453135209 144.26707400419286 94.71548526980591
-9.416666992379383 144.76854942836127 104.44156478092374
-13.840171770609881 135.29396575869347 99.71842286195633
-5.812908775707941 134.94056511213486 93.6247400415249
0.5342025643093837 138.04390053028393 99.37605968164377
8.78283980784387 130.02215561485957 92.36151688105438
9.5764287420318 127.0838755689664 94.57181903657133
16.72380780961467 129.4326405815191 93.9683682650826
6.871535426267066 128.69645412363957 86.74233566192196
-2.8633037385466427 118.9077107784461 86.85994800849826
-7.4410851200779415 114.80333025245868 83.60983572989943
-12.216330948319069 106.92917617828287 91.15453088858274
-13.715849828183327 116.7580404417912 84.14412536633354
-7.4842328439446275 113.23898623792698 92.27109723860605
-13.274122013602724 118.83832608833262 84.4557037029405
-21.12295949905324 117.31108977300583 78.30005547160818
-23.26594751776085 108.81465953163924 70.86007832568566
-25.366679326478994 109.81317272602374 75.88972520784509
-27.964219162761612 118.13441465092639 79.44669564170414
-36.89677098566112 116.83408455099931 81.36924034841428
-43.780365819290346 110.5145805286019 72.89162771115957
-34.594985734369345 119.2961609255508 72.34808744616608
-37.27833870522213 110.07195286038613 65.98336172372031
-37.37085981964841 117.88850432026948 61.49707992721319
-35.574315966471495 112.83503782810689 64.52929959496812
-45.50429985737307 118.16998029608894 65.68363339816258
-39.56157598721743 122.71136522844527 57.95182505823226
-34.02090995162969 119.0520075690829 57.73832158495114
-31.35173672693416 126.42002861909535 51.02084797909683
-22.40859950440725 129.91194585694444 58.61011888568541
-23.85006558694677 122.96200143528836 67.78379948251349
-33.31525984403791 129.1359885914367 74.91591529129462
-27.350932138288147 120.82563038066058 83.37693980441345
-21.253353456058345 125.01942637369105 82.42771866939866
-19.669173183276516 128.2501406103907 89.53935807295267
-14.20985762647918 121.72087526401971 91.46937725351461
-11.657796020409384 125.93561839927375 88.50374892977506
-19.47006046398777 119.63976808508154 86.82453838187497
-9.651365486816971 116.66349195012434 79.94775897606974
-3.2548594688208983 124.79018506476439 72.41306825323801
6.085497371349891 119.29239943918097 74.90062526487446
10.460735612519672 127.86616010881438 73.184145457503
20.172176504251222 119.59127807834005 80.4010593305916
29.80435502455127 123.32091599705943 78.2970091596775
37.79353163048358 126.41102116610682 80.49431113160142
42.00695873116219 122.61514601834051 77.40340487930116
48.79350433787779 128.0439807297876 75.38253550224633
56.95650728309148 118.72304530308828 66.84951283439293
64.42085431695278 128.61163264563584 60.06328839402001
68.7388359458654 120.72654590141482 58.3728199285195
64.6811898455465 114.389024992137 56.60819935348054
58.693850996855744 119.51702552090528 62.72491902691853
59.09979422807891 116.58454037428025 55.14598605090446
50.348681398313644 111.2456243553417 46.17740602599977
53.35271406227648 109.64112302148503 48.80033499958014
53.50234782385091 104.58883090983468 55.93556915989777
49.04184877701167 97.52378098641742 48.77326102533269
43.51836629426304 90.12103081223124 55.41052825016763
39.952055434113184 90.37642867816601 54.331255697138566
44.71623519045735 93.55140901981144 57.41649321582299
47.847659493709315 89.92933180391472 49.081663738161296
50.454750753020456 84.66356823812376 55.20698419638804
49.1534891290914 89.16512774652671 56.54205363980314
45.254743525913504 91.25830077511418 56.49135093892685
52.426034391760126 86.97310704588917 65.57021887069261
53.43418538057551 87.89566171129779 72.5383594106534
45.34580661512507 85.85367296640368 64.52425617819819
54.797983087368735 87.6199522389281 67.16784292354534
60.266747107754014 91.6941910730398 76.68289439208061
62.986549813367745 98.9222705460488 82.33644436166593
57.49748101413922 98.6625684753369 85.49653558175373
64.27027619988164 99.43812525093536 80.74944089394745
64.61248534343432 106.51364880733968 88.56713754156168
65.76727648451616 109.58986729400745 94.63399019293813
56.95271640614775 119.36066496276729 91.67321253591072
59.21824911973662 117.20827859337976 97.53891400222558
49.46172657687564 121.8636774274114 96.73407838986165
51.059042374651085 119.58890877923209 104.10768770986122
54.32696378214964 125.59677760313758 104.96297022172016
49.204546738715564 121.53494490280256 99.95558635484315
47.511417547580315 128.15129141311982 109.4251096104312
55.84066603378062 138.04727075608497 101.6859359878306
59.91932404553153 136.89462646074344 100.20078258818089
50.65566110355312 144.90078357651134 97.40362906084884
56.595561508684526 136.90114148005176 89.72490869143881
46.859801029586436 130.93586671256637 80.37897564248435
44.41537296243713 121.34986763015837 71.45956041937735
43.131209720773434 113.04633635389371 64.08213030380108
51.01437026996323 117.6251955274644 65.94019037158345
47.05985255157873 107.68364324797176 69.18239031857196
40.16914081708551 112.19042341639712 67.19930590123428
36.39855591586571 120.48223476878135 60.91804516866125
32.39313806121061 123.62075037523987 51.154578033122206
26.822210242080324 131.48995705305762 48.13176490257456
29.35110513795413 128.78966192336114 57.06432580703857
29.030603229312604 127.25481144488786 58.045688679711816
34.875318461472204 124.72438155309297 52.71999193610514
25.755999489773828 134.20107845995025 57.13173802134305
32.05961159698108 126.08971709457796 48.77211311317543
22.962676846508618 125.58191364677172 58.689590046701255
27.561490189072664 132.9035964473427 54.16031161410508
30.458583202069423 138.54239126653928 64.02656043183538
37.16764833334564 135.06626914223708 67.59547766983081
42.92802961463755 142.96641491187935 66.7632102561599
37.7623418982101 138.97431809776145 61.85278088171464
38.78630365598972 139.43766097279115 68.28036780661262
31.29060533478867 131.18371006390274 70.92845490045802
31.580971901257602 131.2685267264399 63.50483955704941
40.276683594581556 135.23700252490056 59.04136165875517
39.157552281675244 144.50258475733773 68.16527913033825
41.936942736603015 144.21338117796347 74.37857494032183
33.11659745773776 148.0895839217097 77.31579442542919
41.452861989036236 143.25426575175388 75.8249465736227
47.0883323839501 138.94398247897627 84.3978790613238
53.736740927745444 129.23732893333056 92.10602112902198
59.171436626574774 126.43640711326508 88.54563855520728
52.53632422413495 126.21903573142771 80.64732994870248
61.036632303508796 123.06973497693393 88.34054982548442
54.356610204664406 124.35868453833068 85.21355189247848
56.82630015003876 129.88488190602033 92.85260045361291
47.48428130648715 138.5655261691104 101.8541034529953
46.55164708789719 141.7801730218278 101.29306913224836
50.96345563393676 145.70634865676843 108.33063520452818
42.32389237336549 149.6853838713166 111.37977414587174
35.55326128057331 152.2334269018253 108.87774630862823
29.050221847075278 147.9671136071271 109.35796582523744
21.56174153004288 149.49214469972512 117.92725835567161
14.76671365811977 152.77746228287504 122.94171738174909
12.721578528117444 159.50446942868348 132.33128747769373
2.8022666482848564 163.56847810819946 124.64773922248911
9.258975803105624 166.3687421119652 128.22846710612956
-0.15659738206484874 161.47076514055348 132.7640448644003
1.0666842986710194 162.5534965404029 124.12880905876118
-6.259256997618323 170.79405899283486 129.665399465345
-3.872461951195198 171.35367064566685 128.64998240911714
5.14762219738618 180.53011619156905 136.49877992101594
4.028945056058793 173.5803105178968 135.2337154632915
13.064103077842654 179.3827842013266 143.54254712418765
10.553208606458607 173.561069079926 150.40756140342162
7.867729894893224 180.2921253865773 147.87649449710904
10.601405799342972 175.9244479337318 138.30443208255457
11.29573821133972 169.05014507163844 134.82045196499595
19.593227308063824 168.96780618994657 128.20845735425155
26.27478113589707 172.33826137907351 131.44971615072384
18.394589638642294 167.6988279401544 135.71309464492927
9.721436308007416 163.08788782206346 135.30413781644438
8.710546729921235 165.19642648576416 136.84269316219152
18.579530115963962 157.60861112191537 132.7046707965163
13.695826388453796 153.7303752156314 128.45811549208256
19.827986193981463 145.24872241491408 136.57380040000942
15.516835016061478 152.16915418150546 137.8386482521276
17.718480326330177 144.62703020311113 146.62143814131437
16.472052855327476 152.91086772768787 145.28776059811355
11.129309342236617 154.11417365302916 135.28982556264705
14.782571893703821 159.72118107895608 126.2015623042873
17.299569388237668 153.782099068934 120.83475569508138
24.785041868002278 151.20517217246953 118.13015721277414
20.608460447638322 148.97159414947646 115.61153028660249
11.104176235266092 156.23883287339416 113.09127740530118
2.6739418790970646 161.43515569174576 114.82238850279371
11.173859352434848 154.7244812564487 108.77770147427567
17.965666462898007 145.91958947573144 110.02983197859444
20.59153159080567 155.16617332077877 101.01669879310359
12.12078174913356 145.6270998949048 105.90288922331399
6.089897673423061 149.4438500863028 109.713334836898
14.613275940014482 154.95346339890716 118.2851011808388
23.284656259745738 150.01747887026136 119.52588675721933
19.70046021917257 142.10078112969 124.51538009318277
14.314542641208524 149.40010737959207 131.6193832318468
9.45867928352721 146.2283265055949 131.54623874723274
12.4160301373539 152.1994813034224 128.58711502029828
8.834313964814765 158.14023376742148 132.27713464019476
4.3055476823392596 167.38463642122326 125.12368836021285
-0.6155717180834497 158.51314810411316 131.26532561404997
-8.289794531269886 151.56769691513935 137.88243712695677
-0.09757204841452882 157.63994128695808 133.6466928071146
-3.0965362858399588 165.28839021185524 125.41130229582673
2.6017687915257874 174.82903931922993 118.8976194139757
4.44182466106317 167.89799101711682 109.33369714949191
-5.511788467146295 175.17932000875004 108.77295496940604
0.5396340254610505 169.738135454276 116.29029114043519
2.0773726326253557 167.28875167825535 115.88120707968908
0.7134147468498249 176.70807173695653 108.01246665483161
4.675983643264964 184.6287810105967 106.94904395777355
-3.210234852088745 181.1794763999887 108.0367514281434
2.479885987629422 180.8553775308615 100.97940679595187
2.9134371010084315 177.44958723435153 108.18899494371273
-5.145109588927728 178.58515167475386 101.36695484660359
-1.2872495772898995 182.48676642170759 100.33697462336133
-1.0992411638323274 189.20612338998515 99.59435206915818
2.2366164558691093 181.81346316028032 105.09837215676328
0.8748691593155344 188.49836383746893 110.47664440308546
-2.177359393259848 179.30494286725104 113.88626007239013
-10.453154710181018 188.66270135224946 114.37517091812671
-16.908891831627802 183.9604694735696 105.56696922702282
-21.4723531100043 174.2366428490232 99.28445009142308
-27.098084664091683 180.41204539864327 89.63574829868818
-35.7822741794584 182.76503518005956 82.8099234287767
-32.50089551125347 174.32425222050296 80.31182440289103
-42.31276570050157 167.3588400326873 70.79635270620813
-45.36273410553338 167.57573041188618 74.0813444493798
-45.6637684536474 160.3829865821532 68.65242894413186
-40.30535364358083 152.79746986825515 64.04494043281933
-50.07270971076129 154.1171685466002 69.88231336446832
-48.54057144848925 163.42272440649228 79.3648473805353
-54.58238278110828 154.87923724753983 73.8423948961649
-62.84231512209398 146.63703507246237 70.06211389607138
-54.55756426286591 144.4492145895288 73.47215923381539
-46.00188582130984 152.21224070605555 65.39574010299476
-36.30638673878565 146.3836698666256 64.25892802360562
-30.539747552840794 147.5213693928005 57.95941572165831
-29.962267581377933 149.65681403477743 66.37607741556334
-27.053931650671604 145.71219823748874 61.49321747606274
-18.26887549217236 138.80772447820303 59.573010398214706
-24.993540350324913 143.9139707292984 60.046700233310624
-30.515868188531723 143.0108074171204 59.35144217510449
-27.175661780206845 141.50207730038593 55.7652962234113
-19.25050972742074 141.3024916156101 48.31457057362962
-14.111228215799247 140.41857385001688 52.94989530040943
-16.667593872121806 146.1707307358611 61.53068718747642
-14.260160396180673 152.21478307811543 65.96812313536839
-14.571466668769713 152.11466823639498 64.34793388784611
-7.39803599121422 147.06854319567992 61.110376291849015
0.042133145307648334 151.6174614307293 53.620495896003455
-3.146530927264301 151.70989214145436 46.24400194752375
-9.417213617521451 149.75100552624852 46.024729397887775
-9.647177452915233 153.81532439652707 54.91805117777708
-3.9332677645184795 143.82903411066633 60.65228062085545
-10.950214670418003 139.87677863134672 67.82435597795715
-3.2425525314463 142.0175440323525 67.61436558292198
-4.757705398949927 149.26050922355657 73.81479252884988
-13.666979898307932 151.3909319784234 83.16387420393436
-14.185088021607756 161.26370612067947 89.51675503519468
-12.049379784557107 156.81777962695566 91.49181984749039
-16.43324876313939 156.5818618320455 90.44610231504176
-19.613041924742152 165.30425904548244 90.0540880266177
-19.87050543679615 172.5620144557026 84.39802119926698
-27.183913034944567 165.04293289177681 83.85738133529804
-32.39920209754547 155.28115074468818 87.12242470663072
-31.841939643283084 153.2938824139196 87.67913774146484
-37.24120268102152 144.4469685318537 78.52743122601063
-29.420266159460027 145.30819097063005 80.58414099963845
-38.86261230878875 151.24983247940094 84.07305173970609
-29.876676373731055 150.85787613206833 85.14634558094197
-29.589421326900293 159.80011848667928 92.62989894284755
-34.48558373602233 153.26843804390802 101.32123176790927
-31.17334164436131 158.40375169358796 104.28466562826141
-36.72306139263305 167.0364843890557 111.52557386986052
-40.749382462913665 169.4964912523017 104.50317594615241
-31.902933352294397 177.15890995152503 98.2851618529237
-25.983975139538483 177.27174867748528 99.07622344845102
-35.691931213655955 178.98231891271266 97.84410530522393
-26.60141849421833 171.04603163906384 106.49930312234444
-36.414638562814275 173.44552859447415 115.21875997136682
-39.03204787054016 173.28758456462958 109.32230100085714
-36.420161792496764 170.67586860617655 113.59302247755915
-29.328985978815183 163.14231920004994 104.5904692559804
-38.53923184417759 166.30160368280647 114.24104411202514
-36.71459633056958 160.0822217118282 113.53097755074296
-32.3571116577947 163.72457716770708 105.1119961033329
-35.06800798796551 159.81193601648198 105.77605727367141
-27.99369174662233 167.537979455188 96.20107453122623
-27.564215942644907 175.74769923861885 98.48223342715274
-23.063350716253847 169.74172781950088 101.82903516198999
-23.707212135814096 163.95514360558167 106.37149228522982
-33.17210868749207 163.30685179145712 108.0356483412683
-30.756658475032815 170.3921458180781 112.37018171026959
-24.713799602062338 168.48259817306968 117.0478536024547
-32.216785150311296 165.12249385275658 110.21958569176942
-40.99480451981851 163.54892037190086 109.26074437491434
-39.94900077583667 155.0675166963287 118.57560689819994
-35.61233238297499 157.3347854941441 109.32111546128915
40
56.3623427162822 128.0606631583487 103.8624270258265
59.662026511432074 146.3412977736555 89.38419205845597
54.26769841748652 145.26285621591254 98.12128040448701
38.22432592256565 123.3805460325276 84.25359275929
35.3203311699632 121.59383834760658 77.47893693085487
50.317045855535554 104.62961299829634 62.13332257976199
51.519126043511676 122.91725385013513 74.21425595413373
38.17803443975096 106.97632551591863 60.064332465624254
39.43337007183564 108.28313772652758 69.23306626273009
44.17658767808072 120.92765351895292 64.75855629307398
28.187820569984993 118.54904123502047 56.47360718997941
33.31678838869823 129.82455964478757 53.95580691830338
28.90436794941747 136.713553787139 59.254336243974954
28.20790644931399 121.59512509388419 49.854171831877885
26.67059074696289 123.42890928505618 52.23409461104367
16.52900424348796 131.1280945094387 66.38831959013402
37.65331278176427 132.6162207966103 54.91441707639421
13.006359279747844 119.23092546207872 53.797143522100335
25.463419155840487 142.57280212183767 52.6874179965107
36.96753825765649 138.66366077259087 59.34925296467038
45.511654118657084 126.81298403049412 63.513534647131266
44.105366726200664 142.15397860647928 67.80783321871161
43.32980184502325 130.79372381552864 63.645925403521815
33.93947357261316 147.0713525487279 74.91145083686763
23.61067102223409 128.78507349741295 72.60315458953467
40.14535230256977 126.53684772200427 53.728547150283724
31.918574218732896 141.95909207441875 57.52466026544403
33.58972369314726 142.7598662019061 72.7422749365533
49.49966292713943 147.4055340016551 68.02270135329918
38.881355560804074 149.56182164497292 74.99820508373823
36.842854809700185 141.71294351511588 71.59808777775768
38.918493832225046 145.346803224907 77.6307629786078
54.061284800509355 125.32792817717693 83.78255398876246
68.26449951351154 131.03665020458433 79.67153444261422
47.42299763347416 136.1157323372081 73.72151388932973
62.25790300080431 123.2258082457726 93.28633926002034
48.972870193789234 125.41792555229163 87.25702454620196
62.449340062676484 136.59736128798582 90.40694782286384
49.96617318955818 129.9947138950531 106.4734348446862
38.581415767216924 137.8171070049118 106.19311236076746
