1000
136.71623203198484 42.616733929180064 89.65307004580711
139.13422178868453 41.46360603494886 88.81679059840114
136.42633468942628 46.500907416096794 79.20194541950849
135.0115942476776 49.474316259647004 86.28004108702102
134.73567032409747 46.67749597711314 83.16914649363935
133.72285787595598 36.682023489650945 82.67268233031594
130.11111180831136 43.084409157910116 88.86305207715972
137.29257074520444 53.00634251788654 97.88522352528915
138.53941677615364 53.37315997040705 96.25421681186174
145.66083408255662 47.539222122984995 102.00030345387614
141.76825443530828 55.623113048680274 100.23808711052585
139.58110172934855 58.295822065906236 107.22558105120822
142.95518315072025 50.60502978216446 113.18206558358295
152.95089895859795 42.94290360382429 118.93445488943098
154.8308785387895 42.265306732896825 115.981515907465
156.92800160843757 37.33721403992987 112.40066681818827
150.41671704274225 36.00330243372322 120.62184162535489
146.32056688862053 31.384941615995494 118.66493272356198
140.72298711185476 36.60978685435842 121.75909430290531
135.6961585312187 30.65615993104334 120.71395902599536
133.9443726149786 39.060089185765506 128.350686000677
131.95809526209942 38.7888684979124 131.72354279261816
123.15561138856063 46.74282594236249 125.92855708107973
132.20841929076764 53.116093903171986 127.89902859436157
138.35775786899094 60.92647621679723 130.13843177655042
131.67709638452683 55.92529546702424 121.60081873747201
135.3263260946648 50.60906071461804 115.25029635229853
131.10955333144213 44.01127930972463 112.18302418374688
137.48052038845844 50.43584629847753 106.8422110368525
134.54195477974616 55.04393460072724 104.77482910269306
138.38900521158655 55.24596536846774 103.29869736532447
133.51396710906386 47.54159567473019 102.23049010866498
140.2461268798516 41.05941136328805 99.44297625647759
141.91800418925231 39.0092874855391 95.37486722522598
135.1047190138753 48.16528582797853 87.16662694501153
136.25355248369505 47.03877872590432 89.9641985166551
127.20084440378656 50.35215430107404 80.69180044070993
126.30265319350725 47.57086208012027 80.72899753915917
120.74324851924239 56.117553606426775 85.84804270149591
122.873668094683 52.833728595672106 83.94928962416054
119.65013552358238 51.13667836464525 92.82716842722166
122.56068463072725 59.00353987294277 88.19963587123786
113.56598321737735 54.97429393180406 80.11700769307477
115.62262870494023 62.25790595954411 72.86197686867061
123.07679517417556 67.8431751055537 82.52929647283642
122.37024536517781 70.66374777827308 89.67884758069414
126.03483013366595 76.57485143790848 94.24116029468992
127.13481495008342 76.8531474953898 103.01960599175494
136.8150196493528 66.9534625962462 103.123557871559
142.1605341435983 63.909361076883904 96.32068353466697
152.1555786526762 71.75803546421847 105.17782827371258
147.64515689618227 69.15478786085717 110.53945248758333
144.82076803029014 60.037589279963726 109.86609166395839
146.31607202423888 66.8667866534635 101.43863171342123
150.02288095366166 73.09955603781542 91.87783282436128
154.12188973279558 63.676743661576445 95.47191917079618
161.95158396847503 73.48734795719359 105.21212258812628
170.55942022454082 77.84181737113529 103.09842835241996
173.9104332168997 73.36811592632576 97.55333601102438
172.10855374488722 65.48546025609858 94.88868293326661
166.8311970976721 60.33955196019083 98.45051117769519
175.07365699535256 62.518972996553465 99.57125525169306
173.81425387646794 54.2685149507874 95.86745698128485
183.06391430345656 46.101328415860436 102.76743153255072
186.34786381996875 47.48979980533262 109.76243313984105
187.55634014349693 56.97985509823136 119.50421932145692
182.85054720070727 56.23641986201043 117.51056324898188
187.9642972398126 63.492628213149125 119.34360487094945
182.4612381541882 65.91784334462419 129.04007234783273
191.6777047672375 58.791736675297365 133.16120645386178
197.5700380210884 56.31554049037639 129.6640562330601
193.24749913448025 61.23201111028109 134.3263955455231
193.89570903313412 67.24549884531177 126.18459433897337
184.64233860396504 66.62805198198313 119.00411903163632
185.28899741840593 73.17078166319378 127.55966715227542
192.4195195685209 81.5273701957035 137.50232867658482
198.26036071696674 81.3638965173319 133.96129510219535
202.106407576204 84.34385411560343 131.02187777359637
209.850928022605 92.9586698190042 136.4089368715454
212.4616389114185 90.98042575062982 129.1945634492002
205.2120108430532 87.70930272007242 125.00525895772694
210.20875543291416 89.50101031204898 122.96314529595955
216.56153068425354 98.80320345085481 118.83707164856033
215.8407193576015 103.83686091548086 117.49316044481212
223.19666713715014 110.89601747844657 125.82434322761172
232.46757048556125 106.45189802574464 126.99480120841494
234.36221894001454 107.84830705602864 128.7852883087682
242.26902290419008 113.47657614856865 120.32368762478184
240.38903367767364 104.14439219099302 120.91703936448621
231.99121254825783 101.4450145352538 111.88358973806646
224.32374331973898 104.60202174327073 109.6148965763062
224.87567821698784 108.8277118673352 116.08731211646639
230.1709519842748 110.33565785868191 122.8766790977963
234.28101647744583 116.06749389960252 127.14660702179366
235.50417465780671 118.02297996855141 128.02939760989912
229.29610708293623 110.01364458157171 126.48151859636404
228.50818675935523 105.4009804277888 119.74336887330747
237.0351554993526 103.56976974223141 110.89677559289977
246.91682921661416 94.00556689509182 115.62865470907315
254.99850190420642 92.90035335084913 108.47826993308138
249.563432623607 100.7499898871872 113.14926191260926
254.76658603693915 92.8019463477776 117.74012225916684
245.275156512419 92.71844163724293 114.49485456010348
249.63687244263073 84.73515797700682 107.20632520436185
242.5591994216632 94.7112055752469 104.99668583178558
238.54669407908023 85.46417091549169 113.0031171895728
229.77359176454704 84.15272237976093 122.25768722991265
234.5638112947655 90.54116108066476 114.34206751628489
235.05381212728128 92.26205263593535 117.73199819575284
226.56850354989905 94.64552599564796 124.80210737325305
226.84526850569029 99.2408910480961 130.23324183262486
225.0834241398741 98.06551037166504 139.19597947795472
230.38621662918604 105.75218686007767 130.86403207535508
226.3772260118027 113.44285520225127 125.46863240741868
217.58664580784634 122.53795950252616 128.62503094081777
212.4715939674603 119.27279761488332 125.26383341293237
216.89040280455157 127.31763481802952 118.79037182070405
223.3346307662089 129.7303077331634 116.6267542938104
225.13133851605306 137.23318831721542 118.59661454757801
218.16106960520491 131.78105299493026 122.12700527629207
211.072900499641 126.90473823978208 119.60548106863762
216.38104420597165 120.41962075131629 116.79974239544893
211.7687735568984 112.10760603235632 119.47469618697068
219.52548865596907 111.59329039385841 127.2656968635736
219.33772203874562 117.78442748021111 127.96777137632145
223.82037420415722 109.1887020762126 130.9807145169545
220.49777520787052 101.83056329709443 125.19508757103345
220.52169734489823 102.76108143395274 127.76374603746157
226.78070083633293 104.22352934426776 123.0543811006002
231.09628994530084 102.8254744550521 127.46768449856073
227.64370258736471 102.4725863446028 128.1458573972578
220.2846455354578 95.19600140858073 133.028012282143
221.0868647883716 92.53108636398011 139.06174678574652
225.0179719425089 98.06666677217929 139.24321158676463
225.64506364424085 99.21270827409572 144.5261937518796
231.71225202694933 100.14436345939853 139.26861334923447
230.4194939599504 93.1461216239509 142.02317095960532
222.3786474667013 87.89960625133493 144.03933622269167
214.17247236864353 81.51529943921071 142.27581137049833
207.3529319865912 76.32613315295531 149.6124710418189
210.59113159112488 70.62054488953038 158.01393745227952
213.6659501344002 68.85754991798129 150.904033142643
206.63610745602276 63.959480908904666 156.73284462543566
206.85722726072038 56.56875420432088 159.51714521710426
213.09234230259403 61.50676036705712 156.50380703479306
215.7417284473125 54.247761505950535 150.06697772282178
223.42006872244502 49.12325026496377 157.20341251718412
223.5765989225032 57.3484265243851 162.42008193661357
217.26535861713543 58.354784654661266 158.98107792100595
214.48178033188375 56.829395961082376 155.38335274990197
207.80026673907625 57.97385554009895 156.5291245537854
214.05795798932533 52.84334742016024 147.45076532327144
213.02286468374953 48.77603353773804 140.90475517094663
221.58956220263997 48.46698465910695 137.11897660102468
219.81461183755576 51.19453094624432 145.24411441877697
222.66754878530944 48.94751038458759 137.9782463555701
224.73578492931074 44.542776971552215 136.26337273344657
222.83961076326509 35.6995801350654 144.86088544208545
229.2747393277987 45.08946320317031 142.34188796115941
220.77166156398488 49.74625992802811 141.83094807619221
225.58158537048712 50.204149535782136 144.66950410765241
230.48533160721442 43.44822701279378 148.39012230226263
240.18226109818255 38.31119133393339 142.46652621970668
248.5424806817741 31.6745713274977 151.65564931808652
243.74097715363393 29.356690582974935 158.9879199098127
251.6293305271615 23.776092413026102 167.7575648229542
248.70518415596263 32.273857463895645 168.97506523891676
252.07684929313947 31.916037462935318 178.30258196361675
253.3286927282908 38.449247812735436 180.56863614652954
252.70295733482203 35.6161261137525 174.3716333574972
249.83905852978538 26.311917980734087 178.33267686875323
255.50132297263386 28.663198091250834 180.37439717824404
259.98371674748756 26.32236741841226 179.08262537508466
255.3861464710051 25.0247946529402 179.77598359675378
261.3438080439257 15.899359848280739 175.93402840591767
261.0041525296826 11.038618521270232 185.65268040823955
258.9115221441196 12.753822742385108 188.74434760031957
262.6082902898645 13.988231658953453 198.1294407898401
264.86875456055174 13.947900823059275 203.44253310047338
274.26983089688053 20.238937634320724 201.268583887538
273.31168483145194 11.143001446631708 196.35549834856008
272.4068550398078 8.300712265476797 197.96331002862303
280.07177293117724 -1.1650258998562606 200.7701025003732
272.77448605851384 8.022938205758937 204.60751618906679
274.00985575723956 17.46580911442545 213.41607694143772
274.69366019193933 24.868807891160117 209.5014895954919
277.0663977912041 23.501960091421072 212.10854411067942
277.89402780804926 28.61808709471176 208.24032014522086
275.59551568862554 19.904747931694626 217.81399489173353
278.39674156836213 15.729604594951416 222.2498691844941
274.2889697711272 14.742195294937703 226.50213033213367
276.0413337457448 21.48342403310087 233.78717956477638
282.56618665454283 31.30725572968979 232.32503927047532
289.76691326111006 36.92423540758375 232.4919500523029
294.11335219028314 46.01008012546382 223.04787791321124
286.72644017270284 55.84717032610286 216.47570650086433
292.4997744326109 64.00201586141921 216.5765242613993
288.12630464900974 61.45002624054692 222.1775207465431
284.8283559101059 62.14307602499635 218.87090976386943
292.23687163464217 69.03265655328919 223.94335535685062
299.3727305406872 76.71340729081092 215.33650646240014
301.1564783089637 86.14971629427777 213.19914061241082
303.26314482377126 95.1743619860455 214.94870326941592
299.9782242129127 93.10048598578224 216.16945373950927
300.251982441254 94.84559955888776 216.61074257022753
301.6570489320717 90.2682806580891 214.58388807287412
293.68377407819224 86.94757118282209 213.8715819817652
298.0642073963927 81.38967455537532 207.911949788911
288.5343689363448 91.32363599623618 210.48762584969248
295.48540347184377 92.1106584875064 219.0040005477223
290.26245848120436 99.22220665859136 218.45624332121335
285.1449455743981 98.46461653131657 225.59826917197705
294.2010672357203 89.81533089336357 232.8573725319218
302.51913175570303 81.1575430244871 225.59664464889343
300.47763697765765 89.25312173527425 229.46865208993069
296.96868803088904 87.68002648133307 229.70464969296626
306.23221851647463 81.80423179850445 227.09797351409415
316.16299978959665 72.18368297687273 219.19535583828875
316.05682094464663 73.71206036765186 221.68185241187788
321.17921189166395 81.05473421553914 226.0625607903898
317.4698993105836 74.96913143938008 235.34965226537346
315.75347410148316 80.65895866141574 227.21702410320688
324.7502191010009 75.81962457902985 224.16006746581184
330.53282720970697 72.98342032372753 216.92356861721234
328.8484445388501 63.335841118907325 209.40264680208492
336.33657669899577 70.57208169062359 209.94802925372932
339.07958190299536 64.30831687265766 210.00752893894938
348.69337301256223 57.18248692959657 215.40723160406463
350.49822816614375 64.21844680908617 207.67236394617316
343.3917835311073 62.28943633993178 201.15336032345039
342.42242810918685 57.05137758024153 209.77099797392498
340.21443098598695 51.88757452292822 205.81213339089163
339.3304367598001 50.25074926527141 212.53267077654033
339.3913889162071 51.92645566786875 217.3819152324534
339.71309368680056 55.37026268570166 222.3930357621229
331.391269868437 60.36795760063196 228.7611385065755
333.07025832077704 60.918645782266786 227.8332007126327
341.9973847210729 65.6269172920979 233.9479228200035
346.7602992925045 56.818335853028266 242.7560158712464
350.09175059204574 57.45281578898346 251.76318821520468
347.7327669718413 57.23522001826483 247.01571206617123
349.94997791020995 63.104114524363496 240.18408681016646
352.96885074904037 70.76091496982136 249.15519250140355
346.3920207849046 73.18568494316578 258.8502022527082
352.2755236728693 76.16091663736267 255.2896921435204
344.2870748587582 78.28698138388526 261.64630649426687
344.6890525279677 85.04978716913169 267.7493450540199
335.63515066569556 89.0086413556159 261.35258433889953
342.1635982174675 95.22396896311935 264.8238315195507
344.0015030773898 103.09651517212134 267.8189975112178
345.72157579576054 108.79528231385679 259.5371549352439
355.4936363626268 101.58858779338904 265.58363466801194
356.455030841465 101.11811750949546 266.5032459411972
355.4343098214955 108.87109284598563 266.81607326138806
359.0446324175243 110.12934381919654 269.660451115416
351.54033888174007 118.82154693009718 269.3670357275584
357.23030858609883 119.98514128432568 260.9300127011979
364.7713809971554 123.14773366263492 256.51729139531295
354.88265376459486 123.81586829462087 258.8647496674981
345.50294990303576 114.68988767647168 266.0674552583423
348.66314791708083 122.9006785779113 262.8836924568488
342.7234069848469 131.43888402266077 256.23697263702155
336.94039797734507 135.03587024648417 252.58064087091347
328.12431770349053 132.79689219640005 253.7782386630824
333.69295346017134 142.6074242899191 253.7259617382467
340.77881761357764 136.14203844131825 257.87794169895847
338.93374673427525 139.1885035898582 254.9025310862627
332.58321070247433 147.55525057206125 264.73009663698105
328.68907872861826 147.5232864066262 258.4489294568178
325.45883508721454 156.8348081779022 260.2535835291922
329.1490272614958 152.83560346256908 268.9240689774889
323.04374810634727 145.59537004126966 274.63337249050676
320.90097696958895 146.7362307046611 284.0807356004481
320.9187784570267 142.02380864860086 283.59874417157494
318.1362262335999 134.84286768430084 274.928445827554
312.27584781311776 138.90674256378531 272.2765469489801
316.41187998301945 145.92622973657285 269.57954693053415
310.8227761635445 150.6272056285123 278.02266509648905
306.10220229004165 146.05899847347487 275.3781234684061
314.76292035124453 147.2570745852236 274.21056225693036
318.04532015500996 138.04444774235665 278.5434258546563
322.00569062166954 147.12468026327045 270.1169299726449
315.6421447942786 137.1512475578154 261.5435422467349
321.4171816203508 136.13880444280926 257.27144062404534
315.4134361392705 133.77373090759053 262.6812282602503
316.3840492052127 138.6666831735984 260.25179196124907
319.33504839144064 142.05335198602572 252.8874016547347
321.7790673513156 140.98262753644545 262.8125081840103
320.36162016304127 138.67483749785762 258.8978674931707
312.4120814480693 143.17669717030356 259.680693870614
318.81125178064525 139.90677627777004 261.4684381112632
310.19843464344416 144.45171825925758 257.0967602458878
304.89162084242594 136.8139658822626 256.2344664580955
299.9396863242173 138.10504075024045 259.5484131470824
294.05101102180316 136.88723186435843 252.7884443559539
286.15677587452905 145.5280954262171 246.8606315069374
294.3529085731764 155.51158315449385 238.97293872176667
300.06343762220024 155.05803234095507 243.0092849483231
296.07197698084656 145.29225738107647 247.2750495059056
288.15417520343277 143.54742137348734 245.0336709683989
294.19692306353534 149.6190537784285 247.7188115062084
298.55619178442475 144.77647530373216 238.3043531597641
294.693911244231 150.73054935461016 235.05470218673375
295.0775144793757 149.28238493111047 226.34448562140705
288.2168889817947 148.3545610672109 222.03939000949322
283.40747414436515 144.08814349103542 231.0383768568264
274.62539265645603 146.96406594400221 224.59979077375488
272.6641902573008 151.73078768999954 215.77482718406614
269.92875204464 158.75340074807966 211.98574073636678
262.7954894282344 149.41225003316254 203.141548787865
265.4691273257644 153.67198146269504 196.64629552598197
273.5488529591902 155.41821082791904 203.4435630778009
264.21387644259045 147.16932633089343 203.60043743376232
256.3939548421575 155.53722396733775 209.7589224218167
260.23230914983185 158.03290198898458 214.39272731680074
260.4402814089319 165.86673972063176 217.30502785588249
265.88091593886514 164.1551329530901 218.35018927965476
261.28467744684815 170.1748049549493 210.50708866635156
258.1631776589702 161.87045012128544 206.94041755439991
262.6319572074387 166.00949745262213 206.31867626133166
271.6670120821266 161.02936683181235 198.21196632944842
270.845315478602 153.8827330708092 192.60370861579472
270.37636758298356 147.20546994213785 195.3639897623289
264.1364642627701 142.2642519419698 188.01230389228928
269.33573415947035 133.5446527975134 195.5845219260399
274.26720618350186 129.13279466807998 201.35412731140465
273.05309835250233 128.09450724320862 210.6592186142228
277.27786982850125 124.77821637042419 219.84877653659981
278.3032555922264 118.03246532427687 224.5836145407636
285.5270120368865 127.4542366582897 226.06080183229102
285.06242655856795 134.97198577328376 221.2362420484198
277.90883797048275 144.5620651444019 230.99584221192333
273.142954099003 150.6739276397845 226.50895417578397
279.7780907975963 157.16584410795133 224.17943746271877
288.2937051495137 150.74593259217872 234.11294735538908
289.000285216042 144.9138323199958 239.34942516889518
288.3470489898821 145.17315634968023 230.39377919989175
289.5749278090513 151.47512063228515 229.87026965206763
279.9494667205849 142.7994974728982 228.030010028482
271.90947828146363 139.78460774699224 218.8361498543266
271.7319927035651 148.5739809279954 210.37607572792112
263.9071401623784 158.1695599481027 214.60055034137554
273.36193488513175 148.5474163542434 206.6512499067941
267.8526663102434 156.2548639106336 200.737938108435
266.35222577080026 150.75004270415468 202.4891557507644
262.62932566329437 148.48319055618447 206.9981598846548
258.35863860999535 152.89983213240086 210.29413079600485
264.0127166826891 158.49671240010244 204.9905468696409
269.7205606255692 155.71268880718395 212.78511252813416
267.03762219346714 153.69830948095031 219.16503865283292
264.39485789650917 154.28820510495947 209.27950890838122
272.22630151140334 148.23556665213883 208.94061488676897
267.08134044523837 143.18234726014845 208.44307110283373
261.1872346805632 149.29825833557985 217.77305516604716
253.83095610584544 153.5126781110952 217.95924241225828
248.45268657365924 159.33991550303048 215.25306267465672
250.03557173652865 163.47792524649876 207.8565308173553
246.68780613045195 155.98134562435868 217.28686815024395
245.7785425738225 164.4541894355748 214.95785744356127
244.71072521014207 159.45690166404341 206.3795829607704
239.1572877619252 152.75508453175775 206.47207967807648
236.7279377585698 147.45770522362943 206.83317034309204
238.88059967247483 147.62806717357216 213.16148612667354
230.79743048500578 147.76609062367191 216.63781060598723
227.10202119991413 141.2772116363604 206.6737627240315
225.0823589321423 139.8187202429167 214.01450843847147
231.59140986960014 146.31522077442946 215.52115154690068
230.78320266975555 141.25567187473166 210.2117747792744
236.80690794927335 136.89699420155762 212.35968179666042
241.7992104711808 143.70394081151136 219.17010715552328
245.59375611425457 147.58033429854083 219.7635952641958
242.22340834630094 156.24907891744155 223.99770412991973
245.24115255600245 146.83427498716765 233.11747815798955
246.6082620056294 137.87345400327507 223.27023534583117
245.18944320655314 130.0149732655595 213.60705185615598
247.63836552567778 131.1306263276897 205.0752659842306
242.31369922309585 124.8138191485671 201.14436050556722
237.75613515683 119.47021570815451 207.16639850628258
231.1437625876662 118.60951930331447 204.54617564850005
222.197391009689 122.23925266493156 214.24179921431687
229.1765790661614 121.32337724697442 224.09801533186365
226.04312178653223 117.62233938026577 225.87551552934232
233.38397114015504 111.8713575012823 235.74235058645618
226.12555909350812 105.15248776070682 238.45530796350454
219.44728208061426 112.94245897102284 246.82404885454568
218.6356140342397 107.4433525544777 253.9959817125817
227.7349347668743 101.14086153978161 262.14208117977915
227.0575159502725 107.44475796779473 262.37784629640623
231.29790193014708 98.29423676490521 271.83009301466325
230.52856993816485 92.5723816690053 273.29051190184754
233.24712221317367 89.45065746564937 276.5836426817925
240.05131032536934 96.30583491969966 285.23280393431287
230.88570755125332 105.63410520628997 277.57356614468785
227.23052925392025 101.73596762220888 273.97723717832133
231.2963000049335 104.06878223160626 283.08344102826663
228.4356606159241 99.00264881166268 274.2493384244042
228.04446034995053 108.92506196486336 283.6398396310283
221.15460996124014 113.76992779845936 279.74991116980146
213.58309513579695 119.22320591753041 288.0499918513552
211.69166118949735 128.35717418956716 294.2885694036077
215.95527440098357 127.44774973424751 300.2522948937262
221.44634369973053 125.49488648928948 308.18500668464185
228.51524165817082 120.24249219285711 302.35950588895753
219.5918073033667 110.64911853203874 307.3394033890439
227.96668921078995 116.47562419457644 315.85390690658926
226.39061823393683 110.49152414637639 322.7813373247033
227.4179520864345 102.52431184144974 319.8575489207179
218.94683262473933 96.0512191175847 316.82098547029335
213.34590418349384 91.46125567996675 316.63462390861184
220.2474546578413 100.95619898816418 314.256113748696
215.60856467759845 93.27484144721859 317.9313400607784
205.75568692832996 92.45462968893527 320.381301916428
198.2731981116155 96.66629156643847 319.98919714719267
189.1128521114431 95.90498463003185 324.52012772848195
179.40544314085184 93.03578171553643 321.49353741485004
174.63192835410345 93.6107026269938 328.1252938921952
178.73126333273322 86.86181356669711 324.8969267042386
171.84056286928146 78.15526624444443 326.7887728557034
172.61237968697895 85.15760610052627 317.1091563636305
173.40633856498496 78.91126561343857 313.26106087571634
173.86531803007006 80.71006997512525 320.5346339891754
164.60228596748794 80.94140991500103 327.5983672356573
174.42323009195118 81.62823776149611 317.8656304789288
175.51889513169775 79.13243047926805 308.03301566227094
171.05282108334075 86.74263792370863 314.10432431856276
178.13677289691657 82.71598407871723 306.28158088671057
185.59622398510044 77.20921748693506 302.644390109944
190.9098188894887 68.54015058808443 301.2514556327228
199.0960115506389 58.913875708745806 305.22260551126465
207.68039603579913 56.1664110902215 313.66710338746765
205.93307835128573 52.957198070287134 319.8126929109539
210.15617642974604 50.875669744367066 323.8158971762942
202.16268704077163 47.19205821780319 333.1071706639861
200.38107940516406 50.3115032134116 338.9067157963912
190.53436551755829 41.79332819012507 347.437167210086
189.78233569920693 45.06717024101025 352.93292818420565
189.21383974140207 44.99545231289973 357.15781791773486
198.66138619347106 50.79205081812708 360.57576595517486
190.03831695278302 56.12200223313807 364.80720356405436
197.71136635035398 47.58932733176013 355.6072031047957
191.59707233726093 48.53112528166448 359.36803588785347
196.3798713481871 56.5758545049882 364.1275128836947
197.93842442418193 60.4656943669114 355.2468771684244
196.19519654026584 66.80356632836103 345.3781724473535
188.07538072931584 66.9279509999419 353.4093682125929
178.46261457136825 63.77568978562654 344.74040589743896
179.0646957811589 67.67680961259141 339.82931322506636
187.46058843100613 59.61881451459405 348.3589163424067
186.12007725745516 50.88796725032512 348.4651792497365
187.8558480787715 42.226951671858345 357.50783843377565
179.86733458378865 44.06125836864312 356.0551365729679
189.0558121156985 52.56217236541888 347.24186727384284
185.92471182382218 43.75824959479639 344.3669783139409
186.46373405067763 46.366233350490724 353.04800572568064
195.9304475017001 43.06814810921617 361.70985017450715
196.5447335242939 38.75272106965339 356.2888074346064
191.3767515220223 44.7674990502302 366.2871925498529
190.52450892391224 39.03159372221197 356.46536828419494
194.14647332353957 38.75300238640355 353.76623251432585
187.94370364676547 45.921896224738404 344.69475960324223
182.1338503743719 43.27442433251049 350.67122127995424
180.8285296838292 37.96249321197378 353.0800342601416
181.44660907642125 31.095664528033215 353.24182048953196
175.62923200521678 22.025253086760806 355.9402012764454
183.23965688601652 15.005707739062057 354.7096302420406
181.06913330631505 12.658044571500131 352.5718708870836
184.27693777983984 2.8492498142339286 349.72386349036145
186.35043556264796 4.43277192656906 358.5540694599639
179.03304277288206 5.123696737053928 361.04947928751477
171.1748874871626 7.57117519378186 364.5588332220061
166.8405512534183 0.5045746700289602 361.83850526868014
170.50142432157446 -1.4338525368283381 366.837192681088
161.62222120704033 5.079589909650554 371.3564127881731
160.65879942785995 12.387344568525247 362.07912447150164
167.8199590206483 18.90474899329777 361.3339965314787
165.75852282794577 18.292200236185156 368.61135484320334
159.02860368620992 11.760284875044404 369.71051975333484
161.65297789824206 18.787079567063536 372.9255076780959
169.01956224277228 24.774411797590915 371.1827070171885
173.1318083636865 21.755487559829874 364.8174532487078
169.89944380497028 29.42908696726795 362.274227321204
165.37948773047412 35.44377934885965 354.5807078075405
160.75233691740874 26.85089463278195 361.9821430650869
164.5747268449731 32.781140548611425 369.120803273882
157.06809982398826 39.08382632575194 378.0032363828918
154.26533152968415 38.65490952477384 370.241750387647
159.42890202915058 39.1505041530387 368.6136577119895
169.2776182605112 32.87470206515489 360.787374918289
179.01212727840812 30.529054988331097 362.94055834547476
184.7563724193485 22.606246447738748 355.2531791925385
191.12060728897657 27.366736202411573 347.24524004699214
200.83402163248118 34.70842507746577 350.8481751051303
191.94886759855035 41.43697062670406 343.6064155057461
186.13640756689298 33.20082594544854 336.2182634780292
182.60391365708887 35.94937546882938 342.80632632832766
174.86044643046117 39.291674520277 335.7002390706951
183.1027084648051 34.461819717605735 326.3449557817297
189.88027751062003 33.278377218631825 319.742053066756
192.62101970236134 37.1795753890903 316.15456969362833
201.24746565835088 30.331606790047374 314.6587206749037
211.12808114545103 24.719075628573854 317.81669015599243
207.21885622097162 25.776979394172304 308.9984062945089
201.38045083996238 19.39685025894423 318.04428199167916
208.6083288263939 17.04365883074971 317.17800897500854
200.89772222462776 22.873846712818978 323.4328990880439
210.2968685132373 24.086883845583248 323.221220047457
216.211895581669 24.166111257502276 317.7129911738409
215.27768885841976 31.689442516157545 318.07985712554
216.58524061861988 28.653007699878902 323.25234688413803
221.0185159288683 34.907666330174465 325.9854892250371
213.22690970933655 28.069701452549516 332.0342093373941
207.78524256114852 23.43923318997938 340.16220672115224
203.43224506741277 22.94132930740374 339.8420764071936
208.7352580863305 13.370146767248423 341.25652962715276
214.01872454398784 6.575933913278334 347.0461352086649
206.72092986924133 12.297321423145352 354.38048622721584
211.3996983178428 14.177976903951084 349.4855740800159
215.1406312260031 11.822991316672189 341.96370126237787
224.39772676136826 9.585101521190523 344.8765615353175
225.17062546418794 11.526098240090034 343.50584722956506
228.99489151697622 12.204994514882829 335.7043659532147
230.94045745058241 14.401339568201811 331.47506312717417
238.7666911587107 19.190809091149927 340.08564114800157
246.50771449561535 20.522294232287326 345.0971510005814
249.14487255245797 25.688004761948783 336.0057344322564
256.7039158879389 35.571516948112475 331.8629464795428
260.586971021046 35.675673482814936 324.79450417493683
266.33607355736825 37.98086248651722 322.857941983907
272.2151294186296 43.21906695345152 316.9195733825676
278.76519043793536 37.160228125861465 306.982108627657
270.35521898542646 45.3852604446062 312.6638692827702
273.82673631502115 53.82651614695543 307.92027925936145
264.6641815712805 46.840553835679955 314.42745501504254
260.0908346033366 39.03573551754551 316.8218768992652
265.13968939085373 33.1930212797962 311.63180235483645
258.69488943922227 32.05122800419302 308.44123461963375
254.3629919947356 22.23657936267135 302.7043224602276
249.1354837765791 25.322807706326113 301.0486790287722
251.0622059097407 18.996205764940036 299.5940103767237
251.79129565846318 17.81178520892058 298.4227292431687
243.31749566152993 17.095961306583085 302.7997133351292
234.90902441114235 24.091810731031188 300.80890014995083
232.36517675767047 28.86323840392542 305.2347554476606
224.77036063186046 33.81089420042268 301.133123304993
216.32419213876477 23.892705683072005 302.08427642581955
224.8857950271631 28.095998020584112 310.0410857528106
233.02716128863156 20.841939394547193 313.29924876784503
224.9451193121492 21.252194053299544 314.782784820569
234.1751264328512 29.835744545397837 318.4639974507529
235.43618098346832 28.573946547795043 327.05620949070817
239.50263071368045 28.969759923017126 325.307402116476
231.09601294451045 31.077654252737464 324.1908200685309
232.96482925984458 33.787003768854525 317.09893377842866
233.8538188688755 34.01224251253457 313.54028073216597
231.58855153711394 26.65720049337532 311.77970398278154
226.21485715481492 26.422247093063824 311.1388336642338
235.2637134540148 20.560753692090273 306.54125105325625
243.54968356088708 21.479993661631006 296.79660866585584
247.43949102523248 22.069292784319245 305.110867840823
242.62944122256636 25.15388924256968 312.1786834743084
240.41077596616748 25.991985486699726 307.90353332601734
234.74539135947123 26.771745219528444 310.76672439446173
241.16425461504303 32.17202190646748 302.3480633151542
246.4539920974552 28.812665884292343 305.6484472906059
249.21268080161187 37.83786240940023 307.81950938212594
251.23474961220558 39.11472292011969 315.15284713357636
255.87276776281666 38.24163909692115 311.535272907195
257.6142610422042 41.48251826743224 317.9639911011955
264.4861702122098 43.84123488474601 313.2100648294654
274.0559631648179 35.238029371045116 311.0909355491158
280.1176636428435 36.09091649250361 307.3972293719717
273.3932352008813 37.00972198396437 297.4233122530196
273.7331956743378 39.830402773052086 292.9858954951327
267.7393035651708 41.52336388460119 293.5488622208958
262.4141385759595 36.40632751681292 295.17278778657544
267.34893497716445 39.7190875839205 290.5644498867096
258.37450530983216 42.082999367704915 290.6223905632933
260.15950607515 40.81573986829335 292.64829769467184
268.2113158615749 32.00479156841329 294.5013569335377
271.6799487725619 34.619112215021325 296.4016715245222
277.33774833647357 31.124424244054456 287.7358380657379
267.92997808392005 30.350007672610644 280.4459763824614
264.1110503658926 24.046987532572903 278.20022850490284
266.75130719156726 19.039061244884376 276.3348043681331
262.5609942087644 26.52980733609015 280.8134883907138
256.62125783678545 29.436059021441448 288.5871938652826
254.82725717861263 25.579934183675434 297.4476302472729
256.8276549728813 15.796854575561277 307.34049013076316
248.36133792742388 8.087738634901552 310.62811638214
243.68961731125438 12.411194194004212 307.4972151989671
240.71612534712554 20.348307923425757 306.9091152947911
239.83699781644762 12.563478525334208 300.108389769127
248.6430295058351 3.5178218157971983 290.15856292009846
240.56413106736562 0.8485748639757915 296.3366985305724
243.06760317171995 9.927785386471307 289.24794127934956
239.06912418160158 6.670202001366026 287.10953515852447
238.29002640064832 12.349598012636793 289.72853667015534
237.9128742204917 10.400679939197602 296.4268644329951
233.50825214441807 20.170285743037287 290.141040462423
231.97036537505417 12.66224525612881 289.0028878686504
239.894764555461 7.295190956900482 283.40396465277354
230.5205281353162 12.12624937798315 285.9760198407447
238.15604214717308 20.68523191168643 280.66865037018675
243.23444980355842 16.229773441247367 272.1829560113159
238.39064484858906 22.144077401245546 271.09076414059285
241.71658159699007 29.41523236443993 269.33366871071956
244.3123685098174 25.089867733325335 275.90758071368964
243.8621506699514 15.287102257374332 277.5054208927764
236.29245170186394 24.33482428394851 273.99567218423203
245.4799607010986 18.912639751049323 271.4847309182336
246.07620917179983 18.845285810951143 276.3719637109522
244.89808452350957 20.956663422779787 274.95138706286986
252.72712195748517 22.744298879107713 280.43800721666
250.10246500862385 25.624506327598223 284.61666859107953
242.10645204723252 26.702203745824093 284.20448871639263
234.23063183505246 35.82366458595345 285.73517720405835
237.26300422041967 41.76729237172431 284.71882534805286
230.56174264568756 32.16670935182975 289.4120935963342
229.70391422317823 28.837927911984085 290.4316002750694
238.38956954993137 34.55635022254922 296.8669907822415
245.06895233409927 43.925775654629156 288.8479019016853
240.81500914874675 48.89295364151892 279.4795839506972
247.02144757749392 42.89693235180737 272.4260122876993
240.33192965302243 48.87697727101568 277.85303954367464
238.7908342118462 40.81009381520782 270.86791387553296
232.27291110832056 34.98391585782679 265.6115124099445
232.04873956826614 42.44000114582136 271.1726525769998
234.14201708014343 34.61960015294171 267.30086012088157
241.64228912293532 25.860402365414956 273.8037470361897
240.00035150412077 32.27534549519856 275.44269809677166
230.2106507484081 38.53929371480396 283.06418621014967
225.57861360325342 35.26145107677222 274.02490466513956
234.8597484246875 28.35867358780646 268.5573646428303
225.24602979172423 31.438253528175633 266.3999813911411
234.26903249590276 32.24218602349639 262.80824818410446
226.44874212718378 31.114968274127165 261.20595174938916
224.20535073646892 25.76198127903506 256.0007002693257
219.94400725446067 30.49019782052161 255.53208043284167
212.14578462071242 30.5095524887006 255.2380702385135
215.141432209726 29.452259111149313 263.59700328354717
217.68383599518393 24.709351551392867 260.2381230059961
211.90650839078808 22.090789155246142 267.25604117168893
214.7349605367305 21.81660660048491 273.57989059987494
220.423396167771 26.7841503477663 282.2907609899543
228.11793546598565 35.14684894910041 280.749949760787
231.108240823679 31.58162413853653 290.40581261340776
240.89786831798025 29.495314288894747 288.2324143316769
248.11533144983633 37.76750804503195 284.1400001078673
253.34917290947672 33.19146519253846 291.95245673909903
257.83290321478665 25.386481347767614 288.8642785233242
259.4836833833947 22.610018041235584 286.4751584741121
263.7117826948762 21.26067257459526 292.6694889842893
270.1568603204217 28.562989183617425 293.2228196815695
277.6846890760492 31.32608866018841 287.9529449211359
272.65829485316954 22.440341161769428 282.1354140398019
271.0763764723014 25.386533016956363 283.0924321030739
268.4837543739225 22.712305479246453 277.404381344348
278.3387909262726 26.09045975181384 286.56722560702934
285.0185922230009 18.73507131649259 285.54062256572706
285.15632017878784 18.457157118979666 281.31764559455405
281.6662759283081 24.28576958398899 289.226525624488
281.5383143210984 25.921542496733572 295.12044784546515
286.9845187410689 32.10768268659951 298.5562699255005
293.9663062585213 37.7510347848736 299.12781266280825
289.8143979760741 38.379849883399295 306.519477121688
291.831437291018 44.25513371002654 309.51289183570844
283.1151264980701 44.01906585289189 303.9243459516483
277.7883400971614 39.31680133672581 306.02273963792135
277.0481613679955 34.97037267548329 306.3741696235101
272.61291828047194 42.309798208117556 305.59536986642837
265.06219199623513 35.67651290608284 312.22602137983876
258.85455568504545 39.737092662927914 307.7502016455332
254.9718394463174 48.37137888240213 306.31017827777134
248.6357814262179 56.92453273346565 310.77224693728937
250.89423270419962 60.259454793176076 301.7345115788331
260.8871243568765 67.3313011731719 302.8805688357165
260.97419444806064 74.62581283390863 303.86169568767195
263.56272888997313 66.39208933946175 297.03826546357584
256.29783804548504 66.621274845873 288.6488973130224
262.55834898472443 74.41098563781472 290.423418576822
255.13114152561792 76.8659111473426 297.48585971657695
245.39770831578664 71.05332559520302 307.37094477838843
254.43992204569133 79.66832518180189 300.0734699681859
249.820449205452 84.99975530373372 299.5679601917308
256.85401822598095 80.37640859376751 303.4788960345976
261.7227568461471 79.10721246009686 300.4022744714303
257.7309827449624 89.06761119695315 308.1644958649377
262.8833944224577 82.4118160432333 305.3554447139832
262.17972296838684 80.93930725448473 304.6022162864143
263.30626062890184 90.76432659478749 305.1053620156765
261.76434324623534 91.20491506587045 305.06088936513845
258.86940224199435 82.95809481917202 298.97373279768016
258.69866470715135 90.01606059036025 289.47266129179167
251.6612222363495 98.01658724991586 280.22024755084175
246.6282003570762 97.03285800336366 276.20256551404935
240.6861260567205 98.78848775653857 285.44322193788804
231.36421033784765 95.7273382062325 285.5377996713842
238.12547668838388 101.51618446450725 293.354058119523
237.23526588957543 94.0530316667508 284.4293374712712
232.21718869602307 84.581176565895 290.16559116553293
227.20258053068991 88.62607495252787 287.9388658990562
227.5976581389079 84.0253074063948 282.773026914442
232.75150126669465 86.6442800465882 282.5716654323153
232.4840424432489 86.66060683086417 277.76295061644333
227.96176902368308 77.8462769477814 280.5286475837546
231.6981654944699 69.41870415708001 288.3510740920213
239.11339099953068 62.4496366891565 290.9323542438668
234.51089111175133 71.53394524574064 283.0748244188446
237.43736438959888 65.59911104249069 274.9709736566093
238.84570444553754 73.88855505689392 277.6095216683679
239.25071433313275 79.49373287138673 278.5017941547914
247.73427246053313 72.49133732602623 277.82237849001
256.91548233521644 73.35736845044825 276.2034838858856
265.8891980616608 69.15514451259946 277.8536292439017
266.1812639317914 76.2757380672924 279.6900271752138
258.72403293945933 71.57242888635093 287.0516608252892
249.45369314402654 73.79646837366887 281.042356844333
258.7447796788154 77.56277032925189 290.29767860405
255.23575314393864 67.97272260622648 285.8572541569484
263.12716715814327 75.1126879948308 287.6521885236976
255.0473350838802 80.32951789672617 281.2940676148521
258.54451354954045 71.20622817150843 284.47798954044
255.18296846593708 61.91518986260265 274.9119988929482
246.7837945059284 67.87790013540395 276.6531248296541
247.88317112719895 59.89211555710326 275.52419063414686
256.38384944225936 56.65432526721022 270.2355024142698
262.29299395748575 62.05265919636329 265.71217204420583
261.6315010173627 64.54162726362432 267.17163965005057
265.65745906484995 64.88883298639787 260.3657736866629
261.0240867366773 55.6141276753074 255.46666961331604
260.5040409573726 61.73997117647514 259.9766510763269
256.45313523683365 64.42637028073153 250.52036838636616
263.7207330343076 59.242255385761396 251.7820385400806
270.40700102700254 67.0096573590888 255.69742602565523
278.4524886318547 60.47379873965656 262.6867895450617
286.52181627977654 53.70820352089116 267.17149416304574
293.4149224606243 57.86119201375581 266.42431780251144
293.58273090351594 52.26232790238024 267.9164052220678
301.5949763125927 49.298563146264584 274.73257938583964
298.2816228074162 49.9269313756513 268.08099636261164
297.0311597889041 41.464569969181014 268.05698695983364
300.0130812042681 34.3062841670502 271.8108839369851
308.965478594546 31.158306397656425 271.2769173214102
311.3027521471938 22.421959255981587 273.7433993947275
315.30068566962865 20.974871577998005 272.0621587145534
306.2001152199066 14.599874749488503 271.14749183443973
312.8488439341292 14.009434468585459 277.4972058298594
305.7887446486368 22.668706537963416 284.78639335960963
301.1912349194094 13.412632374926858 294.3998595634039
293.9873241997986 22.049004139958647 289.39042070785615
290.66072606076614 16.207668765846535 282.50383132349685
286.26784975327934 19.381820836749736 287.1542362176386
295.745822638703 12.291125408593793 279.471299421058
298.41224692364585 19.72261167745655 282.1043334989244
300.9859481785 20.27188102373558 291.28731061846895
302.0550885837654 22.61657371996462 284.13549981056883
299.24246124680445 16.130191147230093 290.9328494039104
301.4568652865694 6.65165770213984 297.6239598540944
299.5402170610486 3.738225091546013 294.7839081919646
293.51434797697783 0.6385565775141582 304.50295788040575
294.65280201098705 5.572340344395267 298.6652741563727
286.9509329012787 7.728617506326333 300.8618437084531
294.9055298352362 6.707769364650829 303.5021198889857
295.5373066813923 16.287554564649223 301.8114872742883
288.2943259554281 18.303479139977142 292.2345406826885
279.15827131444985 10.572295080385633 283.76802568471544
287.90993580375545 20.15831310077855 277.3289868177666
296.46966291994585 27.929706856789004 272.8354045291625
289.5203410002774 32.350032112562985 270.09396223412347
296.4431641997485 41.275525455575234 261.2458820900735
288.912100617563 46.62842089800196 266.93211919089384
292.7072969779468 37.42937417333127 270.9871175277763
294.3562940372295 27.56175016854818 266.29367680154303
299.3687195686608 33.48482560343172 262.6621639663897
298.62970942299495 29.491324912103043 270.0847361799413
304.71541466481426 26.069160930544253 276.62211492093485
296.94995860356573 28.093188118754803 281.83240696765665
289.1601561262893 21.4615693330037 272.56837613572634
298.7675315977587 18.24424978648513 269.5514217223261
306.21170972079113 26.93915188878502 260.4643868966714
297.619751361937 19.73686823645363 269.15752405751834
295.39405892251784 22.75762624498919 264.181027045508
291.95543353966593 22.208882857327108 271.96466298597403
288.50736563298807 26.897168092795567 265.8212858538286
294.80009912913476 22.051180030220024 270.44937567030104
285.4549698919149 31.63789173680398 262.4808849175022
294.00259568600785 33.50940486077481 265.09559491630733
291.601217765968 23.50989115954875 263.45162587903684
291.61120487455156 15.477085784892456 254.13965441462327
287.58162829534984 10.035692388581541 251.75643233948324
289.0291097283339 11.392504546883613 251.99818474884864
286.15935165591475 14.823062893611132 253.11911808217505
279.56722240743136 6.842196241220027 253.25476801478638
271.8894030361075 3.113516212252525 251.36393109904068
271.9239501047908 -2.7983102984976953 250.08152808469265
262.3504971101224 -6.53758686626151 254.51072166722182
257.1834904245788 2.719436271497873 255.5702068964272
266.80406432549313 3.502435540871412 257.52815254811713
270.9034144190048 5.928554071109498 265.86384499385207
278.97323296743684 -1.9702598119795285 267.8485848616039
283.4308786745259 -11.849740718149945 266.1984759943802
285.87224388858755 -9.069025005001157 267.54949439610067
277.83143043730587 -17.631792720636028 261.05200400335787
287.5855952203692 -26.963234923170027 252.99978115581763
284.06974526713316 -22.504053068507368 249.30176939610854
290.5074125868249 -30.1506567101708 256.50640970843057
282.1430887149889 -27.349992721767585 255.75530802189834
282.07231783138593 -20.155022964667275 252.45710577899652
289.14137103947706 -27.12177320603496 256.3314623307977
296.70736186318896 -27.613991225573415 259.3105073343663
297.05446540319247 -24.34806439751957 268.65975922664796
291.07673012748836 -32.205698160523546 264.0232417625729
284.4818090346036 -23.932278463192386 267.82185897672315
280.4192798865661 -21.292402156882304 262.80243653175916
288.39927697854085 -16.85410692473647 256.8295951003709
282.236613096123 -20.684707945252416 261.2391524809433
279.8604890381747 -19.5259687586026 258.4462344909374
274.60239108263863 -28.937005892931566 268.43015478368005
271.77568802725483 -31.035231407414575 261.10901858120883
268.63139202235146 -40.39946443506377 257.71945885541504
275.17921733061337 -43.186090673303006 262.24271952907986
273.68457872222217 -45.19034593364306 259.0758417155011
269.7754084813193 -44.30802800439707 260.79807808255384
266.72336754523076 -48.97847039175602 257.0730982998522
266.0100688881837 -51.04744667027513 252.28418927589942
264.0924836341962 -56.49014218356812 247.92367870876438
256.64033366104206 -51.101777169152996 251.0341422840054
261.4061358184959 -48.49649243514941 260.3901143282941
257.61336583958735 -55.77521323588139 261.8852124178067
263.26854094793055 -60.309460383492706 264.6186190936567
270.96220264311364 -59.97896188721608 271.40669476540523
278.1712401657073 -66.69322450400223 278.1596781954971
280.67567768338 -57.409824201944296 268.78698700252687
273.6110229189584 -49.92651589489222 276.09990389360627
270.5887210596735 -40.11918335340691 276.1378248706269
262.22049650514487 -34.594271892775396 278.1505650562519
260.4157991817166 -38.038575527185216 283.8315249380753
255.86817072197212 -45.14331274876987 283.66655135434235
251.33112331004315 -36.857668174132954 282.2182386016938
250.5806929142614 -29.67420245712703 282.10591535874534
253.01001034274574 -34.877249423957956 288.43083531378596
246.91783711292678 -44.72257889467253 290.14945261123654
240.46871585022387 -39.16402653535632 291.17020078521784
235.98686826729391 -45.37297480580389 283.0867419597099
236.00312448083253 -50.27461250713916 285.7732438833254
233.53447412387962 -47.002685089256396 279.5202258869889
230.59133316995926 -53.1913651928451 269.9695637239089
228.87857017447809 -53.600550774464814 271.36775567506106
238.35488230419082 -48.07997494962642 271.75694114622286
240.3620180764598 -53.61197175057871 270.11986420280357
244.68104616242283 -57.703526703718964 276.43670879789437
240.27810684942972 -55.8516889356079 280.38035108351016
245.23467059574023 -51.029585851002984 288.8748115266252
253.66850550893602 -58.875018711973404 288.9196824539627
245.88449467777767 -51.000501695496766 289.46398288600216
241.1318495855314 -47.74401234493507 293.3612017894795
233.6533751475804 -38.83612816169964 302.87780274491354
224.3068802659325 -39.90707945958647 299.0728076294589
225.82270713594227 -39.890239505593215 294.2804559976298
218.33695987810106 -45.9096686013817 292.9578823800172
225.36189358034832 -42.51371997636333 287.52474994977416
228.62716778472463 -40.98749859905294 288.5950502856496
224.3792510695089 -33.64726575607045 298.05201096348634
229.9824139103671 -29.148967279150657 288.57990504171903
230.6218839553225 -27.909825938623094 286.59995736362305
238.25500474914531 -37.69319745779359 292.5727065082187
241.1774314466785 -39.80911233809023 301.43664780102284
245.67514215032196 -40.40567592376357 291.8888561485782
248.39172431555747 -31.330333857557054 291.5516155849825
253.64950062542974 -27.051859829213118 298.8487944685875
256.3695293260084 -27.530022390247087 294.98171980342454
262.8546770191427 -36.85907081874004 291.55711849229374
258.2996026150164 -43.4091294707748 284.74071669520424
266.4114026574353 -39.915958455746406 283.85766321625584
268.1407562774184 -46.42699909697293 278.2468616767045
270.13749210699063 -42.37485821472473 276.4960276032764
279.9491115026866 -34.24910211588281 273.67081586755216
271.2254352288697 -24.646186241276055 271.48397794865724
263.2962432723493 -33.060561611353535 271.3314484489811
266.8894242348831 -24.87490974973899 279.7700707469447
274.3715626363229 -32.72424121600757 280.4772101420454
276.95626894222806 -41.62825651710245 282.57213533491404
285.77924141112163 -42.97796509771343 284.6458232030032
278.3715664407158 -48.63112503314056 287.06426519137995
287.8186718556495 -39.485142189450656 296.00018423328873
290.05251560750315 -36.086078082838675 296.2873428040897
292.44536663127013 -27.98965234022048 289.78699585348
286.70771476791697 -27.578871475394646 290.3977508281055
291.0592935830851 -21.57018250628985 281.2363572070642
285.2964910231823 -12.581472362126242 289.3093185795381
282.08374572842814 -5.990094846490775 295.5137488117131
283.4631696375701 -3.8572746337865924 290.10430370354095
292.38344480839584 -2.627619250574019 280.8078832183453
286.70693098079335 4.611214487307077 288.7475526509879
285.22386389259884 -4.644060335878452 284.0138518606635
286.3036150606824 -4.333786722106615 290.3003621836162
283.6308795682589 -4.856211403819463 282.8710379670558
291.43762993172516 0.19811777253312712 279.4296953611268
298.78512671452313 -7.329016657168427 284.1585767300194
303.70844159779085 -6.481630983919648 291.5274736430404
310.46989432720596 3.4451243357577566 288.7827531899816
309.0577409686875 6.31459224261614 286.4200581533536
312.9968639562946 5.720364198680177 277.2677517911982
316.4153203204315 -3.066440090798955 272.9205227018728
313.20975479118437 2.465417792528327 267.9841521706206
322.5452735665386 5.546339534868295 264.96650232420416
331.2743970025296 3.3916789962166147 262.13096161687554
336.371874980581 1.3977299694907739 258.39873677189087
345.77236808473504 -4.208793173301931 267.09083260433164
345.15139917751253 2.487330987578776 264.55996108976683
352.79285799833445 10.050302570371478 256.12214618731787
357.97577031555676 19.426056484621135 256.7141535761594
364.4030257021463 22.13737618268225 256.5586740593061
357.520125412299 28.129407661671543 249.85564338157204
348.25932928779775 31.570377959327477 250.64403673128115
343.67779708504787 21.84030322641816 259.712935494798
342.8203622588057 22.65465769944726 259.79562809689037
348.41777102878615 24.3479697189382 258.6337680660006
343.0439751056197 26.747706187997988 257.82271247990104
336.6300860166641 23.281264957938305 262.663757734767
326.721452780174 29.549021128244725 256.36909090431465
331.6643646911007 26.871188394468106 260.4057525222059
332.67531699212276 26.371634617172074 264.8314654032437
327.7391428376344 35.25329027486727 261.15697708864684
333.38320750927085 32.082456866096344 266.14069814144693
332.8095036857972 36.85568743923675 259.60423400766456
329.08712392014826 40.27769038859841 251.8907657114561
325.34648331039807 47.32943932583314 242.9618792762642
326.42739801576727 44.7051381678352 237.55330373420074
326.3076135248747 40.19584095879521 236.24226268847244
318.78612680767475 38.68382774230994 237.9938354171811
312.720106282459 36.18469611653203 232.59254253447358
306.3124497864699 30.28683600443125 224.5884605447935
306.8812495975636 24.08820860075432 217.186932111667
307.66606150589536 27.56323210770846 225.39283571843916
314.80535934266663 36.55016131495132 223.53565220868782
313.13287580143395 41.56798587664235 218.2243032117259
305.92014037306615 31.80403619930244 221.88203350308717
308.8924403836788 37.58277414432207 225.32420876267463
309.6650431740241 47.248177355923 227.65084291426888
309.2454046807906 52.36799987999524 225.4491499709564
315.5704690118846 53.562072085632515 225.50328359355385
321.8751516213009 59.54174697033785 216.92580877658565
323.0771014637907 50.3240744392941 224.8500560372718
321.99900223290973 42.04606203121311 225.3198024169253
320.10001839642104 46.25425802526319 223.71662965549825
313.2030885504498 37.56087779359008 221.92777897280357
305.6028433896673 43.49302153759185 221.98061142523943
311.6519676167652 47.72213881495332 224.8431257836417
303.65757544817546 55.771952069205554 229.78571582931232
300.3557981549761 46.348314469542565 228.7070395140385
299.4923394224337 37.567427114978635 238.37506032138043
304.10048031344144 40.29855156270089 229.60944463364805
305.7433359313744 49.252612325060895 233.28308588786825
301.47868931549243 54.9367908878239 242.09830244201717
292.00829503821967 62.83378885630958 244.2398919146545
282.2097724531633 60.81621568068353 246.85986004045142
283.6109967792014 67.532585219095 238.2979141687533
280.62487826857955 58.41667531664909 232.04374270686506
281.4854865577072 62.00401790600402 235.71258842596555
287.91418762607054 70.32374283295064 234.0141951554027
289.06808540416256 68.10600542367303 229.7933478226409
293.8299384186227 76.18452424537075 228.75288488164367
302.09678182455883 86.1451254199305 230.27401564933385
292.97331485361775 77.57533302856035 223.38465857505872
302.2033897256405 75.82746824696379 225.7971439210795
307.23968823307393 71.88334503968889 225.61425720601954
299.75768396895313 73.96232231573043 230.73278420611467
302.26556721216775 74.0051999757136 240.6680674896532
301.1606422625214 81.54450328042923 247.5179917582973
306.00302288844404 89.21801672176035 245.1181267086353
299.0895809611804 91.58028204184103 252.5768525906222
290.0728380206542 100.298963725989 247.56348736474345
284.7221583835591 105.43140368002553 242.3477229125739
293.7010397470623 112.27983339593186 251.0863825929533
286.977208988211 109.33575287066053 243.08851309813542
278.1473121686454 100.13226052731758 249.06735095892424
274.16128513495494 97.0455929452345 243.89936717094608
272.69791247807586 89.15202069161901 243.45012771953722
267.2220190724576 91.30261998843461 252.41060008172923
258.12534793369355 93.2494331637702 256.9232434095681
264.796409433366 95.95863109816653 260.5405230366719
256.5945391040245 93.71597953538564 263.7576886359437
260.62631080312116 90.86573922508506 255.16873108849663
263.858270988164 98.1330801426673 253.25220299459122
254.87916981118633 106.25177141927246 263.1585281297601
249.93918052341127 105.75859285120274 266.83063510004894
257.5904337142483 96.18697922382778 271.5278115310323
265.7087200803307 88.13826578782505 269.9290424739944
275.4782129753886 79.80837736249595 269.2490830484217
279.1582395485698 82.45241308596295 262.89393039077254
284.09520446940144 91.66540533796785 272.46164299800233
286.41096845730897 99.99944780955497 273.4939734160115
285.3543476544846 107.35871386135723 274.9867037472204
287.44329427699165 102.8222455855692 281.9749603653026
294.90329436288056 97.62152462664542 280.45987462815924
294.2645935467295 95.146417863192 272.56115123021254
289.3008917881188 89.31305967441153 264.7168523744748
294.32095696028944 94.19853228829069 263.2914970836797
302.11200865916186 87.62769916269005 272.71579775070643
40
166.48509082870322 11.135476243597902 352.7414589146278
167.68694901717828 23.28672156332594 354.94820989032405
168.03152788658238 27.526240071251355 377.17350523307874
168.71545400346864 9.714281971928004 369.6202104912301
164.61721131808653 25.28505716194043 365.25083689253705
167.33021783962596 23.966057129755196 366.634197524149
174.96918593911846 20.36053660803881 359.47936585045
163.76234563467364 19.534003558174334 364.31190563013115
173.86999199713398 32.81328385851087 357.5357942669283
153.27311430954978 21.660626040510913 354.70403338689715
166.7212017264562 41.59267289158103 359.9662642550753
155.40649945258673 39.22908211710611 383.78043162130166
154.59401582135212 46.08147087372703 366.51777408062054
149.73416877553282 33.67988600523938 370.7557056165477
168.8564456630782 34.54173320631413 359.7328478659329
179.19993336812902 23.800654383849455 353.5874094700424
190.88087828280248 32.50308084565464 352.8349928847799
187.56538409508042 27.579354862811325 352.0051952596669
207.1215552544809 28.862382780567323 350.4428059799967
186.94891168705794 45.15024431072675 336.2233386804629
181.90074430897496 28.47305072303365 340.8404058939007
175.49236764213757 42.569739042780114 347.0792379145794
166.5211102966075 29.954513593641124 326.0311174166457
176.60067591279653 24.89009413772248 333.01595570588603
195.7423729428107 32.29038691165077 312.1270774000876
186.4293104089287 37.44704529805131 323.41111512912676
204.55401838715255 28.835518323435902 321.53892070458704
217.6750137143524 33.140146959976114 313.7455104189046
198.12727871455522 22.776267294071776 313.05777471633684
209.80814736383854 19.47972570193667 314.31879559912875
209.77583236831367 22.1027963880556 323.3508843248442
192.13710966425535 13.886031563067224 320.06139358148283
213.98128247142608 20.064412058199004 324.34594603970703
206.98296515327183 16.573530646971466 323.4079116532979
220.69610631341934 27.349459233687668 311.6638207050796
208.50943918207935 26.44756657224806 332.0164855056438
229.15720438518485 36.00665019057059 317.3321204961194
221.89744486890072 32.919351141239495 325.0320486177378
201.45940770859625 22.742339781186416 349.84940155874546
201.56315594855442 17.54179195248529 345.389915056623
