1000
498.6202173566387 412.3544755634242 233.2815141933323
489.31861341304625 407.15550271900753 233.96023265027947
479.6427302609918 403.7494788054402 233.25548542567222
472.8209565345715 407.02028809407994 237.3058046738868
481.63208587159176 402.3425235265581 227.51339715785076
482.45223142688894 400.96040433432825 225.2208879501962
473.48671035173476 404.3338378555602 215.26425874105172
475.0242731832191 404.18385074214444 214.82551107903555
480.6942896420306 400.2584007141646 224.18240667950323
486.57059527605793 401.17101461715464 214.3176388744704
483.1443082157862 402.4423070682949 217.31769550414012
476.26856893828074 401.743779831183 214.84493210622907
466.8889732633894 411.50853333512003 219.7759781667042
468.3940629598722 413.9778570217573 224.51821940695424
475.43792288807066 411.0501192017569 221.81924038157655
473.4073357340795 414.10800791564 215.3539238345569
475.5874195797479 420.0570191655372 211.78100127278339
467.45680981698916 414.73610148816306 213.6025381447241
465.0121961991563 405.22726226107665 206.11829944231772
462.64527463251585 403.5466615963123 196.3700698541522
470.97585982557644 394.3784777746842 205.52119364212277
476.9588758267768 390.6974130944009 213.18564501266403
474.97837129439625 385.2919161029691 222.49959350744356
469.4212745878451 393.58191735047865 231.16381312857834
461.119707817956 394.0694025472153 239.4605790367775
465.58278396786574 401.19615294775986 235.70910807276488
463.86586103432444 398.26720287717075 231.87842697560242
461.6581130505683 406.61131294259184 235.3539486252674
459.2581485228828 403.35314954973506 234.09088571338248
469.23342761154333 412.7050917893331 225.28560422822596
463.12858108354914 402.96598691903677 221.34962024231956
460.384621781838 404.2735921048878 213.89489755426953
460.44667426353 409.6451167605631 206.5000964538324
459.1333080686314 401.9164557793443 208.96789828592847
450.2171711367294 401.9886020143871 217.7975830427782
440.84077929179233 392.52670215150107 208.4861201876118
435.28742495875974 391.4839327417633 203.88520375749036
440.38673627791115 393.1501215768899 205.41342594712128
430.94729819471604 384.6358123681888 209.25105635084046
421.1305705566416 392.060631602769 219.02430816783766
414.07021297533413 396.47782828687207 222.7428454735655
405.06634638176763 392.98250720843805 222.7910185788319
403.079920021622 388.50982668978077 216.29004444489942
405.375809525786 385.70384703401777 217.60063270632727
396.2797370013004 375.98159376931665 224.40839390783893
394.24299904825193 376.4633058580944 219.4341453608097
384.67593573565205 371.89426759959315 214.04856204042198
379.3786650979707 377.21711709107734 219.1191368728439
377.7082551947804 384.2140807165974 228.4129954706042
386.62938464442857 378.82975850104225 234.58865862548706
380.9459689135598 379.8852149462405 232.52880636308382
373.3000346375389 381.9896258232668 223.55848462131874
378.9930573672689 390.6645185592304 220.51167499363842
380.49095229228004 392.77984231663953 216.47421238839684
383.6131678480538 400.73044161687045 213.8049661250316
386.6791571477531 403.58923312016924 218.05038218935786
391.5842719563593 393.90398235671245 214.15089156395229
393.36629255893683 391.53775148384324 223.5191903148975
392.99899034496144 397.79694640388794 215.0043090019665
394.50882801427076 406.57057431346954 217.3955381788581
398.07273991611726 410.5963640811561 213.8669191444951
396.6033669517729 407.4442130097337 222.26668509719173
404.3409320988515 415.3482101338616 218.0905561012668
399.86073545189413 420.8383688199424 227.8288017756864
403.30339701499344 419.46674315162755 228.08856798610657
410.2075011608771 422.143568990191 226.178273452076
404.1906000877259 429.6412704806735 223.3076587435904
401.07967589910555 427.5138914528674 232.64772755326882
391.94635129856783 433.95540530238674 236.34214517288308
390.5968087739437 442.2248750284953 232.50843543392358
382.20191575609755 437.2535006070244 227.95089954113615
383.30296417741624 433.37727961295826 231.3177531366573
389.965390425085 430.04786830015126 222.12256615633095
383.7817100045116 427.2678161102468 219.6843619796106
390.72600355313153 422.17842651916567 210.4621230508895
383.7346045411405 421.9868553957709 202.35008823217487
392.9250818349987 430.898836381207 203.67288738017513
402.3400394175247 439.44459481760373 195.61060177204288
410.1180010679111 446.00271541457164 204.72464531269236
405.0984398303358 443.8792929706247 209.8248273729405
406.25895061811417 445.61643148857866 205.58067457159328
396.8620026732929 440.4635592875677 206.8139908647182
393.84795110947016 448.18637824801635 196.87563081039218
398.39748758534284 447.89826011289097 191.69207289623122
394.6540685601902 457.10015031535835 189.19970921671614
384.89607703685726 459.208141645443 197.2148464865772
376.8328200686798 455.6885197999007 188.41566396957256
367.34786160569666 459.41692291474334 195.3837766628498
373.73312089360104 450.37543013806714 201.18146611921176
372.02026150902316 447.53383142743326 204.65370895673408
364.83606724211035 442.8370844858301 214.33902882614936
356.9561228395968 445.96244505828366 222.53440744328083
351.69266563830683 454.4765105788202 220.9512754794477
349.9094706516654 462.01006523290664 226.32031439140778
344.3009769722168 462.05355926167465 219.10573560053734
350.9655050522977 454.567846859102 224.94928914376777
357.6307448147734 463.374735172727 231.64726684541935
362.3398580956773 465.68976780062985 241.10612035513643
366.444442601173 456.0351550222369 248.44703830905675
364.3757798152567 453.82688913727594 250.12190772719745
354.74686209422765 458.37757299523355 247.41965251351755
352.6003487849012 459.8015731030187 246.04092242311617
357.3863855753725 462.24770333048207 250.41028947111892
351.1867583023228 463.8218293638668 251.791921544144
354.2389104646944 473.0928410065637 251.3433764120087
345.7962356765822 475.86382935773815 244.4322332435713
344.33945192965973 471.9602737712312 235.01511608715947
350.1110384609964 463.818642687044 236.13075835508937
349.4216532922175 453.9540467812329 239.76931858245337
344.10205157189966 451.23697082558107 248.7460793372082
351.07199904577703 460.1783687469247 250.31737100071246
360.3810732383997 457.408872188165 260.16998605666197
358.7752644112749 449.21806441169514 264.6546709725929
357.28315571410093 453.2546369113579 269.75544045296476
350.2511425680659 457.35065660093295 261.99739019284914
348.5904578403612 454.94684717729376 259.8755658391045
345.6125238122853 464.6939892958857 256.25338628819475
342.6853235991618 467.48313535937916 247.06332137089055
338.5572773433025 469.56835821414046 240.12256996690354
329.13268203246014 475.7961579789415 249.98802369760602
330.4132926205966 481.8735214247784 242.63906702511696
332.64595589535514 487.22234520091973 235.1129723474464
325.82654664852595 495.5373173781455 229.191474957574
324.248136890753 497.0954813203287 223.44695493172802
332.2713394673574 493.5372018471331 231.6478304240306
325.59147834448754 500.864291289693 239.9290781800223
326.09502617863234 491.0520699364219 236.7346800394401
331.6255844983192 495.9327051775622 234.06011241821858
323.30149517302067 489.90389003408944 227.03869853048826
322.3607260482709 495.3564218806085 219.84126133076654
331.91218837780326 491.4423905576119 229.58289697698729
333.78304412382727 481.60949004985866 220.5941411872691
325.47717353674926 486.4854299571585 213.86677655525054
326.620107052809 493.9026334290796 214.62575193975138
324.37585150364225 494.8600749530728 212.468517558515
330.97282293704853 503.4331128847359 207.59867842879157
337.5381045843106 493.63175054262047 213.95673264710618
346.67289457278935 494.07054545341623 221.83174029475578
353.6109092624175 499.4336693433627 213.42987889984272
348.42638927818916 494.9015957080513 204.79431155417552
357.3943188729005 496.70153062827023 211.1210157928258
352.27421569436666 499.2516294185434 204.2583326235487
351.5480481396343 505.87136871046243 196.4967598252462
342.88855161678885 501.5632712171906 205.17439899661244
346.9728146241973 503.0493211239971 204.03892672816153
355.01323354237576 497.67802520439886 207.97446771167773
355.05100888388404 488.469099579787 204.40370309056422
345.3997881758832 484.25556826077883 212.02437214049894
341.25589949307664 482.6822490511126 211.69299623560732
337.9191576705 492.5189603619543 205.1609408374637
334.49557744868713 489.1071507324838 213.3540599501964
341.5912631768092 496.8935169460096 214.2560245260752
338.0683713276166 501.87527043909995 217.72094673736893
335.10763509260073 495.4710544322369 218.1104805215727
333.0601651066838 489.2896432405137 227.51953248666456
339.3763190998614 481.5111807659649 219.58267713888657
347.0107927052666 485.29901223331586 215.62815112091752
337.2981237182556 494.00050314744874 219.10005018612554
343.2403435563228 498.326889362696 228.654011013487
337.69606967276496 496.77279792830745 223.9425884713752
345.81082270010813 503.80463344563697 226.44404140575335
342.6311351312049 510.775974964059 223.23445092176308
340.22419699057133 513.1496569848663 223.25423162434237
345.34739911541016 519.1648003692604 223.78946881881686
351.8678718246265 510.66993955671813 214.60532203818016
345.6131853624742 500.8325437303854 212.72991209577768
351.8172023702551 494.73084593832414 217.48008322834932
345.92079416478686 485.67987586705544 224.18743624029605
337.1541248510291 494.2757449978945 221.52404731838644
339.46782415606543 496.52239928529775 215.29084872435706
331.6513737217845 505.86993561779434 215.10403363877316
338.4922203722843 511.81638052982305 206.265232612939
340.7759761772375 502.2729315063656 210.4740290028195
333.4658351972121 502.9760439018183 209.06811421708247
325.86318679814656 500.32063299273096 200.5278097067881
322.9702547849714 503.806547024645 203.80986778243366
322.9681981202277 503.95565927624807 213.07309707992593
323.7953687041974 501.62199485690013 216.86491026666633
331.38608224557834 502.82272355402546 215.54115976818858
336.0593921550852 509.9461985953926 213.39928528003216
344.5321256810521 503.55654554626227 211.02343671196246
341.81007267504634 500.78504152543013 219.47330454508068
331.96823535021804 505.53452592357655 221.3503503216395
324.69721264420946 508.96055824389833 223.25565140587688
318.05284607192254 518.2779914855926 214.27872554375224
317.56420020434075 521.2318050794428 220.45063214069273
323.6253014029853 515.4976762596099 228.1697439509459
321.5793716437218 508.1837670765063 232.18434347266282
316.0024750237694 506.6273550385489 239.38989016768798
320.3867769359533 507.88558454591015 234.2235998602458
313.67554223587234 502.0998224779816 226.76213722373944
312.734368928628 503.1973798703923 234.32441458632712
309.56443934735586 494.64481043917584 236.99944898134876
315.3761323678699 492.9737010276119 237.2580939345404
315.2164509224091 488.33380222872916 241.60899078904646
324.87251234945677 479.5885197091137 232.7968327568944
317.7480816048836 484.544220212809 231.45942990052052
320.7020499012215 480.3533210517541 225.69862434255836
322.1213568199905 490.3188977789348 231.07614605004818
314.4923983656988 500.1509689632356 240.937762843383
318.20733945448563 508.2804248509752 249.88908272376386
308.3229465724721 505.1166017360652 252.41556035938223
308.2432504635626 499.4844663261789 255.92263748337706
313.1772362305719 490.54748612540675 261.8446783822603
312.8655824370888 493.9160551802606 253.25696807629768
305.7948239933041 498.6153610149359 244.07779960802176
307.25851789941606 495.3212971254157 252.7577948150378
301.22642807405293 492.1512738703984 246.25815196604142
298.42505117538843 482.73693954738707 242.25461756916638
301.3234209139593 483.2168365123134 247.31348532639493
298.9279233885348 473.5446984992419 255.14000930118004
293.0948491316656 481.0793117571415 260.2829936686873
302.86024148349173 478.30472659272465 267.0241555100246
309.454342009593 482.6377439930311 261.6168920015344
313.699928558486 472.98644273060575 254.989418101869
309.73261897080806 482.2486308989651 251.3209181632818
305.9586625089299 490.67613407325837 243.34133410521846
303.4538863366943 486.44022141291384 246.01329541995025
307.8779966780391 485.6718689404768 252.80002511100122
317.5484104492077 478.2369026831314 251.68835733309646
326.2531381214454 469.3845304200855 251.83659450872838
336.19329835697454 459.76823426376075 244.9006301150369
330.65691838958514 468.9394710407345 242.44044504720867
337.15615293648136 472.8819401246483 244.60705011072753
329.85471842649883 475.24767928190073 244.52406425329278
323.48367047215237 473.50161305329095 240.8226086563423
319.0070943863541 480.2199407930093 232.18936671874
322.06131661057213 482.4007649974225 223.39070552602217
330.97344790405174 474.0295273918502 221.53150419283955
330.79821701926426 466.6378500941832 230.3001787110801
324.09360553981367 470.2967280235952 234.98720592178975
322.61691980095736 461.95023419217483 243.4645889859796
321.71581232670195 465.2762257812745 236.33422585987682
318.76027350067557 462.557362000887 241.95146076209724
322.97100014739516 457.3147354355787 238.90160755617472
332.8667836568521 451.51447973571476 234.22410053713278
334.0824736904139 459.274819426576 241.89808551353858
337.65057057071704 456.2134183138125 242.0283747951343
343.09955273174404 452.0607555346167 233.28790142809186
336.0698022175819 448.0545265028413 223.72535836597464
331.4121379293135 442.1143710203377 223.99582710568396
334.676300769102 432.9571114159818 222.26007554743072
337.10697830176434 438.08407534296725 216.22915526273977
330.19279192482503 428.1028028450066 216.36775287079593
323.47154609983386 434.8469027818866 211.76280097231796
321.9330849143377 427.2637927604042 216.47940291942527
324.96325686556224 418.46576358346044 223.58098738869387
324.156163669594 425.1138932624039 217.82832346731894
327.8260327278461 433.87373521042065 227.34656303567758
330.98715116599556 434.01682389628866 230.97781188406304
339.53312847934797 437.1299669828949 221.51832965055036
340.4081945939846 446.07047457071013 224.3240616578581
337.021339881275 447.3261471254348 226.74654199036647
328.6261931403184 443.41507868966954 218.5548169971342
324.35514909099345 434.65148708777565 210.87316772545125
323.3854303830016 433.22574106463514 210.7175602119676
314.57236461408473 426.1968773380876 200.96599280384424
313.9549742957863 433.64179825442227 193.9347119219243
313.58772971884906 436.80462589801056 201.7284528332715
314.70858021323477 434.8174609041468 210.55961147579578
308.467509768671 435.57766976270574 205.95393134474787
311.9394471230705 427.1692085882665 200.0024826137335
318.6793269207961 421.6960627509319 193.0741676339367
316.0165646608634 419.68323887675 190.98201350544488
324.8779866252381 426.0633073460411 197.74468409613945
331.88969701493863 422.8885929933222 198.26219020124918
325.82263165568077 413.7204577356781 203.99714278026036
326.91400974410016 415.7205706818698 196.2840610847445
319.13385991916704 410.1375944456172 190.49393129029673
327.6476281368329 420.01295770257224 181.50110319016693
333.3079913222526 419.4974399021062 187.87169718910818
333.8094743041988 409.76020018088917 194.4904986048689
328.36535370377965 411.13554258779885 186.78328050557494
320.61443713678653 412.7945664780304 187.11184392800178
319.55700416234464 410.4205466106201 183.40110287102993
329.35456763469705 413.47487016906734 187.46250114287108
321.40726828537345 408.6420129277321 187.65234604643382
312.8010860385885 405.4869040653102 187.3380119371391
318.989321119242 413.8490492674521 184.1704069554122
319.8552320424805 413.5520449578822 190.27566738790355
319.1350463841775 404.64977751724956 190.14431290894188
328.9438188385961 403.39594560729864 184.80726647925272
322.6418121170656 410.17357804331476 186.57083045633573
318.60880745150575 415.86824671184365 180.4579790967751
327.4684422398564 421.2568880623637 173.63817886323403
323.90158335433136 429.3738276231331 171.11707388036763
327.35290862991525 430.5457175689523 167.89571657532235
332.56241388066127 426.8333744605308 164.8876612422743
338.19361259605427 418.35802734785847 160.87128162667204
340.172412052325 409.2003577465774 166.34744124140428
338.55941013118627 399.8978171077901 159.2541664666998
330.10195509610446 403.3194675167333 161.9008756026547
334.5755301002493 410.3637100634781 153.93846673740106
325.2709563956484 414.05439616675505 161.0618449239965
328.6757348116216 416.94036700998026 161.12605731011794
335.25020427910033 420.3947943278272 162.3487282227668
334.91426099891106 429.69221832666227 166.99959757184038
337.73088370338263 422.0229310158037 164.10656133291752
341.0375865955111 418.5724871144447 172.893370149953
340.841825692809 409.67884924785005 173.10802516851155
338.64891559660447 418.21781957256104 166.13075942746445
331.966567465508 418.3931372451686 166.3879586606969
329.02711454377396 420.1725916999681 158.90547612020367
330.75003444037065 416.6527925827191 155.43471931397076
326.6655542537346 416.41451902418044 159.69469897300843
320.59264111043626 424.9467989262136 151.63627115097012
328.2322682317872 423.4607277700126 160.16214614762086
335.9821907593971 414.4303044151724 162.07836626254593
335.5539804650415 411.0180560997605 161.5075354723411
344.43191350314214 416.1630296313159 166.65243383524214
342.41865682701007 408.0071530715315 171.66586543668683
335.8948961148649 398.2251244183833 178.03682818826346
344.1229020963226 396.4454727108056 182.37906061501218
346.99304388266944 397.0505694024218 186.50179550986664
348.11494935056527 405.9446093121235 194.91543198258807
354.68805304149873 406.8337900548022 195.48130225526936
354.5926536334677 411.00828141117455 194.209672837377
353.70111364797066 409.45479040833277 201.0182514538497
343.7577856766691 419.2560177392723 210.7613154810239
338.78254799311406 413.608520411373 210.10673643988997
337.96200062424896 418.11360768554397 205.37276840702137
344.2917656080845 427.5325785027639 210.17128553562543
337.6573039564047 430.5756091993873 202.41879054469675
332.9123183448579 429.1162394679865 193.96394345770943
329.7651892679754 420.35320155052034 184.21952760698593
337.813451053565 421.87108250531344 182.96033023449885
336.83641915720307 424.3976871510437 189.86233099874065
329.28171441906375 417.6229797364951 192.1172808839684
337.7628072210363 410.27083643968615 184.82273664181653
341.50952827525964 414.6912209859368 182.61530948648698
344.3778469120526 412.1473694459423 185.9839622070746
353.8237404700908 416.32903790027234 195.35962055192843
344.0119955870083 408.3716309978498 196.21968704514538
349.09952354675437 414.75313580921903 198.6833373592009
345.62747274615487 416.3856642362349 208.52623228507738
352.359190819828 423.91499396816994 201.19984243355074
358.395304450652 418.4692434716229 196.07355813221636
361.97988302513403 420.0132537006058 203.87446084722308
359.086936625649 412.4899363083578 198.57269858137929
355.37122512119083 415.93978414076344 193.29526138228547
363.4624166244758 424.39858800788556 184.84045583146246
356.46790750041873 414.5433128699524 183.36178228352816
355.1738958576675 414.0801023014883 181.2828468456324
348.7781818750741 406.73335378158373 179.84076504315087
339.09854311474976 411.08091948384777 189.65926287551247
339.9523116399168 411.6779491618328 198.79269941973956
349.3595232308609 421.4218685096532 200.7462166126599
341.1515507842465 418.53426037822766 207.85783993083368
346.48876613892025 419.16531246588664 215.24825647543824
350.3018922140026 415.4053552962832 214.2630121814698
352.90764288829376 409.0041427735106 215.96056196032853
346.3693469332249 402.95385812722157 212.55442979990724
343.4474319654898 406.0195091970463 206.9361258970652
352.7176562156899 399.84507036719833 210.66452215057234
349.3343093079037 392.77162618641967 211.93430654455932
343.7168022996577 389.11182738397207 203.36324242195934
339.6613850132928 389.8665212600921 197.08404054796003
343.81853933320076 396.0054593202012 190.28364951929655
335.0929051315356 395.33269099906187 182.82893019316168
338.1993732266082 403.7977743250198 191.68881449641736
337.19818367594394 409.3720227159239 193.09474929303025
327.54932539415535 413.76532900069435 199.36462427609308
331.64513613956126 419.0080210086031 199.72676811457606
329.8498691855906 413.6953163299058 197.18857326107735
338.47413288394364 420.70593660212165 196.96097983619066
331.5649318766308 423.77436796165597 194.67646735108377
322.038112804018 432.50331060161756 193.574095104222
315.3865162650154 422.9262494987636 198.07437181030036
320.2905971438654 429.0505375235332 206.3654692896613
310.6817242564733 421.93014011829507 204.0995693494849
310.2831247186658 430.45783540115883 210.5203171663079
316.7717461091198 420.50314283217244 210.48865134497368
323.5033486980055 416.6677031692068 204.1313874656192
315.3838850271757 413.0735609123321 196.2306981008562
317.9914927604334 409.0195210197472 199.13912966788627
319.8356077619269 405.1133871152424 195.90849654629108
319.3358808960483 397.0499704026305 193.93070978896716
309.6263075585712 400.3062740308694 192.35960325335026
317.4653465981705 406.8616490134525 201.3389327801347
321.05968963290985 412.94661453209824 200.51104230069643
313.60904347984746 409.2029961045047 201.63748828656432
322.257239568268 410.12503746685275 198.8114403868387
331.37976810288046 410.21837926097777 205.1467206873568
336.6378018474691 401.23065010801935 206.3262689756828
336.86872604973183 396.83266446923875 211.67163989062544
342.9793706636356 401.0843887992661 213.83474300902833
334.4132792412089 408.1392288409062 213.81750074269777
331.83286133811947 413.9239111363569 217.0642746434328
325.16497197077643 405.5949422555057 225.16553492839884
319.41208229745394 408.6866242532963 224.65608302364507
310.46199412526425 416.4022745766372 221.39047928458174
314.3795164499896 412.8248893126062 215.77198920235773
314.4824168497073 408.52336187709494 224.8256695766599
307.99006866304137 417.6001333250224 228.69966914720206
310.88974482454404 415.4196864961408 221.36615702104697
309.51184222425275 410.8734386957168 221.9243921494605
318.0158561878389 404.1893699919676 215.91570980576006
325.0861400813844 411.3736808052947 206.2363018457815
326.6624946822005 412.20876754849314 202.90290443317588
320.7786706894298 403.9618126550925 202.3085917093713
314.9039538721843 401.78279565247936 208.46854047041754
320.6898650431312 405.2115281966452 209.04552226542924
322.06226865672926 413.3889920839455 204.4486845586248
324.2616816146042 412.9358044345523 206.46991857892183
324.76665371222396 417.32399477436235 211.82747210170615
324.89534031017087 408.8993496166531 210.23023735861352
323.5089425826875 400.5828084974419 211.49910900693905
328.14266543485576 401.7637025839217 219.08232097543078
329.9919334206228 409.93642918520266 226.6110521612168
330.85012441828974 412.6039721841977 223.99500385209654
334.0960639491927 408.3477303335607 216.15660270886934
329.63392532856614 410.3106398313441 212.55727856029586
337.7937627850428 417.3941393481231 203.9846302644046
334.3455624335024 424.3968133494494 207.29230056230662
333.66228189075133 433.60929425529065 206.661384337613
342.34641537774905 424.96458842522793 215.67365137490663
332.9700260969599 416.09512380448774 214.05192940809985
340.4340687284565 419.2670179631982 207.5738929591541
348.31610078270023 426.5176074280373 216.26528416193082
349.66546528412175 435.3707683049227 209.3434755284911
348.4053910797324 425.85782313001437 208.2552690758765
349.0090367914386 435.36320090696444 204.6633621319168
358.1241565408965 435.5527384080294 209.2373492885621
353.7404265427821 432.66485163813616 216.87405745951384
356.27568295725337 422.72774550838517 220.59354131059956
354.36244679043017 431.99462638080234 228.56366051535628
356.877775925736 436.7624336704513 230.02871312378502
354.2340362399683 443.8359251917128 231.852053090688
363.68758610831054 450.1686836993516 225.68838272165183
371.3587795992647 441.6804784517976 228.44323241400681
374.6769079577319 442.63805406330164 222.9515119440209
380.27102668112013 450.2498433344407 228.03456380524446
382.5694997527699 453.79389234465594 237.23826394622287
373.7351832748915 457.79193336562685 231.22579062109548
381.2128192129132 448.2887853930936 231.07951971711606
373.5071400215244 451.73320955997036 227.9578804837646
375.8513869463338 453.1209967132847 220.53789305423473
384.4575283615755 450.668711785465 216.23365073004294
379.1434900852902 451.4432423839141 213.72200211135893
379.90517371361744 450.094199611056 219.79259938362705
377.72514868723715 453.87846763666266 216.98886855846865
383.9524359800987 449.1829226334418 213.32458884377553
380.86136468857705 459.08511430226014 222.97669143717533
387.8168484729507 449.1084184147431 216.56478690270416
388.08449715609873 453.3974629128345 215.01353763172696
393.4825597902743 462.0155611289876 214.21802814137328
390.6131582432164 452.6681440663051 210.0191783248813
391.34665999920674 455.84092802631153 213.71697345979817
395.5004514156394 459.69834047028155 205.30682564153864
392.6205674860638 462.8115740616561 208.55477834985135
400.4182022201687 455.49134756958057 210.44914454078724
401.76291401516295 464.1878511325152 205.15903068211864
405.4461366901682 459.6587003448338 207.69868102827525
398.40126637502516 462.5316811212446 216.95829474788263
401.7492870402053 460.64960459307594 214.74494295735332
400.3830705626898 467.61475429994067 209.5027630260057
399.74186866656174 473.82528291695087 215.79906217711897
395.944368742655 472.8470821972654 206.00155385618902
397.7064584676564 470.2707263026049 209.05326112884353
397.95567884239375 471.45587946325014 217.125410184738
389.189463029223 463.1855197820681 219.47720982059704
385.58874294423254 471.7460282966535 222.74166280755387
382.14687959630805 472.84260153052793 216.57626494059255
379.32059716846675 473.31412213869436 211.5095785900115
380.06749771700163 464.1164496248303 208.11282692369565
373.82554175404766 457.731579565786 204.68040226674293
369.511410068436 453.46213646366 205.5389670665106
377.8563618393329 445.3797742896018 214.98872272837022
372.1046680963646 440.95982415868815 211.8083056872545
366.4239684089318 438.20574606630123 202.5534732041597
362.44628972417803 435.5335069720693 203.38908555579076
361.3516608960856 434.26719938737403 205.79416020164993
358.8026445224671 433.3674137177563 200.3011344766407
357.4828896360597 436.4393386093191 201.03727658002282
355.9762835812788 446.236823616143 196.55758008442857
364.42530122335893 454.49933248386367 188.94938031408557
358.5475820085626 455.7404838859212 190.27207357363935
348.9872999215646 456.2798726267321 188.62268876098466
352.7138176427285 453.309689194166 187.60324461177655
354.4540179178873 450.7855186586254 191.5629230076128
363.4253613749754 455.41482072808236 184.61031094437502
368.60433149855476 453.3331688615366 175.18916182732355
364.3690796482487 457.66719535720165 171.49212444441258
373.80506906790936 457.41818340814535 170.17172284733616
381.49245244655765 453.6219737913008 168.00702232485602
377.8539817949535 452.9020088871397 166.2734087192706
370.1664317599374 457.29656407798507 168.20322587463295
366.14233289122797 448.30891651514514 174.90868169885758
357.58308862504737 442.6797383338567 182.25947862623664
354.91661277955694 440.2354689125575 175.2633101152682
361.2380390875264 440.5901670709894 166.44638339276338
359.175747629819 441.72851184150466 162.45023171151044
353.4186397024957 443.3183658131127 155.87919487693537
357.9613534940963 443.12050014022054 162.10061945592233
361.8642449321231 441.22780758639567 167.9976630765767
354.94533794841084 448.31359236208806 168.16828761876
363.39441891789824 454.16703038025844 168.4997195433418
362.327457634369 461.5296941826612 178.15246577291887
358.7654284576893 463.00697051542386 170.5040772406401
363.36259836178766 464.45711886980206 176.72343184696678
361.02952873713093 473.9744552794029 178.06281215965242
361.91624021555305 468.9984029907283 169.3661943839536
365.185903859487 473.7824677213582 165.0349754439208
362.63578387656344 482.8829384184349 163.0074936330243
365.8039817410872 491.2782901364306 162.12284573958374
367.71221510197773 492.7250079619428 171.1243318490747
372.9338140922515 498.8973957145855 169.89670542354727
363.13972489638763 496.8907215871347 178.35997746521113
358.1981720732174 500.09683732683874 185.56475759713067
363.84973764963394 509.61696706631426 191.53650044680953
354.1803674914542 517.323879823564 188.39653940881743
350.0669064782235 513.7363909367498 190.8191018488247
352.83616180335304 506.4783831033394 194.00904419901937
349.5877794119856 506.00033108919706 184.78346032311075
358.6314074056865 500.6321954655947 183.6209356491543
352.09389526608607 500.3290282237846 178.03105890852515
357.6008381902318 500.35448732402415 175.27193018445908
350.52181494727927 507.18917125535177 176.34507058148228
342.05581406156 516.7820164970133 174.78218852586068
332.763996390188 509.65112130205785 177.6010769016043
341.7086269512791 506.087261992097 183.91001992642063
338.4922469808035 498.0165239897879 179.16189364946413
331.911665877555 498.508662209705 169.79735924548442
330.9370418429083 501.9058776178423 179.67304962139372
330.48483141522183 492.42693977422687 173.55337184969204
336.87453064181886 499.3487489289194 165.5339634942759
337.1753102774514 506.9524245354771 173.81888985705515
338.0663270469726 499.4920307277861 179.145041856649
342.04957163699277 501.7554624196635 185.10413051390452
341.8252015537167 494.9398770826716 188.75025240021418
351.6224801288131 487.3572473874329 192.209694090852
355.43412726771885 489.08477191861755 201.84489234157917
358.27805044280296 490.0239484719646 195.99741858531968
364.61453870322504 497.5279405343351 202.4773744774197
364.28977567305617 490.235961038049 199.9192136538717
367.2211075736317 485.36985567510055 209.80090681182634
368.7724795758477 492.6851323934037 213.377135777633
374.9639341354321 485.7722880079289 217.6679628084704
369.69055999151857 490.594619308559 212.61281048573758
363.218543011369 488.15472443133615 205.24561603623147
359.34487996885133 478.24681752607853 213.84387978663827
359.7739641389868 474.80521851052316 210.78193668252678
365.23373634402367 474.0892451809036 203.5376044845889
374.39522584828086 464.31047079725084 202.52322957632654
367.13500395444703 464.864751085147 192.92972788067348
366.19955281635816 459.303972634347 190.7849480348417
363.41070283771506 454.3428849874892 193.3098749534071
354.2951224281891 446.2099245141486 196.09263089273313
348.38156906535966 455.9431502794008 199.91785910326612
345.5823138528178 463.7305610831075 205.91516074806145
353.4968843754929 469.09820378733275 214.52707410469048
356.96943404596624 462.7229513371072 208.43578661334766
355.8014460749873 470.0376175003382 202.20889926091917
365.5749926647823 472.71566084982 211.71183092739113
371.22084117159534 480.4966012402205 209.93347762340034
363.4636486875848 482.0501153801749 202.29913674080697
358.9488172101489 489.0804225525701 200.20789131597726
366.56157856463807 479.5365626088887 200.25126769230724
370.44182390079794 474.44798212142325 197.10067495454226
375.9877689274569 469.9883476045575 201.30096811130815
378.4640761797887 466.7334413001462 209.47896348518418
383.36864599021027 459.7515767132463 210.0756810156
386.8902701636003 469.67961804266844 205.7723735333268
385.85638770292877 468.40246541501176 211.03434348962668
388.31850641935813 478.35511964375445 205.6350936092604
396.42165175342546 473.47319273336177 196.85305017156008
386.9193748647802 477.1702730095622 198.72102226229012
396.3824922738976 479.76773156280547 208.06557856735208
401.95632652846854 489.2215793963879 198.5196803179771
396.86235273035754 483.4972417691127 195.13539142530968
405.1911240078846 483.397718307358 204.2957802411336
409.89049784532193 474.7260149459468 201.64836780715052
400.05610882798265 477.6493908900258 191.92514849176254
397.5746409436538 474.0587485812846 186.29368342706763
388.70209477664906 476.1327465906949 193.96933842087356
382.6114099463299 474.01852034358217 190.77455939030327
381.6958348320638 482.7628383876912 188.65567176031297
372.5751416661677 484.109049541696 189.74361992401856
366.88113536687376 488.54314689074084 193.18852246882008
363.2045540857423 488.9882140018477 195.86256323255515
371.0080345227964 490.28459580833197 196.4581612751086
373.93807056610444 494.5795963761063 200.579291192448
364.63561851803496 497.2116476849426 200.15892165061638
364.4138381606507 493.2830926999301 204.81283990076687
357.06994623637445 501.4196155134229 207.3567679807871
351.06184449191824 499.57741845099923 212.03044606578084
341.54421148330334 507.5645617487028 205.03825198745525
348.4819687856408 513.7540929045919 212.39084572225764
344.58976612496315 505.0346746188713 220.75268131908905
343.3653527349328 498.18963388672694 214.57674135995427
346.18294809461077 505.40736421632323 218.904130825868
349.93775019699007 511.8357039983278 222.2170579309427
341.6344270091392 504.71229943054004 221.12527999845432
336.83219211226236 511.0737502078305 223.91254858523493
331.8607977486806 505.9881502915133 232.7337869741833
327.9768203411861 512.2282770323642 227.18584399870278
333.6870222334269 517.1907843218745 224.11826535100548
340.59134625892136 510.8132899603464 215.24254163221218
336.52967893558554 506.48978911791266 222.7060267765358
338.54050193733457 506.5410348647875 212.71821375949864
335.1741445318952 501.9299108045463 204.83952088520667
328.2365626956208 492.1826268025833 206.91537717782262
325.9137469744206 487.1508936288078 215.5638400661198
323.8272347610728 482.0515721757898 209.42272589235046
319.90474948607863 487.23041759398495 216.42736822307145
328.5507264656166 483.269240785854 209.63355326167041
323.98261640645626 488.1462955176442 207.11609731118594
317.5375122749094 486.1901423247662 198.7042181719111
316.5344533168118 482.19267220930556 202.86961844537845
307.3786224787877 486.89464022580415 212.03294889468975
309.7537142017165 491.02072686304825 208.91728915648423
311.2596801354973 481.0796986916512 216.07967119127613
315.93686015083466 482.87318495425086 214.4697878553686
308.27961170087417 474.0686677736285 207.22695414800023
305.3264095164548 469.01342131159583 203.65337890053746
296.957581728222 471.6549439287682 203.0166051229628
293.5758589890168 462.3244761651095 197.41209798422693
286.6761481658298 465.9788158260571 194.0792399655224
287.7451301083384 459.7824732598309 197.26124249028345
290.49540787985353 453.9065282381985 198.13857657525855
291.57344929308806 445.30296489715204 207.79438786635708
298.38140921582436 436.51706830752954 202.96221640278776
288.434361056706 437.0261113276899 198.5666269174081
297.73317923391807 442.4298956947999 191.1969300298789
304.8031688900819 437.8148070343957 199.88026536893153
303.056731838917 432.02413643580024 197.8640837143708
303.50177321142894 430.72738521303404 199.81694551963304
298.6325779101189 440.29819081251276 191.33864108027802
303.7973107913331 435.8702989774065 186.73011196682467
310.91030977095687 443.30558086396456 191.9679419003455
306.32023384256553 434.04011577924604 184.79194770664319
297.1594728784738 442.37822527886556 187.68402706630818
295.8111579058732 446.58821743569763 183.8250548912547
290.04397649129504 448.01029965987817 180.14124399841182
283.9667662616269 455.7197835990681 178.21595395223392
283.98059951024925 447.1757137783532 188.12924160668717
289.77228631477476 449.5450525905811 193.5323458665885
287.69547789531583 457.1305889467128 184.95429302037505
290.37402171622915 453.2241429824381 175.86936466769285
283.4118400900604 460.5199696973388 171.07012811818146
287.76770023916845 456.8600134261571 172.38530613567383
291.3146525155738 447.5188119578419 171.73941595542706
293.8171895892301 451.1743044911906 166.9108538324416
287.07769267001515 457.5205609516311 167.25913428858027
278.2421720684466 462.6995352543637 166.92565019008273
285.575495788583 466.16488911253674 164.754905468721
283.0801703270251 472.3235468490835 168.49576432834291
283.81387145891165 468.44414188353403 167.5232903993258
288.191083992887 466.96863086040344 169.50843800687232
296.7836080813907 467.03885401710033 171.92415166028204
298.8991318815438 473.0994361798302 169.2089857023623
306.74800066451536 477.5305110702155 168.4514772503827
299.93849384438397 479.72916530836284 163.17835357890095
298.01764317987653 474.63792618482665 172.1001601165501
298.840366751158 468.8403402860927 171.4556158851469
307.8974819276008 468.8358552355128 165.45655216747556
310.6443705279601 461.784384934084 170.48886548182617
308.19372675429304 466.52107532675205 178.37433948685378
318.05408479731346 471.02894597352537 181.02714785974712
312.07294794057157 478.47422241536856 176.20355978457795
306.7906812046868 474.0776875963809 169.9775662377128
303.92599343179904 472.22412001613213 172.34125803593795
302.13553466626234 469.7746100514088 176.79328481874307
293.92483569160356 471.0440388380261 178.0767331249768
295.1355083458863 469.39673623784313 172.3885106219678
289.72385671116945 473.9978476974702 173.26771790757115
299.1113399228028 470.364640936905 170.34329278712096
305.33959726476803 477.98579274987515 168.52729441162677
297.5500526650367 479.86745363405834 163.39851232356173
306.9552505372226 479.5767077494382 162.49536082701405
304.79699517704114 476.2942720021125 159.97768461971873
303.292646298801 476.681459739079 154.81763448743297
302.5794567170553 483.92677924273175 156.16552809032365
304.86890046807974 484.38311296764044 154.17133848635288
310.3642244494681 485.7478897207876 144.91728838391145
319.63531692312677 483.88434320375154 152.38802491353397
327.1423730566587 485.6502873818836 147.2208312583063
331.23912688279074 488.59358369538944 152.74040526853312
326.13946147819166 497.047417006225 151.06221849358337
319.4237290023476 491.26072880333703 159.25752362888068
316.97213038174755 484.1846067256218 159.3760656014976
320.03004334869996 483.32122119492095 153.69145441617084
312.2452748554213 491.4770671378019 147.08510202819826
317.05829284497213 484.72364888255265 145.01426192386157
312.0593738381331 478.43858360612086 137.38139318989874
321.8945685368298 472.96207742569055 145.07095360867473
316.9726834577926 477.0203456847532 142.58486358661796
320.979779045427 485.0520902695005 135.96545146392967
323.25119893553347 493.87247205439587 133.97437384666128
332.8305141733527 494.5931387474254 143.175086659961
340.8003139481275 485.14448973506853 146.13178889247925
337.31285368486596 482.7935551510065 141.55241199828507
343.07111139369664 476.4241643008517 140.9923467532721
343.39387970513985 485.07372048247595 142.2866206968055
334.4320453095485 488.8239880410293 140.99942457526117
332.7484352582505 479.9431875440247 136.62774930297778
333.96630835679866 475.5100771272254 132.6820949210257
332.2642481956276 476.5977685202603 123.06549814843166
340.354469736912 475.0286221455727 130.43208432175834
332.93457589363373 479.25899272990927 135.8090973232961
336.8039260201 469.81592915158205 144.4016317983992
336.70850303217406 478.86455637448887 135.97765671995654
333.1371435108304 486.26313450914216 128.33334029542485
342.107556593901 495.82837937960034 134.9194891783184
340.63510621824844 492.78833144144545 136.20934809463662
345.80619027869534 495.66624407556856 134.89399701239412
353.7916943915226 500.2552335921855 133.4886811292549
353.0035380462114 507.7117127978426 131.08553957744675
357.18101317820765 499.9649064126555 128.6258773619526
365.18559039428703 503.2982503835666 119.86342993987886
365.5854323437747 498.62745844127465 116.08027861035801
356.76900577256504 504.2678865144811 124.32240930589926
359.4613344111053 496.71282355196894 121.71378914667916
362.3681989831146 506.55352765855844 124.91631737495561
355.6299018747013 499.37336859581524 125.50243513401281
350.2294929418017 497.59367039136964 129.37174619241793
352.49849510651427 497.41804435576927 131.34467619544387
360.07152614302004 496.4803431020249 127.38941355135206
359.61832516158853 486.85676842488624 128.53000630882426
365.02409160679025 496.2195566008016 135.72419198805932
366.525722005645 501.01550888818747 133.0547510390751
360.0622003410842 495.902086812647 133.52845175002741
357.1922276823879 505.6242743997523 123.68691077097883
364.37086046580407 501.51659531153035 127.65056792028315
363.02232120097574 492.87383573370454 131.7990226484329
371.23482189271283 484.05781142998205 127.7339095391339
372.42833035376236 476.3559493388074 119.10977534336631
376.6237207590223 475.0191023254501 119.0630575618297
368.6464447448693 477.0117192301511 112.32422486238006
375.72485898501975 474.8312535272232 110.23863949014776
368.30355609330377 474.6791071171064 109.29654720528198
366.9783263185599 476.28503865703374 108.31593998745281
369.8176907038111 484.0947115015377 113.11045476994073
367.04764260385366 476.44599138089427 117.943617655049
371.1261163229403 482.5559783124112 118.77426044784886
362.55218342688465 486.59400588947267 128.3314900106737
362.8916710682785 488.10176649137634 120.12578811988048
362.647108311389 480.28674949380326 129.0389063456521
366.4599201010187 482.9401097403286 127.31120687298053
365.7246479145452 492.33744551726977 136.62449739742212
355.9365225744289 488.1546953149688 142.89591589063517
362.0846367447796 494.2823381742416 139.2257159455897
355.4013157263373 493.55037074387974 133.53219291545813
362.9817612080676 499.44443309635375 130.12133585740204
358.6340179490528 508.0110255915817 130.89767078153253
367.3031827499678 507.20079951991744 133.00449733982236
377.2816769995042 502.9478707753379 135.92059360389015
381.628253726965 501.9701042778118 143.63180817064404
378.51172013870763 499.98497326616564 136.59632996181173
386.56566383772 494.8622360594872 139.69759548041966
384.0665965682341 489.171438854462 141.42581518338866
389.04922490923076 488.69192189369164 139.89196323737778
395.5490795024966 479.0181187296046 145.2440740140664
402.7598743188732 480.3834494440361 135.64763881574495
408.27071279285053 475.8832762705996 128.45883983439512
408.2686645117 483.6801479312038 122.38508774354162
414.08169540669763 483.7752385213886 123.4578553024661
417.1332307329795 492.7380211639955 122.07315603568928
419.61589238270574 501.22527403296493 129.1677267106234
418.2951151754112 500.6375430661722 136.77042864145426
425.92925907151226 506.562795776658 140.8855887485316
424.1092891803598 501.51832287332184 131.86304974357913
432.13917276861895 509.5628557991392 134.06534363338343
432.75642224608885 519.154322964984 125.75606493193283
434.6853779800538 518.2044422482082 118.50780761185472
428.59281979585273 513.836862359553 124.50598768492794
429.80731233271024 518.1820339406197 130.97986154778945
428.4776100945383 520.3416185139138 132.35143959134905
435.63154005183543 512.7854321811884 140.1932103039684
434.4587065123412 514.0408735252279 140.25374809513525
430.05344036130566 513.138439940458 141.410384091673
436.6830200628801 503.27147515450935 151.1916813827687
432.6339363094787 504.4935482502263 157.41661362984016
441.31971114837705 510.99064206605334 152.419367303051
444.240684946694 516.5373631976718 161.02622783274833
449.81487615937584 515.2997586813553 163.69646193024056
447.49682640545745 509.8105326619004 166.61916855700008
439.27886634321885 518.2566993744699 172.0678707666924
449.09493487989675 516.1516615894408 181.53711028401185
450.17932635382994 509.21058007370937 171.69319734808175
442.36981192874066 499.49617049970016 170.88654720715118
451.56501586104906 494.4558060134042 175.70335302664398
459.3596332554757 500.09920795452706 180.32405940627342
465.36919413904656 509.6315524575414 188.43302023501644
465.81505544495093 514.7564346222478 198.2794047317192
466.9099306482522 506.82501376288457 190.0690847899337
466.3726274237998 513.5396212642574 190.94031620227
470.9893311511202 521.7048647666269 181.9446646206777
475.6677073149191 522.0010585087925 188.49797954261476
467.8463617706608 518.7878526883729 186.3429825938215
472.30658448184994 510.6119065635527 193.79775249685107
471.7389323654708 517.3390748684303 187.05560109379107
462.7443146772227 511.3170965409074 189.876866269175
456.05137842344504 520.4844779599227 199.42579535134735
446.74067885502814 522.6359128511243 206.222516330422
446.7331648860536 516.5655638765936 201.5536262614398
441.01710034960877 515.4413944222343 202.33320070316626
446.3730802513319 505.4715898501883 196.08450902754075
454.37508644575286 510.91750482032165 195.92747907967566
451.52573329278636 506.0372420855885 195.50426988052004
445.9647853049549 515.9843577884938 204.37625519739555
449.56961390169783 523.6290388571161 209.84366512374544
452.42317156762454 516.2400348500388 205.21099134416139
448.37495778451046 525.8881494262671 209.87283078677163
452.401135395599 516.00669694123 200.61049087171932
444.7600111593452 513.7057346037229 196.57511736538098
441.85115598286154 523.1697904159021 202.58459034067755
447.67715463410485 516.618512041947 203.87030860790557
439.2756152902673 519.6883263810373 212.88612757387352
439.94702886435334 522.5791256266059 209.00796036348908
433.356623263336 524.7236253497838 207.84227281991474
425.12935074997813 523.5011385924267 213.34942048462057
420.6508978872761 515.7716178438974 208.47164558589154
412.0281134598773 517.3584887385458 207.97074905354484
407.1392484443258 510.39104122342627 215.109267754888
412.45249659612057 510.12823455086664 212.89729922283072
405.23674466219995 518.3916096372375 208.50310818235576
407.45112148600776 517.7796198226407 205.78664083199996
398.2338794154932 524.6861200380101 211.5377352186007
388.50199227487894 526.459301906955 213.42346128421067
387.60183033287143 521.5774571203839 217.00299745113054
385.010984289296 520.2403146036231 213.51157228988373
389.9951917993632 518.7898977047638 205.93052867688127
381.5613215877576 519.5485240554937 202.20205277223377
383.8771736804057 513.2998177536648 198.62016597877349
383.5029483007875 520.9911195885337 190.64039338626444
374.839865439207 527.594812257745 193.7486251245594
366.63463502092566 534.6822440398703 193.69284097899427
360.982173358011 535.2242578458629 189.0020596872577
358.66627135814707 544.8322390081918 193.0391798265017
352.53698648328833 549.1650237215017 185.08143729458388
348.7649981555128 542.0621166032932 194.62627545786066
349.44172670862406 534.7938597472498 198.6263228363581
347.2347067855018 538.8178733892415 198.4735833251148
347.8972105217101 547.3960571648962 197.47221504590556
354.63290264690886 538.5609836301346 196.49322348653055
357.84424236377333 543.0697175348076 196.28599502013876
359.2986600169186 541.4421084168669 187.85192804783645
368.1437010035706 542.1199173211329 191.31423226245036
372.0351674646994 549.873040981466 200.58033634674788
364.7929280795296 554.1097708931159 198.54572315151398
369.97283244308846 557.2104078237257 191.0159218456229
363.398337421144 564.7711501333715 194.39181728315882
370.47006867949443 560.177330285929 192.718268955007
371.71052576644803 564.0636809678193 192.06686706264188
369.34861094620726 563.3810740013674 192.4213240764199
370.58076737794653 567.9754910509885 200.74888523396532
361.9183009777108 566.8629051564011 196.12354466851147
371.79363337873826 558.0954553185898 201.40764832748218
371.14970338611175 559.990779465541 192.891898042511
363.11094368080717 553.1587155069734 195.7286862970299
358.0484884225178 551.929918353231 187.32547269827813
348.1003630450956 553.3244642532908 194.61596523920397
348.49693677323665 559.4553538622331 201.21906432622748
342.74561173625034 555.7242403477343 204.40694788404696
348.25600821910274 558.3816628127873 203.352509174076
344.746259914128 548.9513338432333 196.58112336963163
352.92881384157675 539.387486099857 192.34810658375227
344.0687056272624 530.1509534190245 193.92346820462348
336.72583031853117 527.4701334698034 203.674786255129
338.1300567309254 532.8911100641799 202.07013592829534
330.88086919778874 539.3557639035133 199.2272385932459
339.5710279827489 539.5707365571232 189.63377169293233
333.1429239807452 541.459762770811 181.24713667991168
323.46240098160496 546.8252394704439 175.49960225171955
320.8121436086919 546.4569714576575 180.85042495919666
324.83723795247766 553.1087989673654 173.68022908988982
317.9757599220331 556.3577576861857 176.6681311501337
319.9964858781302 562.4862290558634 185.59612747569534
316.35642577392235 568.458899438877 176.7493012114359
315.67472385431563 569.2956556998683 169.36639598431069
311.06665960452256 567.2729606492429 174.79148863528346
304.00666969572467 560.14353261479 183.74648728849652
302.9023282805111 551.4157763001132 192.45951582998845
300.02390506860667 542.9815500525646 182.52680947518195
294.555272040449 548.1560484273458 185.50931151142305
286.3912703707261 551.9222067416761 189.68156421984756
279.6976798265345 550.237814138029 185.72086632006022
273.09525603583876 547.0051553033056 183.95188319082808
267.0435161518633 545.903842282464 174.26365615703315
275.0434038748214 540.772398950994 182.50584209170634
271.8710833723161 544.9484383600239 177.05711498887197
278.27347161161595 554.5777405527473 168.37088668035216
280.7962984573498 555.8103055739394 160.93287256977158
276.87697777627966 556.9849642299151 158.56554343750489
284.80389909197896 559.9766243509888 156.28313987324862
287.97106910108863 563.8049864399909 164.6014860876974
282.1249402990693 571.3182097743421 166.60414252220124
278.7118118767593 565.1137027486335 165.44176532998011
277.55756959615013 564.0958694446974 162.6085380097438
282.124506827133 557.7333463638846 166.96313295087901
277.64455694836323 556.8142351723058 166.03709769919664
268.03595039893133 564.7833759180666 169.80652333746065
264.9276148148513 569.0688130824138 168.84712718016192
260.19297440150996 578.0226106314367 161.19533900703095
258.3639423471211 582.2039319414923 163.6704676424688
261.4844803693495 586.7177918755174 172.79995449955686
256.401455795128 594.7446280608827 166.34171109733614
257.9109365284701 603.4671496740209 164.01206378610786
265.1024908751368 606.4405952364871 159.3322007200862
272.1926812536772 612.2027737409979 168.8410057774195
281.7405619310031 615.4800803828695 176.71944350413781
291.0621066380676 618.9988587480569 185.62659816071496
284.1312307643617 622.3598073967216 191.93696607422547
284.6837365881167 621.1479858524452 186.7591084992001
292.8145836023375 621.648880940801 183.96067550274665
286.4365849687511 622.6876391801627 193.55067277516676
293.0721789318118 616.5924781256525 197.44154260973042
286.8891048926913 609.2504550880465 196.68914501473506
294.5130857817389 600.1995598673287 204.78595752283388
286.15340465822084 597.2576543582852 197.39474579864398
293.4959382911158 606.878312059809 193.48087516324713
286.0007718616548 613.8089881083816 198.85904799065207
279.9995601166442 620.8739591870938 191.10512170024094
270.9435988399141 629.4326518013537 182.5754527191069
277.86906941366567 622.3956071337991 192.5075454696398
268.45045760164135 626.5214602377762 184.29204902254824
263.9495374490705 631.6491637423195 186.4560776505591
262.3546163060261 622.0022694540252 192.77342874449658
257.8185867251818 617.8247070392426 200.97377398350477
249.40560059774148 623.4422519417843 194.4646451991832
258.48506684454014 620.5745399978845 195.7256898130416
248.58693312281224 620.406698455758 192.00777324173106
238.7021645990994 612.3818116295682 199.8262023235322
232.7394755146686 611.967042385476 199.71885252752458
222.91692291677367 607.7591353080805 206.28006755592645
232.7133125060877 615.3185062572171 214.57605571409073
230.0309859429424 607.7896597200759 211.06229877569353
229.53790259020002 607.2490063163646 215.55942842631964
222.04706478038412 604.4538952961574 218.87487241482282
222.1785040312387 610.6356402629331 214.6437325517094
220.8960163460465 611.6142578485019 221.39291449138048
229.5547013057504 602.1769124583882 222.8933858165792
236.8916597259401 608.3155044497851 218.1197871793809
229.06096338214297 616.2160356877936 213.48846025163994
220.4982494268385 620.97415089426 214.2505124875237
213.98208318761894 628.1717464870721 206.32173858876016
207.40557160337013 631.8581846795537 212.10460840951887
212.8741669937939 632.3594271110103 202.61788582579635
204.3744162934513 623.6181451666769 197.84374963796026
209.4304789311044 621.182872395912 205.8813948001962
209.03318892337666 628.0203675839786 201.7603320650431
200.6976537064518 624.4529600897253 209.18613537502472
201.00667164657472 628.5379073820349 215.47658996607674
206.9199836894874 621.4803610394675 213.72020543502364
214.55129488079695 618.8012235315233 205.45560533777243
218.64206015188864 609.1565265125355 199.07101933880529
225.85633534772697 617.31961909473 197.9028383895958
221.83599780291257 611.9686121520821 207.0223860443636
229.9238527612617 613.1130260993724 213.26971600822608
233.26456895613214 612.721591345235 220.87772215149113
238.1308004521671 616.0082811816004 213.55646457845182
235.1206362382041 615.36664301829 208.58360165717954
239.82787136397636 614.3801422871359 204.31886139196047
244.91395813108102 618.6431479591486 208.1760166672213
246.02993724173157 623.4044933820242 205.42969447381589
238.73997497025053 623.4888673154761 196.09677457083535
244.8217249293885 626.1955298375973 197.8752943293349
242.41083397245993 624.4513597151907 194.31859189570653
232.8543319720473 615.5081812893579 201.06684387344842
239.6592023693786 619.9646419326273 203.23815324576748
236.60984705484162 625.4089413560182 198.23148793884263
230.4037332538667 618.296839448583 207.07624511364577
237.85603095510047 612.4378051441661 212.2050043702826
228.24329797253029 622.2072841085903 208.4666926819425
233.14556164984134 614.2591167246314 208.56782568183536
227.43268820921787 621.3109625437953 198.96372322543
227.2757055965908 628.8393699851844 194.38194150664677
230.74948679238486 638.1084851646252 193.84814441412556
223.00336034687876 635.3394625285163 184.8666686188468
220.68971455661682 631.4380267685781 185.4143469050223
213.42184783684974 636.7001308553599 186.3835164556762
211.9425773091204 643.5685543216578 187.05548744478548
210.46054217057102 633.7458071129345 196.32875938799774
218.68294705830252 638.6377721852888 193.23232286376194
213.78401024958492 641.1466015006091 202.4559584389469
220.86522964165164 637.4053392850338 204.04700846079947
226.83721438871223 643.2859364209972 198.17400346051247
231.99634504025084 643.4434659790334 192.72403397809967
233.85838684014723 641.7653636856023 188.94777761805528
232.5640824751595 645.8393057131254 198.85378673775026
227.88751990896668 639.493801369641 196.47769109387733
226.9486894316263 638.1752920978035 202.38557040821945
222.50961231110745 637.518813153958 197.8669881218669
220.43778894790847 640.2283623723445 199.1904204720636
218.3209577780363 650.0394969156032 204.04898531232573
216.88972818870536 650.9382313562194 213.55050990695582
214.9300420517675 655.4228408001999 216.53165662446887
211.92013934058508 655.7470314848703 211.7453689199682
215.6003472395222 651.125163381774 213.58094732705757
219.4155277297253 649.0479830355717 212.62218801046467
216.7205614649854 640.8859908162493 213.68000568334017
226.38542360620374 647.8170584715314 221.9665937591964
216.55536831756402 650.729747474667 231.71646454797616
207.45177738521568 657.5814183204575 236.17916781757592
201.96243836019016 656.5497229605647 236.9865507099106
192.91492409239282 655.768400113008 231.56943651755176
202.47724653121773 648.7655945818348 235.7742968083681
197.82365560487054 646.4706923759214 244.19059399145578
207.69887421388339 643.2872798534337 241.44252579173084
40
471.6591457504994 411.24508363372814 209.9927706929649
469.0802492970642 429.9219621768773 219.29877281334103
463.38371819533586 419.9160449428281 214.67498099164015
460.8911934495704 404.42692698688444 211.16637009087825
465.0670749686153 400.825746083831 198.49518700088643
463.588053761334 387.3358919101646 196.85359176113238
481.01225858926756 383.1026925138325 203.44169563607275
471.495057048745 383.28334647551503 230.18228083684392
463.10547614136146 399.6999911493682 240.13597957378357
462.52665216894 398.3187597751154 233.88418916427716
455.7050498420752 403.8986789848254 239.7836844181148
465.38267253818407 393.6488581979632 222.3431701439
464.68367183262046 398.6538909370308 231.20412064597673
451.92795699834386 396.5130936029185 236.13307195655014
468.9073280257752 418.30433831215635 227.9979483176651
471.38418376024254 393.4313762530633 229.73166645635735
461.48018609966357 396.14906748527625 214.81745465205665
454.9023379441092 416.9351587142097 210.26427146381047
465.42569502075133 408.08550043330325 218.40270611112905
452.4035371601903 404.26997536641295 220.5375239391205
430.98000033574175 402.30123052322546 207.3988321191547
428.38120120082937 386.09177860279357 204.4471384512281
438.5973562623071 401.3471136679854 205.37033158073348
440.76591369492644 380.7249387512541 213.1286458040554
430.06785623573296 392.8358327415229 228.4042345253973
418.90312852775867 397.48290808733566 219.875241783551
406.10395363429086 383.116066669117 216.3131063376138
404.09264907840395 396.46375241237763 213.10934137972268
413.3204238672056 385.4313507626987 213.55065060137696
399.77386735153664 384.8612128703823 224.88799074878474
395.3585759082804 371.3428052695715 217.63808333145556
385.3266136263795 378.64839313771927 215.96602018199692
371.3476441530372 384.06529397584296 222.77214105268285
372.71516570362 375.77508746720906 220.8769682596836
391.95982473150093 387.5924161435087 227.49327243143787
381.2812290495711 379.8405881686423 230.52303712181953
372.6062014539714 390.2977281539536 227.61046402610225
375.60002895547586 384.5272586271637 224.03749151206753
376.9875826234869 401.6175712480239 220.063566669006
388.95542406038015 410.29510297682486 220.73684914919716
