1000
125.25800561676752 90.07670451282081 110.0315806893561
120.2521693420268 95.59891233236752 119.13362984483265
110.99333763059937 102.14029027236035 119.55597240239241
101.29442209901372 92.85837295020939 121.03542494455051
99.5403229247352 95.12190062036117 126.35430116994604
92.88728940503623 87.98437125708134 128.78281787226703
94.93089234828659 86.90822848569569 133.66521755920164
103.74706296376569 94.36853527132936 127.6661314293678
102.70334260722535 94.8844539512292 128.81775182790477
108.75984108929073 93.38278731367063 132.35412220972114
101.5046641101963 84.63589218245689 130.62013798156616
96.98048556080938 82.53526786333094 131.56870836332823
99.59647181970944 88.2039589397484 141.46204183513595
104.15345606389691 97.4657585699705 136.38453258871164
99.29830773322483 96.2014960807154 140.93909403709176
99.99674770636102 104.38606507494417 131.52155917241546
97.81269263087732 111.05255467240163 122.1859109882645
89.18472966019016 107.31643007647433 130.81934172932338
84.88136585862759 105.79696457265592 128.58449358419327
87.88164869901615 106.76742140325585 131.15446294006284
83.1307980522274 106.7636782138772 138.58696212194644
92.08349877298318 101.69892028445904 140.6118138853227
92.77505424217804 111.34320314970405 145.40722094981356
97.6487801957165 111.73220287216675 154.1362085707962
100.98181123202959 116.22898763135035 148.8723865208902
93.80282730817066 123.3862044964947 143.81086142921717
94.38970027387145 115.703677840815 140.98621083991603
88.97091973707124 122.79683658462575 145.94753835069235
79.17983720631867 129.47986628497543 140.23893226404653
71.20741586139943 139.12445559285055 149.35028190902773
76.97368722180562 143.99630089847943 147.98724118201912
73.00686409290294 149.9352067106992 141.93187763101363
74.15482590488061 157.54225725006557 145.5975465064647
72.21983013244308 165.0226699108002 144.3928784459931
65.30150362657143 158.5552364485351 147.63650589335256
57.893411860441326 159.7972000433697 150.03079047695942
53.16149088369702 157.55817431444387 145.18327200298344
54.24519781928036 164.90510461847657 151.094247732292
63.15920985430184 171.05362719275362 146.79808395689753
64.54570221134905 168.22300790959713 153.8802573660583
66.32471347313275 170.759926738132 153.7574696482712
73.9049563339909 165.09669014308685 161.25824954426835
83.19832466816828 170.14585911216213 167.81177039743056
73.56372944504358 177.70944278536638 164.31414959327586
79.77209572660303 172.09716727950925 166.97172263155062
72.49519664924793 166.7550404170958 159.63623811089937
70.5458726298346 168.2396671026174 167.92615344443334
72.03135436992201 162.31447931461793 159.3409892543059
65.28586550597021 155.54760530952774 154.53891289812418
55.59267153646273 160.02897827679573 148.6400545864165
64.91569404746727 166.86955980483717 152.10759457257242
61.96071764701301 169.1212953191163 161.7887761342336
59.65059528775783 174.82331798456798 152.92976338368157
63.696690816998725 170.3211934259866 144.62134167232452
56.7495939650766 165.59119985850106 141.45868595542237
53.12739293631958 167.2760313359027 138.15014534674157
62.659712110279855 171.67727537011467 137.33459485417356
52.68294446228383 172.39176116544616 135.64297962580088
45.856724551137646 170.81366406108197 140.05324004559978
44.03244211259096 179.1056870350895 148.95997941820656
47.028120764196956 187.65076709253196 149.24413503525054
56.374915683481944 188.50785720329742 155.30291091581188
57.61614992988627 180.45344629747544 161.31693157564285
49.011268319546524 186.98958832873566 155.10272075478764
58.76902598754701 177.09959694848988 160.72504875491083
64.12772423609178 184.10286743539658 166.55878368158437
62.914516104184464 191.99705441373243 167.97550775510152
71.2058532283413 184.65704363098496 174.0999283382653
79.02713867916366 188.4797784938505 183.13895308116724
69.46616573852143 192.5993145951636 189.29838459507346
60.10935533020911 189.97613655351128 181.02693815331264
54.796845313969044 181.97766462653814 189.21733875618963
49.86964384439467 187.21819827044186 190.40842953481177
48.95097804289452 189.50490447409254 193.98597953367667
57.061247287913375 198.20144811054428 190.0537425928633
55.54385163048016 190.8082838405869 188.90036540813034
54.849669742274486 200.34764330557962 190.1065308167718
53.37492921338544 193.29112421208913 187.43316521640466
52.56356174094015 195.6892792834577 180.19702892370745
43.83103842966729 200.29121415688024 176.93772544586207
47.31707843599583 206.60705528723398 186.67997962289965
51.73155609673935 212.4892081219374 194.54506444884814
56.62964004855039 207.3492699277969 187.69406882135505
57.9834375282287 206.98795934493268 181.53278967101113
62.369337232157854 207.55478171685425 172.33918035992934
55.88487928126989 206.9779300294798 176.64472235018704
58.10997911533603 201.9055485066171 174.75629949179154
60.15806837878131 203.5286079488863 174.2515073820554
63.46025306577879 197.22093147484884 166.0742270462232
59.46943432955537 205.13540029769032 166.32328409175733
52.19024721863432 212.34332525113211 171.06166682102565
60.50040963501972 210.48427987197545 161.83124211391853
62.7691634815853 211.24980638481458 152.3975059516382
69.3676757848061 212.1595036660284 149.69394638684335
74.56515661386467 214.68511231607735 153.1671642727979
78.79874392970028 216.1937982071241 159.3580860266121
83.86383136915909 214.895605487469 165.52982768231934
84.87140923831495 205.32760890453187 156.28664400684028
80.76841690290958 205.21303309888924 151.79374627028238
81.23574193638005 209.18066582598902 151.77160699891616
83.03281914369036 217.24957060823274 151.70087576009766
81.78155379999923 225.6822099212676 154.61417726730116
83.95733601681894 231.06616869753225 162.84535977177953
82.09625564246552 226.01934343655716 160.00721587614925
90.86374402238522 217.03200252693816 158.83677604570101
97.06056058324067 222.24115796063344 162.20962250218554
91.99088827862296 225.42309115553752 169.66694033042782
94.74712285930208 230.54502658012967 176.1575229074339
86.7565553917649 223.68954421038742 176.31918442813446
76.79312728659187 223.01144810747545 174.01601990528349
85.8853916669432 215.52766548380225 182.42360243694756
90.77405997696204 208.69541156950598 176.210906290494
98.0762683446633 200.06660552184292 178.7947537556041
101.68944518994005 197.881640206433 173.6600062757812
101.21224847960352 196.40705578227525 177.80363215241977
97.32700168794821 188.10823972980177 168.7853707243735
99.09317501559937 181.39772719730965 162.15150295241236
99.90070692700323 187.79412837034653 154.68970767857903
96.14116356774494 187.26939234693128 147.2999066957447
103.4413713577784 183.66288048251064 140.0339071159439
99.06923749489934 190.0458997762915 141.1661753965399
91.48718577353179 194.60538495473006 141.6198042347553
83.31541351179665 192.52030062755415 134.70723281207893
89.10542332737111 187.3861176420991 138.03695642980165
87.46365967642512 187.97064082257944 143.52579922944167
91.75086676623435 196.87483401448898 139.83261502314315
92.55374979892753 198.62663003651213 139.18760314029055
101.98456780251172 193.5571364575623 138.82555457980348
105.95498309020117 192.21915750656186 131.47102888022764
107.70539400694419 194.33775861052965 125.2105032554422
108.54521138483042 200.77171579077034 134.73437613344888
110.47842703398476 197.7510604680256 138.1873804931833
113.96941132236846 188.96646091454826 134.51681973106128
117.57548189329914 190.62497957958416 135.31765621972136
124.1270110422624 183.66865446499796 132.85996125660478
133.4005237197016 191.24338358595645 123.47789371144788
141.52313121087025 183.44331371814562 130.48206165884807
144.01731579007108 181.82424379254823 134.82865191551545
145.97238861996018 190.92721156576957 138.6253600879129
141.91770593175988 183.43487556670297 137.54152579783695
143.51336729732793 180.51244184325833 139.02701230535058
133.7810682681486 180.91225755495225 137.22930785055348
129.79348410205617 174.42179627271082 133.23086457731765
133.09366555867632 176.6295201646629 123.50698881721345
135.02493435152982 177.08869255987938 130.00402185511044
127.90464716511812 178.33464012520955 122.55087453362695
124.56937259708998 186.84931944256715 112.83120657813629
134.52701716913475 195.31461086565972 112.70531429113444
131.24169863632028 186.08626275945764 122.12661126612143
136.12483647980588 182.229511357654 125.8402061637398
132.6045825498296 187.86048515371348 118.38448437440351
139.1754959985041 191.143466538351 110.71428766565549
129.51075061440676 196.76506988666074 104.48592372677963
136.57895242287174 201.91272347676014 100.3476447246483
129.5947877394079 198.27378331537412 107.05354195619475
135.89129361741115 196.06370943234458 101.19598149393475
134.5701652278633 196.65946870744997 102.33468499513711
126.17514728831169 189.04950681147687 93.30086904600168
124.29967135652328 179.2866405540686 101.73639223961513
118.74558961930244 169.5001848333699 96.66440954719629
113.54928114884383 163.2610582308007 90.5764241760881
121.31249521405573 160.55297469931864 88.26887835511843
118.64055431316949 153.3050379835363 83.16586896163636
120.96826897402397 159.67495580853128 77.40898197809389
119.88913831312708 152.68118498163432 78.00263396383335
117.78706095525658 147.5912996733129 77.50298616696755
119.33730383046829 140.3147528001507 82.79877436754703
124.29512068740033 145.12897928517333 90.18431280612973
125.10516363007056 146.16661041714733 81.13016050476362
119.25363983064108 149.05979182166564 89.41575958496897
126.22971065605866 143.02036681615795 80.21151555992967
118.03626845722432 151.19438861253857 71.18802007899308
123.08714593781508 158.6322754696524 79.37158820462216
128.5725182719217 149.3569450470038 70.34156725255372
131.22491627040776 139.82359306745175 72.69362117080505
137.4433937176455 137.01006324284268 78.15896996821289
141.85315566262466 135.5606450329401 83.11693594511678
145.92139906994313 130.4403890859189 90.68420892738183
137.0649230936038 125.22464159873836 84.58359440425981
140.81944086431807 127.2137000072592 87.0131444138307
136.07360547794158 117.86842192012806 94.11074480534732
145.58669893583257 126.86180504292437 98.51913027233584
154.18675601517594 124.69166335290475 103.87416909083484
158.47989063323087 129.9005480627116 103.95709358664179
168.45771455929676 124.54068776266868 104.22189974439456
177.47003961972268 120.01164426863207 102.60331696746945
174.54128301976198 113.86096166720183 111.43370449709674
176.07236285489495 107.8034644745075 106.66586669623825
183.07784854420936 107.73016183150393 104.14733021931012
179.10174878594412 113.16414140242239 98.90038316558297
188.01707328598482 112.6068258558369 105.22300852137532
183.57744664437993 109.90047937035281 100.01375575072784
187.79344369191705 100.39216199341057 94.14007761761911
178.86872428438866 102.52654715382947 88.85634515397334
183.58931648854988 98.67632972821357 84.97705395761024
182.1047238285302 98.74029269399338 75.5166369562412
183.37612539222923 98.50845062951633 74.60125187769108
190.87268022640953 94.40230046666102 70.481468888338
189.4606652047053 90.98440761330289 76.39968708960227
183.13464354839215 93.8831238168688 84.32022633466097
176.23834276725623 86.17533834619195 82.668868866256
167.58570551446826 94.3195234889979 87.7439100500362
170.5477518608972 95.63122728851326 86.59134219880963
162.80231232799963 90.65429106330595 95.67085760115137
156.61005589641601 88.7932213742293 99.35079366246521
152.9228974599749 90.11286714575522 107.94781684582689
147.3246068052318 92.2201674573989 110.48788380926352
148.75396091898702 97.84883488672327 109.30984233099997
158.71594452887535 102.31639101957597 105.53910081973865
159.93006462402425 102.54199952847517 102.67162726716954
167.3722494444294 97.6892496565937 106.18903873107146
170.75230423071926 104.26534360780107 96.6300991854233
167.64696155919665 113.72142000348633 100.32965370258972
164.38786887203563 112.33141885730616 97.1941316186807
173.3693279468861 119.79219575012766 92.029246710602
166.11839796444383 128.31806271945868 91.75647584749761
173.4296734037672 132.85833410654502 85.091622587534
163.4911318066233 124.21153913013258 94.46419965460576
158.10479732768115 132.31328607194956 87.51281079721915
151.7743930159943 134.22496841143084 82.65466795654963
155.39493608547815 139.41605021911582 92.3607351903901
161.0795114807077 146.56104849093478 95.71802370043838
154.5399321985256 138.46354522819746 91.96572698454902
158.6485332126982 146.9835600986705 96.8658681700966
156.186650395848 145.46840074991812 96.53692172637969
146.39820597446734 152.08117403060962 94.08123414440273
142.21881251269383 154.1018426867546 100.79359371555587
142.64545916300793 156.6297607144988 110.1969394424508
136.1081373157227 148.26451478054295 107.67824014319994
127.89290127927464 151.30132889834096 108.42062243447816
135.47051467206305 146.86092111701402 116.6882889326751
131.73834007615656 137.1437218823243 114.70289282945453
136.19572771496453 128.56593030024743 119.88840198170054
144.5144916088333 129.21474027827514 127.2154498929372
145.53982881432336 138.87167400951864 118.43546706975084
154.98780532054926 148.13783661590062 123.27612768800327
161.75810131504275 142.69537389640047 117.1702106984852
154.8628482972659 150.342502051413 108.71032977768029
164.42226810272774 157.05627866642894 105.33744482777135
155.8387991249219 162.10083490165783 111.5860535643605
149.08981147787304 162.1003286667695 106.25231015333648
144.54188797243333 158.0773487089611 109.29356765844139
148.45888005490022 159.3009567361404 118.55744528339677
148.99726305115774 162.70070395318544 124.18878323367807
139.1658458246618 170.57205560128227 118.53315212115484
142.63085018280503 165.7434008484265 123.58546768235155
142.84520724737186 166.66326627894892 133.22424157491656
145.77102663369826 157.86961476663635 139.66220218463616
149.3940927311191 166.37686956319405 147.69178363952597
140.52346703701022 171.2685712305515 151.51223930462254
148.1983717997732 163.09486306309498 155.0952086421923
147.81079479115078 166.05894558396102 145.57414545660149
138.54609712190944 158.25658606074597 153.35140683955694
142.15195670077264 157.86475172476466 145.00341095967346
140.8009999641945 161.46152459843879 138.25240934029225
143.2531308564325 152.63877657356028 138.18496641867745
138.8500992206848 149.87369329694155 144.05450306355547
133.24145270422346 148.10142451844015 144.8500505953794
133.28814856655137 157.87099556288072 136.72179559371241
125.18101818747144 157.20528785977822 132.84665581058943
133.2232956911628 155.8374597725168 123.3472738425209
127.82112638138686 150.19179771998466 116.67589027818201
131.66075311153568 153.16490965953153 111.22020349579167
127.79554542611825 156.52824804727675 115.45016490021493
130.73957982420558 151.87101770093903 109.71281760534697
123.7585843478729 155.68688317228901 119.54581749039933
121.56817031532992 156.7659167469234 124.56238703702874
126.63575358643341 160.53349751029586 119.14041067988406
118.96358275810374 165.030291052283 112.44914168492375
113.05674477063509 156.8021489173671 108.89135460896134
111.67881547666885 159.60803791465807 118.73300153582123
117.34492780172187 167.53693826409753 110.99085971826027
118.7693346490684 173.684428045078 112.10189122938647
125.77938911564773 179.7100015132143 112.10565251723882
119.7301423788281 187.72300745137426 114.2214576238412
113.30403059999172 183.7963258183463 122.04562873405212
119.33301950392891 177.21879812394434 126.20366841143533
121.25753092560065 173.99143708658912 134.2924030608461
118.77845587185375 165.23412635133437 138.35024510753544
125.3554623185543 166.5546568978447 141.63537911528178
116.05880301579818 160.5514329859333 151.2355720015222
125.24946604910552 150.76906822141694 153.94799995797112
127.89565770170269 144.8749927785696 143.97467887139828
129.6076492357528 151.0589583934853 136.67284681742584
138.04030742885027 156.78943593707618 134.9807791957995
135.79121015875455 162.98497279398146 126.92968980285872
142.3358384141576 158.26955717359547 123.99312806197567
138.8883027070266 162.12012857521722 117.84357274010529
144.29512389514477 166.88718946324533 119.61846889560051
141.17823778109295 164.03130785874794 124.93477704754252
139.14501279420827 155.422330812771 126.20988620248481
138.78153768314414 158.02043327729186 129.72840238676284
131.61462947533872 148.74816023563938 120.96337386871498
128.22772450470222 149.15041395401423 129.1673960569502
128.60047535635388 141.14732526300403 134.17066141481925
126.5812223076042 136.34376738049315 139.21465103856926
130.55863805793572 141.19489132906992 145.11478109854974
136.0955605936823 146.19745432151723 135.82530353839866
140.72068849612742 154.35188150589582 131.53585416254649
134.27248292620393 157.16710598342476 126.21646975691795
132.73461938562224 157.65128065594016 125.98307192925809
134.34801796414683 152.4101356517339 134.75825724874431
136.03607580445095 159.9840768797056 125.3674731043426
135.61917135256363 153.22301253323167 121.82446300392311
129.51154212369087 155.25715413624636 120.60266620906691
119.86822886060338 149.2190854534269 125.33199968217846
110.84716198419639 142.12113395255312 129.55580401396276
103.81896266717601 150.37231067154207 122.80971587607374
108.60082139244902 158.14993555079934 131.98500674893225
100.1539371040851 161.3020498393656 138.54144856176555
103.05496010181088 155.3899395047808 128.99277687587903
110.37816856640686 160.6245787919219 130.06888348018998
107.23521555002038 150.74485584081367 128.51760643624866
110.8093069453727 150.93104174554045 127.43125800876737
104.73476858483811 149.97011406767874 120.28947975770741
101.94341385387175 157.54022009568234 114.27553549800687
108.15885858242065 157.28214574661575 104.93652321726891
103.02958683047049 153.57666325976228 99.32362860215859
100.89570112499726 151.83490608592336 96.31834459612394
99.20478219116538 157.1173574969386 88.72564918351827
97.21729339771605 155.378566888955 87.25192672855846
103.12244524738678 150.07026697988135 92.35245278742102
94.16456282059593 150.36414008019244 94.7664557170944
84.98286579011324 150.16796212115392 86.77953363256907
79.82534833759162 159.91536887784392 79.49518581665454
77.32983773010909 168.89512003759157 84.58112484341375
71.58277466448352 159.73583089995648 76.41519956671877
68.91021737119496 156.40532839136716 71.36918668403203
64.12348967664535 154.1414971286371 64.97723929169216
70.935876096507 155.22165840043354 55.49871051558881
78.07958721773366 156.8984079087401 59.53094924070558
70.67323803124569 166.21866332488787 67.5561571367711
66.6667142559947 172.87667927471452 58.23269206658566
56.88900535058825 177.94145788639185 50.89748977075027
63.874296567412145 178.96454615533924 58.894480985955255
67.6937888240534 181.33460173380658 58.55772439204696
75.25822029195197 172.8744533554109 66.94399403712906
69.40619919163494 174.6780054375738 64.29695444089644
76.85385862311408 183.0080312549764 72.09654804262237
85.25627685755684 183.18275675034303 63.05365478355865
87.25569806775535 193.01656756451806 63.519763522645015
79.06992376352017 185.4959365299833 72.85206421261283
75.63723777880989 187.42721683344524 73.51334610240089
81.68176256172136 179.57297607699016 67.81251221695092
82.83684007114043 180.87317612936133 64.92052930395535
72.99231736514479 186.4717829117944 73.79157182215843
63.224584552064854 181.52891189702976 79.13216445629101
53.37557338832262 183.1246558332173 74.62775413045695
51.32663386719942 186.64993115580856 82.0380423651894
43.29286837812157 184.00466462615088 83.05563758000226
40.47927067394238 193.95154296266554 73.47355886254199
30.724027237046993 188.10345267378847 80.62507029072617
29.126018450526306 197.42528301546537 85.22403544290707
25.035582697622033 204.48927290595665 78.90276262693637
22.279917650616916 209.40155088279977 71.05598490778917
22.25432284362997 211.40067006800604 72.7910578162009
23.61409083541538 217.27782721313795 77.74297403682446
20.642942223565363 217.35049782862717 75.13700957323485
12.768765779300852 211.49178903110322 67.22358414109118
22.287945118399364 205.95448193459885 64.70403255808891
24.98745593547521 196.53044877070172 69.87769160381886
27.46151215292551 199.92795303393504 63.49327592065474
25.984688239088346 196.02189349376076 57.54403248994249
27.29177214389307 188.77262400502724 57.99642245080622
29.836758848075895 181.4436920841702 63.90193892755434
31.704896333925305 179.73192425533918 67.46284619544208
31.979764420608554 170.84050628409747 67.85311006856212
22.612467685709085 169.99540740900866 73.52729756416534
22.679176653860118 164.58307778710818 69.19251588670754
30.030656310917266 161.57396657736788 75.25409061150913
21.158665669042293 157.2798421418749 75.63814631925464
24.603705945056618 155.04479147950588 69.31366485136853
18.84067651302343 153.78814181982634 69.4633709501561
8.985198725628127 158.74104297205045 69.52278359520095
12.253904277064574 158.94709736225462 77.41098292979906
16.472628571120673 154.54808239484476 67.57210055206511
11.162923353737014 161.60992806023307 72.68475470528047
13.733264348371065 159.71684605370467 68.50979765228799
14.03670717829414 151.97010426698543 71.21028422850137
20.075701184429768 153.58534090495206 62.05058109210064
26.24871816105059 156.2138010613539 60.508174393005646
26.401454591154387 160.54900165333856 58.78766997499236
18.740828840430193 154.92283230304872 61.85857706892399
13.95925512911992 161.14808721664846 52.48760065980007
12.787215423900772 161.75405183765375 55.3467791966834
10.744546563278325 157.31965430414124 62.890657961958
14.483972121455437 159.53780485173132 65.14934410195127
20.387741593478392 151.24542900403483 65.49553094572441
23.43567455489793 158.84024478696367 63.806926690456244
22.69978046225093 153.0919713337795 62.57792710286317
12.908155112314617 149.4374472977438 54.87245066524611
10.997378169328002 142.5259724984461 56.478778866945014
2.7900256556056515 145.4865973533091 47.872703058050895
-0.9855729679490253 150.3295339094517 52.27290270495876
7.0273311536171015 142.31686327512222 49.96972161437028
5.267175213112024 145.74964424891766 52.41063905866808
3.894942796577768 137.89995433671248 51.337704660516984
-2.8287392683668258 146.3994101393592 45.12629933752428
-6.93733957779734 145.2031689473128 39.17223323811867
-9.555665138659528 151.25322798776628 38.93830110921695
-4.003898710685163 155.6970647954821 41.94916631158368
-8.82018092760828 158.91591613194456 38.88056488236034
1.0536523962144813 163.9926063084543 38.30410401620292
3.2063631555550516 172.84746730507985 33.60409592369962
2.864763101454044 165.6602849498276 37.73297152225925
-5.842440638450045 173.86087888489126 33.52557389345212
1.7732340903158663 164.64536155693835 34.06408055690153
5.339816481104237 159.78541230645763 39.826894819294004
5.282157921730101 164.61489941448153 34.35110812549484
8.679584834408853 173.84939268998244 38.02119758403901
3.520240922175761 165.75991201124629 28.788626777439788
3.718476957561236 175.25472414968496 22.708461629704082
3.676640120400418 165.66476162782635 24.643760784433823
-5.982603296025374 174.7749144432411 19.29461033834153
-8.669921328993984 166.62162025545373 12.664750974133474
-12.375161039749822 158.35451376493396 8.616165560458208
-3.781048216156753 167.09599196423497 3.1519449020976804
5.332055291223007 157.61962146187707 3.8939262236970236
10.017353105410555 156.38593819009833 -5.5147264410564585
7.104917022970233 150.34256224655246 -11.482808167782967
-2.7297827278184963 155.58504984800462 -19.55850961561159
-6.354849557869881 163.25269719357212 -15.795796869411625
-0.22881186674779475 158.1995251644642 -9.003758888732698
-4.454282976054941 149.93223285385085 -6.461940047127436
3.4752493132542455 151.83673973830872 -5.059553503530509
11.137170795461655 144.54268085956727 0.6733571702878738
14.073505341245916 154.4818551441868 0.8381603770614721
17.2944853631455 144.56846460031383 -9.041894614124958
18.952843254908185 143.85371505646643 -12.333917356457198
12.956237411934719 142.21468881462627 -7.350167421038476
18.7478816191372 142.5941320558365 -1.0691565526601359
19.697570741899163 144.5760319502582 -8.772592758617627
18.14534900270071 140.57153433686824 -11.18342639380286
23.54751653116104 144.10506248722456 -2.1873288586464668
29.821035534836675 150.0803732236278 -6.2019909014401104
36.033864203679514 147.67315031922985 -9.629934916888207
37.25754820347806 152.85563471474813 -0.5512757513836011
39.34242407765518 157.66171013767885 2.5043916786345686
48.0247801553387 163.17004183616018 1.4361758618688811
53.760518459145366 160.90046239871626 -3.731080733862783
51.63964872620806 151.55008312503304 -10.603688693449781
47.74298847239835 160.99982013426722 -7.463864179752898
41.9208833458312 156.83306059809806 -7.438508759586636
37.81117017330243 163.8415788179231 -8.841526718898715
29.80380125722754 158.3528601198973 -1.660230606724637
35.28140865903072 153.0274741990769 -11.231597523394123
42.439937009327224 158.16771918487316 -14.532229139515632
52.399893467183816 161.37109162505806 -16.018713313257557
44.60355673578802 162.1233010088584 -24.22289532315985
48.380006457825026 159.22633574868306 -33.65057994575438
46.77773443738343 161.3607965925136 -30.024715425515986
49.51530860906124 157.66361941688956 -37.47094115078606
44.5651381596291 157.23885367464374 -28.729520840097514
50.71553061950442 157.2316343785951 -36.32826002610157
53.60944190602722 159.75542842678416 -35.403493180689374
49.93879083392431 157.5157561610559 -41.712968592584936
53.31808108614794 160.39955952037477 -46.528356390902175
62.974843078304204 154.35387049528936 -53.532174409504066
66.61842969074705 161.7205088643114 -62.7575380017165
74.9557749309945 154.06700083293364 -72.63435727788963
83.80581316238654 150.4839070661246 -75.40864406233753
83.16450256506019 150.8745638793105 -81.77279201053662
83.69218013673631 160.00895150289008 -81.30366167503543
90.07509173780439 158.87432391155306 -80.08756047886958
86.45802682204709 160.07751802393634 -71.79791034895871
88.37288874399121 153.5702333543483 -77.12052223467553
96.73745633177522 156.64031171881442 -72.78166386232881
102.07815158569122 163.11720036170055 -78.82320067904163
103.76410667110946 171.31230538488992 -75.05893538252128
112.96076089449548 177.96941624284602 -79.66352480537545
118.26096452888596 169.0933131417681 -77.48076522921114
124.83131421579368 167.28160854058288 -75.64045501767667
118.76316306933671 165.0253267987614 -84.33882223965165
112.21603503915767 168.4304444158073 -79.08323273682247
121.70857454030765 160.35342455534388 -84.37748306985145
130.47593334558556 167.3937149599383 -85.22746845789632
135.4653640021196 170.37162175165201 -87.94678641718886
127.90415975435941 163.1199997511652 -88.65852527401648
132.66546010547907 169.25510040155476 -79.47228317097247
138.91157359431608 175.8549421832288 -79.54812017742239
136.10498353883645 171.70667816184434 -77.56983473986094
140.23732974787123 174.66543780871285 -77.85675108805724
149.36253955184486 181.20186398380648 -82.65055015807677
144.17597248674483 186.51590481809382 -81.10239058851069
138.0307321517092 195.91921308739663 -77.5999101433683
128.98007934352734 203.06986152874825 -86.18850758889646
124.79023322419324 199.37763927566633 -86.2868125548398
116.18311776108763 202.29392863044964 -88.77689323892932
116.4585720965048 200.4473323943989 -96.14843584894686
110.85639060507715 197.7417031175351 -87.3738611775089
117.0814298037324 200.46156436505132 -82.76238559591081
113.87058646135546 209.43059386108223 -92.5468305447259
110.00343423950399 210.24729114271432 -102.04248704376832
107.11707444498032 200.79520741498874 -101.65152393489637
99.60208182096923 193.331280108109 -93.13713809853871
108.85876009290068 186.01065492334305 -88.23194375493432
111.41909375742455 184.77939565694956 -86.6307887243829
120.6295672299159 185.38757580810494 -86.12818430315595
112.01082788242857 194.7518571531816 -89.38729524361018
108.49272682785937 198.05577219904652 -87.85220052206185
105.3980897248953 189.55544028205207 -85.92427686639378
108.24215901858481 185.46053542142266 -89.47365662281703
115.7520645256064 176.54728845457294 -96.06133916259382
123.1561986917006 182.53236898187208 -102.1518136103017
133.08457211157787 181.57345638450417 -93.43668179553852
142.88105048682553 183.17397246848662 -85.79782686031973
148.0605707686563 181.46291716739253 -85.9741635553307
140.96609212410596 182.35818172883654 -80.10518029484564
131.99754978841392 176.27173909207136 -87.03759276894729
138.76467303189148 184.2658351775285 -90.75572506393074
137.92165414826366 181.49227243691766 -81.73798282739364
142.9446162292656 173.88572170851498 -91.22687644476319
139.3203558487603 180.56789837470052 -98.63108259671871
139.5362003113352 172.2973980360098 -102.81830749236835
143.52895593133366 168.0754676090739 -97.31860503143608
150.82880095072582 166.63090724476913 -94.92092126838871
159.60510610833987 162.23751940302336 -98.02900016872007
162.69854970473477 157.8878275640079 -106.50222455726052
152.96224563833113 150.823044080672 -113.41782908153515
151.42434000234854 160.31749301200745 -109.74374100080453
148.0459945066062 150.65399979776285 -108.48116731386799
153.0053875248419 152.7529611495908 -109.27016538667839
156.24201707042602 156.38666591526533 -103.31670612934639
162.70716548036825 163.80252814759345 -98.30299796531978
166.27950321327722 159.08096947235813 -106.19383625394622
164.6022807414232 155.26946183468684 -97.52998087217003
161.87093607089534 160.0942745603321 -97.57559543404795
166.88529974834506 156.32822672776084 -91.06459584761453
174.42123535395564 162.4890415909958 -99.13407442728003
177.30278630726164 160.68086367973532 -100.31331888399819
176.52595583832507 162.537727179275 -91.13022646121404
166.79413385672282 166.6629087760763 -91.77213270822006
176.26960710371074 175.75538833536015 -100.14513550113094
168.15111076698184 183.94306658619223 -98.77458882556903
169.95422318891548 186.86978888695677 -93.65453682330349
160.10063283965295 186.36899334468237 -90.4072397462105
160.46095583881888 190.81324609616783 -89.57979589799348
165.57123801426002 182.39287074439807 -96.38816927506598
157.69973870546846 174.05925234511906 -97.08935456179798
160.51286963305648 182.03691211596976 -106.70016784602161
169.1984841189354 177.49009878941897 -116.329859771435
178.89088794555195 170.46634231617577 -110.79197332824802
174.02141178696868 173.71147131636113 -117.83840818942642
182.78192801931948 169.1859195610817 -120.1691297858753
181.79291029269692 169.2541811718013 -115.7466428962887
190.17257092233524 170.01340265836225 -107.91540802266088
182.60334874073644 174.11390195415808 -108.13031670042152
186.87601703961423 164.27096640563408 -103.81726765649724
195.13734983910638 159.63517996644282 -112.707425243434
196.90720415982346 154.84548898564887 -121.74987905279147
191.34961435036143 153.1420413793073 -114.32445822355777
198.03167387466675 162.1075859102492 -114.12474482692615
205.60898236361575 171.73398950898024 -111.10440199691713
211.2682020769396 178.56810809946822 -107.51481588188106
216.4701440975587 171.54425926630884 -113.30583093891534
220.42323046099352 161.905007238337 -107.89071594599218
229.44130392569056 163.38448358766993 -101.88762968896674
239.17195180028938 155.67836245531072 -109.50539950740425
232.89602123639685 160.27403506577565 -117.50371198712165
236.08981154607167 166.92351378938795 -108.14686844539948
230.7816151869432 159.12457853507365 -117.69959534748857
222.29227173403248 166.43674736907153 -109.16875806140546
229.74278586741931 157.4994969680113 -111.98319153796099
223.77502338346852 153.56945476970333 -114.54413983992947
229.29555011012758 148.6458808686094 -108.56392854486015
220.06527554765862 141.87290720700514 -114.61948164546685
213.5773313075653 144.26883585286217 -118.11954525059467
211.4848374397263 143.96579027803205 -121.25919915179871
216.70256080968065 136.14398032237216 -128.0723010559237
215.52017365907653 132.68452215300263 -130.82797810804897
210.77004713839494 126.06654780875094 -139.72165698740304
207.5823176584088 127.54652509208003 -147.77544430894744
200.3074967097344 119.51981513289904 -138.5811708509422
206.7320714306318 111.0395917730248 -143.38517774731278
213.77768083320368 116.30723893325583 -147.05166997294882
215.08670804568575 121.62039197280671 -155.3634206530168
220.41350868307512 128.1727611421733 -149.37955891661662
219.10100837652797 127.58683547000125 -158.85928778743903
222.87792958469717 133.2452058828563 -149.09420003162106
231.90029556324419 134.3695936865188 -147.4243583722804
223.5919957936644 135.67715323533463 -140.86217351362777
217.49900876755444 128.1235750404116 -134.14422266094363
210.39046200101023 137.7720134039463 -135.19573096518786
201.00840602466783 145.832112168057 -144.51194019113316
195.83451789990508 154.86779752563274 -140.120964745321
189.2877364063662 146.06600001418653 -135.24540915914287
188.2368782891505 147.69395391717077 -144.11298102437652
192.76282312552607 151.02042092699932 -147.30939238621727
189.640769464177 151.22913085651575 -148.65773630260367
199.19604636867035 150.10665112603897 -149.07705851702835
200.2645838170912 156.65719894280733 -143.84832577768185
204.74966907667675 155.99443858249748 -142.68035293520649
198.8904016776599 149.6699769886685 -144.08034037172646
206.47867640616514 140.84636532017208 -135.11695939357733
205.91350888233313 143.58769001707188 -126.83777027488186
202.25787458892444 148.71274251561925 -130.43357830514063
207.15225458698953 148.39108701072138 -121.18725762180352
206.27260009277558 142.1320625544592 -119.96574478983973
213.56950608514688 151.84495163300937 -125.9862023812513
212.81845999922055 155.40559797956703 -117.72814377948198
215.557590487251 149.25355372058678 -121.36453303950817
224.92071940170467 145.29769573698303 -113.05696329230682
233.01625584492183 138.89121037914316 -109.77195080379813
241.18977458163698 142.0689266687306 -113.52356731138714
241.35893314801274 150.71160720531185 -117.36670257375867
245.9977722943137 147.06601070094464 -108.55684718837712
251.48349312356842 143.80936783356051 -104.64628153137134
244.5911506201959 136.4030086041297 -104.83991330099582
247.7878113250177 133.74533864202627 -113.78946750094477
256.1735132726985 125.21994963987764 -114.96130223737738
249.51707481139735 126.84978941412656 -105.97838751611636
246.71641980162664 136.73196911173275 -115.69201678055872
241.36458076141503 128.34977132538043 -109.58022675842759
232.80025572655754 118.55806387145195 -101.68468925362578
230.99507700426588 108.82507552994596 -91.78756032972736
226.8764694709239 110.24910794310357 -94.18708227427555
220.5682839091197 106.02695120844879 -99.14295564973963
221.46199501182832 104.91212507943557 -98.53963061771908
228.73189138224396 108.13339017497819 -90.52920439408882
220.82876330579185 114.31736179392746 -92.501080418189
226.12763810828184 121.38628993153738 -89.137095328066
224.3812619607633 117.9219149462334 -80.23731087611951
215.00775315091113 119.35559551532405 -73.019796703605
212.5118472359326 116.98862775763698 -72.16579205268611
218.90789107604746 113.84114592056511 -63.3185137845835
224.40506269116293 107.57456645808378 -58.05639278446496
224.28243828013248 115.4716439597992 -59.22528201008234
223.44960804317688 120.91950985774409 -66.23927596798731
228.4637055077939 117.38682902629408 -69.74513320389205
225.0663033803536 118.52395753032567 -74.99492622529795
216.25431549369654 121.61049912924803 -73.73521356389092
226.17101101556898 113.83465150055781 -69.75140889088847
233.01176673398552 109.38573873486318 -66.99307247656941
235.88944027042552 113.17673627514804 -68.8205550956494
241.84806235608923 113.49125034174878 -77.78564664261683
243.61377549560123 121.71895154902164 -80.44073422100932
249.0747297466712 126.71178377529293 -89.59231561975757
252.00231166555037 122.68258397942255 -92.90952373160087
251.7373862782851 124.30413084347379 -95.10873069306572
246.7500735133626 125.14967909819515 -95.72368788415841
245.24028449077326 131.80408228585833 -96.51424517055861
237.60919467357667 124.19375123332438 -91.37282951850892
235.06071885237066 127.2195464182443 -99.26892937888981
235.71603293078323 133.79282535621974 -90.0781475227503
237.22814131878766 134.03186823138373 -98.3055587689459
235.67264590454025 130.97541520594837 -90.71663391353577
245.62487632886894 129.00490853607735 -87.63073229526356
244.29498703746407 133.95497094484574 -80.84838446397757
245.6703410075137 143.76062512388398 -88.77677741250193
255.2752321428147 153.16864058501508 -90.53757986873717
265.16294193776537 152.8687038612402 -99.74862071771479
265.4784260856319 143.63911690559266 -106.46762279494983
266.3857092383645 141.31756629650127 -108.54404038193293
271.1969695388009 146.79053051318633 -106.71849264500128
280.3953429397867 143.77923577060218 -104.31825177196968
274.67494562044646 148.10910927360555 -109.03169733918546
274.76891540122125 139.43715407768008 -109.32430877660077
284.1064779474779 146.04603387274085 -101.84104532369594
276.38565484489874 149.42870374685265 -109.75083733819004
272.62524856091443 144.14197479780722 -104.18921840703831
272.6906778309784 151.50600696407213 -105.0856263773165
279.08621006539613 144.90925106719456 -101.59873678116732
276.7631042390416 146.4356661404773 -99.45738761909678
279.8637598754269 138.33789902490918 -107.91237237641421
273.67189511201474 147.46951972149452 -106.56442870573346
280.62933127361356 143.50180746505004 -105.80486770216719
279.8252448690226 148.66057784372526 -100.03505524028331
281.83452486423835 153.4163072617208 -96.75218552917653
277.5477041382911 151.06671598415582 -103.11601413644668
275.7216947632999 153.36058097689738 -95.1101272222018
275.2805240524437 158.7611723263283 -102.0286831247806
272.53490643691225 162.95705375399257 -111.04161978247821
272.80550032780604 170.51623987828253 -118.97100937048916
278.9255494444961 172.945761120263 -117.4040765295736
270.99070178534134 173.5151913901621 -114.80222366644384
269.8415537261091 178.87417234742833 -117.9436868035739
276.7577413503133 186.46253867516626 -124.57773954184151
284.18453178360716 178.96397595122878 -119.73397447833624
277.13726544137097 185.0600437465534 -112.96279710471168
278.4598916726348 188.0511622670525 -103.06724787495266
276.83432799361094 184.58202912558437 -96.36525644046108
267.5727754233825 191.234026699454 -96.55165242193232
261.2956659329863 182.18585684239252 -105.33816269906298
257.5814891902468 183.31769000434568 -105.14276207240339
252.64575873151998 180.88110236273573 -113.71250967067867
244.01125414357017 176.39435965072084 -103.7533602715725
246.59750758151915 167.44767612693025 -112.08602414413402
247.15686218655722 158.81399382920927 -109.09333942784356
241.72995581923317 161.07795210846817 -110.0605002648406
240.04328687410802 165.97622588217962 -101.43854435401103
248.10447579499518 166.05269748801743 -109.8819181292377
257.7545264059599 159.54685805620662 -109.98299834712806
250.16851779186985 158.01135690534775 -113.5368224491255
241.23357224254494 166.09440985018142 -110.81507465516145
238.7743202638163 173.68083806796656 -108.44587321630117
247.58341224198674 171.79536064079204 -102.45497461531565
238.1168625098089 162.25908154436306 -100.19961075104092
243.38106990595844 166.92077069195136 -102.07889203238521
233.81084606155207 175.6737236522513 -95.49328719410946
224.56243957110848 184.95752880882299 -101.52960214736144
217.685858185414 191.31149400445625 -107.73408376537952
217.16910733092595 198.00650626279207 -108.26844639219337
207.49435333521882 192.81484107856778 -102.21677317396298
211.15217021809474 185.91207164060054 -102.43131846685927
201.5702786185972 193.1561354990122 -105.37061017778284
208.91845642289132 191.39131025699163 -96.75160067123628
206.8462066854359 184.49192054897486 -101.69374590395587
201.70057134092846 191.4159609601931 -108.1811165563235
199.60557184821687 197.3978141138811 -114.89225896059408
197.55794003398375 195.17458197365477 -105.27421589678839
194.5792408472377 186.10237847468738 -108.73295809606344
199.874693150784 179.56755738414412 -99.5477315494483
203.17470633443193 183.90143899093152 -99.67868202328678
211.2467119762301 179.4838931446745 -104.21804199279433
219.50047165223992 189.14837491718245 -102.43198621358029
211.67435538934097 184.7104734131274 -105.19189300329624
216.75096606638283 186.29779307246 -96.80666838888959
222.80964797022952 177.174568150405 -91.12509384670548
226.84027629159652 172.39178042137624 -94.2526226706582
219.6376716464148 165.05033060020835 -102.63197942876765
217.83092069969962 173.89277344422902 -99.17628899365242
213.68177984950518 165.8334692935383 -92.2954387164554
223.23799313886676 159.16639625220168 -94.80736893155887
218.9655247452729 154.76789566793386 -92.82560697205638
210.70889841008977 160.94108108518668 -88.21440209865884
219.9253024780994 160.5195146553484 -80.38149834835983
211.46962083361623 157.61146546990906 -90.0123516879918
212.447869300738 165.20715966961018 -80.54182301623847
205.7931633138464 165.82242092036836 -89.40477835845155
205.58679659174427 167.2300696753504 -91.76358366244727
214.40332583268716 159.16364678834088 -97.16730476951204
209.40166111282855 165.6485279559055 -102.32481235403912
207.39822683507956 170.47490533616943 -103.04930022306723
201.9308690146785 164.99499247411987 -111.33397968517585
192.12102741028227 159.4733320260119 -117.16299330367391
195.75278554536425 153.35660670296525 -118.05160632670501
187.78644160837135 158.95307161747772 -124.32181223948423
182.72593948024578 163.45288120726605 -125.30268471494729
187.97317459942496 164.0024331496704 -119.65330971221265
194.49594664466937 171.93048916861304 -111.09243420521531
189.7656071679728 178.98971674425138 -103.56718291830951
188.91425759336343 179.39117459659263 -104.45052981985447
184.2042310667737 179.35148371229855 -102.54112521497981
189.58399993309706 182.06699658122596 -96.91201169511729
188.1626122685191 181.37953475835207 -99.759357980231
193.16674681263493 180.32515541835303 -97.69215763954782
196.10101192954392 182.1833335662012 -101.36456680645082
190.11893856221943 191.4406967803002 -100.77787788196257
196.24920526962882 195.2652479127537 -98.64486650433585
196.03704819623084 194.524013129195 -101.05089290062642
192.26994456449836 186.95639488910894 -97.443396508489
197.20257526148245 186.77282225658934 -97.75993016071416
198.15570666053733 177.56504864183205 -101.00283383838526
206.88218644280326 173.27381715642787 -107.94527604730335
216.2298459559032 181.82870060087916 -108.01318553501191
219.90843294025154 176.858271043273 -114.80990910989448
212.15830230512583 177.53780723461222 -108.1271622014042
202.74652440837866 186.16809407485314 -117.39830157271376
193.9528613822324 177.07030903783976 -123.09447079383733
186.33016476665276 177.2272781582811 -114.0697494938795
180.27386359479198 170.27017854376749 -108.27620526179773
177.6475312723162 161.0828195654318 -99.42317940381345
178.60682096664726 164.8372981916129 -94.85152122215847
176.38903208314827 163.5744919315015 -92.62650726079626
169.98937834678676 159.0693124650132 -95.13969504514016
174.50880423984253 166.37985583157848 -87.0652268734087
179.59060389767396 172.4138514066114 -80.13183926240262
176.77471338963073 165.10874928475263 -72.17977720592508
174.94431996480654 159.608615262655 -66.64370854112346
184.57639749377904 166.47755449758094 -65.40642968757857
185.22228894940773 165.1387353705356 -72.04350288894997
191.31844090494943 163.66752072084287 -74.95291449617581
195.7594777875178 165.0840908350542 -84.91349793116633
186.08260140402814 163.95285747745294 -79.40866291642124
186.28058989474016 156.69140095481015 -75.7635096025136
196.03548653823626 153.61744437535125 -82.87768044522713
186.2591860208234 152.34611767580301 -73.85174174546187
188.63268144305465 147.81441622203138 -73.4769023832855
188.2208327101534 157.253744948354 -72.52170660646357
193.93107156331473 147.3083400802087 -81.72537023525621
185.12924381087328 156.00563822037222 -87.01790276052107
187.28141080280267 156.83306449895306 -84.00299113534543
184.3168626132758 163.64653243180967 -78.89619572305129
191.47762399236512 170.32709516922097 -74.7030631566759
189.2253032018735 165.43651596901424 -78.98924334047688
185.0302630632654 156.38061847708576 -70.32284359394829
182.93857450293802 149.96442848347476 -67.06717984982163
176.96673879993904 148.23009722147762 -67.09141035256933
177.87560829142896 152.37160913742406 -73.62739863923596
175.63870336764583 161.83132433728707 -64.25902123439809
174.31116503279014 154.71322370552232 -61.367182858847116
165.5733643744857 151.58996196731204 -66.8882828896572
169.24464032917263 155.9517321800682 -59.86895995442741
165.95754000891978 156.989676592553 -60.026560844745454
171.00002563291554 162.83284707574182 -67.36100944388947
165.64932641628448 154.24413140680036 -61.33594184257494
168.99733639313988 161.15061712649154 -52.25228142893244
161.9815532921261 163.76455376897934 -57.77162634829213
154.88916833411443 156.0254042087058 -55.402495193851536
146.3833840637167 161.94209729081885 -46.21270865260727
137.92724041756253 171.9225115240532 -42.16629299808034
139.0588386900208 166.06294635709537 -44.637463776024596
142.9005869802947 174.40803543685283 -52.34036217261843
139.52780976577256 180.78501312604422 -49.74664802488139
137.44607984164372 171.01253262524153 -40.72732711108051
129.5978397862605 177.67472144430494 -31.599095427976117
131.7413538905694 177.54281305349085 -32.91547466122435
131.9652948977114 173.22859245450502 -25.613101405415495
122.23028979282763 164.47072779706522 -33.338609343850784
131.50948011894434 161.87079170097135 -42.13308776393082
133.1586164074153 171.20553090881214 -46.36699563422426
126.15729965087716 180.47653202411553 -37.033164599440056
135.52199993559003 174.82320268608973 -39.86420020998564
127.55974469684406 181.56378746590823 -35.0730763707807
126.84764724682806 182.2238323487576 -35.46784618089245
123.83615599347831 179.7997633912008 -33.81491284023123
130.23322356608188 174.39101039515546 -28.894584184181795
134.77932070561098 165.67495696385149 -22.205022496224323
131.62832226054175 165.8853387704854 -30.38123376473214
137.95425157812295 168.02484116947116 -37.52710510878289
143.47732181733417 163.51025670641988 -29.238128514437136
151.32287768878263 161.28985274846983 -38.169644279731834
141.3659741843575 161.5084324909051 -42.892710744142384
147.99395156314384 163.69636890857012 -37.01206524649593
156.43280229873588 170.5706345369026 -46.52769844258552
152.50952096812318 171.11345744901953 -45.76379093426607
149.79017529564038 165.8669636402973 -44.351067118581845
141.29935265184548 165.8404701871861 -47.65158618962946
132.3648475979681 165.75164114824383 -43.2329045613202
128.13521748021415 156.37981664475421 -37.48552025141773
122.81459391855725 157.46795578527994 -34.308883229267245
127.6491604801331 151.31275685024414 -44.03919687256221
132.79873845184022 153.1635531946754 -35.920578042158574
123.89264097544924 161.06472117754453 -37.067765219229315
128.15414985009656 162.86405454362006 -44.79342108214622
126.79226392467685 162.94029173840462 -52.26560385004036
136.0080402727903 157.12803525099534 -59.9569286325175
139.45903464154756 158.16817641639796 -66.41942778179575
130.44672299570686 162.33774291257944 -74.97934122876089
126.92408058559523 159.74337536840844 -77.16358949970639
130.8065114909076 165.27965391221426 -70.3478198427148
122.39552335226588 172.84940335949383 -69.03791626026455
131.19902700344997 171.1003387699226 -62.15546398431807
136.77831240671208 164.44005591008806 -55.976179602254824
142.86348943711982 157.24819247710212 -62.10433809938039
135.62885280292255 164.2972422089912 -54.60836817282223
143.71634577718584 164.6323212791519 -49.377583445216786
145.67141457908235 155.13512522588704 -48.79591161882226
149.5415114219836 164.77674153932384 -52.05411123750523
149.15973367995957 160.63025301176714 -42.33829118745159
141.87254191599934 164.9135392586175 -47.83797537311734
144.60423155764107 174.04742079612717 -48.73703998524666
149.92969618285744 167.57129256663586 -53.8460824335121
158.6543821203885 170.40034841353335 -44.55140603057769
150.25470318154908 167.53321554034787 -37.97967298128332
155.93350000219777 177.0713512181328 -47.95631483075192
158.61876788735574 177.49936473026358 -52.55565889839506
164.2840538207895 181.10000448741417 -53.41997832014543
157.6626491093471 189.04477358564276 -52.589263552644226
163.25920218073827 194.7493491650667 -51.33780889213647
159.72128958073083 203.11821035692827 -44.7026937478588
159.35898440429307 201.32530657810807 -48.19665823542548
158.33606125771922 209.04815375563678 -56.44252841954532
150.71845660936842 212.21735686555107 -49.2937790788374
149.19217735929377 203.29434888472906 -46.24653504757355
158.8294579906679 198.3359762034829 -56.06247467361001
165.92076234804878 202.45070667472953 -65.57012341867092
159.48366194802603 196.46672022891948 -73.89701998778298
150.96714457778188 197.67136238738237 -68.80788780102242
142.28953877844603 193.5914317807696 -65.15338158833953
137.67822917358444 186.81511132562724 -60.63198841478146
141.62964686301592 191.41382342613437 -63.5961703323253
149.16890984795563 201.16936950946712 -60.25326927177827
140.91485155868583 199.03498406784743 -56.08324772059732
133.01371153195933 190.55968858175464 -65.86559838025728
139.091565480416 197.92557141755782 -59.5744351033518
130.5270397766122 193.60235570504665 -56.29120539779554
127.06932962279923 196.77471697202623 -64.30717332468217
125.03262693808234 193.14454974057094 -58.80953529559537
127.48412609053545 194.47178644093395 -66.76426532978272
122.9420106696319 194.07537390192064 -73.02297796924309
124.35817673813833 186.3912590068152 -73.74595291732979
122.58377262350278 176.81318366319553 -76.22558777781242
116.39752497416751 170.4654103644496 -78.21528156316643
117.06669103910988 174.9306270515131 -87.09651420658139
109.4207789266511 183.61882718488445 -81.03288548207075
101.24628165443815 177.32052973392604 -71.37595258414892
97.14841171198316 186.46450650094343 -71.12862329843838
104.89568063678921 188.6052025100201 -74.72736751295798
108.47718030973662 179.0822653525645 -80.03818702718759
116.49793594791247 178.58128703929972 -71.26802197020865
124.3847629411881 169.83440208211468 -68.7153774584887
132.7890319348065 177.93379012572598 -63.94414424966355
131.95303171028604 185.1703558294819 -69.26362156281347
130.45337464632786 183.8168283458776 -75.66984464214887
134.22164830698668 186.6873920090242 -83.72158688091179
126.55591637411267 178.2965116404148 -83.45995203905274
122.73522920408728 184.75642873835875 -75.53167489649029
127.91149437838126 193.09495263994333 -75.04305178802394
120.82216770763839 199.09807577652373 -84.80345481878877
112.23276585172343 196.7043757337316 -85.14372534717775
106.69381869966584 189.0725852204753 -85.74505081939152
100.74396940089018 186.02716142698276 -78.38517928760196
100.94024665614859 190.20886927718405 -82.85245317583858
92.03387832125935 194.40760360822213 -84.87130407933017
92.11292153927558 188.60387470187848 -89.96448394914964
98.8224960702034 197.0751342958405 -80.54780952233388
105.19000655810453 192.990629175439 -81.4507604004501
113.31023683784893 200.95854554992832 -77.27672593225353
113.1240008883869 204.79919025126338 -76.29201283642206
117.293078267809 209.65781338382857 -76.03893052451929
118.91662958558608 201.43654098337237 -66.33775878817755
114.74790477729313 205.10318341769542 -58.17076157804435
108.16609629222648 199.74040990973785 -51.34262846965392
102.10543347217614 199.32798192986445 -55.13848781607026
103.97555513655846 190.94875349872976 -59.048143185216276
98.29760105820016 188.86338484119975 -56.027982774686905
105.11283665586564 187.23396085249053 -48.79505335122195
99.97190274517993 194.3694062657798 -52.328138305344815
99.36014181636253 192.71069679489588 -55.62471994825953
105.39126443531283 192.6450789235007 -47.50156327037833
114.17131932424772 193.78475827312872 -38.45966525529285
114.35277793908531 187.0703996122503 -44.63453594797843
108.7426251619612 185.76596433521405 -36.85841438152274
116.31861210253668 187.80713296492382 -39.36133902813093
119.12848989827621 188.35662113098326 -44.68819710352295
128.02124877490368 179.0197899908618 -49.80669326753714
130.25064093534277 178.4168743386347 -44.42840292665667
138.83747739978378 168.62761919122997 -35.16185649431935
141.7276543124446 161.11845024833 -41.82275658352314
145.06743050606886 154.9433280158607 -47.224263591347636
151.23599802497563 160.2469226739646 -42.456281063952346
148.70873410820067 152.49399294740562 -34.551504731046144
148.79455321353032 159.46925189690944 -29.874145832475296
150.51181366334433 156.0772283945781 -21.25514429517174
146.01407066189034 150.5134555961364 -23.742905618670278
155.81839981851422 154.36455905273968 -28.759249763773116
158.24320988460258 150.49753748568722 -35.75242500962661
160.17172030916578 148.9018258752841 -31.181835796439984
166.94317711417 144.2577533114825 -36.31591203019885
176.74304174809117 146.15251804550192 -39.941739023917364
172.40084555245517 145.15294413010758 -47.52719043085536
176.50836184387737 143.03144520168902 -55.61288392127591
182.82617892208037 135.70452709692117 -56.24951339101579
177.51847259778773 132.27206890856152 -56.11579852696456
170.10728093100354 125.80548468979467 -56.48637222213478
170.3758445445435 128.09562431471628 -55.828661906002026
170.9973088799926 121.99561696739966 -60.95928160208451
177.4344123475397 130.9520667046931 -65.78255994938526
177.01970235689603 128.15154454780821 -57.82353535351929
176.51404607533595 134.95074840901694 -65.83802825107571
169.66656061448333 126.10264389063497 -75.54061004901679
164.51645688968833 131.66724877549674 -77.38359384698151
169.60937285101343 122.15321841628892 -69.78076117099508
168.5680727509321 113.55818690344562 -76.25031120544402
163.53650049403984 107.07705946861657 -80.1228240658418
172.55505073208494 103.64761210893565 -84.52911961185802
180.23526157147012 99.99634099639466 -85.71119419222656
187.97052582357415 96.96378127168137 -79.54137156091649
188.8008272928427 106.84953170438796 -80.76939542240768
186.39611978772453 112.9135265054156 -73.45740137741289
186.070602575661 111.12966606223982 -81.9724917736868
185.9825619746364 110.18129831260467 -88.67356370601084
184.16184833057156 107.86577899475934 -88.5134677656537
184.15327183344598 115.74763390866178 -93.10819793476205
185.33221287768367 108.83307229303709 -102.31178174398148
191.66197327112098 103.48434378396485 -111.16644407057174
183.20841889048677 111.6794693334916 -117.5191231873068
178.55780492368922 120.21431938518123 -110.15631378850892
183.3837474475071 120.78513199272516 -103.03678200070044
188.8468878852988 116.9246043705211 -95.425912850591
185.60543977444516 126.44274087359739 -101.914373236188
176.76796154074245 127.49915524823635 -103.51385024433075
181.58967766947163 136.91085236025057 -103.05104614414441
190.73266563544428 135.07336075442782 -99.85213149940151
181.43800856798117 135.6901941753936 -101.68322282016072
187.85604790679474 126.85638710705601 -101.87642575917407
182.10429820547418 133.5454255984045 -105.34366990848102
174.6020823064776 130.44133084243728 -109.09026937621618
176.82048250744228 129.43241055914257 -116.70417064313658
184.48239564871318 124.63226647694852 -116.89244763827512
185.8230178416949 126.8801465941904 -125.72410324078592
186.75613326880168 121.82084922624888 -121.94856564947018
179.89636607029726 117.2020125639382 -114.27552046319082
178.42884816218304 121.369487444836 -115.654172588175
187.55044650005323 130.97512262729964 -114.53123848409638
186.9666902235357 123.26152239490641 -107.51074160503069
181.31627278920732 123.1365935297294 -102.01517571662653
181.84402560372192 127.87143382726082 -109.7487388185195
186.21276447468506 137.47376197937842 -105.99790127602111
189.04753348975407 139.5960143941847 -103.74034576957905
195.45133507190062 130.60593626523462 -105.56689609573627
192.51693479224338 123.1982741754477 -105.9462304133076
183.01051701784283 129.2085617284941 -113.07984918649707
175.75222672458207 138.8278408853212 -116.12789238905653
183.91613549016688 133.16872486270572 -108.71652978239862
177.6128904350154 123.27902497024837 -104.93955216897976
175.33621603329442 128.7620954281362 -103.65622005080385
167.01894649993648 126.39906126471062 -105.26186995234092
166.34153607247873 128.47183522508317 -100.73223127720522
40
142.75904587057997 141.05460163158065 109.48038551081046
157.76280939095355 153.31680216384564 126.94510134627095
159.61462784704287 146.91413643443133 110.56808064592444
163.28072640805038 150.63002923589886 102.30316966606735
161.7737824839756 164.57844089007958 113.5385341734526
161.6776323584377 162.82771764293176 116.42305470801557
148.03907606727947 165.7026452560651 106.24913913431013
142.35846149934454 159.31707915268402 117.95324958277973
155.8599328931169 165.348388618196 120.49341634529814
158.25904297686685 152.820972927242 122.40280535773286
143.00704326973533 170.40687968259644 114.15823928411211
142.2857251891868 175.73915046909806 120.31893366273957
146.49456521282517 169.137419320903 139.55307471136976
153.9477199220271 161.02867931680578 144.87616354699256
142.7316437561246 164.2743584849874 153.60044067581657
133.24670587436523 161.86203832171066 145.68533852411863
140.09822555842155 154.59960256981606 158.23937361716983
142.3157774177429 157.32878639535022 152.3224459509227
135.4483398334546 167.0180947374325 153.29495734927988
149.86689536269088 161.17714589745276 144.83276015613117
150.47141037587426 171.1243093144873 143.7776011541297
151.33104366689457 146.34551246712948 139.18975276302575
135.35700392949042 157.98020470856943 151.90436884241834
142.12009830721757 154.7396815533597 142.48592915054414
132.63641134428588 165.3382655553384 137.56110043468672
133.94154341531572 156.53006094206398 140.48364622945638
139.8121475399492 151.33618266255186 133.24017318915514
125.225496840472 159.25172133106733 124.29897098653696
136.67979290292067 151.37236090700168 102.77454399185454
133.41429610609313 154.92731547541658 115.74881041160494
136.01542940091878 147.85715765456763 109.2352230396749
118.45616349273165 158.34619931535968 121.83314779279527
124.33049118009416 155.83506830095348 114.71511932824566
128.92353982569065 163.6092154203085 121.87687808422828
117.05837458882213 168.99023680063044 116.51578958446211
112.72111202083588 160.44841420186913 111.33592382954028
117.51825243543097 150.84432114963084 127.60657492269114
118.36548560938934 175.83816482521416 106.6549560846997
128.00670771690824 177.8713904978046 108.72473980540016
125.01312873634207 171.29283947655432 119.86841714018318
