1000
293.8806175471189 302.53414380901216 279.71714900487524
294.1165678881156 308.4752780460768 286.97058028962465
285.1394065787057 313.7166859128125 282.6149045514267
293.44554645461716 305.478549972585 286.78681944748394
285.2406791044192 310.1352255716895 295.4197788780792
286.14700968921653 308.3942239667975 299.99373646146955
284.3043459499136 307.7018153345603 294.73432582880974
287.2183508167264 314.92235204115093 290.7564772832853
282.75984803086317 313.9575158533649 281.29919273670896
277.799640885665 304.6722176460685 278.9382587202106
281.2357444003913 298.75773899080355 279.4401074069122
289.7062867875171 304.7663371722654 270.81827297581947
286.608840968398 298.4028302179697 276.2417990679602
284.3620520404961 304.2334573769513 278.9500040139732
283.2352664534149 305.44110978418877 280.29810940987863
285.9961051921224 314.5763686947926 281.46705550732406
284.4897888104659 315.0018174560151 283.15213129452775
277.87764434076166 313.41753163056336 274.6671991186616
287.35643084043045 305.75950911369034 279.4011678475281
291.8017051290485 296.56071879462394 286.43523105038685
296.00000526133414 290.877753391068 283.7634659190686
295.9304175140345 298.5556749301286 289.17911276541247
294.1341715869604 289.9278040230966 279.5554088591862
290.51848503977766 296.06441008305126 283.69838121268396
293.26749999322 291.1086297449443 274.136409806483
286.42999030013874 293.53685112204505 280.5706159096397
278.50096131646495 287.2342460479706 273.02794879659587
279.17357076546455 292.57145167813036 269.7920432581212
279.72954520127524 284.5502979588599 277.3701943926356
271.09909529723274 288.21562085902656 270.46575692736485
276.313095190176 293.8671009404136 269.0953990610886
281.72004115579887 298.65828979135284 274.12822604360576
286.1376883930223 299.09394744827694 281.6034298415044
296.0092071772263 305.9420473311493 284.8663511516826
291.2771234366397 298.86693493288607 275.37655964642465
285.0231002472182 308.3406235332138 274.64993417256017
293.68989883560005 308.240794194668 280.9144719662581
286.4225129736731 301.68885036342175 273.44631244663276
280.5559787257628 300.8620182763657 274.3691976910485
283.72174893161144 296.3972829867003 269.2090046707091
274.2924301531901 304.85361378938927 276.68133498367195
268.24113544023317 310.37896613820874 270.99626533977596
260.3576868490426 308.9830973855643 269.2524875578291
263.41583808076064 298.984709821933 266.5854776405128
265.7968775656313 293.9925606267433 271.86697556287584
261.0181354467164 302.05432804563935 279.88877988916136
269.6010151207876 307.32575446851195 289.8593181966969
277.9362589904452 314.5185062025264 295.93300726624875
275.8932846895699 317.68425987488547 293.57634028300856
271.6694582170751 319.17707608080474 303.2219589599406
276.56832920150765 312.82732809129834 312.4349244674865
283.30978857486787 314.9747970836693 306.07622100635484
283.27848834278797 318.506560115751 311.56128367577355
285.9680479497503 317.5763497552932 317.0040358531508
279.76542899826165 312.77572282430924 318.02431021208787
280.68480827625206 315.6440521504356 317.17092816714387
289.15425704434654 322.52753138622586 315.0619589594647
286.8552255821298 317.76361302517824 310.4799594991503
289.8987514585802 320.4473667721403 314.42835643762345
285.3117815482204 314.04878919743874 312.4958444932539
284.7288932386588 305.81893984773853 311.6083401605928
288.2496681945811 309.457845438023 318.05353226515894
286.2778284763211 315.3333330427435 321.1623220423933
284.9513592565932 312.2103383240536 324.8157319269093
280.3382664320468 307.7835994814112 327.306393728401
275.91953859098885 305.4957822206034 332.2430099204984
283.68539374288395 295.60383042693286 333.8665620685278
281.6781826336755 304.0183580943226 331.49920247851236
285.45703934791544 311.42571217912024 333.48031171448247
292.81112868112723 316.4393291129086 325.4090770762452
288.7566948185469 326.1089887286002 322.0788572518501
297.8983386697188 321.9625251169391 329.7052491625393
295.06736764188327 319.4846542690045 334.50482289746094
291.2083999796304 316.83536468396255 325.610374592311
300.4731587948577 317.1491906409679 332.26475171220454
301.26756338243865 310.08158261039176 338.38183490993197
309.84751996561187 317.77519050051256 345.32730619369266
311.2949751077521 311.16346311574495 350.5609239401817
318.9198391868295 308.3784221837164 357.7931726821192
314.72809686247143 316.26713883829075 362.1690220780235
320.8559531929091 307.0359602586311 353.3564574536764
318.02598285020974 309.868270656223 355.5992016600972
325.54303924413443 310.64210245718374 345.9693706531632
320.36321561394885 313.79283831268276 341.3674906571273
330.3492251510564 316.80279577342105 339.1050443053048
328.4163593916606 313.2309646358217 344.0608573830748
318.470177796127 310.0077486656689 344.33880750082756
327.01853876639245 309.69928495431134 346.66867188458076
336.4058186039339 313.89307495667873 350.8454117634662
338.4186132069998 304.8533495453355 345.31161133742665
342.80684267038356 311.65711541238886 338.2826180467823
344.4025278388195 312.8790042075485 340.79991855107096
348.20652527007 309.42113077338627 335.9238693210616
356.7436507137042 314.9359422695719 333.2443061950165
351.8065024252019 312.85248794906374 323.62092882384167
359.8107178780472 317.55618066827714 332.14457737427034
363.1109359466337 312.3762381777706 324.568638255994
369.98599637820087 304.28478593606405 316.1739157047159
364.77624321721083 311.4681182744217 313.8116870987484
356.7819738365971 302.20913076809666 312.58252698020755
352.83730677690914 308.5002811652992 314.8006786292109
350.18307821527594 308.68687276398515 316.78454691644487
352.6673366442891 304.33775287293736 311.9136078785018
353.6506350097654 295.6858521043972 303.1534860737946
346.42373971923456 289.64662983765845 294.62587240709723
354.01197874382876 282.1863768860043 290.5080994226141
351.4103624206343 285.37106600325865 292.35378124090084
351.73060912135173 293.3255967998399 284.68860238645146
357.78596147592583 302.49532355514225 290.0759957966756
352.87395977018883 295.8933188938571 294.86372023482704
354.1500504639681 297.3807400343088 300.38924315913755
357.04353737991596 288.5658594811261 296.5730438242487
349.10406765032917 279.17817783948715 300.8896582603916
344.03588416285817 275.57979293837644 305.2169984290244
345.3830492870226 284.67742984444124 314.12359231773127
342.36089575806557 282.78493122156294 316.49281383349984
349.33191385909345 276.6909842582444 307.5921430814054
356.54117404458606 273.6542272401702 311.1764953618046
362.9740374696171 268.9130562634929 314.23437294232735
354.69537808384894 275.59569140476714 313.30512147439373
347.4564011964604 280.8729698131118 311.7708492922887
349.45995967399915 287.5988190451067 318.1595263353959
345.22280804081623 278.5597417504606 310.2819158209341
352.35748548944815 274.5678061615567 310.0176617125052
348.0729322923401 268.27924985139674 307.6470591109836
356.4002419051523 274.66624007416806 314.5529543279132
352.3839547392253 275.10298610397587 311.2509116133015
362.2820211462022 273.26822749675455 302.53160066860886
362.6320420599065 279.58401884336985 300.1588634973493
369.57761926147384 275.3809889834922 291.2749821759751
362.0226257661189 267.13431376252163 293.08119277945616
353.98376675975453 261.8710406492032 285.279596104534
351.60008246122044 256.1428495816921 285.2662153703335
359.443048587055 250.14930679949597 291.50389030359787
353.95940795923855 243.70320288165883 297.70456386969005
363.31730916610263 251.291022916047 304.54576918757726
364.3655182036838 255.00796671589057 308.66168320695203
368.34548773636357 246.3735628767935 301.71585943159056
372.0196889017837 256.0890466285857 294.88466224105497
374.6656765017448 259.9412168468268 299.74734046055164
378.9772032908751 268.52945091400903 298.6159719156605
380.5454202314655 271.93407126469697 288.91797800001547
387.6861423736853 272.9540712987987 282.03258337191994
382.0040048650186 265.42220663284604 279.3105268325137
386.05810668998816 262.42623299428607 276.4725638848119
380.9107703857326 268.7687987171527 282.3457881129602
383.37352083637273 272.63545737235944 289.16749547331
391.9125622014153 268.1268105863344 288.79632018731
392.05388603701294 277.32765320533963 285.47800096773346
385.06058507641137 273.75522666203887 289.99182917624614
394.57233528282075 271.27138802665866 299.1648306960139
404.1106979105813 269.31266568983494 292.3620221271641
409.81996982990864 268.9119000971138 283.8021667534658
403.6266021128296 275.18879745965586 287.50163246328606
402.1142104290793 276.63535961415965 290.0638731196019
411.9160934868644 269.7689385827557 297.60596131515547
405.60111322871904 275.39648461730303 305.10030036713977
398.46489427984955 281.1636992590591 295.6905286453686
396.57182168016016 273.84447873354617 288.18589709962555
404.3784719955772 271.95807150244696 289.132066538566
403.2747047413645 273.46429408564654 294.3649673766944
401.1175157863724 263.6636369200344 295.55628606671246
394.22371511014916 259.8027022877958 292.25811878703075
399.1008143895489 265.3806968602384 287.00007531432414
398.7596456500094 269.63113834326833 289.2624643543484
396.40342528588 277.0042154058464 288.14065983042985
401.1335963554206 271.72537678904 297.0669031157968
393.9634717223406 281.61412700789066 299.1739628022358
394.43817156390355 274.7103415094145 300.39448184984104
388.6610688998966 268.39276536178505 302.77539155472573
385.5014440063512 258.8538985610618 308.30389345109626
382.931168608796 257.41923180895225 313.3767006921721
381.77004206506234 265.23795460525395 316.1214793230741
373.4810080534155 265.82597672092027 325.5380427767106
375.34443925541694 258.64276270298836 331.9041764942998
367.4148919915609 251.94785373846437 324.0570942902461
364.57944281934823 243.76875082744778 325.2525344292705
372.18573863493117 244.9864094959666 330.366959142426
379.8331154254396 251.93257651332672 334.81392964143987
389.75705238351844 247.9675901182292 329.7456077291333
391.85451972609314 240.04367928093762 324.3442400257733
386.15276592147757 245.76173872040687 325.98601643520544
391.87089226618997 241.67035142837173 328.0496144668294
385.480201545245 233.3126803601356 329.90200367606025
380.9710814125883 227.42066219272627 326.85663481209866
373.19456394620454 233.57859557603598 334.4113944357514
370.4766157304882 240.09693972480855 329.3304449037992
376.97413017475367 246.00807687432174 321.48675579286873
367.27164874885756 249.6410382286862 312.5645053981182
373.54942939763305 259.24936236750034 303.4273221375252
378.68807745435186 262.2047843624228 305.80642651671866
371.31550406534336 266.38463235349406 299.7743678384361
367.5292773837991 261.91699305491863 303.2351296074786
367.20746546636366 268.76058029934813 313.13024143353243
367.84571667555326 276.60757395723584 316.65437371650665
377.5248313008578 270.7181757228109 317.2938348311007
372.57162753077847 279.563379155036 311.52272406385316
364.2003849465912 286.5630287433483 302.96126970294546
355.41793740931996 292.06774529890873 303.32795179673195
349.2111008783132 301.76998398042895 300.8575437029406
339.6385661703642 294.09053486420765 306.3780306121952
334.9022004195149 295.3942133441994 313.0112545553906
325.5392404166453 297.8191507110955 314.1479740442289
321.8108634919586 300.44117329602955 304.1813557890212
321.922242496096 302.29129795742784 311.66346253987814
324.990244086007 309.7975945342639 312.3058847051628
327.61658332060625 318.4530662234672 315.08230417724684
334.53906491493166 320.40952643489925 322.7147006506517
329.1542546275698 326.00764789144057 325.82437727863834
337.2968046479355 321.61339584970534 326.4700248982354
330.62489526215006 319.57564421372206 329.8316149802908
328.5737983164477 327.9025646356672 330.68178619129566
330.8005421939404 324.36327621177963 334.54435907457173
338.03553941223043 332.41172449319754 341.2257955382684
335.65876933732096 322.8325334371051 336.353750298948
341.8198222307545 317.12998292863455 340.04660904810015
349.35160857960483 316.67090138406655 339.73793021376855
357.8763618320785 317.22229518826805 331.086073275601
352.4358202943963 320.21752524230175 322.15206956416444
354.49500650743647 312.02276009962054 330.9624029229546
345.3409918450558 311.3849125034296 322.36509178226964
343.02099836339846 319.63556015031645 330.0802511839423
345.3962924668778 329.0006718578092 325.59261984222474
340.38904895552804 338.1238601628592 323.6654272312607
344.0371341593013 330.46430952064975 324.0583910622387
345.3620859391972 339.92769163324436 322.2784301118367
353.4558962445204 330.74240371741604 321.6522483380683
356.82245838214874 324.51158771069 329.3150637477864
347.90692497238774 321.5792329165109 334.599672745737
350.597352185709 330.08465823442486 335.497833206979
347.1833957142621 326.4151490129826 328.1347614472434
343.21660429751495 333.2999149209143 336.668499734682
343.6717641298956 326.83774163460583 334.034592785971
336.718892540885 336.01064124819726 324.299181683333
335.64583151490933 332.2641037378383 328.4018963105667
334.7363929945652 324.71068415603065 325.0107319924308
343.31818203283456 324.1632787921135 324.4241484595291
350.95471742744775 321.9254940373824 330.08341372653376
347.48952979289425 314.83174835334796 339.0737621467059
338.69144811487513 322.6944295436347 331.53332524171174
338.6677326959382 332.5079031960527 334.5060986736621
328.8034892739172 327.9533047750248 332.62752779193977
322.7722327459269 319.3990173338894 326.95684837988114
326.9111511790697 319.87329110797225 319.4059098913683
330.4680209410246 322.3710374632768 316.86839036996855
332.11276985167945 312.53650427186096 319.84502489514443
332.38538058925553 308.9939095040437 314.66003625178917
332.5667704043119 301.4883205321323 312.1897576294442
339.4780328325445 292.2942718328977 316.75298372261875
346.21861080926413 295.8068387183155 315.6157009675343
341.38228028461083 298.7297805431285 307.2704563977471
336.19155257460454 302.08332926882616 309.2820120678826
344.3740691718103 297.6937665113242 305.6844997976378
350.1948090905159 293.5238124551615 313.1997236474541
352.92670866502476 289.3238085772175 305.23755177076436
359.8581535859687 285.29421302038037 306.05880362487903
350.12756327889923 292.1273522135676 313.65653813253186
357.676860054391 288.1066890077796 317.7642839712169
347.73045143780513 289.18631950252393 314.33852825701666
355.82691845917765 290.08384803223873 312.40296921406156
353.21628095735036 286.1622406736676 318.2062050964735
345.97682614975764 279.8733207320188 320.44296154583355
351.03597738249533 274.18459415589746 317.9535839778205
346.45904921744904 272.9193944234438 317.45777703505183
353.74735387477574 267.81876729220244 321.544378272032
360.3324101412602 271.1519861650262 329.589214079309
369.2504209939783 268.2170780858949 329.7107124754523
374.2770668898965 265.39835248926653 333.26434584102503
383.65032165009154 261.51823799193835 326.786623434355
387.2408555647655 260.5767929636346 325.26287665768814
385.4974932098472 252.40828125951955 326.0511575442008
391.94139292604797 257.88687189689 320.9368623541325
393.71459729482444 253.17044927755808 316.19686425591624
396.02164248192673 255.65372385889938 306.4087937729726
396.3981106067582 264.12146586692785 303.3178290194851
396.14827001308254 257.58089872731983 300.45278280940863
393.75758166773454 251.9466799648653 294.5119634901923
384.26818775148246 259.9741625333271 298.4444828570693
376.84647881059027 269.58406628231546 304.67577483055624
372.9067589353313 261.6681514713691 305.35483058979736
363.3841261500771 257.6305990485954 315.266342527253
366.75481179569414 257.7393703722037 323.70271093216377
361.657859216716 249.69011056402815 323.3882125359123
355.1009164933032 250.46511728913325 319.7511237791295
363.15435008008086 240.61337415655632 322.19042364254426
356.8792873933088 244.1211431298959 319.9405128394357
363.7702031865556 252.25701878491736 328.5153603308414
361.0657970488446 261.755130802974 337.33086829241586
359.4447606718148 270.3705072341076 334.32011969397206
358.889461885925 279.01016740823945 338.6571440101553
364.26198125393466 272.9164775041442 346.44635670675365
359.36748588695593 282.213046315311 341.7772025156443
355.94474978743403 276.20955769417566 336.1510097251771
347.6566524001706 276.5289134791957 327.1467850637487
347.06145432669126 272.3923037076346 321.0412078855618
354.4690095170465 269.4490376499744 323.4535251813104
361.557502441107 265.1086095507898 327.5076455707132
365.1897819548396 273.01799841416744 326.72745333890015
355.8247939209138 265.00193351193934 325.824631417132
351.05032340132004 273.7084269888989 327.9742604167392
344.4733773728663 265.1850494258528 319.59768901756695
354.27040267174385 263.8925065493783 329.0518821235433
354.6642721790964 269.24226127434724 335.61065175611463
354.4875360811824 273.7311272003014 334.68576215862396
356.3673245680655 273.2892837656631 327.3565946552699
354.69687901366206 269.44848007861975 320.7693079265646
351.1724320183828 268.14253071275397 314.2634386530345
351.9871868024328 273.15177029862343 309.08233151278597
348.83858666685603 265.5940903136057 309.4674723497415
342.5583552975344 273.8521540600533 304.60763994020147
335.0808364419972 281.0157619070074 305.40012414240874
331.44838570014326 282.22963052554474 300.37413900613774
325.07455931668915 275.9770663365739 303.37393885223196
334.62162578111105 284.21658101972235 310.0249201761157
327.9078370170499 280.22421406586403 314.8199331944112
328.8579824968372 278.3028273477956 318.1276352485562
326.7343025938259 287.5845895858271 312.2386926889327
333.5232314985253 290.98276036468013 312.855198848796
328.55340729208245 285.6695860865595 310.4055684409603
335.44108844044734 289.15175686196176 310.9230320254399
342.499122985457 279.23330386882543 312.6084250389821
340.3655677635315 270.57288371753646 307.57233066751195
350.18331586290617 269.58985202825966 302.3418045246142
359.71020345669996 264.26444231339065 302.3439037791723
360.6412324730513 256.94905525657856 295.24586427003936
355.84739479218194 263.9974509546151 292.180622247944
346.6755665625878 263.4611384055997 283.750468284122
354.6731173175962 255.39840093122112 288.2042571166452
357.4815919647375 257.5441958275119 291.5738286595374
359.05585691652226 259.9006573066269 289.20077448073806
366.6770765232208 251.01171497204686 297.33097985792625
362.8621795619997 254.8987610564218 299.0288885471926
361.07257255139126 248.1643493130937 295.078184822662
355.3983384922488 242.58900621334135 299.2620417396962
363.2431648231695 233.87992640011504 297.11139818146387
360.5772262774209 229.16945750950663 292.3782175797905
353.9282458459291 237.0134123147946 288.4252373043125
360.35043104168926 230.39498959970715 293.22899439572586
359.2489654777105 235.7082593157808 303.1882440562317
353.28472510594133 233.66608154703516 302.9505516250001
348.65490096615036 243.45413352163237 294.7835704249132
348.28934947250747 252.0698496364849 285.87121198740005
342.0894575811947 247.29858840822135 290.2304014678604
339.29557044895284 241.85652537666465 296.6542400901772
339.21769549988153 250.7704765686559 291.11962014739663
346.16191436115776 247.6565005427811 290.7851223908489
355.63347051680086 239.81768333317717 286.7107727420717
358.2481508399273 233.50579487371797 293.25645023239395
348.91492028495105 231.80253398647434 291.0544208829026
348.6594166898792 238.51990476769672 293.5056604782405
341.3038837226312 238.01048569046472 294.56656333192825
336.96038570329654 229.02460214567597 288.8977376892987
335.3063008135144 224.6509408168339 296.609553281191
326.6487289203047 220.78678117567952 300.16310922430273
323.66862086149126 215.77971781415445 301.5551900669004
322.2364123312676 212.4939620329832 300.1805011492764
321.64419408166634 204.8539046257938 291.26965398065215
312.43130614175976 205.76507251815852 285.79984152245316
309.4451064314386 201.6352696262051 279.9951475194756
301.1962966068507 201.24328774161097 279.3275063532791
301.8259525859628 210.25745541570618 270.03663139782867
299.605176339786 208.74962073441748 272.40319101893476
295.75799924957073 205.63341134652072 271.81466766747167
297.9483103666199 199.62136635389442 273.41776765240786
295.0797796526743 192.5728363945054 274.9122371512169
290.5520569950233 199.1480020363819 276.0293347369242
287.1895254084296 206.22877997588142 282.2196662127879
283.1171799487248 197.0913699976807 282.2403662050552
292.36027221623675 199.50743412278592 275.36476538111725
296.5389447934917 200.95479787470842 278.10924858464796
299.5856778515574 192.05061425403474 279.6911571782758
299.89248984489933 190.11033456033306 278.7895591284718
305.8408502798908 196.43215407616253 281.0380222153505
299.35100355094943 199.28305406373877 281.2334990799619
294.45277530538783 206.8252270054711 275.43200197837905
297.58239870368783 203.35584492076444 265.7576883261558
295.912998062747 202.98120516066402 256.38856118358234
288.94701901401413 210.86870414243978 256.2989693255856
281.3928357734706 214.21342918519082 263.1254559203977
287.0702245402085 209.37241941476418 268.091579846603
285.78404730576665 208.35512862349248 263.3852687993152
277.9680432517373 201.41247853823177 260.5424945875256
282.74084951303087 199.39112396804347 261.97319630164856
292.29103510355736 191.255116117595 261.780863710926
293.6154173109742 189.5901198584933 265.30695560149235
298.74497123122194 195.71304906713473 262.28185558061875
296.6782768928139 195.164978841775 252.69867280015512
291.7045536537425 189.68204454925316 252.72451577708378
282.0883102874869 198.3782950066592 256.3905184591067
288.759028882167 192.3936090641966 248.86626773300964
296.5768324495648 199.84665460480647 240.60649909355223
292.24600028570524 207.1110604678385 238.73562568540743
301.15079466995684 212.63836373830281 241.5876824469735
310.46137956207843 221.3215799431418 247.66035139052076
315.60203533595603 230.52747072427707 237.71602317744885
320.8884662920588 236.06144771765685 235.9547072390348
329.7919898572094 244.5031792846066 237.99959044157276
329.0197182785306 239.03862501663173 242.086740338057
320.8042717340945 240.1054588393517 232.4147095177676
316.9022227925954 243.09944235743845 240.09768614923826
317.06819030777405 240.02377888166905 233.052654163549
310.9477722889594 235.37862875137736 237.147319007023
305.0690445884116 228.16492396900762 241.7640003627932
314.211604001962 221.40789880530414 237.33687606420094
315.384686366069 224.69651737858933 233.06743880954582
325.21199515045845 220.3438003747719 227.00714923170185
326.0402837662755 212.00458512660848 218.08758047348206
318.2100684560584 214.51666987532263 212.94030536149978
324.23818802631337 209.1789663986728 209.636338779303
322.93168789596103 204.53540142756725 217.57759223611959
323.40337979007984 213.42709835426078 222.33659090635408
331.90687193492346 222.81893264497288 229.52775774330186
337.4860958956426 230.29176596282144 221.2385232683854
340.2419206483091 236.4900271616137 227.8353997918492
342.95642013639474 234.89247773008577 237.28438116877783
344.5774875573584 239.29898590763796 241.67715989387577
352.26924403704817 247.53941796472603 248.20638374242574
353.10981185806736 241.78611615309558 254.69765771581567
360.3400426232469 242.57925149693838 249.52219483890664
367.3813405133133 250.22423134041006 250.2780690646185
357.70127069965156 259.9976095311131 245.1358130563756
362.27958314592047 259.2014885395285 248.750961397507
356.65119885254995 260.8135863473261 248.99044036907333
352.42477319237616 263.51783807239735 254.53891549535274
353.7909276077296 254.47106228057183 263.1540319715896
355.07992366321224 249.18884208490695 268.0161162932484
349.5160669068436 253.31195457869376 266.8696085227092
347.0201896519458 254.30534917914608 274.59562043231597
343.1315238032936 262.70777773348317 281.61080613309554
340.51276214823804 258.42493953968597 273.76629718289394
347.66982615631133 261.3521500180649 278.90549448074245
343.0803677875757 262.04152426105134 271.8067014044294
350.87459889673585 267.9553584541662 274.38885355691735
345.8765615870564 277.29027325524527 269.5279848451862
353.860487898305 274.56183876075903 265.1835498543338
352.4466061749144 275.0135160854341 268.0505143606395
361.23890695107485 284.5827432626474 273.58837141682415
362.17129389174323 274.87260282487074 268.6816925510444
355.8491691226184 267.3175870816621 272.25632154744534
345.92850786047893 276.5238363503924 276.6116448656047
344.0113196429117 272.1200651222632 280.47740306801506
335.9479074378666 281.70282046042985 271.453293029118
327.9418481982326 285.65427339892176 278.63292134846307
322.0921495380169 286.62912992832037 287.58707986033994
323.0153023438734 291.0499937663279 282.5871679668604
329.4872946190017 283.7372877832519 281.6458380066807
337.5959363996475 276.3299293864789 290.3934984203965
336.7548075234397 282.17237105552596 288.11060121417034
329.47456372192283 287.683113844395 290.87298467097565
337.90385971567326 296.5189450216276 293.6854031626412
338.2874607307575 296.9884793765747 284.61210628950596
342.38609706205887 306.3081957061164 287.8601762559804
351.39250066872705 315.6071687330146 284.72061989108335
353.17894364838793 308.73118864960975 284.20539000333844
355.0237692725123 317.2387750832775 292.2771116549055
346.76306487034503 323.88679060744255 296.52199412990893
345.5218329245168 327.05353111840196 299.2468409880052
350.0731504054279 332.6929440996257 296.7872471028928
359.44643774311606 325.88910439464786 305.62110952706655
353.10827723829226 335.7060656160557 307.86246115715124
360.9252308615775 341.6253256880092 312.6470402089582
356.10516456610605 333.7526250072461 305.13802608062855
364.50951602677816 335.94380274405125 314.7499411403405
371.8426926458698 326.2344065280566 322.4203595245459
375.72718248630156 330.66535820169986 321.90659951370753
379.15446889434094 327.9224408201588 313.7820201070851
369.53357333565225 331.5825156009146 319.21099999689875
371.6720435078046 327.9732443199675 328.8130280340114
366.0907859746962 328.54392767012365 320.79778213500623
374.7678893288387 321.4459473062617 325.4834757477508
369.72483220647314 323.5626286961409 321.7030753314038
369.39106151454394 314.79587066024595 313.35862430864654
370.9574647916068 310.3373065081608 317.6702013340427
365.60191675803145 303.1542847096154 321.7523369412203
361.1376072378461 304.87015312613494 312.5631430916535
355.1385365119352 295.24356090412243 320.06475894689316
351.9821138858048 298.13441984777523 323.7087486799049
360.08520339770473 306.64426653617664 321.41002319971506
361.63206445568886 300.3310262688397 327.58933015522575
355.62174026404244 302.8936058425692 330.66417036325174
348.1223522325652 300.7845508408365 329.1337701506848
346.2705821935418 293.77746930483175 320.5313743406545
355.882625532873 285.3424770304681 315.883296864856
349.25193634996145 276.2699326300822 315.1908058523543
358.3179454159169 281.91949230335166 309.56415615947407
357.8318508857498 273.54878161620366 310.76032435315375
353.9716853670665 267.519595765543 303.9409774299095
355.41078247184146 262.71008383791093 297.6015240694781
347.8857511411308 267.5770989995329 297.1358247995905
340.83720471731215 271.18982133690156 291.19336362181167
335.9986872527587 267.1880075874 297.50513853709805
330.6770213706555 274.569441582015 295.28284592173486
326.69261610524023 282.21301761494175 295.6954168662405
330.95252733322025 279.2637891589989 300.94713189028084
332.1523575260833 274.2521513051192 292.0322046857269
325.78223344740763 276.7743162078077 296.9307778550365
318.38644879724455 280.35317620667246 299.8487696440276
318.2501891479403 285.60073724400854 295.0440179349681
314.405184158623 280.4533304468289 297.41859810598044
312.4740396502586 270.62224719138777 300.02429679065244
321.24115275427226 266.87505187457157 290.9532059723458
326.6494863404037 263.905694529483 299.032536650035
317.89933149013694 265.21741162056406 295.0836678654095
312.73238688767555 256.56686075590045 294.9816575344584
320.4824400667127 253.78260782972094 286.28011455673845
317.51231302122926 254.57557152434768 293.39700707144567
326.39690429170355 263.06356640777165 296.4555293321269
319.2439883905225 267.402088530211 304.9466727390166
309.7859009689496 264.0538211721337 301.36898041575836
313.0753343804904 261.3336322514214 304.22802558901475
321.4139702556157 267.0076690612295 313.31071658274817
321.90119884055895 263.7399996177051 314.186232590528
325.7843985621386 261.1067582838171 311.85485637192625
326.72570414160106 252.55488321715927 308.3722567632185
317.05835887132685 245.01333725987448 314.9642767286932
313.6273189537649 249.35016318438653 307.88279235987847
304.3684560026983 241.8976916413327 314.3700186005075
308.2656445770578 233.58038550305173 309.7906273623067
307.2854346172089 240.86799989972758 311.90331866598723
304.63473620198937 247.9061421440693 307.2057636682825
310.4169484316125 248.6314297313103 316.05419401932096
312.0470750569067 253.66056949102128 318.47963664574695
310.28800624616866 249.21719213015825 318.40352668757396
302.9746178384557 252.21346279151055 327.0052627933272
302.5884614059438 255.04873112377874 330.3571294730239
312.0273519231439 258.78236688030074 338.34702521704673
308.25959534038446 264.8576248276533 332.18282898160055
315.0954106979524 255.99715352336207 334.7326691863568
315.0999123176319 255.98927306406063 336.9936388716083
320.40885002069035 264.53928517996997 332.4648328100307
312.0991331140365 269.4372957940012 323.3764474901071
321.27303222029866 277.741365555484 317.23082527264097
318.3990766455479 272.08674533770943 308.79113044678945
318.6794201935305 263.8752505838613 305.2431190751345
313.83881665799845 254.44659622767043 312.90551225021255
306.0097886393503 246.8732929184454 302.962535651041
315.9905378848454 250.63828356386279 311.96762104318924
321.04263131224957 247.62765697735642 311.36476645324296
326.64348783306883 238.88091206902942 310.3041980479512
317.0765365735122 245.92812788147936 316.4349715158767
314.35469336633355 252.18582015767493 320.6004351615869
309.9346533219486 260.28501691087075 317.95366802684794
317.06342570318566 265.7850780719974 313.9646176843997
310.814530913257 269.90570700956215 303.9679594524038
313.83012571482953 262.8341144027839 301.01495821057534
307.33993348657793 267.26906103751463 292.0700318515924
316.70520351911676 274.54452950890317 283.95815503427934
323.20923123332585 273.74784228347374 285.7771379725105
319.92451103169225 281.8484902144057 278.9455300327169
323.07351579941616 288.3670180841791 288.3358531144726
318.55929885587886 284.8931354171087 290.4581743464945
316.4163675447763 291.17623710177315 287.7701038026515
319.91392261378263 295.7952661103049 296.5880940549226
327.60566100859165 295.6537153679424 306.5790305246557
327.36730954203847 293.92205265264755 310.4988043552707
319.0617860031679 287.0877121574178 316.3049514923436
317.49384693319615 294.96250401594614 316.3770596360556
319.2437271260205 300.7882658837791 315.08474246917416
312.6541790498165 307.7768960082708 309.14597344406195
306.7183075527385 312.0014147587065 299.41671544031533
300.1653579291242 321.3590748841781 303.3814467067645
305.3305574468415 312.0031382189844 304.3438302924922
314.98700840177827 311.7640924357427 299.9687456189016
320.6095947142379 307.59812281872485 292.69396328336825
319.6090906295899 317.25006577392907 297.2124643932577
318.5086676392177 319.85471868834884 287.48302464668825
314.5193610280292 312.8808450502763 277.98929685382916
314.6060688152208 317.07587312950074 287.03494811686505
306.25652173290496 322.5084816386953 281.72533932970083
312.4402290086148 317.86785290764703 283.320460003116
307.07796085086295 314.95340188289674 287.83869465792907
304.54321511685134 322.9811699228271 293.7862175568007
299.1207079128895 324.2993555944186 292.5175667280091
306.953688271099 315.8713706874025 282.87594564484795
309.30547786982265 316.9381474665697 285.1197576662577
300.52524624855704 316.4507932708812 276.0045475672116
308.7537470378585 319.19539084506596 269.8354336550318
298.93338719544187 310.9230511728825 274.2301122410393
289.74245735612965 308.7558953487228 278.81965675998987
289.38281757518286 303.3302649681196 274.9545500473332
293.8340233992116 312.3808741650887 270.263739642704
295.672276669556 303.6431432314613 276.01807160623605
296.881759758964 303.2469904343452 267.38534748117166
299.67551700219946 307.8119832080482 277.28936674608906
303.0277326555902 302.3965864062126 272.71876055924616
298.23312164800063 299.0690232797471 270.2804628800528
307.0363001718586 307.7084623823591 280.0665916508272
298.50524761067135 309.16180480088764 278.1145590207861
307.72526390302727 303.66910039208585 275.6990086691485
314.06265472653547 299.4869304219824 272.1899869983468
323.3557558822992 293.6798954656506 267.59509962558377
323.848628374097 284.68363331698663 269.92847538703313
331.84014052079766 293.2597157738122 270.43716724540604
325.6337472650888 283.66218389569195 263.832143803599
327.49029751116484 287.1104086384083 269.56237743871606
325.8641221131765 290.87956905760495 264.3573201094649
317.4660047767409 282.36052415598954 258.405962380477
311.36294794623706 289.2253329343971 254.54960469452067
318.55512333684055 293.21846742235056 249.9446077327836
315.2150640221774 300.1919665549729 248.60586728186817
311.414865702434 305.5185396884844 245.66956366561334
320.57682597351265 305.6491368805487 243.06233644026534
318.3447600597326 306.93371276931083 236.54907688083802
316.8578592392308 311.04075198466063 227.72344451771838
319.93484686743983 301.5605377614289 218.2909681139923
322.1661607006107 303.8499078301536 228.1434889580821
327.4008090398089 305.625395852869 224.40661332392327
336.5904064442225 296.15468902610456 218.83032906205318
336.95903123432873 302.63047752262304 216.44177701837563
335.27923169935957 302.30520044374464 210.32624600305377
329.4831782273797 312.1387354811787 205.43574255997316
328.30274394284737 310.5580969165131 200.1841052988297
325.7398511471691 315.9137420909133 198.40143505847206
335.1817583502379 306.6240344490723 189.8551645023824
325.75044576283614 309.93346635614813 195.58659487195737
332.3004024183698 319.3061086630212 205.4600330462749
334.89108539700845 317.62029453284754 197.46414650183908
338.37636977813463 314.0848009701204 206.26515896395995
341.41212723441555 321.12735305364936 206.18805673575875
337.73163920607476 328.1876076729864 205.57585248252545
330.05707495292364 331.2467010278694 213.88382174235332
334.4343308840514 331.74063301338975 203.9033145596778
332.0066472064163 338.7401916410384 201.65057056521957
339.1758703241079 346.7925398916964 199.41781571583752
344.4593472302223 350.52712542426616 205.60386820709834
345.37986039752514 357.8084214898435 213.54940211967147
339.63780892912666 351.83591395456983 206.57314585713542
332.93099256052955 355.6746290920797 197.98684743776766
324.5289071372071 360.8435271178465 207.60500896242627
324.86660042471925 368.45136609371264 199.47886858719846
330.00809919440064 362.3506135446195 204.62382670207015
331.04097362284335 356.83265312729634 209.9655995029324
331.1131449175147 359.7583298931132 216.47347053258545
337.2788690150145 365.29396257455227 207.62453352759692
342.11665866621564 362.30188218158906 210.72832743220914
333.7741486788232 366.22024913301306 206.30739653795317
335.49959804340455 370.6570859400123 212.44177601784259
342.7043271631097 361.15654600157706 205.9847602938204
338.0717914322823 363.7312719988713 198.02804131304455
337.43285240940025 363.19845115914495 203.76913302561925
328.3430487677963 356.5711945655142 196.67437998707655
328.4939838556978 362.1446562591657 192.6797736316983
329.24913729144475 357.4858213808327 197.10852789833336
321.2322165855397 349.7739229460051 188.1751205034475
318.6353730702377 344.47192645693093 191.51750619220348
310.1581077627102 342.17050969174244 187.86311945056835
304.0688002728083 342.0443838409201 179.02684751228347
305.0263553832175 339.54850546471556 181.7472914676532
299.1035599647965 335.05727385129893 185.98988713155984
308.6825420224032 331.6477486181342 184.80002166168697
307.26652268056125 332.66935253113155 193.40473527119948
316.32503596669176 328.8550985324611 198.48316973434208
320.4513725204206 333.60840669316883 194.91366492966148
329.3893598415127 338.83728725932 198.6449902114338
327.53520311003535 339.79691792615665 189.13379391795024
323.0784788164345 333.06835690629623 192.91896257732378
325.72426904803194 329.09996478268084 197.97550786796097
334.0865717975046 333.7567790713305 204.0841410372371
338.2441833049959 330.6769137325565 204.00811911460863
332.03389062946263 322.0667739127866 206.4866812947457
338.8519869819309 320.1089360069347 209.2140553529996
348.0855350827452 319.97695085876353 199.83034237356014
338.5033780262381 314.8950326379713 198.7203918902038
337.4370557746477 308.70957180652726 202.74896019432128
335.98499488700736 318.4840142846481 203.8225659958676
333.2268957850279 317.3813290163424 205.81237883464897
323.2851953467206 327.20574768638664 209.28094335036306
321.6362804359042 330.2646259940469 206.58975829947485
331.2400170728079 322.5511162941805 216.19661469300343
333.1308914286174 331.48722550595414 219.0570344625679
336.94441509795996 327.5657096123934 228.07044699089786
346.0802387905494 322.0337475947389 225.58673964286928
337.9174233431779 316.8188790093601 215.77805991927744
344.3621475095381 326.75380952625176 222.1131507332071
341.03294136808535 331.68133485044143 219.41144606760938
337.8264526961473 338.92131548062036 210.11742749224825
329.2334451613709 336.37293503216006 205.85382135029113
337.98844661030324 345.5044188788233 215.84868576465257
343.2774423129087 337.19381858212296 208.02672403458575
346.7379054729473 342.50263719713456 202.41720931934736
343.9818402592971 332.7911790602375 208.843116712815
339.2279719808063 331.0664905206355 202.29971447991494
334.38298730266075 332.8771322507749 202.36590693801688
336.0168763578654 333.72079744265494 205.5239173336506
328.38109972037194 342.16879461175057 212.4788226673028
335.74607729753075 350.35899443857016 222.34893239494642
328.7913024000974 347.08019383703487 227.50106922798435
321.5479019499355 344.6979339558649 219.72181978963872
312.24348978249526 339.69344401261486 215.03196646796363
303.76216336231835 335.55387258137193 212.17491322581205
308.9307990727082 330.8022801677524 212.90552585169354
301.21693310001734 336.64012066784494 214.26962491546712
304.3537900148382 334.4442055156904 213.1749993733367
301.49635993338376 324.8086382434593 210.79048941331143
305.24518329933994 326.3337423554768 215.39744380423792
302.7884947559912 325.1042157917952 209.87491269992753
295.12430183324545 319.8254670957846 213.22352134425094
294.5280419255555 313.31926285095443 207.11485686626668
292.2375398827056 303.6025085271559 212.45776903007544
287.37060089839594 294.8607574795763 209.69942175378122
280.81583459891925 296.91224890968346 203.2403321505729
284.3298574120123 288.6578284612129 200.73792750869796
293.97069032625706 279.7068264032486 200.84913324788633
285.31403611934434 278.7446951371143 207.2767167333415
293.65592410319977 272.58208432745704 213.98674308392083
284.31957411747874 276.7194381658121 223.41805271746674
278.4381228887934 269.84797855357806 232.4391477614507
285.39831236124604 262.5265241634005 225.23855921705209
275.6107026663756 262.51246406331467 230.01724033098319
285.43619591999663 262.5784496662334 232.0110839945511
280.460322057663 265.68905378480946 223.42745270910896
281.55234835589414 258.6270577782877 215.70835803453656
287.875828613876 266.5163426153525 217.90246650164752
286.85447208450927 266.8890908852317 227.82415433070116
279.66993995630537 270.3144612776915 219.1829104514448
282.7578229926617 276.85668893695527 220.320565862159
273.52360925379764 280.14494175888603 212.54088935689768
273.12573437509025 282.7395913968313 210.17152644068818
266.10921888794576 273.8041353442794 207.34934596703744
266.18448828408685 270.11799183716664 200.16397591192805
272.9020958770892 278.30073357500754 203.11024290799446
268.7787741740081 270.17812671588024 205.23914873075506
263.12036755944195 272.95004333446457 197.75609264146283
258.08303364431725 266.33458310295634 205.15023946265208
258.9263702825257 272.0565273080449 200.3410877045968
254.2160830596669 266.54643980279155 204.68612249267966
262.3023558414689 259.8224161378315 195.5552942592065
254.93809853055046 265.5144131333295 188.44546165882895
255.69931145838174 273.178420026982 188.98267869850673
252.65169578424985 281.41149185481817 190.7224865120818
249.9974428754138 290.4934951451169 188.25390557828652
251.4808925724595 280.82021387151457 189.9674182049608
259.2725061449416 275.5519454602086 182.3276308117869
254.08935701643537 273.3424578440761 181.96933654750515
256.471745091878 278.234895632549 187.382705576354
254.3834431563809 282.0029036203567 195.4037639145151
248.41062166700996 288.81014152752505 199.32531224292228
240.08532290397903 282.6103316476377 190.97214743103268
249.76324181396058 279.4096307937649 190.22453308423792
241.17278767902528 273.58067319911527 194.12748278777627
246.75805707858032 270.9108214744988 191.4598415814919
245.3502352205881 276.07158114060525 188.01906638472946
238.29528246466543 280.20649257373515 180.3437421425149
230.72395643096402 274.57673660082014 172.38395359969434
237.92676771841076 277.59211245700556 165.0403651622996
236.27371276063468 271.6872819856873 160.7346827637683
235.37329765828287 275.92964211725524 151.48914832826142
226.23827783100307 272.8748111463017 155.20746667493384
225.7163299612795 271.9590538517189 159.37718976063613
227.7333450276108 268.36512495317567 159.79019959134195
231.64262248890478 277.149926663584 149.8816334038048
222.63383400455055 280.33560224935013 144.52155895750482
217.39850474193867 286.68258087409583 144.0427887162468
223.6755981229021 292.0141401994218 138.43259026721594
224.25755021841516 293.7325149039315 145.5228855113225
219.9307736394315 291.04213346680575 150.90838187327782
223.82147310705912 284.3931377574952 143.93279884243336
224.6826888059215 293.40611254325336 148.9991469788891
230.93487980195044 302.6232307558077 151.00415028636633
234.30710820563814 297.99047365066355 142.32477744081464
224.88509538776867 301.3859217403893 150.42491829575903
231.9860626828036 295.3799417856118 142.3550691226935
234.2351459101018 291.80639296998544 142.63198988385628
231.1695814075045 285.3321104231078 136.9042388789845
229.7960103867999 291.37021005706356 144.52855232875137
239.52643984499073 300.0792095781841 145.43061021825247
234.83092407886306 301.07032958113206 142.58641507225204
227.1684679561018 300.6515646621473 132.6269694132273
227.634889968495 294.49976277395155 138.85971452550714
221.43528904728583 288.32486239406245 129.7015628200158
215.13827494467841 296.98551436364 134.94976253612495
210.59746544831597 295.628086721001 125.41266471296497
201.2761970596576 292.29391470680855 119.8575337137602
199.6280206138868 301.697639734171 116.78663349068812
191.11755851713937 299.3070156291166 111.80281105566618
181.7695827125095 299.2229530142122 119.8137218369977
189.18219911910018 296.9474244094097 115.66835822670572
193.05807782373722 293.463298468826 119.12286098698436
200.96511482219796 301.6107713263708 114.17136076959328
206.63161517225785 299.59940259938367 111.33917693008466
203.01638531566647 293.6194640696269 120.39042231075462
203.35775153995604 296.25856447744326 126.34754277018824
211.96229244817818 291.24301450502725 118.65824775752213
218.83948151076316 298.41249362011405 109.05067084610151
222.59775698614064 289.2594933620807 116.24231925709067
223.25257931736962 297.33769490007495 119.55093433597571
232.34655965612026 298.5390274135713 126.8287354299094
231.8744758843037 290.48892715175293 133.49285185955912
221.87790412025637 296.6186115370217 123.68292296207608
219.3144651424031 302.9480579648507 120.45376895589192
214.00649511241747 302.8989286482092 128.08012555619797
207.01502236825368 296.80524461541813 125.0685702842995
208.11040478845408 302.5900802282237 135.03431525712847
216.50959088381623 307.04486613472477 135.34763820343454
213.9306922677682 302.40806021661325 139.06070769463048
219.87805193454935 305.7307904815424 143.15258915724814
215.49295631782175 310.7727385926925 149.03707039846765
223.43782737550177 313.42314835849083 148.84683984801964
215.78715709104418 312.61025043296996 153.91354437652197
223.08928604781286 315.6741162862551 149.89656177368707
214.22608783758446 323.69162303633277 155.86030948365507
215.42314424360282 316.45555599735786 155.58530045343846
209.9808395839775 321.9391295259747 152.58689052894485
202.14037693558902 324.7247436278107 157.27357853247312
198.5453085678968 322.73950856023566 158.43959846056626
205.8405554781847 315.59196287289296 165.7057418144915
215.818304289643 318.8208228109639 170.34499365361322
221.14258145730116 311.04834741113064 163.27446746754978
212.22304592119832 304.8404372351396 166.07121218856142
215.87773569246 302.19596540539567 165.8777585529777
206.763875150954 303.1366954986331 159.1694557501923
210.1479539970436 299.48748085631405 152.03664392677607
200.36618215592054 294.2481170075645 151.67181210463272
201.14650575066466 299.846112323203 151.04997023811922
196.72619750130283 304.834318148626 158.98810328129807
189.24747279232912 294.9436289018943 159.47504963931658
182.34542612432722 291.8585750930494 157.04034674857616
188.3646724005022 290.51838455376986 159.77660017453755
195.4089641066445 282.13743962815283 155.82312001075508
201.16067701261136 288.163489919921 161.05993777559695
198.576869023923 296.8577560144648 167.10821030446843
194.89853224358646 287.7491997612988 166.57560294410035
196.3811736516855 282.37272586865816 156.70551600405213
200.7808254957609 280.2110902485295 150.3915578412544
196.7700061257043 280.79474961859074 142.84657543305562
193.90022707409722 272.3080174641472 139.01012154813395
193.66865873102063 267.2230588058335 133.521377214401
202.55203013640661 261.23762848422365 137.66210531911875
201.34398964118773 252.00159138088142 145.24353836149496
199.41709631453432 248.07496817054403 145.54979564831095
199.38122676552794 255.4770661811374 144.4485964490646
201.84390906012766 258.5296036041072 153.33743119879236
193.1725879831222 250.90386248442383 163.07522181749286
186.85753977445853 243.5908282144384 161.8692721898833
196.2792200235351 236.0684971060221 161.75817989908407
200.81700834876713 242.10992499786062 166.68854355002807
199.65651041063558 246.1778953071135 165.94601796936453
209.51717288889938 237.0142202214571 171.55750062930358
214.4243452052512 232.38605053791187 176.96577360718712
218.4191204424318 235.77229360210274 182.83793858493317
219.37280007069063 245.52828609045247 190.7632812010016
227.87712567505375 246.91474584151862 190.81786805975167
226.87970171727233 237.44027356059036 188.64727975198332
220.62859929699115 237.29010963182338 197.68931149499394
214.58169275693993 243.53336541625342 195.03183070153688
224.43676761543324 246.3007857199901 186.81418149411468
222.26815984567583 237.7794915211065 185.90282087300636
222.15180014255182 231.63114021690376 181.07332893766747
227.62477833203326 240.66722948848266 180.9683974076713
231.9047853822326 234.47067032202978 177.05327344259607
236.50415493587593 242.51960469407538 183.77527987045022
230.89012455223934 238.16316306984908 186.4296246293699
237.23919367063516 239.3396161524116 189.19056237314345
240.18664498438355 239.20795767343492 196.86060426196377
230.98290023020365 234.58451756806332 195.11542341916748
238.95132304176505 242.38610872692576 187.92983556329116
235.39601880406957 249.50092601549457 181.38325262902833
231.02942672541377 242.33576690614206 188.3260005379248
224.4028786817676 240.04649687703787 190.38289619860336
215.4420076634131 244.27731534067732 191.53402960805946
205.6549538856272 241.0813262676368 192.44178369685122
213.20637921695436 233.0644801012007 190.7663081822829
209.7383035465014 237.58812072891865 198.79773975137041
206.86999113183975 234.24357052400143 206.31252637130777
212.23207408749803 224.73470339554999 206.65252190700951
220.40951534567162 221.7345561575433 207.16286818938968
226.1319502290037 227.47274905468586 198.1305954636853
223.23102510560255 220.66530014881224 205.02594373962222
224.7376317236074 211.3274964849041 213.92303813076973
218.34608150284495 219.61603517401724 211.75710917078828
208.56649091800534 212.16637520432414 221.49341056017934
215.2871130338626 205.32252496881313 231.47996941141196
206.43065379134745 209.85045764710674 226.68113976959455
209.50366077315232 215.8331486915941 234.72050173227635
200.41122684253452 219.56099684335592 234.82684348773356
200.17655699142222 225.48574933012898 238.21101794118
208.32439096097832 232.62531867949562 239.1161824972891
205.1464859080861 240.89725560968805 234.9677630574559
197.01883501931349 250.72366361341437 226.01956063189456
193.91778544171382 246.61252781074828 217.97288021662249
188.59178082113522 252.31663658954014 209.59038479569236
184.52159569573618 248.65174906356268 205.53742833483167
175.34671901511717 244.6222128455557 208.60793144505803
168.4588560785707 254.01091219244833 202.14839711650342
177.16781502025103 246.84690244575236 208.20183052529657
176.4383750369367 239.69160989950743 208.62395786713128
170.08105144127288 245.1479196161307 214.82585559112894
174.71562894075836 245.13422430105587 215.9760073565975
167.49513853642466 239.07236864563885 223.03641139602132
158.81862033266637 235.20224984073457 213.50735289804777
161.79875190638415 241.33797584559485 222.00144023247452
161.48420135132832 237.66872287224436 218.1896702986632
170.6088996213691 233.66506541668835 211.31722610492943
175.05674211115112 227.05795426186694 210.82647793291704
173.7316304072724 235.82493934062063 215.35958260075057
181.9538436163357 241.1612117686077 224.19529405463635
187.00565775739673 234.70021186420672 215.79786607878378
178.06441396060342 230.49375765405443 216.37052828817323
173.53984172950828 222.28244699833155 223.69203679727596
164.71378103042522 214.80907999364473 231.90355794569334
157.75429317555725 209.73829001235032 229.85131459701202
148.49738608439918 219.4902899677066 220.02731906531574
143.24828996472203 220.6542480969662 226.4928331803545
135.13426547999097 227.10566216346533 231.3225441910809
138.17391724408532 232.00234575734765 236.0002192283511
132.85635647428492 224.96068655962702 240.7724178412947
128.21899441601255 218.6225492948139 250.37520023842796
137.98915379863482 211.76502198192543 258.4780529044874
140.83791669652723 210.5584710164291 258.6569907575573
143.36843241484019 209.92082407996446 262.45456263215976
136.78602903585167 203.85877815176775 256.67742676367834
142.69462999338958 208.2790055905801 253.60602344476962
151.36587398257294 217.03854763251664 248.9503020801862
149.79557142307198 218.99106690963706 252.66107214472265
152.59776093444006 217.32976605736098 249.98480388687767
153.99998860036257 212.09129477081504 245.37904829651254
162.26958305956032 220.94258658702375 249.4489171871414
159.24377453478198 215.66287343726873 258.65632724035754
164.32663442708238 209.21257457796392 265.56797435580245
170.56054099727393 209.43678929804946 269.441609920643
168.90867566916765 219.07284032412736 263.03183177670456
174.55025575851175 211.35751234956206 256.34965508763054
181.75852821740122 209.6041776220487 256.0057652219515
190.40913709952113 215.74323021991844 248.8120001966989
192.4227884773492 207.35251037606628 246.1188454634235
191.88029465525162 206.91296654105304 237.10846377146274
199.50738967998166 207.33775435402328 229.5518096176649
195.3764139724927 207.80000000628382 230.5861996761923
186.11408868788408 204.13039899307347 240.08015517161323
177.37481130660012 208.86470192125537 246.25453816325003
175.99433104169606 202.17122126086983 247.01505680864048
167.85376126338085 206.6791776332547 242.13008103902231
161.4365276798249 200.57845955342228 241.28279609361522
165.43918229800798 203.48810728902868 242.6136778937343
170.11669929363552 209.38237461487935 236.13690557192535
162.61466516276684 212.44686130840677 244.77961530679994
168.30674032695592 211.54283047024867 253.68011211495633
168.35641748078106 219.78728968693665 251.70323309372415
165.00895618838848 214.5733610428141 259.071282421688
170.78236975116744 215.73867943577517 256.0066770714378
170.63974090130196 222.0259721461989 254.11232931151486
180.185503457028 224.95184028041817 262.7324533171031
189.629957029084 222.4129992019202 259.40060850972566
185.16594112248328 230.46380386935903 256.28025142892227
185.30554112320613 226.04937022634834 250.53146185727212
190.68425915943973 227.99259651835416 244.41302390269786
193.3309602473826 219.78904122862912 237.43463333641276
192.02203238195602 218.15910237241164 239.5253668197796
189.12105510083538 208.99119144051792 230.99208464269307
193.05949558576867 215.86105908391562 227.77446135484388
193.20574051168006 213.28388584736766 219.0035773614154
186.0347216091444 216.78837431878284 218.2992752497105
186.35793890001497 211.62245431954574 211.87307521436233
177.82753324552215 204.35589289181505 205.48558005085138
183.3185458481867 206.23612306879843 196.46431701916325
179.63553606213046 204.08211184327152 194.33146514182607
176.56526339781226 207.3295195217958 197.15074965844676
171.7891539000949 209.07104639690547 194.40262567364655
172.04686607372136 218.02898305381214 196.7382028168978
174.13239643809413 215.56358795232177 203.97634292356088
171.68316098170135 214.86665915422304 211.87142926824677
177.15195191893025 222.9806127643751 214.76003051174857
173.75929091627086 223.44909734037134 210.47227500980833
169.9758341055949 217.60259055135322 202.7445177858668
172.65934690651991 211.78721277710224 197.33842427960002
166.3323866270437 206.9078843300768 204.01959902432966
166.07795116353134 216.4369335553734 208.72834805613093
166.00486406118534 208.26649463733773 203.12837539806083
163.07292475795924 208.6004656701213 193.96098588583675
166.79915004878842 200.9537735368905 192.5204501875583
157.3238441897945 193.41950220163665 199.2419332648699
167.29514519447824 199.7794420337049 193.92063721761892
174.50303000730517 197.07667620756092 194.3052421604298
176.362546535643 206.77763944581295 188.40497678646562
179.0313696963316 203.48728201412504 182.73760703631942
169.07330758230836 200.38672186154437 183.34437984353661
164.65471220506578 194.58148622838706 192.27193207211434
170.98024762336092 197.601500347574 186.02542398216153
180.68613984689986 190.10410128429442 183.71953661877657
182.95103445125366 192.27957191257693 189.31731183762025
182.70784909640076 189.28245217221593 189.6830762691927
183.64268552729786 184.47034271229285 195.31459925052184
187.52936535341897 189.4967195649307 189.7004462863552
193.16590785733877 196.77110195481606 198.62504808018156
192.00927904527626 190.14905950427405 191.77098807842296
198.02650254463285 181.02686802076354 186.7545601322674
196.57403844146316 179.96394229222756 182.80391560295706
193.44791555992742 178.9756006997782 182.1614405439215
192.7495297271283 185.9128611369185 180.62826900002025
192.86325330025826 179.47473741140942 181.0888512642871
185.66381354682912 185.39101895240634 179.06474613280238
182.89661263069976 177.90510220513985 183.92950097749414
176.1259094536843 175.78236601763754 179.86063639131308
175.45638007354876 173.88944519987655 187.96369660591563
183.25467259371956 172.74720980622266 190.40329766882965
178.38125434120164 174.4930723635927 191.42603080482783
177.71832020851943 180.19136110083565 193.62233508072072
174.22709004638207 178.73398877174174 191.8933676850011
180.9402027931285 185.22724246281092 197.95927437882938
188.41097646025597 191.58874870035652 204.51170807679136
40
352.2636240795466 256.75323842536625 311.3142320234487
365.85909815223874 248.12382906872662 325.22885102223796
351.7833482647138 253.94920226068157 323.96198534630105
359.23784879925404 247.39354013103267 332.63012314047074
370.7596617452847 263.89442227538814 329.4603011062165
350.1316714705944 271.65476072043316 339.372713256491
368.08808095070015 287.7007473222722 340.84220842669646
359.8340124170767 262.959684540729 346.33808284997104
356.36798518454606 274.91842530315154 333.75618915928254
348.65741736757974 282.0144680344275 329.56694370447696
343.03812254433893 269.6383386299024 318.63787046840093
340.18556200688494 262.8673493504094 324.46201601933535
358.8340932772444 276.0006555328889 326.2560714783472
359.89910603867366 274.06778368875644 330.0857978048034
372.22743972876265 270.86906263090077 331.40996331659346
350.12816497251634 273.2219742377856 322.5351621975562
355.03953047138555 273.70561648278215 329.4041270098327
340.301079342977 257.78293233196086 314.42656114014636
345.3633396706207 268.2384340018932 319.30747256628354
356.29201788843085 265.60941418443326 338.87875797963477
349.3301298951839 280.5250999751645 329.6457723204153
348.4391910566676 273.86981363579474 329.070663638522
353.2302397642765 272.12727474366807 323.7712296376471
352.6284968487443 267.3274709818848 315.4987968171765
346.3950945548156 282.4302797122147 311.83204342501847
344.8256906462001 256.297845154421 314.4477872829239
349.23124682246055 264.83472716728545 298.4651171943612
330.5697389017685 284.71518643461513 301.62776025763395
330.33406673245725 284.30711175162764 292.54668575370744
331.8071600157699 280.1543633814214 295.34671542430385
328.44454313946756 276.54050747496836 314.8678297106151
325.5402934315817 276.13555936599823 315.03299651868156
334.37468841818344 279.61560055484756 325.91345953687147
330.4679998599222 286.0094112052017 309.64668737862985
326.5753034315819 290.0268579427061 307.0914603508093
333.5536595692112 293.33487569784285 314.6248755025989
340.58655847202607 281.9444882087093 311.6237096671882
350.5431150290736 285.34068110680346 307.28409485766883
343.0248147356297 274.65811738363846 304.77574232642496
353.14531060630947 261.5383467562937 292.5315415324938
