1000
449.2703413288444 152.92484185757075 373.4778294498558
458.4253684298121 160.20205429263797 368.971548510107
460.5589293694703 162.16910970859036 376.62040570790356
460.27021624706146 164.2933613813713 372.48472695957565
468.11360264121015 162.36289949699537 363.60570401096635
476.8254090498317 162.88079734627019 367.0700331241542
473.5119421807756 165.76635096558212 369.3986968865893
480.23167004871584 161.16774976791072 374.290944156974
488.1290426940742 161.7829527088199 366.6766613886616
494.11316237307085 171.0562434791185 371.2585446993758
491.22064164301383 178.0775923194378 368.0273614125849
483.2743713433158 185.9703837099733 364.75082855929696
485.763024458688 193.85741413554058 356.91166987494506
486.3482851464484 195.12224856707633 347.75921761550853
481.25739365399056 187.76144018538417 357.42572279276584
479.3805052966852 191.34805644486687 351.2102978449282
480.261355506026 185.42866760415146 348.51096634153606
485.86417018163496 180.45658448033743 346.9925980467644
491.6658402870528 183.54406796724334 354.52011214035696
487.1032897610624 180.05977626688656 357.0124019590419
485.3544229159111 189.56487042490156 354.46410533192386
489.2160267045891 187.56246716783926 364.1152172428847
498.97573977686534 185.34882359462105 368.9374879525979
503.0397587840451 190.64441304549433 370.596696673553
507.6177470530714 197.76522807076697 362.98413582524
509.8767720241772 197.3690167629629 357.01027196145105
512.4000371277795 200.25187337647128 362.4302519486197
511.8825244221202 207.28767092838928 355.28434833083634
516.982725201395 216.31693243950764 345.7238120579693
512.1018061944595 219.66845280238863 347.26044390604153
510.40747151142375 220.8771492229238 355.62636782264417
506.06613630878746 218.98406623108278 352.1984219249362
497.77326757007364 220.19437637473177 361.2139248593053
498.3991125516223 228.08042466278027 367.78913610053075
495.0734652318323 235.68754252280996 372.04804213473335
496.463172819107 228.71346658036776 377.7035407598243
500.2094682366249 227.81601425151814 387.1840729056022
499.3016485736436 229.93429178672247 388.7309087686626
493.065536364606 239.30418289241464 396.8400511856105
484.70911373542776 236.88294009089304 402.44724177155405
491.5851661232568 233.09278620323374 396.542744013968
489.445358807588 237.0825807400889 388.60739712075167
485.1903895279468 240.47072145976944 392.2028846666538
475.77800554712763 241.20934783252622 388.18518579419094
475.19391309408195 249.32053755948309 392.0815453245398
479.24101367377716 255.84716116231516 394.42048444513557
483.32509682792147 246.0154395121281 390.79480935670233
480.91404768258866 250.89669068901912 391.5501398789761
481.31206932807646 241.9354676744894 387.3786458945173
488.0251063847764 242.98378325623153 396.04258826466406
485.71570167181636 236.6326083366106 397.3247312695033
478.58758883899367 229.71235410181066 388.03637321669504
474.42333807945056 231.95355668385457 378.5651018521495
470.6816503408112 230.22019049918734 378.77079522958206
468.009245973748 228.49194697593913 374.4095682557287
464.4797582622789 222.9335337396245 384.3297046461448
471.7757905500746 223.76056118848228 390.562040648651
474.05423684923534 217.21833062185144 390.18295203014833
473.9456628891801 215.97802951744902 390.72163238702524
481.9817844861201 207.07992846541356 381.2629152877989
474.78177385460367 204.22246208324782 380.8524564108752
479.1037682519506 198.03204954052293 384.74134594040476
481.0214515166468 198.1775234886305 390.5949090856854
490.4100320551957 196.16683487667007 397.7106633567608
499.93613527335117 200.44921763198482 400.0775542289256
503.25762357263307 202.13664230109694 393.3934476518382
509.7969171124054 205.64361762725545 399.1488567420208
500.9081527728288 207.07705698926324 408.2378029808947
501.4449530058103 206.83938247328342 412.3601113466858
492.9459056513976 202.79142850231298 409.27551744289616
495.3518629736943 211.69194948703506 409.3379883683536
488.32948797130814 218.00487885133853 406.6405164037972
493.031873809343 209.1245855301947 411.1386160738162
496.6258203973903 201.03726565314423 417.3751962130703
493.97901989080196 193.68092524304308 420.1374597750648
493.47497500656834 193.82815653668226 420.4569632944849
496.3292786721599 190.70924882321663 426.69539831935504
497.3592863507429 198.295404548861 421.59129763023543
495.8803231914819 188.8832587095777 427.2426975726782
488.12173908320875 185.71300270066226 421.55002058678133
485.90333998974756 179.51808746447145 431.4266077370036
481.4516027410461 171.22953179679004 429.4447160189336
473.5761656915629 176.57216126632147 419.51095893661454
472.72522348378067 176.0211214948596 413.6332404565962
467.5341296829649 177.34211659105193 422.70589341728214
472.4830913868126 179.29168820434455 431.095725863476
470.03142261987495 170.76654076952704 424.3200365516279
474.8542948741813 179.15568611779975 425.9310834477179
469.70569255393264 186.29413164357342 430.7364045258745
472.72505935287745 194.62942954675412 436.72451288502003
475.26649532874575 197.65182784612557 443.0379071747368
479.58844874377166 188.25910558809798 448.78574753669704
470.9611366385531 180.593959599096 452.5758146382414
475.73059579722684 186.5023578390795 460.78752682203174
484.6105445322327 195.8425261863231 463.0257179629761
477.6697065095949 191.20883198345513 470.7211239590168
472.6023725073279 198.99264485512853 475.4320224415576
465.772115112637 195.5533623383814 482.19010856020765
465.3911090126588 203.2862305888232 475.5803702753628
465.0034791123697 205.3454548436141 480.7669989426123
471.454746059496 211.3853461945379 479.8237361598732
478.6473419847055 211.38042600987902 483.2528376335207
478.56527116323684 201.66291286440293 476.0051218836179
481.1750595641108 203.59904638468214 485.71249968042383
472.1241023265647 209.2001662627722 490.3646487525996
465.825198614357 204.77463140830528 483.2399238107704
466.87382026965355 196.54424328834855 487.05109725301884
473.1917218148689 194.4160324677925 481.33115118066536
481.8814690964425 184.6848000742324 483.2940851205529
486.93366990131096 182.8752283290232 492.6309107618325
482.65788537614134 174.36880981147465 497.5854934779499
476.58797038464263 172.7154303482401 498.8800504807033
471.5294681911107 174.48992659110084 501.4832487266095
475.20419341621704 181.07625498956935 504.8280119576201
477.8230807186665 182.79628046113257 509.9462434858204
485.8595736869746 178.90441505397695 500.6887640840212
492.9787362281779 183.57162310435527 496.4395152544991
496.67441418112907 177.04600108249548 504.7919330872247
496.076814428196 169.98528285695895 500.8090199962606
491.76721577852015 176.42504448202814 495.1714431340738
492.1619271245469 175.64594195192313 500.73973524012365
486.5735947642188 179.11889306813018 495.0942579882293
485.34362425912093 174.07530882871094 488.13401776514826
494.4959144137549 182.10224007184152 479.7577801960301
498.41378957096526 176.78614145747193 472.0564615176714
501.6973685424533 185.26501777681543 478.1700127977489
504.85515891942265 187.68329072018668 478.21089792403353
513.5743905521435 192.0633088119829 476.2498958431417
514.0956907377886 198.0685669594549 482.030632906147
516.9154827046019 197.91158779292704 476.59960062388217
510.58330512565374 197.15321915592463 480.1260755382031
520.1956546591106 199.85285630476005 471.4795055058536
514.6823390001156 194.29498847050954 477.4715245760698
517.2171217503962 188.25428808905508 475.88204150470654
508.60313373067225 190.65409462417685 482.24086637010004
511.2286479392323 187.643729129566 472.47306732374517
506.4371245853968 191.43588862416266 479.8246018801696
505.7166747922451 191.69270643763426 478.05033415765195
498.7828647468023 193.23562984980498 471.9039086356456
504.72356449818005 189.55614855803435 472.3797282581919
498.7712593548076 191.2961802434237 462.4132004102652
496.8407759689114 189.42758021314623 460.13117867054166
500.75443095643993 194.33421715078168 466.321519589395
494.60613288015026 195.37440621294644 470.5810149385661
496.57670342284626 186.940845133052 463.07764547210684
497.71287967142416 184.88165639324242 454.1656409873102
506.3077081755035 175.87515507769396 448.244091192397
496.73013404369397 170.46495108636543 451.70558307176617
491.11524994617986 170.56741755776324 449.79475072134596
482.0500905893609 178.53237589422105 458.7896011672906
476.63778293095555 175.435554469099 466.02278155107126
479.8417662319654 174.64044013917294 457.1397355014662
477.47717432536456 175.34144153657996 452.78054497939206
473.40245926609145 183.68419200399168 444.82254867007646
464.6285121011273 179.7990142171354 446.6957763664146
463.11097260815205 172.04552248960255 445.88398593758285
460.507394752099 173.5505119239349 436.3873188051797
453.1005934085438 168.72933244119923 437.76033851028063
450.3438577553389 167.24366072625875 442.9104021141128
441.45833833335445 168.53183447956434 450.0176573564427
448.7472586943564 165.29431083240445 454.6024280731942
439.45149476486495 160.7346007616807 446.4646812821203
433.1688657927799 154.24315489995797 443.64111311604046
427.5612567378631 149.39714525075863 434.0358618096206
431.5075474054498 142.98314930390768 438.7983364859855
438.9215534139315 143.26532867648228 446.6761278642756
435.11654017405056 134.18436793662502 456.3653398115014
429.64365249988595 135.13766924797068 457.07404214539247
429.4702027795298 143.6921253550163 451.1806377987135
438.8380713573719 152.52092696518972 458.92116109124646
439.71269275932207 150.45358611423953 456.06681378759345
431.34201168466336 149.89288789493736 460.9992268428891
425.71327337855104 149.44832992419893 456.8523466440541
426.77451184903066 145.46550139428444 466.22860595765513
429.55208746547333 140.08432674914854 460.1517540531855
430.0028034664687 131.10312945065908 457.2549000095629
432.5440513624726 133.66661239679928 463.62424913745616
436.34162103116677 140.02002251984925 468.67956054392283
445.3565076298071 140.45604404062598 473.7665247883239
440.32443696901834 144.3009159780191 470.0340333136221
434.27809160301473 139.32342401165363 460.88317903862725
440.05297076157115 145.22543536473924 453.2967960675465
440.27024947444215 140.15899211101208 452.2741499279709
432.6916941324886 136.6560617218408 457.23432556253704
426.3631397376956 132.97399206969453 461.50711091690636
424.3998200377746 130.26319863414815 453.78945672265087
426.5726732250396 132.53429722011387 463.28585948911524
433.550717856014 139.26608155581627 457.3855351289688
437.8542259738136 145.41967502861962 447.49725345276687
445.1471843715245 136.62350033527466 441.7216906876575
451.69285527414485 135.0331130537869 440.76885370545125
444.48376274691464 143.82422443037768 443.86590464852134
435.8699093581166 142.90433517750458 445.57781622441985
444.30666942632564 139.23877823230626 441.7931621131993
440.46900913151956 147.25764863742415 442.71125607408675
447.1563727218303 142.56751883527886 434.96123125800796
452.4696525403825 141.81931992111558 441.12434247559213
452.9837575554213 137.35877508124926 447.7008866844486
448.6234161726279 127.80096655774932 452.14573283426995
454.91584228923966 119.13324147752532 448.3470918112153
457.3184617496813 119.91079405939112 452.544081338589
458.1791518534117 122.87197602446366 459.4199900177923
461.8886237019448 131.58161118539147 468.37349765421885
466.6726058001731 128.14118752179138 461.21382093308995
473.64593131418263 124.17832842857558 453.2289327756971
471.97007850327117 132.29295042110337 446.3440914333412
470.8417757801656 122.96422946341718 437.50108359890896
462.57797681136265 116.85651428176605 441.383336976411
460.5392444577558 110.89028585526852 446.58176462558436
453.1205677481232 108.04307164437347 448.92615281067924
451.5356807204246 110.55801716333924 447.23512766733415
442.37495162494815 104.38550499709339 441.16785018977794
443.3911822960878 108.65364475000939 435.89809829805375
435.0251514456105 109.45176570862768 428.5718213468732
436.73531381649514 110.07615308508983 430.71084278321325
430.6730951254117 104.43550248729808 428.4924226924435
432.945909214257 95.97086518973727 419.24051350039696
439.12135244045146 93.42621962250256 424.6198901189383
431.3099998712567 90.72653805678264 418.15295019795616
439.70278454043284 99.93967832745922 411.53885175165783
445.52763294460794 95.01805576570683 410.0471878638583
447.3879751252858 91.40347495371758 403.42598962853873
447.62786128270415 82.72582011128671 394.0812296596155
448.96333093292725 81.97780018647504 397.5918332133027
442.4735983688391 75.52004399563113 388.3308410617174
442.06555456137164 72.9363791136137 395.4264555723307
446.2433749728789 74.52723681863324 386.760655531735
437.44536342425897 66.82572809126819 394.9908992551217
441.6607842287693 61.28554607957585 400.1464358348369
438.31218385365065 51.59280506464364 395.22370689963077
431.23303499107686 43.022749609519906 392.8465363018628
438.0371000179398 35.34881920907315 402.56142533920985
447.66488256479386 32.65521220582948 395.10779243666536
457.55987006754646 31.099607154792675 397.40463697962076
448.30272730274544 23.23724418937617 398.9710310957644
455.1093410661782 14.946223008002871 408.3353735820283
459.34348128524044 9.290353278157404 409.7583672381829
462.6879869134943 18.18319677401821 419.22147239516664
464.2458580521919 15.014616626728447 409.3886738411733
461.31491556544165 9.109947007527804 402.0686488081475
462.4193656491017 16.961266782349245 399.4128211005138
464.33226050943017 24.27671310726901 394.5086583713103
461.04165928310186 14.47213508328812 389.46655357719953
466.5079168313234 21.459504642139706 391.89679359469346
460.5800327250879 25.921092927806797 395.1793033922499
463.0205662564328 35.50509538079828 398.99547707113135
463.50695892172365 28.050596956503068 408.75415031495146
463.83862951914585 30.08556011137479 417.29263330939887
466.47289835737195 23.00612809951596 426.3918067038628
471.37183281827487 24.440681455083002 435.2629839760539
473.2452681346374 20.092122138430383 435.853205493487
466.7342363977622 19.822574148276434 442.30719747534624
464.3071778578323 12.119515298011857 439.5212320895804
458.11415253706775 15.342547050656979 443.9557434008488
462.06468249625266 21.825297053636568 443.2885476044909
465.0734900734081 27.49000876127868 436.5256489665558
460.2014775738129 27.97033996566532 440.7983493960341
469.6683888705952 29.87245961794356 445.81760322626485
464.3342508838932 30.118770724791556 451.88344214086914
461.3371138664829 28.177420660015393 444.59140513604007
452.7397541065471 28.213259776475557 452.30492256998986
449.5758658406447 30.36855243225546 458.76016125727676
453.2477471706403 33.62180885349907 466.2707770349784
459.02187631943116 37.715044993468545 466.5784740985022
451.93741801131574 39.18015863675231 471.19693098899205
457.6885348974973 29.291472747195343 476.13950523182586
453.01170929076085 25.137401085630323 468.1181276457835
452.5682677514979 23.15656339912436 470.5954218855462
452.8300016219285 14.509684591992125 473.8220460537599
457.30131633468113 23.41671930868703 474.3474827822276
456.25744425636543 19.316496951719024 471.49560075957305
452.4931467873175 27.252563543580127 470.38886540147195
450.19798368642665 35.61419922791599 460.7640064107658
447.7204076117819 28.699542418561006 457.64790604740944
439.15392926724115 35.41480631166342 460.807872025198
432.4126108725335 41.34011830284948 456.16657459738076
434.72751156119926 47.032899926874094 464.11574660352824
430.44595433304903 48.17873415122857 468.1517341791011
428.7674130970656 43.23275907882909 462.8797623854393
422.0303162507441 44.33952882071354 455.5111974257792
417.5650094578583 40.23491925776499 457.6940746738208
413.71760158897337 40.35918762787177 452.662377301084
417.5608913680844 46.847474150432966 453.7738523837513
424.9967369960411 44.452847474653545 449.7327202581734
415.3684402226369 51.99629773343556 440.03612433511375
419.6751023945865 60.214730654325265 443.4568377444863
418.4706100604065 65.2274854042658 438.17927013536865
424.1555452124208 73.02484009866343 447.64120420121793
418.9130249445481 63.13359858536273 446.62950167379074
426.77538277034745 64.05942830683271 454.23179467851264
421.88872217348387 63.052680345433956 460.07570614513673
420.8099878073182 56.538715607039265 455.9742470445536
419.54898800467436 63.315063017288885 463.3472365668112
425.3011261748919 71.8276735965448 455.2474971172492
423.350908897253 66.09155842961141 446.9797356294428
417.1682908594171 61.761839357621305 453.26164080844785
411.2633882954267 62.735393202166264 455.2096778477659
413.5253578219758 58.01036300812167 447.7796528296578
404.3466609884568 55.98861475607402 437.8316006157931
400.0254501324188 51.056064248763995 430.750726189312
401.1456740134002 56.67684402173477 429.48631995204664
401.31813643571206 60.65761970396361 419.8778404645233
399.2405577216046 61.03621804634065 413.6070747791869
408.26293409411875 52.81071137801091 415.61532197892103
402.701262867381 47.341495183746154 414.76186443127193
394.45170155095104 41.242942488313325 406.21624463647163
401.649278605757 36.92507696190326 402.4972558255777
394.0322411021243 45.40898926227362 411.81776675953773
389.6274099533827 36.77655033619554 419.4803495342653
388.4245984893248 28.379234310321745 416.1453104950105
383.47393067363737 24.45538268241195 415.1994596907673
380.75019995335447 29.178624856248938 420.7426933547967
388.0969505087132 32.582514615823364 419.12946275402527
382.4206499052287 36.37519137337906 424.9541261980369
383.7382914441143 43.20696398606242 429.3000938114162
377.4691609508493 34.8954330745917 437.2623426454415
369.9347498981628 34.38256694921138 446.5730932803631
363.9516070746949 35.7790714184243 439.7541893225226
364.2679811441174 42.173341964131026 446.30001143027175
371.979921688505 42.4017393901539 454.0866185074885
378.7194560608708 34.54979915575308 461.57163052717596
379.0787556899694 41.97794916770947 470.8983821190835
379.1062041331074 36.85193381195651 461.1928773285871
373.9228967684463 35.459875951527046 471.1846081868847
381.221958561288 28.998237970549518 478.71381513467344
381.77350277163134 20.97460303999484 476.588571410147
372.3842183207175 21.773908443874802 469.78266676190015
377.25196870439834 28.408433918055813 470.81521066124265
376.5297205561274 20.485596443367516 470.9347129712794
382.7836080962436 19.266427442308956 472.55776434458755
375.88353708296324 9.601543414856442 480.0105444214151
375.17115565580804 17.351214709876885 481.9080049214436
368.57052465600947 8.757374799771583 488.0009434663556
365.6627670243915 1.578664643568871 481.7955163895208
357.8962575931655 -3.475794461691314 483.08612885935463
358.0418056312112 -1.0813633990779783 485.7770444585795
363.44851642706334 -10.140267193470148 494.97285154300596
360.5873091021984 -13.620107251707836 501.5282338979994
364.76116048892237 -17.583616297396695 494.39986057768147
372.5298547552868 -8.609785523832205 485.7123474187369
369.60083167835177 -3.354236402732382 476.198911820684
370.98634227972764 4.145959967331987 482.16087233405545
362.27030623187056 9.360963953846591 490.60952324600237
363.4216558690548 18.85227560917087 487.8784384783653
364.2085834012424 24.761464510520618 483.8958723040412
368.95276880876963 31.41462579997878 488.22162043416245
360.8801214184393 30.041233629573114 485.0422194506893
361.3673076315191 21.416430477021244 494.01104550798726
352.60020479992124 29.11513402317989 500.95639494468
354.54983619291573 31.934120010304728 496.9302304186692
348.65618756398777 38.56901723951 491.0666906791407
349.8058048532358 45.331328622706614 485.83410557031476
349.1055067165633 39.96031779920101 492.89397166790917
344.39003946539697 43.699569181597134 494.02674121030896
340.78210571623185 49.170679035104044 489.2704154508908
334.2844976816398 56.61579442374251 490.8441159320481
331.48113546303153 47.16084619997333 484.25341674335345
325.46664409607735 39.322389148386975 492.1561275199004
319.79570652620544 46.961289123987065 499.4761194179061
327.7264682621011 38.80295984448072 508.71003284388485
328.96522343819703 33.93151870794281 501.94172278554726
332.4357589186996 43.2242556599834 510.61826631438333
326.20551694023027 39.54273781062805 509.54849043593407
322.41177851154214 44.484348616457694 519.2093976944657
321.89132527417036 52.437888872681015 511.4697482154399
328.3674506228497 53.20668486734633 503.3327172764484
334.78355219774767 58.923152805776986 494.6019682027011
342.8621548154755 58.20684558743029 494.00303317346476
349.0161559980234 52.53794863439508 491.8427112016157
352.79819181145865 44.19918055488743 500.68935904942913
357.0283057104739 39.97844910636862 503.29916295751286
363.5076130185643 47.560733119455875 511.4382399208601
368.09832241346714 43.14973313960637 514.0763696667885
371.1377443076483 48.31163149617949 519.1445732305804
371.5771884802756 45.404409477133655 523.1338860920989
369.93732139312186 48.64907560445722 517.2408622485556
364.80871494497626 40.996371877472185 508.24330390105916
356.6172700179503 39.426838455283296 503.2657616104011
363.97971202284225 40.98108201902834 509.9114076687949
358.41990247597306 34.005406438779765 501.8995270824645
355.5586394567834 30.113293835961404 499.1256410564258
360.26764196669654 26.93121526257747 505.149786718791
367.8839806981553 27.45619318013809 505.4893380830998
373.4420303583418 21.49219983332992 513.8345404048713
381.9522420250812 25.404331350259532 503.88733843908676
372.59306938261733 15.719806579969674 501.51066308966625
371.21031146086403 23.7587091646118 506.20491722389113
365.66519512259435 25.84092447956684 512.5851540752133
356.37757577808344 29.442122741938608 505.10252221798794
350.3172695642191 23.04732938499332 507.04848696900285
341.8807995593899 23.897302236258916 513.6380038218465
333.3633944177031 21.765869913860026 508.6779075256697
328.6534709860247 18.422758186426975 501.77341371654484
333.35943840032456 20.288910406100452 499.17103085564247
334.32992926571427 12.143118791394455 495.81164994182626
337.43702899942707 15.798618586816318 497.1748587008138
335.8932462748177 8.963689144631712 488.41749270651127
326.01473347458074 11.230253777657406 487.8640431074351
322.83212993628337 18.410284231694995 497.6183455255202
327.83224002322356 17.760439354563072 503.47139634533806
328.1768746937284 15.24171231389936 497.1181884862722
333.7695660959595 19.91843434526068 498.50021921536046
341.3864950953711 21.254372699451153 501.61353112784593
344.6933041866934 22.440905546459387 503.9447103683579
345.2194603542355 15.63416694275555 498.65723317931054
341.9986153017727 13.102124241825411 498.795471044121
346.9943788854392 12.050827666372877 502.68318266750043
356.7138193400136 16.88630912098928 494.4989453364352
363.905264080409 17.77619575044013 504.3946457576692
360.2967411535452 17.13706059654128 498.6873077689982
359.8865052828503 23.783087281783715 497.6437185391174
353.46422823212276 17.2952484558137 488.5147260093926
360.8208276508932 13.623119577317077 498.1218503814274
361.29188970494215 5.0552274314419545 495.0595533590445
360.00479457150544 -3.0959735532595793 493.87700051233
353.8182117001476 5.254391735968561 493.93851865212605
362.9349045726724 5.131636603437909 493.13130847163507
356.4463530600685 -2.9666502057362534 488.2580933273763
352.96651123557916 0.6557090756173021 488.56547357555263
352.4424248746683 -0.24235582910936992 479.5597626647963
356.223570675239 -7.3416145235978565 474.3796542353895
349.2029979624005 -2.2012870035346817 474.3621058023948
351.1218327305371 -5.161976300210902 470.20829844167963
351.67243903739944 -7.737805426955588 467.0851673523219
351.38830542153926 0.8489595851599576 470.3454902036215
353.75445447167755 6.8242186241413485 477.5230669063644
350.9390206599998 15.966180608350507 474.1435295562912
356.643021182923 21.427762843812143 476.27733706998737
358.6485704427851 27.320503651825817 467.71536551930996
361.119097753026 19.828835999405953 476.53912417634785
355.5299780330523 20.42136549876432 483.62853342798314
352.3964724750108 10.427222279605289 481.71237411661525
351.9134575436466 13.297955110069031 482.71098369251547
348.04035072259006 18.043095666990666 476.95540638967145
346.8692354313899 17.13938627657133 483.0651448053037
354.64186176193857 24.710217262463537 485.7950750209504
357.713711230657 23.494392578521868 485.10780522767226
366.3114616690641 18.69760289615904 490.36859680622274
358.80675482324375 10.081818276497314 483.2409420888481
351.85081234886815 5.814096688783197 476.0408021938113
342.748241181625 6.623701898821945 478.1450707141872
343.39287080462674 9.23089251777948 475.0670662227695
340.8459388250667 18.62865328846249 481.03265660811263
338.60522656855136 16.035775944421353 483.0421369640592
345.4045183417906 23.787415119600293 484.96870804271947
349.29694179280546 26.795312983112364 482.48836989375786
350.9489838268409 33.37190964639291 482.1915559881887
348.0018203156614 37.39956784388271 481.99882320806665
343.06859125735343 30.716439734164922 481.46810558164475
338.0537014415067 34.94294230728458 476.32270079352236
333.45313141372554 33.98602321579728 484.65649594536694
327.11850387752827 31.66025597623472 483.833358182225
337.11510062775926 34.733575606205484 483.11165153684385
337.4900611384339 25.887029287494745 479.97884528533206
345.60208755409803 20.700193347731116 476.1602538920817
355.27291944793194 22.627207667911055 469.2592482644211
359.9794127099306 27.015308000159813 475.33180627825703
364.34530057211987 26.270451822813502 467.6476972163676
362.7268620615446 17.43587350023335 458.5665185157424
358.87395644187336 8.42934298902788 456.90160359894503
353.9375437467541 -0.3321239177645925 461.5154853688462
359.7787805124028 -1.5400523558842534 453.16020445554454
359.5506266791942 -8.614947984682166 461.95199698692454
367.9043056340443 -10.56040520812437 461.14323211496156
376.44800771332206 -15.600355831508708 460.7157825136263
385.24289560809325 -20.497062590005903 453.99129283151893
388.671446871577 -28.7695822650999 447.65379633059376
387.2162167404948 -34.55141269939629 437.7499644247611
379.5931065605775 -37.50339230221973 441.05605922699164
372.5840527734208 -38.602126712305335 447.4141904122149
374.5618949141863 -32.94081953118919 456.24329212673257
372.049704153843 -41.45940511348877 454.772483130695
362.78516629329806 -46.419613886228824 464.0810262537459
363.9786102224906 -55.30906292863438 461.4037401518006
357.282930938648 -56.401544115768324 455.67637307793484
365.94851454091963 -60.77698863314399 449.65215701792107
368.4036500385336 -53.650915344645625 445.66441559933867
361.27258394791227 -59.964793294429825 454.1497193795761
361.20887525774583 -60.099557515572116 444.4647095895144
352.5555540167955 -59.16814114092139 439.6799215853551
349.94932164589574 -56.546976343595745 448.32710830268945
346.54058849069514 -49.72837034050053 440.17295344130713
349.0508150018634 -42.526232860545164 437.3478157236499
344.4978492622652 -43.129113303660546 434.03408146307356
340.222045996071 -52.891026933368956 440.17458902127
330.7856374492479 -50.2909119643956 435.9656933192354
336.3119720835071 -44.14358703597614 426.6759958477914
338.9331020915772 -36.970626747345136 419.7580914903116
336.7149949749619 -44.14801167893428 415.0907522584807
346.111162638431 -34.3479627671083 422.14731167542527
344.5358479477155 -31.960732302029307 417.5090885610815
354.4529154958441 -24.261124054876074 415.3003339575941
349.1277576954035 -16.94695508514756 407.5687293365558
343.21684461750533 -21.127473396586446 408.4934061710307
335.35206242505586 -28.820936670097275 408.18515789815126
337.21479686245993 -21.926297106146492 417.7001575354722
337.0067150062588 -31.402088436872923 420.0291913257133
341.8858595330896 -32.917992481875515 422.43275360871127
346.52865660808527 -31.156224342609885 419.03142642550864
344.9747074842103 -34.05598735029066 418.5284395724329
347.753246796074 -41.14348242625063 414.1209943073652
356.814355395416 -43.919775005660696 414.56685179617693
354.42854864596575 -53.453714530816995 408.74097583420354
351.48487910073464 -60.18502378109417 417.41252627477945
353.02474871191515 -60.97283506257333 413.65972504249953
353.2939035414298 -70.10749905062724 417.9083521179907
350.0929783476218 -65.35352743040721 414.1572695115692
350.2560431663922 -71.91892882104769 409.552752939336
348.5695653219135 -65.24569271612134 414.04561190030915
354.6666661327784 -72.2385719527627 421.3433924818311
349.6862157512542 -67.2126901953082 412.49140326309293
348.24795802256347 -65.10023755400975 412.85704999425417
339.2378409981943 -62.498732684767134 421.2568396379038
336.7807115934854 -55.02683522902538 415.16660063013086
345.7047990362703 -53.256201053428185 421.4439586619091
353.18569597942843 -53.66710095301315 424.5949982998865
343.98633118800467 -58.439257168085746 421.71956939187214
349.5614378296492 -48.79381417144915 429.53060695076124
353.336997646644 -48.544293688303945 439.4368202055456
351.4530559391949 -41.03355351659518 437.4184386580389
351.7678846354363 -34.77096435161705 435.10535834300794
347.7680391469375 -42.92344034626022 432.8704577343256
353.51731454621034 -51.559273738574184 433.7575489520052
346.7263164691114 -48.57704275614942 439.4238816671628
340.9326004553443 -40.658409002052224 445.9519928009361
345.3085594327352 -45.287108873453256 440.74176748377874
342.36497738204054 -48.726437762626865 442.89656875152235
345.7558022762401 -46.598660415350075 446.3320907215012
343.7800612545075 -36.93141684030819 451.94965872404026
340.1528369290124 -43.53923505615761 458.3626448094752
336.29048957602015 -36.3753080011537 450.62569305454196
334.11420370563803 -26.959099460037745 454.2933181192725
337.84163410470296 -22.54247295934453 456.62409253799166
337.11707718683454 -26.90893057906777 466.441751482037
331.7402889160374 -31.210506280183075 467.4334250398875
324.168260916098 -23.01110748791935 469.7548118652246
315.5768538850157 -28.21584693580519 467.34989244560177
309.0448864344855 -30.243529001482386 462.03062264042063
309.42286249674504 -37.241256117732654 471.04536033981867
316.8224808401489 -37.122760283465325 477.4400180182899
324.52873549019233 -32.886417846409266 474.74854899811993
319.067185041533 -31.40177806152655 472.46016430339154
323.54733919923603 -30.97209635978961 476.08240160671227
328.1997214428387 -21.20888259852642 470.2775735242392
319.4266125635449 -28.754827748039936 460.38901720625773
325.7356645407299 -32.13881918954812 450.65105400553176
335.39933025541995 -33.070444907749945 449.3264759218848
331.5397774405703 -35.73506852810289 445.3360732405236
323.24272559694447 -39.1203778387123 444.4364461834995
314.5281943335655 -34.70046261754834 443.3713408075872
305.10485700631597 -32.831001359328894 444.42910067055044
310.64453965105736 -40.008218548779716 442.72451822795784
318.4489332656388 -39.152374529086046 448.71051488938036
324.73312787850637 -33.024518238152645 442.78158718128026
328.0294578387522 -37.66844355142812 437.77612211750227
319.37600836233963 -44.9966376429163 433.2602931200688
310.35567165448754 -54.56945241182492 432.25944998264015
308.2264161473625 -47.404832444741444 423.80190856733134
316.62926459342026 -55.204197424562686 431.39648639837225
313.054746416814 -51.04372169057994 424.14240829037675
314.3977082356009 -44.06305247947127 423.74279172133174
306.2503713592749 -37.29659818260727 425.8236514013066
309.9452003698144 -41.931147640595384 430.9083422354936
318.5145462807025 -49.39670897095509 421.3934442631049
312.6670610257974 -53.1722892972998 426.2831782302426
314.03742395641007 -58.744129129163184 434.1335788828424
312.01040318793156 -55.40884158481681 424.4042488626341
310.2589549122313 -61.994844335934744 432.82937487727594
319.13005038205995 -68.82349524808117 439.7502106282629
317.25285144817724 -71.98912385254667 436.42695632113447
317.47509071256536 -70.0087804535415 444.3262544722731
313.40057336784747 -71.37646472446181 449.61789990524665
320.38887623667574 -80.6709738505201 445.7001206432737
313.1465012426367 -84.01214148048031 441.244752359933
312.66736162512615 -89.36115398485265 448.2775525469539
318.71877609031867 -91.76966491213962 439.9960146269867
310.16117931947076 -88.50800897769486 435.41865031942217
316.02922839410934 -92.30083336496254 445.14470047085365
321.4088592221077 -84.90610857851657 436.5809935132615
330.683264691275 -94.59787615915818 441.7993912542948
333.78998514012903 -93.94095498663026 437.3893569358038
336.61250586772064 -99.94632419627393 446.9743906902395
344.5652084980698 -93.97805668049736 437.6176815301816
341.6376198301447 -100.17065687968557 439.4671685088562
337.70194412331404 -96.41543735543982 448.24415988651214
330.62591214143396 -104.47022304968833 442.13088926846626
332.55209307342835 -105.80099583400256 440.5325943282469
333.19176648154314 -112.21963677632547 431.94714167490423
333.3035501235107 -121.06242556180027 435.61314767228055
327.97577535789 -115.68858023493263 435.22210024050196
329.51883963703733 -110.35789402103742 429.8551922252493
338.87251718027426 -105.77562456006156 420.7345836458653
348.6108072486538 -109.19037977680821 423.3393755862345
358.3741658778055 -105.73777709368153 420.65216898455077
349.17271092297227 -113.23730187941597 411.37582079961084
357.6768044010435 -105.72555818445585 408.7781059138494
367.3367136573446 -114.99129709821867 408.5625452428687
360.09819876573266 -106.63674339012937 413.8111642318533
363.4521398130115 -99.18786284169293 410.53084811841956
355.52641552642234 -96.5735690171231 403.71911955549785
354.6920302199905 -97.09772126604254 395.47004092097603
352.4996109074979 -92.50370597405804 399.4082132863315
352.46380458784347 -87.59320255208299 406.62481344548326
357.88213213405396 -81.42323609086961 416.2598440894504
352.6989196084498 -71.6006885111779 422.2019116202746
358.25417749944626 -71.34576673283786 424.5089540008228
349.296507525127 -74.30111778732905 418.10979365651525
350.39731611253995 -76.88110417992193 408.4449410788395
343.6208826343167 -71.28615646700224 410.1420636469236
339.2565982452356 -62.38106074560248 419.9743619681198
342.0806958878607 -71.83860719972608 411.2713738252657
343.5782048210446 -68.58777346641392 401.59818527421174
334.0218958675894 -77.89733041928869 393.5930128244896
343.2816290418026 -78.87505947321142 402.1367466002583
349.53732253226224 -69.78748342299862 398.37980916688565
345.76063166909256 -79.43085221121618 391.2918029421625
352.4064658426152 -86.82998019292923 385.9479999496691
343.7201090341688 -88.53326948229409 380.6489601324611
349.2433550096279 -87.80768758225588 383.18992032293005
357.47797795050343 -82.3609636855762 382.1888258346693
352.50518684256406 -77.93316876063834 388.6740037713419
348.20600681697033 -82.32025936741812 397.2484936506163
354.28480328599414 -82.37045062459443 388.5633328014005
351.0651586570214 -88.56404531801121 380.9776747321412
357.5252060144652 -97.15690668116257 386.88231823283513
356.76781841186556 -101.93241507177737 394.0166286247437
357.9237428918862 -100.84626812923032 396.13928129752463
354.27131818368673 -97.54411116260111 402.74882268569877
347.50751146845766 -101.23005964076556 400.4969515524423
349.69790378729544 -100.78025063792033 407.4187448518137
349.825129460443 -92.25356221442597 409.22448933390797
357.25949569511084 -85.5088791508155 407.40329677164493
359.8484204950357 -82.96825546254975 413.595353020318
365.6768118176709 -79.63697123700065 408.82545600374385
364.7118698274518 -78.31234658749503 399.7464467318746
359.04211201151276 -69.35713046356759 394.7524339567872
354.072687936557 -77.39215212624805 388.69493810345637
348.9528190703549 -82.99090057819 392.710239722913
354.17089494391536 -78.34987245745612 399.5272152928828
352.3658018013666 -71.41796740176524 406.2805518180673
359.7459385531008 -70.22773226652696 402.3915276410688
367.6288472263845 -65.76966945378182 401.4793703204357
367.06305590993895 -57.11686695897093 408.1838475672864
364.62109725433476 -54.52900320651955 413.6097051951163
372.7697301630611 -45.70497996234593 409.2001013945491
364.696049960816 -39.84519786273554 400.0152244259788
364.69319269304935 -47.059389694116994 402.68874982583884
367.2367625852654 -54.98268769733468 393.9253320265807
370.3089057742588 -55.3248891085754 388.84468261008305
369.2656622251054 -65.00735353032312 382.00713917378573
367.71915436460006 -64.17351245319173 382.1883279689986
376.9323539565348 -65.75305636162905 387.56678868515695
377.717326613758 -64.46012179836264 382.25732717488086
382.0519136833289 -60.653429783716874 389.3409094997478
385.86725689830115 -70.28401748621134 397.77090135249546
379.4899731061692 -70.09125957659234 404.83838768577306
381.0145993618173 -61.925617883965096 414.0721830463782
382.37122259964156 -54.83294665153376 423.0393209930213
379.5289520623054 -51.20582380095709 419.3970633778482
371.81317352978215 -51.76752362932457 420.3269489601962
370.64438482931905 -51.33326945785613 425.19566882678333
373.13495890228313 -56.11803565000819 424.06706656407107
377.69666859697924 -60.37166068966574 426.98542343434707
381.7522540610033 -64.07976700307816 428.6127093583415
371.86173958001064 -69.61310531019099 436.7432983714464
364.7883741674936 -71.06935078694102 433.2834051355266
362.4030796428773 -64.25433332884162 437.0802110212392
360.5710589585676 -63.01541201257856 434.5130877090508
363.28703699130904 -55.08339993063704 425.050993695664
361.8911364830635 -63.286046007872024 425.9718832632098
365.42721426951107 -61.91533178898533 433.0627858609364
362.7156022757465 -69.06852327074493 424.86031157157487
363.02091680038006 -70.32602739837589 432.48007230192366
366.0916579749916 -70.79398297892847 431.0905940770488
359.3032954145804 -69.60070059208502 426.8904843943877
355.79855058285773 -78.17941777417526 418.1556133960631
362.11245368320357 -71.90171511007308 421.6724422696512
367.63323634008196 -74.26205887955054 427.1474293043464
370.59467053612565 -68.40183208444539 431.15830097764655
366.1517700826133 -70.13891646669398 428.1510491881071
369.72310731950546 -73.91100893182062 431.8630070821499
364.240225569384 -77.24512131288728 432.11519489567013
360.4084956411562 -79.25699174565736 423.0465940725995
363.9605572584024 -76.97858013702454 425.3513387137032
354.92857810499964 -81.67611127623167 434.39570414115997
345.1768005633427 -74.68244878134303 443.4046035543188
338.8480655826403 -71.20178217220685 451.0063784511443
342.02679483915404 -79.42172369817604 445.3540843141646
348.3628697822145 -70.50218293927719 436.8327087412763
353.6237214721256 -68.80273264178507 441.3826655531591
354.7877756259824 -68.07824335827087 435.0575791428129
362.0808598224964 -65.08611578472707 436.4118095149731
359.77864776193644 -61.53226035280245 437.86650649769655
352.58127781164757 -60.96886669384952 438.14801994976983
347.12482723947795 -70.41210105619652 444.4084852915156
352.9855829941617 -75.88701624161422 441.7703504726473
349.6561427177713 -73.78032757639015 451.00462349221493
342.1514998841403 -83.53805254084575 451.0449252369546
348.4728129700818 -86.48461852108572 453.16442469030056
356.6914764829298 -88.81560480096746 458.3337002369018
354.56269662620986 -83.91567156403406 459.0114392379972
347.6869477072226 -90.3045297524975 450.5218934526251
344.81726847459765 -91.73465869428526 443.84681243215715
350.0594505616322 -87.00159548710442 447.83352227678114
346.7364219459517 -95.98987663086955 452.8290446048412
340.816678544715 -87.2989488535073 462.41378876974244
349.21808469383734 -84.00344356729674 457.43594511774205
350.3338534240415 -75.41554395009362 452.11494164724417
357.5029592530616 -73.98020043586298 452.85137032044247
360.4597415025019 -82.75676951833027 450.4058813364146
356.0829795806528 -90.39636658817712 446.8430633980036
346.548665003954 -84.52078291190983 453.01026118922016
349.97310444438983 -86.2584833669987 457.41172812316114
357.15855579819754 -76.91371593235418 449.80093336476114
365.9505185235383 -74.35311254722475 443.62525829676633
373.8677406027372 -79.76240599367797 442.892595237168
364.8332110418643 -69.87521871265251 438.8960801542534
358.18523139028304 -67.31726027921722 437.7990546884181
352.3928639924816 -72.15178679916221 435.7396335783013
349.1872527034903 -66.47744256888969 427.80488143602446
344.5799635472491 -73.52873801379964 426.9393844127289
336.47665850201383 -70.24186432002668 424.63201731363694
337.51814386162664 -61.07363776717256 426.85371791841015
343.89362100051875 -65.36583629222648 431.02012608511984
348.4502728368638 -65.88751132448014 423.96068319234865
341.1379639443597 -72.35215290271697 425.29610938947076
331.70142385381814 -80.76779020872935 434.6667361844043
328.3931359737244 -81.75944052747023 444.33915671123435
324.41837481513903 -84.07878820627508 447.5425892239758
329.95286544372726 -80.9825278318822 444.3558502422608
336.748013676838 -80.55372910318785 444.2716843194874
346.7342034889377 -77.51657231857706 446.5114983367105
343.0626931076205 -76.79337646601518 436.85415787486204
347.54988513446796 -74.2186077970694 433.14466606886987
356.63131768654455 -66.88529002327778 432.06629877280864
349.5412112121243 -60.71342773076031 425.6546735631367
358.0669889399989 -66.31103608055979 430.6807746730415
348.58265040815957 -66.84316972477575 434.5347624299591
344.53453161172837 -69.1302024809056 434.65698193158306
337.4033697851283 -67.84682514213418 436.01935072842457
343.30682954663735 -71.54381573123896 445.64749133487703
346.67152957260504 -80.04756016215359 451.35053014245983
344.6568829025956 -89.93079804365871 455.3124971220162
337.2341436352421 -91.5002727529289 461.10873661877696
328.6490602788981 -101.18840347694099 459.5056159298719
322.93560962702594 -107.32661934771467 467.62028570819126
323.9055312487909 -102.6142515051263 459.8877565572239
327.9374719723491 -94.67372035968307 465.2973132730671
326.7894180210176 -104.37085463982481 460.1143522732483
324.7667544069942 -95.4860935003586 452.5098506436697
331.3957414836002 -95.62982376697757 449.5532352106663
337.0455120255244 -86.01281222450802 455.9397013325137
332.62091978754336 -93.74616828974736 453.04420546734974
330.9088056315183 -99.64537176532667 459.149472924547
321.504936065393 -95.43205566499498 456.74731513264175
328.60489681040775 -102.79622735269619 456.7894520792602
331.88367823804833 -106.77405487551852 449.5957635817845
340.74252832936634 -116.3698983528265 453.5029913989432
337.0861878959409 -114.4741712723855 444.2925857340474
338.82587883871105 -121.80349421782667 438.9984767741142
345.1148959387565 -115.86884431508707 439.7878948349684
336.46234781506837 -123.4376817446092 442.91365375532854
344.4671098147164 -124.879460439628 434.30211718477153
338.2429846608329 -115.84250710350003 426.3067825927057
331.9500661575632 -111.0839683781837 420.7397816914189
325.63755885551205 -101.39935855451512 419.24250033116436
315.98596952364625 -103.60538993336213 425.42212170198303
317.05265972655565 -106.20385576751991 424.2020841765895
323.8809785478875 -110.58385493502212 433.9489174476717
324.56944822249693 -109.27945389497599 438.1002064358669
317.55196643592643 -118.1318206566225 441.3031394446921
322.5661676733771 -113.21229323922152 440.98376087045705
327.0448390448172 -103.71119412332261 437.7952207891952
321.7123289142018 -98.05466417188686 434.811133457659
313.15235414804596 -99.53577313463771 440.12252305363
308.72513716546104 -102.98529571884724 444.95891410074256
315.2472718574523 -94.5834176157326 447.9421057715121
317.22569231891913 -89.80526239131923 446.61550197027617
314.65393387386666 -80.42241005466141 441.3350538789923
312.49478678680015 -76.3195949416441 448.24046200239195
321.0377023243913 -75.11970112093263 450.76251422800743
317.89705360330214 -71.99587675516263 443.94183504552046
324.6266864381031 -79.45627159034247 436.72025274402205
318.61327660566417 -87.80667171572503 441.5958675144477
314.73350530443 -97.53645611712604 443.54015498037273
321.89183465902505 -92.20406447727652 433.7744714908252
318.3414529782021 -98.06845229955995 431.834295972117
318.8440014169259 -107.17096407448999 439.1317102212238
319.3591881725482 -110.9072856006475 430.3543986210731
313.30670426684514 -117.58216853068944 437.484013425396
308.53361939522017 -126.67916475759145 429.29611761252727
303.1527166066663 -132.0191508698688 437.6732536736156
306.4818039460364 -126.65018838078807 437.76115742969483
304.03744388511905 -135.63707875390082 439.3302380393006
298.29782837531303 -130.8900272739478 436.8025714632166
297.05221469449526 -126.73327161260232 438.8395992215585
297.66283184642344 -122.34555097514222 431.460964068244
306.9406880821245 -127.52496395903187 436.7055323983011
314.5968739785619 -123.47438502120502 440.762374102276
322.0646676492409 -116.8361735096183 442.72614304835366
312.24242947961676 -119.78148994926843 451.4829604905358
304.7529571742705 -113.79413552943882 456.02767580206176
297.71882375759014 -122.79770077112356 457.4497199780421
290.1238736593435 -120.22342432590527 448.632041645251
300.08202616701215 -115.51946026000128 453.58139866337825
306.1665815235046 -119.84081716846747 452.21319522822955
306.3300910246281 -129.2206372142533 459.5046277191235
301.0873741780336 -119.89172547940859 461.13240937088153
299.43438514040434 -127.72390652602832 469.4289246647875
299.8963905472681 -128.6934326693337 459.9405834313108
300.8558253914223 -135.24411021542275 466.68592504330167
308.2732959933046 -144.17127196372363 470.99741454946474
307.3433474680174 -142.53326290382873 464.1334702656005
297.4922913634061 -134.024732431011 459.38499377235155
303.8761995353076 -143.87502207972574 468.6390300715958
311.1299842485156 -152.1285611136589 465.7210090610833
318.1662683348754 -151.98864651935887 459.0079412149909
325.0179326309066 -151.86483539027856 462.57049913394303
320.56379017902646 -147.31198517442303 464.17047459006955
317.91683482745924 -154.8074623148088 463.3964028119222
315.1159156828256 -152.37638715585683 454.39881911860175
309.6981658441393 -146.66809004005196 460.301778461428
318.4577744326166 -142.92412773079946 453.0248743703372
322.11629337738856 -143.37382148985765 454.66883849768595
328.03517330246126 -141.4839211440485 448.0887207461762
337.9751194296183 -149.81916991717603 454.521204000403
335.62899277050576 -149.86942096196088 454.5030832459955
332.419719670696 -147.34674737027663 446.4201167305603
323.7486715748703 -141.06622931948615 438.34156845250493
319.069919251101 -138.87251488815102 443.8703791548255
323.98485600182346 -137.66351650940365 446.739419020224
325.0856391876876 -131.45636861992452 449.75804500536566
332.6579353276574 -123.3136614521517 441.5131222837715
342.04136135114646 -126.03021950075963 449.0708689804903
336.02117774617886 -126.85590787306367 444.90990065663624
343.01368173899186 -131.71703650206413 443.2453908021077
334.6871538697497 -128.9872935826973 450.9181956623136
341.1152026724805 -134.5624720856205 457.5742932351461
344.40206447780247 -143.23063173948515 465.86555027818156
344.78772939423396 -138.77244184780446 468.80183903770967
340.40578136604285 -137.9229852907978 478.11933391509245
332.81251190385257 -142.0564728349721 473.66993029652684
331.19812405522777 -132.6048489825626 480.0416376525067
324.2142691612707 -123.58897538972322 477.7696595749161
329.6284065436847 -115.53970601216932 485.4392243613401
324.7209303156926 -116.48931352784977 492.42656361182304
331.96908483831515 -121.87480259082696 484.66385571748935
322.9017612423916 -128.70922356421346 485.6394198463695
314.8713118877893 -138.64580024987865 486.9378513495344
312.7727615671286 -130.05530058491718 491.22987156717306
313.7082477093687 -136.02273101699075 493.35589336038464
308.9446010561353 -133.74666714314213 500.126797818431
303.2816180577576 -124.97327001446313 499.30008515040794
304.23317263456136 -133.78824431780447 507.00089681961225
301.0462196390373 -139.56624189266182 508.88335019756306
298.5499075137712 -132.67937117211542 501.0747093301934
296.7280233208435 -129.66633022681262 494.97803737587003
301.879476043334 -126.07059769165717 498.7536341352398
302.94003747515245 -117.43639939769207 492.83328456068546
297.170284498441 -124.4017697412187 497.18378231578504
294.9419166189708 -129.02867691001066 507.04622739243223
286.91906167570266 -132.46067399777814 509.28354471365833
281.3993806332821 -131.17302526184403 504.81685190254024
290.6880670808232 -132.72156525209363 500.2849894264542
281.6381037705076 -135.1715833993392 500.52098074320065
275.51345374450545 -128.5305260356039 500.8161291115681
268.0855914620728 -133.2378090841538 510.6163530128913
262.5835522824154 -126.94541148125967 512.69767698817
257.0972063862573 -132.98070487670802 511.37985983684814
262.58050375746507 -133.77850198340224 514.4348693981705
258.1464306572261 -134.8106292167224 513.2492909003445
258.3985322701827 -141.0586098804402 514.4238229048922
251.1748288841093 -138.03553291244486 521.8682317175403
242.8739776437221 -132.0693115232648 524.2690193001025
244.49077882073942 -141.1410309252973 527.3135547958261
236.36251650141074 -138.2540241480665 533.3495215455931
235.3384724455672 -140.33873001778585 524.4951748329822
229.79396792876918 -133.39402236498745 515.0640380354625
239.16836460374475 -134.7765055973461 508.2701901077948
244.8997825459513 -128.85484532192575 504.0860745162446
235.92870969211 -129.23435878224458 497.38355344035136
235.04079631399642 -138.02966640127374 498.9214741749809
226.76923195421114 -134.5066913759479 496.1407972670662
219.1125346034186 -141.3614859796821 496.3278024226836
224.4163712975249 -139.43614429313305 505.6156031219113
214.64346859788495 -135.17828324577033 502.89789784892673
208.80021350797574 -134.56026499968195 509.03884969265334
211.4041687060236 -144.15941767686445 514.365197323966
215.4267884752767 -142.42104070179482 515.7418512163777
208.8200438376222 -139.22368731303717 518.5327878255133
201.3580100991839 -137.17863776082208 523.3285410050732
207.2505814862599 -139.6710214542641 513.9821725291836
206.19652665662431 -145.47645994385357 508.566963077729
208.43484351339808 -152.85106575272468 499.6662460219826
201.41477136918513 -143.82455299053444 495.66460509964264
193.92878232490847 -153.28572103955582 501.24706206774357
195.24290304195063 -155.55762633274395 509.0454029351883
194.30796373472182 -154.62314871196776 514.6082037153002
184.48087699238738 -155.62453005827496 516.3595640158248
179.47586764457338 -148.68261147523808 523.6413402967262
185.9489751434207 -143.66620260149554 524.4629663593855
181.55589548536977 -133.7227669690635 532.3855707082091
187.79520939667057 -141.697901157642 525.1396741961101
180.5294355597645 -150.59121349158673 516.5879248230982
173.80678643535603 -153.86380502441037 524.1924952339325
170.59696514207053 -152.48353405416347 534.0591962566252
171.16462544109447 -159.54860943429927 535.3266554962788
168.83585549332724 -164.0067106765018 536.1302389910661
177.59235641869444 -166.21766279649128 530.7515408604443
181.65430513328576 -174.9855565710941 540.1960653395824
185.32074298453932 -179.77444524344733 547.9887175162756
187.60868523461218 -178.7557792977568 549.9998408825093
197.24790191001486 -169.73893475636618 540.5445380371508
193.41780167346985 -172.97690049149682 535.3144036677384
185.74213128033 -169.95116590678705 544.9880570001176
188.32787042814687 -160.7296243232693 553.1217374771439
183.06101234425168 -169.32017145846677 543.5723692995394
176.45778214525137 -170.8820317288819 543.9176107645417
181.01548477894335 -168.59197426095486 544.6793617906872
177.9671889871161 -175.59076797474137 549.0648255189856
178.43402981411165 -181.62899346040504 557.8445131534098
181.26958460455427 -178.3709373968424 548.508197093399
185.74302263320104 -183.7535185979323 544.1102834502057
183.65731107963828 -191.75863184803006 553.6965600020378
175.021172489222 -200.033759999973 544.5109546300835
169.07879909164984 -194.22715876810815 553.9366954177326
164.61131794542044 -203.14193814969386 551.5464869714162
156.54963673037207 -195.50265256960392 546.5048692066199
158.05968980600764 -201.71589204816007 552.1504175593956
152.99997381149552 -209.01731601429225 561.3573416400228
154.4807974201803 -216.2312094058285 553.4636808163456
157.26038622930957 -217.05777893345916 550.2336376656044
155.40473187905067 -208.09288070231113 549.8308029785339
161.31083165402183 -214.670508257031 541.2866628248476
159.21070452015803 -216.0095122472874 542.6283931365919
151.32700269895406 -219.44871739744352 552.1624073035783
142.85888518002886 -222.64385333365405 549.206298144187
141.68072122250092 -220.1883923102242 541.6762588134368
150.88818692200547 -218.58432268402996 545.7840929533667
143.92010114934445 -213.87690043436027 540.6594347249875
147.8976325084781 -220.66843044418047 532.07951160656
149.17300943494854 -218.22861634455046 528.9524342068589
141.88742007421865 -224.20970629376026 528.5134964788251
139.76231192934821 -227.90106710288612 526.435269892786
146.8389913514692 -223.83047259446457 524.1312621282011
140.74196383310553 -226.27731265532603 531.8913691949136
138.01218147088997 -227.0202360559132 534.8533693032496
134.19262432102425 -229.02645522154037 537.1758203357084
135.8499379853691 -237.9563571028937 527.4238845229949
137.4822189300499 -232.58045064808587 519.0476080415755
139.93599118117808 -226.81037529714985 524.7604707631822
132.55466285805434 -228.49919618669685 531.709355015694
139.22270503317898 -219.8684959410225 523.5402143752032
145.77038313754358 -212.5700186244273 522.9966141941859
149.75750793769606 -215.4695076076555 528.0135091317597
149.2851128045524 -223.50982333730855 518.9465160358426
157.99004127444172 -230.0898263783319 523.9206817507051
166.57990403498457 -228.76702147364477 517.0769082461247
162.80524277748617 -238.59592639807485 520.8230056177449
163.2677508038783 -243.2116506356776 517.3872255957481
173.03816807554858 -244.23391663348806 523.7525694531334
177.10926896030566 -239.211469285093 533.2490993886552
179.73424743368085 -238.27287366163625 531.6297846310616
181.43980939705705 -243.41156873465832 523.8515486168639
178.17111246852184 -249.20064711558717 519.7281568341346
168.79830716032964 -241.41649785438796 521.5619230965737
170.11288860177692 -243.22839956229618 517.1637500395184
170.22072768491344 -251.3655871940477 519.6328568635208
163.58279424483865 -251.79402506463205 517.8084789214153
167.40108053854559 -246.04786285641583 512.5268531631766
170.40788260582448 -236.30957408450013 512.7573850634126
160.48468738579007 -235.00411797983986 517.2178655978404
169.54626284771004 -233.6814742716748 518.9354211071495
163.64608879032374 -239.45833548201873 515.3606529985058
154.31249083323067 -236.8170966301124 506.2732174901477
152.82459979110854 -233.64266009014736 506.3120514214244
159.95486567457328 -234.14180626451528 509.5038258692777
160.36330691669008 -237.83731152881637 506.4974890199822
151.92417325624817 -235.72630774680948 497.61282894606995
150.2524947751171 -232.8572466180633 487.6420678242823
149.69207221127604 -224.2625698428332 479.55752320191357
139.7906242228381 -219.11096000278337 471.6335059283987
141.98345543204374 -226.56607216346976 476.97266142854176
141.73477262391296 -233.24846365868387 480.07649069450076
151.38849741596437 -235.55222887651814 472.6928113199242
155.95764361365374 -239.70345027378 470.512855960468
146.0456534390816 -247.33204566791994 471.9018836020706
137.81538850440998 -248.85575517204356 468.43660048900244
134.13778552051258 -247.95772778025943 476.4095820891843
138.8161974784621 -241.48893892340584 480.0940470049844
138.43068139534753 -247.3405256470893 475.0517256739291
136.6779331731321 -238.85092676769005 466.4031017037321
146.5296331802015 -230.6492912268676 476.15512827903694
138.5614419555092 -233.99642936473793 466.9550240676161
138.55458414881957 -231.5965767842408 476.4666102671315
134.3622988173057 -239.22920752245258 472.94726751003856
135.38874848459588 -229.35931747675733 465.7399033211438
129.28270565176697 -229.2322314379572 470.01622216501244
125.92658023310719 -229.5218851770875 476.8121392285522
127.72628280843242 -222.41911298538366 479.5078639659541
40
341.16095579542355 51.58537522787209 492.3896778451624
350.32576265155956 53.33862719391293 497.2276597501093
346.33334289755584 48.530784590855376 505.44068867696495
348.7104636064332 36.35838656907108 512.541783094453
372.41599773947405 43.613780678016155 505.02563636295673
377.0200841677447 37.42863957399073 520.2947845423813
370.7094833625009 41.7336033024332 524.1154921026231
366.26845185079117 50.01404432058764 518.1428506655066
366.63846565800776 54.988174109645 525.2533019060755
371.6096698341791 34.803421422132224 510.087483496958
351.3759799881603 37.224067545854346 495.07023771507386
367.8866502227491 40.556972447373475 519.3140398694361
350.9210141431558 25.77539803841111 508.110775603188
352.87019525254334 37.061837963994066 508.00687834002656
365.1949939454539 19.76366438442991 511.75372306728616
376.87876868860474 22.2322133781301 507.67776798736156
381.76382420651015 23.76941334163549 505.0841654632978
377.0229281332308 34.79423443697315 503.45979012354866
381.66196720251565 15.13840719751428 493.18120916367906
361.396062334196 22.75901429384276 511.1052011478247
365.61149456563345 22.933212283074344 512.9516986374472
353.10289259718064 19.575113997662537 497.20517712863165
346.38413358508114 14.518090730702994 498.34567596756784
333.97277827341554 32.428214804183874 509.5135715580383
340.84686880309573 14.502267049759382 499.15518942559504
325.09714602355126 11.132796606268514 504.7288009951413
341.5927147326239 15.931934068807024 494.77264098192734
340.51390677911036 10.673093783261603 487.5711185669299
345.025393103443 6.593408430974373 501.61824894635475
335.7140683903771 3.9307965377213563 479.00324655290956
331.8560991515897 11.735990701631563 486.6031227474814
321.68427912904343 27.964949473405227 498.86633696696725
324.2338363467998 8.451818499621293 500.05344827320795
320.98764670534405 17.16574036956255 492.58797561385603
333.55161212622454 20.24516004753217 498.55743066041634
341.57145962589624 17.750118707116602 497.8128248728642
344.00840372390104 23.160894486378602 495.7121548638198
342.32073839019057 5.8243785778635 491.0958335793575
340.04146181879855 19.14915337411434 499.28857326696624
348.0624876307343 9.46233894775437 505.77228363697424
