1000
123.81988004989763 434.91113954687376 391.98097203839734
122.20956770202713 433.2867352333553 400.8837284911642
128.21746128994295 434.0096061007153 398.45473739665096
121.34961997905806 425.6746829649551 394.1357439568833
113.67257526430437 418.113652111628 396.75865549410196
113.17395720710297 417.19673943978387 389.9117310591898
108.17839772140303 414.17342981855785 381.72865144791064
107.09390009073417 421.2222404274071 376.4924378614843
99.92950162902409 424.5652578038449 377.101956260275
91.84284948773599 424.7138640097548 371.75934242516826
100.60212542126425 425.9022626411437 368.29231403583447
96.67982248350515 417.99755693928864 376.8800955223775
88.75044110706548 426.1152984143427 374.56058745393335
82.47408246435516 435.91620907502 379.3115991785254
87.18918050024799 425.94537226694786 380.16463530733273
83.52177959185215 418.7301392249048 372.1015024346037
75.39249599634921 426.7921577518463 367.0406472538996
78.15296058950001 433.37388137669 368.2882859075852
73.55405046561185 424.17855684305283 365.5116898408899
79.17915162133369 419.74314253400576 365.4319622729201
73.41662638014134 413.5505962201071 372.9253096301267
82.62143835983161 412.3627923483662 376.0319878113862
79.32334853483201 404.0138575679345 378.4565695046064
73.28229179964181 411.9649229845794 386.4541616346143
66.64608899151703 402.01796129645857 381.9043320558531
69.68713234736528 399.10547591066256 377.22930417916876
77.37761802059676 395.0870277214489 382.0417633200007
77.05944854645351 391.61405400117496 383.13947662017006
67.3228831326811 390.65093683619705 382.68270332589526
71.81166609420251 392.41519467042735 391.2860309361306
62.65724728923768 392.33290192000356 395.5903236105158
66.81434618359273 386.45886984459133 402.212669878791
68.08355723522148 378.3177805708763 394.24459805252104
74.21683060199904 387.5374211357306 387.9863143032912
78.33010083860619 389.6013903605547 383.6838669390799
72.65819960570039 385.8142795865261 382.17629169391375
80.47161950032316 390.96151218812366 384.4697896687001
74.14741265233725 393.42963303802986 384.17427023193784
75.56824090164426 384.57699140899945 391.89165998803867
76.95239428489063 391.48544343532893 395.41456074663233
79.54706993688123 399.16902554513774 397.1210086296542
76.09126271159155 395.0566525615375 391.83828469608653
68.219281764185 389.0879929749937 386.60087085230725
71.51220465870014 381.5934416122521 395.0456799237736
79.64525034689119 390.1733318502556 395.52226708738607
79.9267474491094 385.7493438071043 399.62176117222515
86.2678948831045 377.52447446958206 397.56312278073295
85.07584237591833 373.8543401400325 388.3966041938559
80.64495897555757 364.754972349134 378.54986591722036
82.94467273902752 373.0386045192768 387.5480444795472
84.30669375887423 367.72350307382254 394.4391834782686
75.0598892562994 366.16408721528614 394.4240666570415
65.27525837398109 375.90848920547734 385.113434894026
63.554409853564515 379.97717358688686 387.1638029408388
71.81789187492468 388.73190834660636 377.1892802271841
71.98749236829715 385.3079830333639 371.71350580679604
76.98588733051548 392.6889179052053 365.87904488340314
85.97917329824169 401.84545107019306 362.17608441765907
91.49078539934924 403.71581270042213 362.6004892863136
91.96317616443365 404.2958437161007 357.99843072209705
91.04177825058466 410.0825433985961 363.7924404356095
84.42565827070175 409.3420183136415 373.0319067812725
77.48491637685798 408.32283932008716 365.0370689119038
86.09515145141235 412.1610181696734 357.3764206154257
84.85931773469024 414.27466283502787 362.6788821464635
89.87886055124918 407.951632653787 372.1868625133951
80.53165555558428 399.09257299872553 368.53314634382724
73.03095955653512 394.9679675914449 375.84543686295854
68.26731186611454 395.02479250278304 383.22754746286654
61.629365176606306 389.1658965959392 384.11669787556326
60.70419102612285 386.44879062199476 384.3688439050993
54.64977909785 380.013472051114 393.14500829928124
53.99977778567319 386.4654614391022 393.93309332306757
48.74718140956592 384.528543545886 385.51807552050144
41.33538973001221 393.3328513563071 391.2534048854069
47.03209028601823 400.04440617618445 381.6915921301598
40.33517174345844 391.3146465717252 391.0644567450007
45.225337420685634 396.908896557737 392.30865660546056
44.87416422560159 401.6789542542023 389.6686065904284
52.06894746598847 395.654618771088 394.7423347285158
49.12073909727817 402.80209641421067 392.3185322165172
39.170117761722125 409.91331199330466 394.93480896463507
36.99672726674191 401.9401498783869 386.83290811402486
32.462706369378544 405.4138553633188 383.77553326991915
35.54591107550683 409.78663883168247 381.515303226737
28.386355785149195 415.31655911800345 374.69731543473125
21.28483022691847 407.0863961167716 378.013159887691
22.14176356449285 401.08473412730245 378.1197543870198
30.69566809459691 405.1991168182388 372.12179928085203
31.912962617378803 404.1686396220444 369.9070568295133
22.152861871611506 412.1369316895236 371.471205840458
17.783892766703534 415.5974800031442 370.0167538623388
20.599324643158397 409.36270289936124 360.113122093293
16.19126969443863 401.4044612636293 362.53865837891516
16.914701768724164 410.7795092953386 371.27037158433194
14.629582161245303 401.3819407751548 373.375951658444
8.860589225556502 410.8452866211074 369.3097009706805
11.401932036923416 409.06036204706663 369.00646104258294
8.410818599057505 417.8436636350018 368.2763244970279
1.6638475829046309 423.2400205602934 367.7924206243611
-5.041335507890069 432.33677929748325 368.8768429069066
-5.327157681819431 430.41631250528604 374.76106431974813
-4.500730712973025 433.3277572433494 373.89464323693954
-13.271210986573985 440.20462538708915 369.66812857667156
-4.748482145556109 431.70919918483787 368.0059833492136
-0.9722778143351416 421.8756558650617 358.05468531353415
-3.357188788012394 413.3060369743512 363.830319477718
-2.8122282596359947 404.14510778610645 372.4731012272762
-7.716006528342965 401.3980980610868 372.84962487569396
-2.4373295939553 399.199028130621 369.28944379645964
-11.054350415391163 400.1327029968567 364.2437968727172
-3.9712708299070467 408.7458898344368 365.88931022427073
-11.455661607934454 406.2430107295276 370.05918080936095
-16.16535355056184 406.36045545667025 362.1266854671294
-18.54611718529103 399.74427062642894 358.696727915635
-15.729230181912904 403.80045269170523 351.61034607604
-5.905541395586656 402.38825209959214 360.546798921965
-7.9267240181262935 408.68867368537957 360.99140978271083
-9.306118072900098 401.1248053651014 366.9189665781086
-6.004648923685833 410.073556985916 358.78517303658583
-4.24074120620924 401.37470889558534 353.3208398175249
-0.19719562662096024 393.89985200395796 344.7818421845508
-1.8948038649492633 389.8116212759324 338.92976882725105
-2.2287006673966276 391.12002619589344 340.596127382614
-5.448083292582779 381.53821863920484 350.25394253050524
-10.133859668101493 381.46445491195476 341.14348208155604
-14.112626599156407 389.0841798986071 332.2904082875427
-19.768257449422837 382.7400208658188 330.89440140280084
-17.150647026453104 389.16076175710936 339.4102573444336
-25.58501636990411 391.4383581172207 343.0149990447813
-25.207169184615676 394.2111095226361 336.43811494285103
-35.00274034672897 402.595809480987 345.36721301565257
-33.17280507135802 409.5555076563736 339.25086774934846
-36.8037999881785 403.5405016486193 335.86992446926644
-31.034144390465293 411.1083480910473 341.26058096073734
-38.28289878178778 418.963777031629 339.83102493874446
-33.036786870005876 428.9554533136751 342.96503803854034
-34.45203370391511 423.95011401223906 341.36897904589125
-34.62288272595068 421.9037071060055 334.505909091671
-25.05774908982682 423.38265342452445 333.6344789550163
-28.911903515558777 431.24430350026165 330.6814193689348
-22.808372971217167 422.8079761577899 329.3749387605295
-15.611804336447507 427.67400875225866 321.1431188935875
-23.441409005650648 427.12340761256115 330.1422035830257
-21.163000608043877 429.2942015135613 325.672650237916
-18.48781657220838 423.21284540396175 325.2321687962566
-20.309925262696172 423.0364902266151 327.5702914804327
-28.96345074096905 428.42515523601986 320.5520094235542
-28.211071741600346 426.8324769538135 320.03668104672835
-33.18490831694126 430.51801116032175 311.6661653027615
-35.750727023960096 421.2413311296844 303.3670868300702
-36.99353854435256 428.7313275133029 294.1438512099381
-41.09402758176207 421.3713643560823 300.74506246799433
-50.84813108019176 421.6305293998849 296.51860288255824
-52.91467672826462 417.37525199632967 303.00483677881857
-47.957266500966995 407.9240446511402 308.53308032808826
-57.39956460722471 398.7467652204954 317.3510201300641
-47.64295152020115 396.7897985726194 311.5714392109108
-53.690386386253266 391.10470159860904 309.96079660962175
-50.544833419940865 396.41434968044877 305.8715988462589
-55.40281160646684 399.6965614670671 308.8472741642888
-57.09852838604596 395.83940386383983 307.371475902149
-56.16184505844646 394.18473521336455 300.19191078870585
-51.248539157507565 402.25677977262467 292.4050191522929
-54.48937556781233 405.776632332808 298.95812047513687
-61.54419863668608 398.25777869496704 307.99850949445175
-61.562403781804775 401.3814174627307 305.4282536198789
-71.54863453525515 410.9869252527795 304.0910397783748
-74.53554639192386 413.61307737888075 300.73339218694014
-79.76609346263926 413.3301023766795 308.12059092104903
-87.95880097174891 418.9479514244853 310.10242885357826
-83.5017603453322 424.4670771112951 303.46395185850366
-77.69491821506496 416.4597942460967 302.45057681094636
-85.29384362032492 414.09943734916754 299.9558317884316
-88.94708893577753 418.81564963035663 309.38790873301343
-88.18548045642821 421.73447603834705 305.16263330364484
-94.68337053667001 413.03899210784977 303.13554127050156
-85.63062262492535 411.9285649273602 305.72637893953777
-86.31799070564827 413.15242237284525 305.4191178477814
-77.17504728087518 407.0083669338635 301.1062987917271
-75.64385284490957 407.9738100200813 303.30981198332216
-85.33307195125508 412.19929460370537 297.2392358969194
-91.33232982315123 408.67650477838697 305.95934081216825
-98.17459105164153 410.41206862396166 313.34994432846355
-96.68529145710818 401.9765820443517 311.09749183935236
-104.91646871643681 400.37052142664385 312.9924471258033
-95.02617890563864 392.1721211685797 321.6424887662931
-91.60428245620437 402.1249253054799 320.5838972200066
-88.94825264586765 402.35641078167424 316.96345828773667
-85.18756469045299 394.46852347949584 317.1118751089463
-86.10484386853015 393.95052899323724 317.7523242125434
-93.45506901023302 398.8635492677705 320.9846595295317
-100.42859285223537 404.85645153986434 319.15659856843956
-99.34217779059085 397.33409414077283 326.15424859248657
-95.94599060308876 399.12958756433596 334.74227704168305
-104.31715153162698 407.9925985023422 335.9841599464022
-111.46917634494136 398.5974245244515 341.061045940384
-105.06983811888762 390.6243106804798 349.92662969431075
-100.57696403316501 398.37785998129357 344.6936053031071
-95.2720000642011 395.37069460123905 341.6216039382749
-100.4270003502411 395.26329563041594 338.7405088790702
-104.99865079120936 400.4561320665786 345.6562723429101
-105.48280011936346 395.3179866987775 345.8183085690666
-113.52636631323674 400.86457894711396 348.0322498896304
-106.85104451842287 405.6100483201194 345.24301217250564
-107.87816020166447 405.2229477800669 351.1033574806712
-107.23225280584307 411.6618824466382 354.41655253030325
-99.3122670801204 413.88646157079205 344.6420818945066
-99.64789931239525 411.30806480088813 338.8200650607382
-97.94229544616942 412.74706389128653 331.92991860072453
-98.27973276705123 420.4593630669482 324.87326633397475
-88.80150726652111 423.3046456922337 323.08592755705644
-91.6403828797128 428.180342097311 331.24974315706066
-96.33524553407435 422.3488039117921 339.54660148734416
-86.3946102200218 430.0631136596014 330.134825395341
-84.91877778396996 437.76824038466543 330.68313164217756
-75.03494175017308 446.46675000171354 328.3293438999872
-77.14119214372246 447.5361034093887 329.06417164854105
-75.57974020746556 437.90871223895226 319.2862587617523
-83.38537836953668 438.7452598811404 318.0081423668755
-92.343994243695 439.3169368219372 308.2929524454023
-90.29241605624857 441.0347753862227 299.4111343467258
-82.93055730755565 448.7684133012962 306.48370992622483
-87.19982407101153 452.12547081628907 298.0353717976073
-95.72928710295717 455.95459756082494 296.5475358437871
-102.76074496383744 448.47150792278234 295.7929314073054
-109.32263107217538 454.91049452672974 301.72322586683805
-109.12673933340092 452.90668493321414 298.2788602969017
-102.15304368377627 444.68309773715714 295.07184729635725
-98.53385024530624 450.26160525016786 291.67553105545755
-103.91064611186651 446.1191051262855 299.5827148224469
-105.82558647721686 446.99094844385274 299.37137112854504
-96.85114742225615 451.0399426421866 299.02748372147687
-88.06488461051148 442.99217971321457 306.1236324946319
-94.13406681117496 449.53968531134296 306.32148065066485
-99.05841461617653 458.45205028216276 312.7241827356719
-90.95944619206465 452.9800536889528 317.6146821229088
-84.22162881334924 443.9897437212837 314.5352330677426
-85.04545691319485 435.8095218197295 312.01399948718046
-90.48577527244754 434.3323163859048 305.66438211297515
-98.45941283035468 437.9605385761385 310.0431563608481
-98.91212529406972 441.0410275967089 307.3450538500956
-93.16015619397035 449.1097241554373 315.11574168458964
-94.46908545262616 441.4124656819057 320.7888254536382
-90.35906416602896 435.05463349593333 317.55037548627075
-99.8512931531632 440.2340645373328 325.06286871706146
-99.46679766092663 440.93857341727295 327.7189484377201
-101.07018550108303 434.11793701539466 322.49461468123906
-109.7891001885295 443.36074677399586 315.9801931917627
-106.99558635064712 453.0058195230881 306.3774583300553
-111.09500089010014 462.16270060593286 314.8562049880279
-117.84329306601919 469.97619993781234 321.8901614854955
-127.09338242909169 470.9506599818807 319.3380980943992
-130.69251184943656 473.8605802856644 328.60246866042553
-139.21108912214322 465.7027589653465 324.25051823807615
-135.55472817203926 475.23801978490644 329.1566344265649
-133.67443882585323 468.76259798526473 338.37290313118126
-132.04915246041998 466.927324027782 340.8046567429205
-126.04307935608048 463.5192345883416 333.7307007070379
-127.83164019149821 457.3445808536261 329.11138692184215
-123.22181985813255 463.11399280659367 320.7885889648389
-129.68198662670926 463.9084639951032 315.58528084457816
-124.52050598900902 458.6893834353171 308.6501657806722
-118.27659314947589 454.10125450922123 313.2165593334867
-118.32433802540906 452.1162170681552 308.86191642601244
-113.56181351937629 456.7503288349734 303.303246980988
-103.6124298337176 460.76444966981865 312.66115792612527
-96.89648038618236 454.9054249269607 306.6106916737805
-106.31014597875492 462.5524778184395 306.5987405512239
-98.22847705320933 457.8712993483825 312.29630834845716
-91.92731958015362 458.51902401185066 310.0439292182196
-97.8319207184106 461.68365762876357 302.1222449015542
-100.78973797579076 454.822407052286 308.2907247222274
-105.37338156211908 464.1392866331976 314.65352699790714
-102.96730605269674 473.3935815487221 308.1388048948757
-105.12610934592152 463.4682161863559 309.027922009754
-101.66491588978442 468.41632758229747 316.38923310699005
-97.29876551953981 477.9480241207467 310.3481389238544
-98.13747733704689 480.14657452033316 317.1584635073703
-90.55745556413687 477.98393581959374 310.50489933959636
-81.69804524940788 477.26667645810966 319.93603361827434
-77.08014140837469 485.7643760046074 318.4289930956829
-67.21291508340417 476.4230801839261 312.4736225020784
-59.57464927470011 475.2435592327361 317.7177440701092
-52.09786651078763 477.1934083268398 314.3990562743153
-61.8907300695881 476.3550138960362 306.0432256779399
-58.3867559660583 480.2230854724437 315.1865563787864
-49.82078180789482 474.05168483431214 316.4526403181296
-50.82847696643324 482.923769742299 316.4918675371757
-48.98459284484989 491.3836807000534 318.1485870600608
-44.20671822647955 482.66628523472355 315.52690163694155
-45.66693947917883 480.09690186926446 318.1850715653315
-51.14246453197716 477.7465077178508 320.6688202756512
-50.3722430524309 481.56970421276026 328.9693627270532
-50.73502514749953 480.8016967689066 326.5576624972466
-47.37387184149652 482.80471030223316 319.36837143694805
-45.67416016347818 477.2424089385847 327.7317090505072
-51.37387363476489 473.8918550886405 331.3312581231539
-49.82646548072094 476.3041671103126 328.6511647984897
-48.827588230602274 476.2708131513768 332.2705480734673
-55.69141713135401 466.4293829745192 329.40272831398215
-56.087310615409734 464.6334697374141 326.7804073396831
-50.412024153843056 461.10299900997273 336.2670026614459
-56.0370430069113 468.5047482903469 327.42714662522866
-57.15941271521951 473.8831980318747 329.58835874465257
-58.45563218292318 464.3210359752153 322.93018194369955
-64.29020862589775 471.758936722759 326.9657844939272
-63.716649806912066 476.759787146326 333.92742401686553
-60.3602654525169 469.25578628867726 331.6563796889548
-51.095208026482474 466.59611440654373 341.25018140197966
-54.464437006570705 470.1716163274434 331.3825003214827
-58.11970704730909 464.69502624945017 321.72345995168865
-58.22970290733338 471.9612604312733 318.7409003715765
-63.53967941906663 479.4511189761001 328.42400594691105
-68.94064991691417 473.28156558853027 329.44931311418395
-75.66155258451167 478.6304745358873 339.2644905974159
-67.19961940216194 472.305125708507 339.7178939075216
-73.227120303126 477.68006864101824 339.77320504856283
-71.26605223091016 476.30184185584875 333.3627865262751
-76.15964040718674 480.25112469377024 323.6480624364692
-70.6677756717676 487.17639440502865 324.42356526815286
-62.84396930421149 491.88870576380657 333.21087826834804
-57.23748832833078 487.4607515232373 337.454159051551
-65.84117591187741 481.7416014383449 329.7396970351896
-59.524196098426025 473.6580817999653 332.73650558363954
-65.58787423112388 468.76533758835393 337.178414502783
-72.19825333839674 478.4727927193075 333.1374271378936
-65.34435447249933 469.8496533842793 323.65779311849457
-73.1392974289075 478.3562246281299 328.31869836290446
-78.23153062183086 486.7099401395457 337.85854345197146
-69.52739475235335 480.6394528899947 334.4529298590145
-70.6605635640726 488.77546754819514 339.63282988389835
-68.65056030390939 487.69455626752034 334.3359620894423
-76.4535480012564 479.07717642999756 341.09069389549455
-72.26455488635308 486.5293078325295 331.7566648845207
-77.8434851809123 481.99248907735824 322.85790177017384
-71.35866599391423 476.360601280909 317.38313019961873
-81.10738741122245 479.3306874860416 320.435793047907
-89.20190779405945 473.23782644705847 324.1077327000904
-87.70102610504561 479.65896705894534 319.58552303241436
-87.7498176972461 489.2371364303873 312.4385551749632
-96.35808802600152 491.7487749917437 318.76696725382504
-98.08352630875785 490.6679689355825 328.0286820661056
-99.87611263783161 499.3420729900401 332.8595380207989
-91.38819831195534 505.73591588113834 329.6292114726084
-100.4725868016312 505.618021371665 320.4228453992377
-93.63306503606024 497.01172628434205 326.44234595880323
-101.68872488973346 496.8176740285645 329.1072294472845
-95.47795386889443 502.577732825025 321.03261902428716
-99.11655722039498 509.81232009956295 328.6156376915612
-103.21108994767002 507.44315909131126 331.09902563723
-94.82331291148694 510.5944010328701 339.0439978163774
-88.15148989563676 515.0743253045914 336.4602991853775
-90.83094643509673 519.2917144187178 341.0509342883316
-83.9999830867691 514.7923652249464 342.2968112682887
-87.23528486771448 522.6115698296593 336.35419688199283
-94.28189239448919 527.6599822030594 341.69946076651
-95.94254933045104 535.6783582546066 346.37982803472573
-86.80549001514387 539.4967581342636 355.55818654721025
-82.21959704710723 533.1618759792507 350.4207433097753
-80.3478353161776 535.782652534189 346.8309922168739
-90.07145485655208 525.998995814711 355.340307755894
-82.62129175427208 528.7560449399908 354.9747146513187
-90.08990304651097 538.26960359227 356.14700806741905
-97.92861967069902 540.1204696432484 358.5659317050355
-89.90679412405609 550.0411035903426 354.08540454002673
-93.86780051183325 551.1491053459155 361.5236970871345
-102.25493477359694 560.5331477863999 354.4592140057467
-110.58564214764854 566.2706326743952 348.673128859789
-108.34323004291124 562.9690366893806 349.28061862248245
-113.25026637296251 557.5206613899686 348.6475627959449
-117.3855426651599 559.0713978271611 345.92949965318303
-121.29473001097634 557.3235906146775 343.72972146499353
-122.25497271169115 552.4270598564503 340.5909834534245
-117.25511843229074 561.5818285000039 347.35772509361294
-123.62918012988595 570.0491286633434 354.032664052588
-114.16585422381122 572.1812375535901 349.0638882810838
-113.06624010710955 576.0744561322432 353.56006673603383
-107.88624683318551 571.9054824877871 348.2474449165784
-115.86594374138464 573.0497045643872 349.84042572466655
-113.94700881841338 573.1317298027743 344.58777976180926
-123.85787073903691 579.8134205522689 344.9766208559277
-125.67307937696282 577.8270002528162 348.9856442135151
-132.9236073030118 568.0238878254614 345.71137540729796
-129.4587222671363 573.877288915077 347.3628817416152
-126.73452238042226 564.0644845805714 347.8266676920818
-131.50021158650293 569.4989626983827 350.3666133781896
-135.42939865924032 568.3655377695496 353.5753705416509
-134.20868381748218 575.4538137567312 352.63767472640797
-133.94675368745771 577.4860972756829 356.4429219690262
-131.75174857334207 574.6942740009309 361.49040141683287
-138.93246800441807 581.2141046074663 357.9856066069716
-148.75746281059998 582.2927401405339 367.88054066938685
-142.8682195102278 585.7426586099535 370.87628235419197
-133.04781953760727 589.3675179139597 377.8577589553957
-139.517855132053 593.3196614334933 377.93167526328017
-144.36290736139412 590.8390263166078 386.27557352029515
-148.56293704098658 600.65473051836 389.27332290885084
-151.9178046799204 602.7967685824785 385.41209556260185
-153.673596452539 609.7291568736971 383.96641325994443
-154.46613704217467 603.1042164989831 384.2509206040742
-150.44317422877873 611.6087386525576 392.4504885736644
-143.83233142997946 616.983204212376 394.24325104215666
-146.85976117495724 608.8028575681171 403.67986369034446
-136.90746238218114 612.8059221255058 401.9683849616764
-142.67026010103 621.6422229704483 410.48040719690067
-149.86201953756435 616.069314033911 409.5580239453408
-150.39813920370486 624.4185602361085 418.7633955733437
-151.61135538023782 614.4715523009822 411.6380093668555
-148.75993638862727 610.5463653255874 411.3635511630199
-140.85483008673444 601.701661796958 420.6312649923178
-143.0403222034605 605.825436242214 424.74527924205285
-141.38375319004126 609.1684678454994 419.30099572732627
-137.90333898125476 601.6233235894032 414.4854832180127
-129.9997897178787 597.047418226438 410.3637431573592
-122.11965283475425 590.381697685396 418.75850157286646
-120.86922230133732 588.8602684581808 417.56306721561975
-122.81783791577371 593.6202949285879 412.1813850060435
-128.91409933883114 590.6647674994863 414.7514187019463
-126.45442614595908 598.3988166118863 417.6028547093762
-127.09467173448341 607.1222408785371 427.11251985940123
-129.82449692283595 615.8133154511665 430.1574714155295
-139.18220383002233 618.8202820800832 423.5876141894865
-130.29376979484755 613.6289421063144 427.77575318403973
-129.56119190359 621.7091480422214 420.90289993418384
-138.31547197629703 619.6462606285602 423.45657022464815
-146.64185884877014 611.6624417027136 415.86392315685623
-144.27868986241467 619.664300618725 424.8527992161604
-151.8401405797861 614.0491049910397 419.6952798210045
-153.42866838129422 621.0167546430037 410.76813941527587
-148.31465655923114 628.3852067126902 405.42758233565615
-138.45461602363676 638.0598952820824 415.36873427194837
-131.60443812984286 636.2160538605735 416.6254213357111
-133.60794379060232 644.6624443663452 414.29530642965767
-129.9673604902259 645.8539162010406 418.46742282120294
-132.2312382526702 638.0975227286883 409.59177479978393
-131.07121250026339 631.3190544033644 414.40813682181147
-139.14177962354066 633.3327471516175 412.70261954993015
-144.65178809845153 641.0178212938962 418.4752251922676
-146.13385318741868 634.1901044172488 425.56437568133464
-137.76628019144226 641.2641789662315 419.739331824114
-144.18526159903223 641.4408689475547 429.7158397368789
-149.76733516622824 645.4949155565846 433.7140329264368
-155.83330657750705 641.2700123735499 429.09551097877016
-147.12175078202802 640.3936063101955 428.7037787679955
-152.0074664238416 636.7347625795328 427.52344303189443
-151.74495975037635 643.2491873874179 419.4319509628897
-158.85262803172603 650.7201124895324 426.4141544047662
-152.47183683096915 653.9001792776407 418.7054345855829
-150.67170313632866 652.863449737136 412.653311227646
-153.64715926668075 646.056604583359 416.97242791214927
-150.92689289305707 643.7908993271485 407.06059018020784
-159.18512334574177 637.739283287147 402.5896095494814
-152.35165437935132 644.315631010165 402.4899168251367
-146.48242912852115 646.653048351735 403.9524846810929
-139.2477217670949 638.2708381186283 396.0925953397069
-147.54353923316305 644.5835424178852 396.7166060681733
-141.88439180947705 642.6193406088447 391.39571084834205
-134.00025081033442 649.4766689959621 383.48516723815044
-142.86729565512724 642.482815648624 384.3438296324044
-149.3080029335958 638.3391677858519 394.33595966082663
-149.02737571305127 630.2343871285611 399.3839957159901
-149.4802556546514 623.1063832242456 389.46861870821374
-140.60946733284862 614.2617042542844 384.1398321377999
-138.73268689989885 619.0755694219692 380.0291968212583
-143.52622106629732 619.629419590259 380.58665922283143
-135.99791661363267 628.4423040578791 385.39913147627254
-131.12647092818446 630.5976935010765 393.11667370324164
-138.14199802722237 627.6891210280935 394.1504603187226
-129.53485241705803 636.1361794839061 393.7872250555058
-125.79815106709641 643.0091624770179 391.9002134480084
-124.62335793142866 643.3552845411866 383.67948659675835
-128.4425631485433 639.0690366999339 387.107469846542
-120.74625665182471 639.8456592559652 392.1443956561349
-113.29981147381869 629.9210638422203 390.77824676319494
-118.804650007323 626.9464907864624 392.45569494678386
-110.24862592165287 631.331693897821 383.88334015970923
-119.49091906732347 638.1909608734258 392.0038664469622
-128.93154680022096 647.459989591992 396.58583704835536
-138.1945937049975 652.2848113043455 391.70140162274805
-141.08672420012292 651.5554194228445 388.5041358943683
-136.32454533314683 649.7749125121718 383.832147820518
-146.0290706793704 650.3851119578087 384.8251275220687
-148.39065149278338 647.3325450877581 383.7134480051098
-150.85569548768228 638.7888406204726 392.96632854067525
-152.32458656447577 647.1819149874188 389.46969566813334
-149.50262390898172 642.5926061183887 396.00829304558334
-142.17557635585067 649.9970556546943 387.17761387128473
-133.00563458259288 640.8676647244259 388.06176324438405
-138.2330298631795 638.1218147890265 386.75456817116213
-140.83093821375004 645.8561315847236 394.00660861541894
-147.88052456162262 638.2850751943339 389.41064644975665
-147.2141195440319 629.2718157500298 386.34185688121784
-150.61890132710744 620.5105958258922 379.8442785604224
-151.4954726061074 620.404896968198 383.28388583916495
-158.71993058321522 614.41393395639 389.94293065354225
-153.6396168056696 622.5007824590522 386.69063481255495
-150.02428407840878 631.286262590471 387.9569915229056
-141.51696418742802 623.9576035951867 386.782033067146
-150.3241249018201 619.5069984143981 389.1030118908792
-159.7579267467872 615.6812955324476 385.6664636488541
-160.06364936611303 621.4431264810829 378.82130090426614
-168.71492376281336 622.1295528044659 382.7275011517398
-164.48405766679323 625.5478934662447 378.6832519458695
-159.93693077596828 633.0323378122663 368.92080085301404
-158.40390309758163 624.4073418476202 368.8346106941508
-155.10782315555517 627.9432808058928 378.3332626937518
-156.6492282495637 628.2899847515947 373.69030250084387
-160.03891085931943 626.4185440963536 383.49099028681513
-150.368059761665 629.1463921505962 386.95703669552665
-158.1413945179808 631.1917616435638 387.5308260438451
-161.84176658139123 627.5561731800815 381.9659518344557
-164.33886062115016 626.6144929697003 385.01857702141086
-168.99847398607824 617.9048899192148 385.2893283447931
-167.43091395489122 617.7860754662369 380.63936856576936
-159.44234819549735 615.4178914248787 388.37972515177364
-158.02115077289463 617.7805765269118 383.7183632508313
-162.3475683052959 623.2080941142965 377.0022153382147
-171.5246132207128 630.6937278744981 382.80579402268074
-179.8995916656948 626.2214772973965 385.6108808035596
-170.95085410027616 631.0714412268098 389.87862520000346
-179.02732619187026 635.2679192231816 391.8108100245467
-172.29299188334411 625.3145157067352 393.98092755973187
-175.99580413260438 633.2693247753504 400.5606711715506
-180.0276018105535 642.8957455247106 393.8922976859906
-171.04747852081834 647.814587623306 399.6086057891593
-179.23275339121332 640.8293549087774 407.53444976668015
-181.58554360613454 640.7494764024636 415.21242918624966
-180.4046524005666 639.5689561106137 410.35993222255263
-176.67221520617144 636.3742345153375 413.79019017859486
-178.4477106857621 635.2519887539171 418.71981919388617
-169.11814737608034 627.5994530634707 421.91674607121047
-163.37945692159923 630.6668252411029 423.31622636704304
-154.96931755485934 633.0838309906866 414.9076192036626
-163.13806314594362 634.4434969547872 411.6045822740749
-165.6457138007583 631.0987233081976 405.29788763460095
-173.91159761931124 634.3978473795187 411.53367513815283
-165.70313961873703 628.4825104433763 408.89100283158643
-174.21216176134467 619.5276060010805 406.88622920355573
-169.8744943495295 627.4960616288564 404.7070867133691
-178.63413544740706 627.3102313780926 399.14817621127565
-181.70631706324937 621.5511792583079 395.7904256114589
-174.13582010381293 618.5612189582686 389.2573157278912
-179.53811529902677 622.4292994792899 388.2958164421437
-176.38706646164147 628.3977156050777 386.3971771526727
-185.08229051936826 627.7232435068715 395.24585683930644
-194.75776681257895 636.7996295527292 399.28417383067955
-194.38254406594393 638.459796514578 397.46880968469475
-190.7510712114589 628.4827619896816 404.02477923067534
-181.87593626284465 619.2359356785747 410.08267647814813
-172.78254991181024 624.3065540145195 405.0941806159705
-172.27989571389205 632.0313983119385 404.76844010946616
-168.29904184828027 626.5321864760983 409.2983922700952
-161.30623145898446 631.0458864207952 402.3944034887404
-161.55354491342308 623.0580277917674 402.80177789305725
-169.71584410825608 622.5586716997341 400.3547559503371
-174.75686674293644 630.230732371772 400.4471910417841
-177.12758033241587 623.6361899900975 395.0270074970138
-172.3024622286439 620.1146272522193 403.5050112221765
-181.6924290883908 621.9104499400584 411.4542124197697
-180.03565147971332 622.796134568924 420.99307939941735
-184.82580255994844 624.863529523298 418.0277070778129
-193.18169649311125 634.3853936719535 409.1146278478001
-200.2406589043926 630.6284217466792 415.42030570782526
-203.68954379840756 640.109317562713 415.5326778098197
-194.63691375943438 644.4590126566936 412.7107589021428
-190.74948073415405 636.524338481654 415.91543886236326
-181.25686645437838 641.5906770679219 409.13164031066145
-189.73954691447136 647.585338832936 402.5265200802205
-185.52021251302926 638.9786157287574 399.79194451242466
-188.708932252315 645.6432697246443 409.4332093621848
-186.62901079829598 638.3562743313003 409.22342252260324
-190.7344888597741 635.1015739811006 414.8139561860629
-197.38714157715185 628.0854148248975 409.57341486757264
-192.56088975248332 619.1507141695846 410.51359195031483
-192.9761725268416 618.492715163746 414.50538479487847
-196.99700554185932 619.8588940804661 410.3708238279599
-201.26085333293815 613.840107506886 414.02968089469584
-207.4683266950254 610.7323738561984 413.36779844819773
-212.9822823542768 608.5179653525523 413.0339327984047
-206.3784466155975 608.2266150799584 414.67843553400644
-209.69956074637528 613.1724627796406 411.3578468995375
-210.38263854243806 608.6639546135855 409.9670853147357
-211.07185926473807 613.3850367171982 402.58814461452033
-211.64415157235968 614.8529722396132 394.09191354526774
-207.8860351393096 618.6413746988662 398.0172553103378
-205.33016730909947 614.6621621111275 398.5547352145408
-198.6413698404266 617.1049623770201 407.52173139183014
-203.72689983951156 615.8988900844248 402.58883749591354
-210.01010950873305 607.4686652081214 395.8867569490985
-212.44180528639774 600.7300647477157 393.5127285296725
-215.72259872753017 595.13529996937 384.6034048075018
-222.37653097571527 587.3244920352074 381.4792732003108
-230.65845045202775 590.6255048758898 388.46244062185673
-237.47931284579184 591.4555274895984 396.45339724752387
-235.44383894079456 596.9425028590775 398.98586649009457
-236.6130109223457 591.6123582308066 402.9323868671201
-239.87489316693163 585.826862142119 402.0524922269392
-246.71643978367146 593.2530572738888 410.2165367730328
-239.96274616721664 596.0512245998275 418.8995386519016
-239.57928011378365 600.0673673930426 421.41647416411894
-249.1894872128574 595.7364845242713 416.9970362669649
-240.67467689009612 600.1816345542006 412.60038679194594
-247.45847164936978 606.7260310840804 421.0766385342934
-253.3023029308706 616.5906564695158 422.3737054892323
-261.02078929203265 612.8069258550719 428.0605263237345
-252.62462299136462 619.1887161561322 425.87281389524946
-261.59474066468675 624.5429546346913 429.0079144252643
-260.55609575745706 633.4608392470715 437.1248284558437
-263.40618557660997 639.6581355398199 435.6730839494574
-254.84492593605944 631.9175667115927 435.9137646563798
-248.10592289937455 622.4659888572371 437.9349753690364
-241.70957121372294 626.0347285283711 436.88985380355376
-232.16770629204655 627.4434369318761 428.98494232113
-227.80833684728498 623.7272959378224 428.25003724293583
-237.13455885805223 633.4233579981899 428.1599705333345
-236.034227449287 631.3486895841293 426.2172785921476
-234.7323688127585 628.2547867204105 422.84561614890737
-226.93856821349345 618.6080530034017 415.8605215284313
-228.4883321130595 613.45804189233 425.22904997404277
-224.44230481895312 617.7758079190719 434.8849388881746
-232.3479783933113 610.472513153017 441.07924609498747
-235.51126440377877 619.9983400449939 449.0150153542902
-243.63740621545924 621.9513841676361 449.1630493143215
-249.15441107895143 621.979453366494 448.3861687230725
-254.41159204575115 631.0441946976009 451.14917392484807
-259.2045037923161 623.8523946162294 460.1849368870121
-262.9174179823329 623.9179562158049 463.0496134613416
-262.26956477210564 614.2970762484387 455.306331599327
-258.50519908891374 621.2618751197873 456.0287111695597
-259.00708779301704 612.5428265125139 456.8520883859865
-265.0652410768218 610.216011060434 450.35555131223674
-256.37832083144775 613.3380234661477 442.1139105143607
-259.5009385789274 616.75863240317 442.087078763316
-260.45349408170017 622.6978603541052 443.5231406850848
-258.53368874889526 612.9833958632997 449.24603663405253
-257.88625897546075 613.421257696159 450.6419093685325
-253.37536863177257 612.7669527385225 445.23795567500883
-247.46584361629922 610.408200011481 438.94200252335463
-256.5993825988501 613.4271495016719 433.3170810884466
-265.1375825299014 604.6284459015181 434.6755986766023
-272.04395364145097 602.6203928270697 431.92425277427793
-266.478062457852 596.83376752145 439.7575180826803
-259.68191524105356 600.369837491092 448.2338557747777
-262.93426616099646 599.0154123623133 440.7201486744521
-266.06334622182936 595.208345262225 442.87924709890274
-260.6368637775991 595.8552031531148 450.96482699166313
-258.7882052819385 605.7171485343457 455.35172096682066
-251.37326164945267 595.8325720653717 462.0500871351635
-252.38124532739158 593.8247785858592 467.51887210173425
-257.586988892111 590.0160716149094 461.7327298557214
-263.5252663307756 597.7762690072398 470.0104351224824
-267.1827775490063 602.1101958024872 470.05556162222933
-257.7763586978326 597.6537846009896 472.70347728075615
-254.4599503209032 598.6465721570545 471.9348625897779
-255.87667918007278 607.7621143263186 464.74085076575506
-256.674377487998 612.9970836145254 461.89011023873684
-249.85692896502994 609.4158620743091 454.86173941030574
-254.1111484338585 616.5061701395276 460.6924445231239
-260.5098836571556 610.5316272903605 462.5085491990115
-252.0801705045648 610.8903610451749 466.80196738288646
-250.82099512205173 618.8430941304727 471.04980471161673
-246.24150774709346 611.806712658653 466.84091970041897
-240.75601953190815 603.5293689259578 463.6525902934248
-231.34681025198793 602.5812849634054 472.65153086864393
-238.43612321716478 608.3372737646761 481.12560190179323
-228.4464629900906 598.5211914585796 490.6650229699148
-218.49030005916094 600.3779257213139 491.44920702617446
-216.4665524767004 595.1975082351033 490.6478738437355
-215.3004569858051 597.0765931137008 496.54953963071745
-223.85786860104324 598.8937685556858 495.3110174345299
-217.41298229898217 599.5595968638211 487.90925532607815
-214.53995926744437 595.9293054422566 496.34123033276444
-208.31526361534657 596.9960016782446 496.44011117255957
-204.60625394799476 600.8220183992416 498.20866318477
-205.66372730036858 594.2472050142043 490.03042602706256
-210.50552738972004 597.5410001244186 484.87286063837286
-213.04020797913256 606.2830353915198 477.7136425352852
-219.14471843742203 614.9623465400938 470.1687446230318
-225.85453220897293 623.2023774572431 460.7713899932143
-232.09899603379966 624.9416081986847 468.6017174413947
-229.3994431862612 615.0666123240024 472.8320404863783
-230.8484947255859 612.6565060288649 476.50206545893496
-234.26248322571783 617.199044549414 481.7071939086788
-233.42878413744705 609.6987035170997 490.7186814024777
-233.39605134941763 611.9414782382551 494.0054057362919
-229.1862658325474 611.2202784886088 490.992875462674
-235.61732565908449 613.7893866597663 481.13775468485795
-244.50509892234072 622.0264518502488 478.2050502871704
-245.93720206412237 626.0718538482001 477.91036628716074
-238.46919165814361 624.0289193264354 485.94658962175805
-246.1972599654729 628.78598358987 486.43102072577597
-236.78307952753997 629.5405984806576 494.0471440972274
-245.83727832641483 626.0515777850933 496.57460497162896
-249.27288238069144 632.502128468667 504.5015565734736
-246.2433385853718 625.7633932860361 496.53417545269343
-237.54609910803958 625.7735034982253 496.33598426960094
-237.50331376875175 615.8633917186361 495.7791946149885
-241.0055250222552 606.1645351020609 493.797534788015
-249.0039261123356 604.3060263323783 487.58630983773793
-244.0684772968976 609.1756245855929 481.3966069206685
-247.71917304615124 613.0916792144648 474.69834401762466
-254.03950315584538 621.0182657978235 477.1078600696236
-263.7726947740647 618.9131247311831 469.4439853574254
-255.849535060838 621.1635985546804 463.68770811679104
-258.9577775051707 614.5681501504025 467.4849081523507
-264.5701385147922 613.0932638312519 466.1026246104158
-255.59024629761527 619.0485592009304 468.5412965199321
-265.50536765452347 627.212613704981 463.5515497853707
-270.91191135617555 624.5238451624558 460.9517136528284
-266.85392433679294 615.6886975406599 456.34150279852264
-259.0040380396355 625.5451589798216 458.4016354500851
-258.9949475020466 630.3235126481661 462.2719005211782
-249.22703758043863 636.1761297912793 469.75091537325306
-253.377062511647 639.475095385589 460.57487792876645
-246.14426355197241 640.2094260942175 459.65514151247123
-245.5475831943296 635.9527064960854 463.7276374600172
-241.12983236528694 640.4146671070796 470.8384849361254
-246.02006063799675 643.1234900624282 469.91803181903066
-237.5625366589284 646.4482480160541 465.4577469175151
-246.26298953252686 638.8909470776548 463.6034079067612
-254.66392676257541 647.6971515008436 469.98649376121966
-246.78193909445966 649.7117838151305 462.6687501440506
-243.52518687925104 647.799701460669 468.440607546631
-251.05253513001472 648.720900152262 472.1759366288067
-245.69064194283033 653.1002118502144 474.32241430009486
-253.77091492784027 652.2035207837163 477.31938439577794
-259.77151584424666 643.0141276857797 472.2712517306425
-258.896996181895 648.0034322406817 462.9672166235417
-256.85817236915864 646.3130990699176 461.70557318249763
-248.41522943308803 642.0607706467571 463.6351919289724
-252.43479889339184 636.7947383738891 459.123907513268
-260.5632617117788 638.8900188142314 463.1757031035771
-253.31520282467915 636.606372364857 467.01319354044875
-261.574994113324 637.4416455561482 476.51785919721397
-266.6398338058863 631.4567405890253 472.4586928664717
-275.9896070379088 625.4368771577621 480.7962792642872
-275.0639678254272 623.3007217972427 475.1502907653829
-275.22790491652825 626.7563562837818 469.88375825232174
-269.39961194446107 634.0684914096602 468.2809801892984
-270.7421288498184 635.2696156340788 476.2945325514761
-263.8276955564882 643.8518273226742 483.4006116543735
-263.04444637758286 646.4930997753585 481.49839968294185
-258.9498045624411 651.110267482085 475.9256153292171
-252.80346599301748 644.1721395187379 472.30744950449935
-250.74442502799855 636.1565089979049 470.16638256981867
-240.7566548117781 639.3922226750877 463.62914884121903
-246.96423866643204 632.4261967838262 463.3263868248786
-238.4244423980855 625.9185934163379 467.8105838343756
-240.25296316272255 629.4006788494247 470.6303174722457
-244.5194153822939 636.8833309837354 463.19050048176257
-241.25529056101607 640.8006849544115 469.7416621012251
-233.77113437896205 631.3536159993604 471.9986556747393
-239.7378159657436 621.9006273824112 464.03142567602436
-246.5229267266632 629.4438856709002 457.8447306807163
-254.58014811035946 632.071003463152 453.1312437994784
-255.2821479340259 622.7284235410573 453.11638598961105
-260.1681945149015 620.7661844868608 461.21171790463495
-257.22722770483426 616.5914198350174 454.6859158351441
-263.2916412578098 617.9463451564405 447.99210395379987
-261.6830245709776 627.6825189174881 451.6983463155779
-270.6566515770071 630.9979316446361 447.57074890014815
-280.65192098074874 633.3587175347175 447.43681236825154
-287.7632342900083 634.8658160606487 437.59104308041367
-293.06767511373727 628.5140209185179 447.2766543824299
-284.71800005640665 632.4397418014925 446.28960869580874
-294.2993635621393 632.5100015914539 449.184575380233
-284.65960384754777 627.352072609617 446.8480606525062
-293.6829574349838 631.7529803200778 445.48654274608657
-303.32644138018156 632.9882411511153 448.018676616302
-305.54955139742094 633.8981123558247 450.4701310239918
-301.11962084630926 638.5408407336433 447.950549218747
-296.28441007766685 628.5835735354175 438.2898697700813
-299.7552420347096 624.3060154293277 432.57443423584897
-299.9661512784665 620.3353398674673 423.64905559667403
-305.8537174775273 627.735959202569 418.0210483488624
-308.5209251943783 620.3328595200018 419.11860008673665
-316.54145239136034 613.7040319458441 414.2979204418856
-320.1685872696125 622.4928791222025 410.2891553607891
-321.59195059688903 631.470033478373 419.94647210338036
-316.5989114321565 632.5447500949944 419.0770327538369
-318.05960165150316 624.3138269754857 409.4879721074372
-313.53300041265663 615.9513114016429 405.1402595255816
-314.4136248784029 624.6262408647663 401.2368568285528
-313.0756412710759 632.2742053380503 404.87369879203834
-316.6797419817866 623.5585395462798 404.1720463998909
-308.28122940169214 628.8655868975336 411.5918277021093
-307.2967738081946 638.4966661361276 418.80315612522503
-309.2774229852698 641.1669926703099 415.1562419210534
-304.0810433886652 649.5534478812372 420.08673478097955
-312.82927690080845 652.805218973114 423.7139038381599
-307.1191161214381 650.406235095128 415.90574794334253
-315.0758703757307 642.3158017329467 419.3134911017927
-313.77786989524293 634.5194106904394 415.46850234340286
-313.84789179184776 632.5047403876805 417.2618321171945
-306.6305670373901 623.5694532466005 421.0972193333102
-298.3634431317995 615.6237654922885 424.60100381972484
-301.2717895513304 613.9596009020862 428.24390073793967
-302.94506720340655 620.3480429055776 422.53094390871115
-293.8469326688026 617.1998337105275 421.76377155686595
-303.23525210744714 620.4267221681514 428.8318592358372
-296.22489101445274 614.2100472649563 431.59521183823705
-298.04442071544383 621.7900350914819 431.8780799315693
-305.8063098136216 617.8916557882677 435.7938259736687
-309.8077434945596 610.9203358813185 426.4010430961536
-314.1108632956217 616.5650289979297 430.7260681438413
-321.5506060248302 612.9592189072818 427.23924406718146
-319.92968714617444 605.9628846268338 426.73253058096253
-312.8749223131009 602.6372331365006 435.83062876325937
-322.1239523555716 593.1439253353873 442.5486714128102
-327.83864144888116 601.2925539592833 440.70112174036024
-325.30698421756387 600.5528910135412 449.15270718815157
-327.8280359699777 598.9104161914759 444.0520884444669
-321.9334089685045 596.7085842053897 442.05469640994943
-327.0130609319912 592.5983752953026 447.85060096998336
-323.36291596130343 589.0107488758978 449.2317150244259
-326.05558440686065 588.7070340947351 453.2442027818505
-318.1738217489325 590.2395611004891 459.6827780111144
-310.66959225713737 597.2777725163721 449.7632646202897
-303.2129761370311 589.8937629989756 455.04500810343586
-304.9151861630156 591.3462537910606 455.56789809747664
-311.31161094541716 582.0515675454067 460.39511417888644
-305.56867949454784 573.9995448416379 456.126330097979
-309.4696778789528 578.4371578161329 464.3240384993084
-303.9646370900211 578.0170475868567 458.64486927739
-311.64297559408476 570.7798495552902 460.49154985450997
-306.2237935276097 565.6923850623006 456.3084144662599
-306.63255154685845 556.9227978782407 458.38492247300223
-315.0878846211332 561.0180108275897 452.21527632532343
-305.5948121213834 565.4746164312437 461.409926772613
-309.2225543270494 560.7076971392174 453.96861633934947
-313.4654624394089 555.9076136908992 460.71184188137323
-317.4563023799011 555.0897695752398 460.85897360530316
-318.69160480619047 563.912306471628 456.43747409967705
-309.6882417255382 570.9245416615374 449.3519353662279
-306.0341811725501 563.5766117753558 449.06270760569777
-303.8807988231701 554.9760002759015 455.02874868907173
-312.5765491987239 561.5067666404035 457.7976503707719
-311.21489666819497 563.0074635040635 449.53710634087753
-301.7669053693034 556.1150569432424 440.6809700677043
-298.97474630173446 556.9215986671286 440.044049348139
-307.82406560397663 556.7411307312918 443.7327422357914
-311.5862162284909 563.3955675391506 444.8896385752504
-302.1468276296827 570.6925952084218 441.720880496246
-297.1446731220518 563.9119497836236 439.9491481720896
-287.6465102621131 557.952913627213 447.792216130298
-281.674568642587 554.8951343231445 439.3753472256061
-273.75346442237 546.3361308546354 442.9793532555051
-279.51364481336014 547.4033197192161 441.3453776391291
-288.4973796611743 543.3321210436159 435.03120180409826
-288.42481188691045 540.3312633387861 434.8721892311303
-278.6350327899857 539.7994640707182 434.0734552553724
-286.04428100016423 531.6023934781051 440.1737165412901
-288.8921823149915 536.9052867145443 448.59625873911614
-282.35388670931457 542.9246827727765 448.21670210713967
-288.43090320759137 536.7314805236263 441.8830437179904
-278.7006337395489 542.5918306671364 431.9518854167478
-273.9998616908408 535.3500916874103 429.8678495282832
-264.5628704865139 527.6581677724545 423.10541363433146
-273.44207668704445 523.4491389874568 424.34283411562575
-282.6194140520132 528.5164493243489 431.2100139186735
-274.3551859544753 528.0587477259137 434.52900443474266
-265.5808551451722 527.1580502715143 430.7884716149084
-275.12810401671203 527.1447017399473 437.6030891615397
-284.64848084742596 533.683886885684 437.10109822421043
-278.4416116940563 540.7376116567992 429.1208015893653
-287.19102726612897 547.9591621011666 432.43516240382075
-279.7569879533924 547.1945966612826 423.0977314137741
-284.5504524159214 550.7924802389525 420.7393885725359
-276.51637624966963 551.9804902801417 412.0862199934233
-285.836423949697 544.6938318104092 415.3307154378898
-287.65063213016026 550.5166794826322 409.4197035989155
-285.8911602591192 542.0195692287971 405.55918926095234
-295.6556190144213 544.516513244279 396.5951146167582
-301.637379642881 540.2872333170367 402.48249847531946
-297.9426752035442 537.2871634096526 411.5600092576767
-290.6510512997678 530.7184244536312 414.5590025055557
-283.21124478452896 521.2040016796126 424.3017964071215
-274.0971913329907 519.9501845487423 433.9233115357373
-270.998401109087 512.3318774154393 424.56709778820345
-267.1169381548438 515.8124041023269 427.6384283169662
-260.568134618715 509.17453979025373 424.6913779374416
-252.33728730445284 503.22547329809805 423.085230105888
-249.33507824519913 512.4433264349125 423.4133175186734
-240.6596993210219 514.1936968928744 422.0254705160151
-237.71953778526552 519.3032698177918 426.71277488344884
-243.5076231065825 517.4222534078267 417.11294479527436
-236.43285269905414 518.6570148650407 420.87803939208567
-229.00478520217334 518.4949178873283 415.8633311156288
-223.1714811739185 520.8201108428233 408.3462775465464
-220.48190896997951 530.191340694477 414.6267243770039
-222.09563460197157 537.9207454001294 422.6621196539564
-220.40525362100985 544.9770778077062 413.4220235620393
-211.98626088507837 545.5992029156358 406.84163156638533
-221.19225229997093 539.1436874082068 412.2183415085695
-214.86299149555506 530.066155826815 415.74302374609397
-218.27090893132217 522.7791934724206 415.15347593204797
-226.63940570207689 522.8225317039569 410.17073391825556
-234.11649432336185 523.1891659586965 418.47089191493444
-231.77495461493152 524.985140310477 413.0990507436793
-233.38825009990202 529.5984061346098 419.4086763174249
-236.2974524143794 522.6540259069599 429.0619520377435
-227.5555374025708 525.1988482133218 420.4043493824399
-221.52691546094786 516.5762347774165 416.7087048246667
-231.155205167463 522.4580484014957 419.53973299005577
-237.80171559103724 514.3061309463967 419.26666360722385
-241.50352124478354 521.7674436500308 409.328217313881
-238.7436065142413 514.0965774847255 400.76415755964445
-248.04545234407158 522.534679178792 401.4781354565257
-243.23916873778555 528.6405965010172 398.5365968604327
-243.83526315692887 530.9054165414096 406.5025100043259
-251.75590179253862 524.5038461757172 415.61018930311
-259.6970317760174 521.1929196927052 417.6525236232181
-255.96045391240506 524.6557531639869 419.75239738718227
-247.9693048215754 522.6007392755126 428.8164686191424
-255.06436605150736 518.5383562677206 437.8886656561301
-259.6064636046729 515.867243945678 443.0339531415899
-254.1052807000172 519.3811589251408 441.83781287289924
-250.2535303084988 516.3195023472992 445.0351497932889
-250.3163369089638 517.9082522191682 436.2429939833884
-242.78736558094977 517.1622179311616 436.57490039833084
-249.47548652228278 526.9936641616124 446.27150209982227
-246.04592228246975 517.2194596625274 444.5492998900219
-239.26189439967806 515.9264171652535 449.0802835996671
-233.52540622143042 522.4686303664881 447.4882753956463
-235.12854168228856 516.6082838814392 456.99778041068686
-239.65368715010752 513.7416267237927 459.8825492168256
-245.77137566397792 504.4024992428222 454.4892996132747
-248.67999776829623 495.5062459775705 454.4646791973917
-252.81705815069785 505.167547476143 452.980208208855
-248.05037258786948 500.90897991025827 458.3613210955695
-248.86806707362197 495.176051837828 458.43545666544014
-256.68028906306455 501.8325508284028 458.1667359421313
-259.217734153106 498.3445279633424 450.51214461154814
-267.0810775710658 498.2220010581945 447.7311115754933
-273.16314976072715 503.3279783740321 456.30964648216474
-271.2423878837297 508.2554747410854 453.77398401237934
-281.17970427769563 512.4341902851215 444.58892892705313
-291.1524979333907 508.08328519223033 450.4667165569965
-291.9669783364213 516.582811737408 455.793068635116
-299.8266785394997 515.5759512720375 446.630660495238
-296.1842967639986 508.2582976487928 447.41140660076724
-301.7201164483784 503.22805165309063 441.17369842831164
-294.93920919608905 498.5516813385067 441.7032133366253
-286.93038472627336 489.70006995259604 432.67435016622693
-282.1032507975876 480.8510486907197 439.4787253104526
-282.123595829657 486.7374938670098 431.01940436796895
-274.87664291712144 485.6574975678642 437.65800180482216
-265.9344050482687 488.22100345729865 445.94570794575685
-270.4293274375839 485.5069327815462 450.37454012281864
-276.52344704131974 495.3334963830921 441.34047619843847
-286.5040265399218 497.14110161977084 443.3105273796298
-281.29676207566285 499.53313332687804 436.7846460418078
-284.894949661085 497.8651278114071 435.45946848704284
-290.6687179133824 489.33128391190314 440.4333472741206
-291.2025082468799 483.71075311820005 446.8484532896677
-281.7926977728854 488.78949396069373 452.4077913171567
-287.9318258506921 487.6873322293619 457.2502442957648
-280.68118348896513 486.3906189249738 460.07244336145345
-278.38774948775534 478.9449546432318 451.5552457633735
-276.19355104252924 473.9548349455334 456.2651155100064
-283.15243053984346 465.56824864576146 454.017094316564
-292.62572181823606 471.9452639807121 447.3098279640875
-284.8209614814355 471.48856183451875 445.84971946134203
-276.4805852978892 461.50307906381613 440.4885115118226
-285.53610975475533 470.28718259814474 443.22808378356206
-282.87332812635475 480.1845902455161 452.28662799766056
-292.81163166574254 483.22178250073404 449.618621484883
-291.7173687744812 484.0042690940909 457.42013551385566
-284.61791761173913 493.86856676755366 456.97402894770954
-281.4848923998383 494.87197880224136 451.6813341676952
-287.9194591034936 498.3948149323769 454.5479463287029
-288.4997293176742 505.27271185603587 458.25375739958076
-283.714225199186 509.0088579445915 464.76209394280664
-291.7414140164738 505.57060372870905 462.3073389440485
-300.17566236774877 509.88344349057587 466.6266416579361
-299.7030213369289 511.4242833568311 457.353916851446
-300.6426275544152 506.2679552527369 456.04248565492867
-298.9450671116866 500.6578052588278 447.7355391767396
-292.16131421642655 493.55816788306237 443.99333728813457
-285.39637446428833 496.340941065053 444.39279575426224
-290.89578930826804 490.5812981367187 438.18239833457693
-297.5655699281029 489.627769884055 435.93688486132476
-306.36819899281903 480.26631164445473 429.2815195334581
-310.5028920259942 475.56490342714136 430.38539362796695
-313.2991942068372 473.72463782962507 438.1107513620831
-321.2249985227187 474.56765235974456 431.1430873540007
-324.89637960682364 478.71005221961224 428.3913327903695
-328.9279282585191 471.7209040588707 426.13204157659953
-336.0037015228435 471.32115536194715 430.5576599450983
-342.16799610726935 479.7967237605544 436.2546358053092
-351.0369385793963 482.173537636949 441.55401568115576
-359.8879712247121 484.92219716665414 449.6329637187076
-363.6791237505356 478.9965565135555 457.0167433740881
-361.3353143281099 481.88422235936844 464.850423158213
-359.43459807976876 482.9657538586695 458.54678605583985
-357.6332912274177 485.2444741304993 464.26226130570564
-364.55836200253225 480.4649426618305 464.0814991629677
-363.2604477975417 490.3702598789755 454.3403734811741
-355.3602800917972 496.1991013742079 455.1539855202901
40
-254.49833216156554 647.3889001284305 457.45896778546575
-248.4253282210345 633.8925162710359 455.21247461181366
-237.27458780878086 639.5030590015917 471.3363748137525
-243.76924624874886 649.9484981644133 469.10292131807074
-240.68655962051312 639.8218218355332 467.8350701073218
-233.6318203461275 655.4847273721011 468.3362990075051
-247.1333408393406 645.8491257485196 469.4464535869979
-263.0276868852884 642.8448918094707 475.3128814179392
-240.6290114796583 646.9218179500934 454.3281514973512
-237.3306891032094 639.209734362795 467.8304500803155
-243.64178787348416 657.3402206547195 473.80803773997786
-245.53577683317852 662.2544026483912 478.79892594427906
-248.91285480664993 649.4991884181906 477.0012241360746
-256.58767820442984 652.4382667022621 479.60548855533204
-265.40554459407656 646.9733952457078 463.93066416291026
-266.7831618273166 649.2020244313493 470.55406831255374
-246.50881277449557 638.8985137761123 454.4159860369882
-255.20960086740703 627.4063974054699 461.8490906616642
-257.80253400856424 645.766249710372 459.14379562401524
-256.53287853831426 631.3833682222239 464.8291107233301
-254.67548307842978 629.0107006144672 486.4531867538683
-260.5514949138335 632.835740604174 481.0119001588864
-266.84631278986024 616.7170031046945 472.1498525256751
-268.00185256011554 618.5953232809766 484.0903648765517
-282.07942253584275 623.9345432809555 477.0468515838045
-270.7868572255837 638.4935059492005 475.71022823958316
-277.92346708188 644.823867368931 474.3045522807876
-272.4383939205365 637.4411221578251 487.4579894845807
-259.5966965403771 643.5593539625789 475.6730142210025
-254.346598285634 657.6580267231318 471.31490527010993
-253.88259464214258 643.2503506520864 467.26199185983336
-258.22516169493787 644.8126667019667 476.88068166950717
-250.7295303607552 645.7677599401544 465.17221519295464
-255.87364645670533 636.7279600960936 473.0889182943225
-247.77540185404126 622.5092574948148 473.9159522192838
-248.73213874997887 635.6646238837203 470.586850774014
-238.6133350876586 643.1875410153413 457.78758161857394
-250.70104535098218 645.4520152723026 459.780463422974
-228.32773030714324 622.528172444587 474.81704938779046
-244.7825012812273 624.0889057924883 459.34812827751887
