1000
281.52586618901444 392.076856485947 310.5643410664912
282.56834538634035 385.07989714788704 314.56597305545586
292.4048726481321 386.0263326327706 316.4602855322511
300.97455886170445 377.28317535578856 308.53771925561506
294.42664398908903 373.8733633786395 311.6431772845244
301.8759225542989 368.2265730984866 306.1310067440126
310.6784039832369 362.33455957293364 297.69824584509746
308.7622019701664 365.60878862887273 294.9205439985142
299.3567646553654 356.2924338474132 291.8984834024992
295.5892642280079 352.79979600738676 298.4891458236438
290.62607338958713 356.4780848894189 301.52082098226003
297.69420213273776 351.51886683921776 301.7592349279945
288.6383702959156 352.3777120525741 296.847694832487
281.46307530793996 345.21198616023685 299.4208004226098
279.8893000828023 345.8632421646342 302.3266584715758
282.74522282477926 352.70844608623094 306.0140077323498
275.7833718514609 358.24947036152236 299.9957569423018
266.65736293784335 349.7182653901588 302.40996136337037
258.96237992827025 347.613995737526 306.6500156931397
249.88852870518642 338.9671151991568 297.1001557352336
241.03250432476705 342.33966075838157 303.0577359188441
244.59770365683673 337.45911034249167 301.85443139560056
252.7585106138726 338.8481206075738 298.33031568147607
258.40172555300137 332.2273026205766 301.41682382137344
257.2332794651865 341.07960204175924 293.77803147049434
253.78419639513692 343.14515621545644 298.73335802108886
258.5439993412322 346.61289834171157 290.74271723733386
258.126800207296 342.0044433989766 292.40610120569266
248.78866671483684 335.3903009405956 285.5164643323925
241.3316992370016 327.98148063021546 283.807007981217
243.0684171057492 328.65563299528964 293.21042106858243
248.7214790696607 334.7439648551606 287.1194698569973
250.9327206441757 328.11171434448397 278.3987799124202
251.10217104619332 327.6112921397437 269.07765976310367
254.0215048984113 336.4951410613556 263.89071780057833
262.2370913250124 335.27243436407855 262.18983656586016
266.1591168997164 342.7251757036159 262.1094325855843
257.56042617350124 348.8482689446535 262.6417222719474
266.6621439096756 341.5135742936828 257.11714583893763
275.0843511884684 345.0914531484162 264.91703292062294
283.8314133645402 338.3529015688961 258.0718712664134
279.543671939453 340.1728872148112 256.9773548180215
281.40790613472075 346.0427425210195 265.34454950975794
275.85136871713377 350.1322161078515 274.5079086867575
276.99651238263795 345.1809545504422 268.60256607298453
279.38088855189795 342.72674047656386 274.67935443006166
272.0393470892439 340.6311759641697 272.40917887990605
276.4771433448896 341.26304526320854 268.17790868732726
280.6676037736958 336.4005553304018 268.3742238373191
276.18353439176786 332.8428630096038 262.87461361787547
279.950192638792 338.44584878542884 270.5092408581462
271.12482790502236 345.94876273282443 271.49707017951846
271.6945271601036 355.76145561883516 266.86782635211335
279.97693967751184 360.78573747435496 270.16897944539005
286.32583529682597 367.33495061692355 274.28535092332316
285.0275059656534 369.05983201051663 276.6401046967545
287.06193245958355 365.1811501054006 273.42298198656897
284.7722721988017 369.61237001848093 264.8416662585469
287.82614612498145 368.39325955326586 265.1328029650867
287.0711273821552 371.5426800909799 261.24512718593525
283.70366505940194 379.1354554026055 267.63059441331893
283.90188204370946 382.42823950526764 265.20029438901014
285.1026066526337 390.36908040992995 261.9863028338195
286.38601588330727 388.1826883299111 255.3265263814016
281.1035295646721 387.30412990677155 251.66794751006933
274.0278252454979 378.62776484990184 246.2400117440404
265.0280067790906 378.28699912632175 242.29078840239612
270.429738650978 378.31927691094785 246.78702360605882
272.1869854286199 377.125167036838 243.62391257318868
262.59621637078914 378.37311958751405 242.48877571181353
266.5680786314822 372.574263982631 249.3894992316671
261.27222139696084 364.13838537407463 249.9193243894933
254.27547789802122 371.2114961179806 256.97335988921293
262.9430798629147 372.52861730862526 248.9438627437645
264.32041045657985 372.6904641277287 249.48127621475388
266.34500834796114 376.2841599670252 248.21918078852332
275.2487859271542 371.0194504296617 245.77277081887
274.9879726639815 377.3643301703101 248.74214218149356
265.58219902305893 378.60596794415295 243.67528493394323
263.39901139883983 384.76339754723193 244.1570597725092
270.47785743151775 384.08475603994276 247.9822919147271
267.10671492634015 379.5627087358202 252.12088625789585
257.7354777937815 380.86675991503233 254.87046861703925
265.097537848128 388.82984884152893 251.4536334860195
267.4120218193694 391.04325706462754 255.61873259564067
276.24032761135174 400.06104569068566 249.03405388298788
284.240987719302 390.8892771898669 256.6716005413929
278.1465235401661 390.67062405203325 249.66598552740385
273.759347627955 398.2649295944692 246.44913651694188
270.65543089769506 389.6958189946687 240.7800353441105
265.80168417649395 385.1622638576363 240.96864979699552
266.60329288116503 377.3245177534742 233.7242194328275
258.9526080491372 367.9215397882587 241.14980849833512
249.99227308342597 368.88281844106024 245.04328600516817
242.2385528705585 363.51232896861507 244.7429885306669
236.9250776328132 361.1179660853024 239.2294501313786
229.38738333529196 361.27538387643665 238.82235275408362
232.45606463420123 364.66747498777676 231.476832859974
238.29439789474498 357.98888198328996 222.2698704896732
242.16981511262375 355.35972231549647 232.17537064085434
244.03918672922697 355.76778199239976 230.94013361245032
243.35273149473122 348.32096654646296 238.61279529631324
253.2977895097142 352.0445036403678 240.25623891682935
254.3406742782329 343.9902993709887 238.0525120296288
255.30894157326108 350.485345023707 245.31293629524527
255.18564996404737 351.9330843572897 249.37003479767392
254.58363124282593 345.7638600060119 251.446020711432
254.13482024620947 351.81185678038844 251.26350424226183
255.01653094222104 360.83541792409363 256.82015688316847
263.08903073583616 355.7739535337974 260.63083409851816
255.17923848577254 348.46163062286865 250.74023168998121
246.608477554474 340.921212765471 248.41890533922904
250.1299501416215 335.10838170572157 242.1254976138959
247.9150489594292 341.22721295311027 245.43548949269575
238.00599561507454 350.7545984854652 245.45723044158092
241.38153667042852 357.2122608030077 252.02541228947126
248.79105754746408 362.1158581422842 248.1745185354182
254.18184440023614 371.0553316414338 244.94940963907584
256.9693021370821 378.5917822906971 242.75738411445843
249.94355136125807 369.0713955770635 244.94956317487186
257.6075516854222 363.7152021636003 240.72541374089644
256.1211290227867 366.7759362549687 240.44794391967068
258.82072565993053 374.36930175747665 231.42561239745947
253.48186724198064 371.9239018913179 223.3403393172145
254.82007045049542 377.038135587901 226.86633855804567
258.34824442458313 368.3938607443741 217.1521767119662
260.09396078965875 378.35403767064764 214.46405841402918
266.61528422896305 387.55978319099887 221.9165883135405
259.2491949283071 381.18447323652276 224.224053423027
261.6461838020579 381.4504899974667 231.87689688342482
268.19131922739416 374.9525654629247 230.69224283708118
273.5964422399538 380.8123252469373 229.40375710188763
274.9245132328326 384.7568145642286 236.39298599707013
284.81303467045944 381.22708524643133 228.48351581450916
289.13189556000935 375.87032282867733 233.22902190376522
281.20343109693977 375.9018132503229 241.29754306408677
284.48846683015415 370.83319041469133 242.56594183936534
283.4557517553204 366.1396218497413 246.06947322409212
277.82716114803725 371.48877815884015 236.8608192825196
271.69692602362375 380.37512319886355 234.14551989568395
269.5165377167458 373.5522092745658 229.1312874078569
262.44547601912427 365.9813541190448 224.7960195453044
261.69592580353435 366.0041952239981 222.2996138404157
268.86751927860627 374.84958187522045 227.46651594331985
264.75357682714395 384.61808558580327 235.0600044567116
272.69995385086565 386.6806527796629 243.56477447345495
274.9688298945404 386.86728212247317 240.09097614851095
278.7227535008237 394.3322076166112 241.82604291593296
286.8729280207321 393.11750817716637 247.6755010318167
291.68171707827344 388.8430510979192 246.51905838685477
294.22438422536163 395.0882318672766 247.4270569723048
294.039789529029 386.0787586000959 242.43176614381227
288.32225883453197 377.088749869573 234.72633948271343
279.11560855555507 382.48400608430126 242.9957160230273
281.0441314955932 383.3650581001155 234.60781366796766
276.41943303230767 388.63166206743693 238.69038521420663
268.5364083538233 386.64779297548 235.12664894915952
267.3723476166108 395.3722697363989 241.26309352197183
261.35500373738773 387.12147060821377 236.78749221507778
260.8309542247951 378.0727001124609 246.65448653746054
262.53537317639666 373.9047523354071 241.69408519244433
256.5498146467567 377.5257487559902 233.10288862370197
249.2790742054915 386.6200568482723 236.1457504586021
253.63009936343727 382.88510942125765 231.12245656389922
258.92714540517653 381.7087025932209 227.8470563463597
255.81839298127232 372.616834373756 218.71084796176459
247.60113441313956 373.86324699328054 226.71290643521908
237.76971120599086 383.14088189904726 221.71708181639673
230.0705894963096 386.50985162231063 224.71254938946697
226.66700194525407 377.4311296255411 232.706452715812
227.07427088522465 373.38477575592236 233.97367719393074
222.93926488344272 374.3812488499387 229.50152248517935
226.04350768620648 367.7253020396196 222.21618293723768
231.2468858859482 377.7100229651367 216.11762941158062
224.92905183578193 371.18948359242916 208.1950959726508
227.46006822850435 373.59795403354246 216.277384436353
234.0037889187585 371.68882152941075 225.11518964444255
232.15578461920057 379.6232483864778 220.3029442075054
237.91034589559132 380.5265704747254 212.55746903928576
236.19138635016 379.45345747466394 218.81234067912908
237.898453436552 378.7343904633563 215.78539048226713
235.29694764311824 384.5399096785864 208.5663099440101
233.3898677955095 375.8949755165553 212.00033583701355
238.08337522237883 369.26274111484037 210.18321782930752
232.01267185942837 359.68099256857045 208.10911449430014
229.14402190438628 360.0584108240536 211.46555293273775
231.26426903590752 364.12200244771003 203.60362693850496
225.728937995702 363.6629819026168 207.4620069489495
220.3891173046791 364.46316321032805 204.99194085659377
217.31199615119817 369.81066015052835 195.63594820674965
214.28169114632226 365.9483858971166 197.93144625293115
210.09134065383546 372.95020801914626 195.37816974884487
216.146358791976 373.72999788549106 195.1579951812278
219.75494593466473 364.1409434202061 193.9685762119154
215.85955171821817 357.6645296720259 196.08858977760153
221.43105255316442 357.6299701360875 202.65058026063184
228.68475145188177 361.8350165241062 193.46366490498755
228.48140212968 354.8428761809328 192.8735374685932
222.7038004365057 361.44043254530857 202.05579787015876
214.72699923743886 356.32196321397106 206.65775361976682
214.15426167879014 349.9791848741363 204.58254868562761
213.28873838658302 340.0377368745477 205.26432809181117
220.20010966855023 339.7004808253226 205.76881709806187
226.65041093482847 344.2022912770759 202.00670961969
219.04860555991786 348.8685454208839 210.08598087034565
225.36700244530323 348.6248382903533 215.15794961132792
221.0806980985336 346.80075350054534 214.51462325875437
225.6979926638697 341.05392124036103 206.85084329640026
215.83288213843136 349.43710748346274 204.29825196187682
220.33305018345882 345.3813239481314 213.47473875100727
221.41766372246275 340.92216661345816 218.15039179572395
228.33910826113993 336.4038311868137 208.90727522418405
230.93820144047493 337.83975744072075 216.35667622887536
223.7170350567951 342.64510897810044 213.69023856578383
218.52109085062065 347.68953147829365 218.63238213992602
224.21267127318404 344.5708698138851 213.68792687013183
216.15900488345903 341.7070460686382 216.1949681839826
220.84221747952895 349.7129587896793 218.25492815066048
222.16555087123376 357.4621211400817 215.4240344397024
224.75098252902623 360.82805010466643 209.66570934667615
231.41907056549908 360.2750737321641 205.74587447553915
226.5499725033144 352.49628902271564 213.9444191114135
226.97387189533546 354.45935896507 213.80892022341536
223.57403430796424 346.4972280992418 203.9216430717197
227.43867126796547 341.4777452568266 202.2523315289982
232.04971549232576 345.74185077766106 202.8607317560092
237.6607653671203 348.8671293953017 205.76748734650025
244.71179227380966 346.7692442489039 214.81970009478442
250.58875382167668 339.575851753297 210.32024535546108
250.37020578756903 341.00814186921514 208.43030346060246
253.1108038575917 345.896807341242 210.63283354076017
254.19728049456074 344.4168840656873 208.37587781984158
259.1152519030308 347.5340745965707 207.80361736431325
257.9610745773565 338.7141029412456 207.47698528840095
259.39270478001635 341.5934052677339 213.6189552555322
250.99331890963813 342.8903398174056 207.82611839167515
246.46596887610696 348.62618513735003 214.03056162233779
239.23714299539324 355.83485744688 213.6752875212914
243.78364666029867 365.48111709905226 211.22163883706764
243.52304100964633 358.20519226909056 217.3628168857745
240.953762524898 356.97127739079605 224.7608319672546
249.46342709595191 352.6192008650862 231.3068118473392
259.3010198342293 343.28655422374203 238.331485910139
253.078438457863 334.6391001781457 240.18337041185686
258.4013040287591 325.53528008652984 246.26690706194373
258.5040387204485 334.8201711287348 244.77768438063666
248.83183540412531 334.2237821946371 253.7211358547493
253.94950632977566 343.7753969564301 250.93496682567093
261.1926713847862 335.45005149838585 250.85017180353086
257.93717448250004 339.9483195476522 244.97045621755368
264.2451724689984 342.73059444804255 244.94454651626708
262.23914894988627 351.48327853656485 242.73778161794013
260.31108167887527 348.7640168070501 249.9247651075885
266.48770820463926 341.19166987866555 259.90097084866574
275.84869350922025 349.13961526386765 267.0736012364814
271.4256676750315 341.37357631212143 270.39107812856133
279.9966182910945 339.66681861019237 268.91282102113007
276.80866926644825 347.33719799298586 261.03108035265046
280.1911054908381 357.1146005253423 262.7711128526614
275.7265581123772 366.24788264661004 256.74648044013384
269.969272726265 372.1410568428685 250.2421848555702
266.8547236953074 377.3147513526129 243.0619607561014
260.83143442952445 385.78613128925383 235.7185583460691
255.02299410804267 383.49533516987645 238.43889865128148
251.7440195545318 392.67514961811213 238.24821769184982
253.40447899854738 397.13447439427415 239.92504203915033
253.86016119934217 405.17961551390135 233.6689022767423
250.7029553492476 411.22963689804527 240.190593266813
251.58490488793282 402.82698503812117 237.90615905092125
260.3909388586002 395.52149406406346 232.29364705896796
250.7501120740583 393.9634634506615 238.01636189983938
257.2100016387378 384.11213677219257 235.44285257860318
262.38757548554054 380.18976836796816 243.24949444256907
260.58032280328155 383.9490174142853 239.19338564770152
268.0212725769399 377.07975723756437 248.2518134290849
266.8234322800591 380.8694034718767 255.4245705256895
276.7153494037148 381.3894234889641 253.83001978986357
272.0346653411383 383.74555831950613 260.03275134285457
275.9241561948459 390.8391558508767 251.90272605880227
266.6914290209611 396.4721665464384 249.44793617097812
268.87843590652886 388.3656740290464 254.77650725554895
271.20500161927987 379.02669061573397 246.46364599003638
274.5288654474392 387.24773142004244 256.19521166563845
265.7762515218499 387.43370833959216 247.440459345422
259.17203995600306 381.1590836978056 239.50513352077883
268.95699286466 377.2579183653148 231.0438696896541
264.30330812603626 372.0070445565604 231.014833843534
254.5395884288438 369.60893047419574 235.7272070735247
249.2504716576117 365.2777980717298 226.64003991862094
255.61627184978337 356.83008518045034 232.37064397056506
261.1116571005726 364.6529617399551 238.86693420861377
268.01014183291534 356.3400189531875 231.19264581199693
275.23489046329667 347.8676923403297 237.77194590688
268.6596476648265 345.4840170890253 236.21787152416817
275.6042470719686 354.1935688017113 234.87621449240007
269.8511405549175 348.11692154009484 240.36385127171482
260.8951818450981 341.4048489748133 248.33641997587688
258.42283652973686 336.79129728712024 239.50482711426292
248.6725204194169 330.48513852226677 233.99114081965206
241.5075821140428 338.5651021555772 225.47309345711312
238.30292988104463 333.80672412504845 219.2870127681306
244.4677061883128 334.8517261294157 217.09815081482606
234.50048853908714 335.2931592926949 223.49828239837868
242.07781223076702 333.4100621145122 223.0288563649633
244.3789022867418 337.1040979340151 228.1156765312973
246.7186307256371 339.66847674071937 236.1527771103682
239.41100631190773 339.44260668213786 238.66338244503802
242.6850181535149 329.75524412122536 246.6643502741569
240.27390487508208 332.7678253545478 251.30293289750577
231.71872311998223 341.27763513342825 248.51719437191113
240.9795621500563 346.64172254499476 257.9645515928979
237.9954116032595 345.7758439663282 262.48245707926156
241.2878212080875 347.45485176591404 255.05171797923913
232.36523819941783 344.0944971560794 255.7876404420322
239.9199381660373 341.0973212200739 252.74793830194469
237.9941120058159 336.5234112356734 251.8821364193687
241.55530283114402 338.35166873685023 257.99460818517167
247.91601154512256 337.1267283492092 260.53223062191313
252.68708590243284 327.5435552966103 257.8016104719644
250.17949724986366 336.2737560098143 264.3307407952831
241.69192204144144 342.7056140342174 259.44938539096466
247.60147424118756 342.6209439944467 262.1247029918951
248.11636337844593 342.91215667188413 255.08974470904778
251.46678105460055 338.8297129868548 249.2123486466626
249.2660256284859 344.30817757616205 241.64712367230166
244.9131358884701 351.130335937869 246.7552011393804
251.98275217623944 354.26262482197035 236.7786808764868
250.35070836861476 362.07885698360263 231.64076560923306
241.93812304193344 359.86472349428146 229.2776757956366
238.4574966505365 352.42950664742426 228.912524583485
235.38765864280919 343.6742755402621 230.78376098041872
242.77488021076783 350.45350287812926 221.4823470185141
251.98361463613838 351.76990176068756 219.34374456304204
244.56501392675784 344.9102936348945 217.59940314055157
237.58343526749104 342.31131823590823 220.59712361407836
246.08187299768082 337.2889583815891 215.4118701165317
247.6459245641789 338.16306663818705 209.4012521012786
240.7695335569521 347.41343153074934 213.53318548807027
232.83970770762383 354.87524330624314 211.31869778574898
238.95944483822592 347.6404614351618 217.42851113441537
245.0966058736195 355.26728602023695 212.85603847623358
248.95415310487508 349.8810516593749 208.86763751199288
250.99231275030917 358.85004625788844 209.9734608799082
253.51357104366934 365.5139860516012 218.2708525308134
249.5947187825446 373.04740097092343 224.85659998158968
246.0353053797169 379.53485646730616 223.13310535670976
253.5817997418962 386.00891273815955 214.51521402574033
262.022044833653 394.285157567328 206.14474525451087
252.8963255078948 401.47266060019007 202.96947838273275
250.94941306894225 404.9550463873978 203.37609850543288
260.71202095589547 410.8101064105181 209.546659282108
251.07242859237448 409.1514612081529 206.83119104042262
248.70813401621123 408.52194240709633 200.44224868593642
246.5557347540453 413.93591834504434 209.8253958875691
242.70810967011855 412.1249665716897 214.42010054534327
252.44418643249082 415.45565729933486 207.89919052275437
249.84035089127116 417.83878390673675 205.50015430116113
253.43911395919167 415.09146294385243 210.1831106418345
256.6868414248669 422.2767483285066 210.38501307910667
255.09114378528523 415.1006813388758 219.35527645060455
256.1984859097319 413.49994563373224 213.98954936867844
248.21552450275175 414.6981564548181 223.21300339195952
248.49683267463703 423.2466841766989 216.42424012979023
246.55636751599465 431.39509449652115 209.39823180209558
239.2837719023854 432.7192720562216 213.05997969892846
241.51725134941057 431.1162097248572 217.5321963631137
241.4291629071242 424.47288938234425 221.74348533570873
249.16078843725995 416.90314997063655 218.25830125034724
246.58202183121136 426.67043541719414 209.14806619441833
249.4374063583515 434.0002167009072 213.0779794549711
249.16580681587965 434.7068376304117 214.75233445312824
250.77268425338863 435.60431215020924 220.52312195553392
254.31892934770997 443.58408155073283 225.9708615488016
263.3668602976317 439.6182254089429 235.02342800894274
271.15603960058576 442.5516925625406 225.79246911707946
272.02961303851055 447.5352238905437 218.94060414912695
268.1804796632015 444.9633573054817 213.5109174848073
276.79396890144506 446.79423828532595 218.92457987390733
278.1365491113414 444.2911162402438 218.9792086473643
279.16852087498233 450.45933482409697 225.5075418503727
282.91401208276943 448.9937307466324 221.36591042651784
273.4330138231366 449.4646929216008 230.3145694059969
273.27151603686724 452.9297728108713 222.2943300241459
282.4028334816849 450.7713374425786 223.28796746907574
273.41917951824985 457.3613273280312 231.14077257268235
266.185207952326 458.9532973194341 228.4245419581547
274.33860897229954 454.93096526335086 226.20194830523369
279.415509146452 446.2247636693042 229.3694245042958
276.07734511432403 448.74447402955786 224.6781520749809
282.9292626747937 444.6428971029568 226.51550020663475
279.04362694357 443.1423139450932 224.4095166368827
285.87201514016647 435.187166132115 226.28519828414554
279.4829594979698 438.21373604985513 216.86601047572287
274.3984772204663 434.5039158775589 207.37536790418346
265.7702943555654 443.9504754250071 202.90549221689926
267.19225821873516 453.0337966495848 198.12429151004523
258.7515641521731 456.3845319765214 195.13102039327688
261.43354811648777 450.52251691631284 201.72190058202446
271.13567534610786 455.4258700414406 207.9276431041809
265.752999203365 451.79579013663334 217.77548811714416
269.13482472234824 448.9528953350731 211.34559566601763
271.7191852763566 449.0289047522148 204.25909060328735
280.82034740308666 439.11133273302346 209.1314869894031
285.0736143753357 445.3300216241344 211.27332920378026
276.57443776128446 441.22743788168407 218.77301438111962
284.37866718820305 435.7893537839362 223.28667842852397
291.430164496451 444.6790194835297 222.43706598282085
292.1727697775502 437.7235454056764 228.13000686754285
293.5797611141535 439.48073271692357 222.6926444185677
286.6954824586949 444.2660740588951 228.12665665531347
291.9741022982671 438.4628850833629 234.46178823307434
283.01179839076053 439.24501192467153 225.15146818033702
282.74054320952973 434.445116455616 232.58547970010483
280.52212107587263 425.55736552377783 239.41458348409
286.5941020109541 420.06288877014623 247.69685503131325
292.7767533637974 420.96770897320954 241.96392503349603
300.3203317784454 415.5795399194158 249.5607883840868
305.46386843861376 416.81247094230173 255.21130922002487
300.8781291822688 410.04318640449264 245.97241791756312
301.0173309735392 417.7504566449412 241.6197059254293
293.54091766829305 411.3920777753173 249.41474631065444
302.0901371528789 419.49235545668637 244.55239306157358
302.2046045561521 419.23719330560726 236.8797489397256
299.6173508520876 412.70688249482544 230.10048032686336
298.50994792308416 406.82805914196246 237.2089414160342
292.05861628747635 397.00935544539476 238.31993789696875
291.19470405214844 406.7147346277583 239.58386634618907
291.9658175326821 415.30096833316423 232.5611791635733
282.7165318876841 413.8930221105067 225.29231354359968
289.79516558597953 422.5162355291516 235.19488428004186
297.6304845026399 428.6765974762004 241.46669434325943
287.6886329543619 425.0409138803528 242.1765577800303
290.6804511231627 428.8174893470581 235.3616781763341
298.6750889639965 420.91694911987156 230.84248582902634
294.2783122680048 428.60598899016367 239.76113378157225
286.959538136992 438.44947102943837 246.3425445414654
277.9808352985367 433.7045305412517 252.35258432889168
278.74066769740045 429.79059079646885 247.35721401278397
269.95053653901016 427.76004037359456 254.98709867032628
268.5332184321241 426.8559538756776 247.91578904475733
277.3054237546594 424.36245982037536 254.3215226381575
279.7950074427866 430.74892001693183 264.10392688299726
287.27568714518685 434.3975396062789 263.12261164778636
277.30514186465155 443.11103221506124 270.612208037902
286.95440090524346 450.3482306102063 266.7450243043646
279.5842141746118 457.79982267364477 258.0965452884208
283.72868686335346 463.9539073242766 254.40675301453877
290.2406222360599 462.4461295139363 253.79556521330397
289.7529003315869 469.87099675656196 255.9602627745483
288.1086603546994 477.35317578970415 249.10266287785274
289.5085891954497 482.39507433757507 247.16994281409185
286.23702565552514 485.98116053742376 251.30428369412977
290.0502856935389 479.23506766803666 254.67466603220177
299.0789117888643 484.61299472031754 244.72827608967222
295.62918758936445 491.58402802065206 245.0933823628041
301.85085805081883 491.4688046330864 240.99932382000915
302.2734834291042 498.4123482669652 231.84610319024083
294.9939432336454 494.1781259772829 231.99752933413228
287.59933956906286 494.1331188275688 237.94600140816905
283.9377066308267 484.2577019447621 233.30072336802522
281.6894113294738 480.23316590232554 243.2125125894507
290.0254349506786 481.6001476698741 234.78345565739343
282.6150637725354 486.6227968734378 227.40825369627754
283.8784728025513 494.518076974368 228.05719547482155
280.07991575529735 492.8944539751432 232.94187742357914
286.5325755107185 498.8668504099066 233.09028162757355
282.4191889573969 495.06565585689526 229.7522994142035
289.78745083976446 495.516394906267 231.0974644233955
286.5411841178565 494.6931964067549 238.66462129143383
277.2005790277742 489.4994661944937 242.35646890133486
280.7736374687342 479.8409036699501 242.72025293097863
281.79277251261993 486.0430024118649 241.26528111465748
274.95220340068363 485.3027898145073 247.94288533462688
273.7828619450488 490.3286097295592 249.23175767044737
283.6142102007022 486.07750497493686 241.5030285751634
277.32057574173086 476.2219419171997 237.89768327541893
275.46057512289485 476.74781191206245 233.92175013037476
278.9927857310686 481.57489568907005 239.48457137825903
287.27527180172524 488.277812966733 243.58367721383388
289.10514828303315 497.63890378514003 244.39673629801084
291.85329136128644 490.20504563069994 234.83616444876466
282.44049375728116 480.3760264764998 238.89743255054753
287.4772861902741 487.2144662212383 229.05392993481894
283.1469038359048 493.197157339996 224.94381507002782
278.4954432509925 489.9458849015092 227.24602874392585
268.6673344154407 484.77736262393313 224.43989505140263
260.769332511352 480.1572044258444 231.61988935289224
260.9807047062347 476.8447199257791 227.59885905327667
263.2122657730749 486.5468423165664 223.97256732403122
267.10111941251256 493.78121864603565 231.79035612670748
269.04169752061716 486.7338427839347 241.35345001859147
261.7009343589016 489.7104339433442 239.99723687049297
259.88134284612715 497.8651244255369 234.41006263178278
259.29673053527284 488.4122592481056 234.62581436055558
259.05550013579364 483.9359073318373 240.6013539114214
265.9935250278379 483.639557926752 231.6471663686095
270.1244717714827 483.97593979314354 240.56817108828662
276.8956699791542 474.64856359719454 231.24387372803042
285.7783720845009 465.4905756996765 227.8242710403413
282.37603724387094 459.4700086057252 232.2920402375558
290.5196671976315 456.03577766882063 225.37134723797175
292.16429929972435 459.6721477669728 232.85616537222643
298.62594050762766 458.554490695766 236.04166817143573
295.60584445573863 452.07084231370044 228.68255279720057
302.37133843334976 455.10015655289953 235.9408507900997
298.74445410490796 458.17190394401104 239.66934362728645
306.911702852139 454.53891483614603 244.31763831965048
308.5537594424785 450.07968447072983 237.9073722546406
316.95568031808614 458.4167624629044 242.10518342505597
320.63560734388176 448.8263617730758 240.57408207657306
329.42854111526555 439.6043712491444 235.33780927589117
330.03059272431045 433.5237236184289 243.67421852279452
323.6465118117752 440.9974495828243 252.41055585538405
325.93067970489426 446.1626660353709 260.0340088950728
318.4877925736464 443.97053809894624 250.13981487793222
311.86216208649677 452.048682419249 248.98317751693924
316.015079562319 446.54736777670064 258.02708185410404
325.21530309419114 440.1801559778102 258.7384073793889
331.9358367101316 435.91239958196115 260.3428164440542
330.79397994463983 429.0514394503422 253.11973171255016
324.50899791585067 432.9089620868716 250.88556216772045
332.81087524223517 436.42116256763296 253.165307150744
326.9292152110121 443.9552192291265 262.72465604652956
329.9670694979736 452.7458852757204 267.68374713718
335.1316980728517 447.78949602216437 268.67890626990965
333.8092884314564 449.6312828198509 272.6412146688045
325.6656936148814 441.82689445151885 264.99769343309146
329.94628031980454 436.4445718402431 274.60645252453435
338.4848469505824 435.978132458466 274.4923584293514
329.9350229560509 429.4858136452126 284.30959314328345
328.616136305794 424.31337819866457 291.9566439304476
320.50305663103734 423.2772284532798 293.5162133628758
323.94350457044624 428.17500537914276 284.60155997043137
333.16083172142675 427.737083362625 280.1665663042723
330.08394669913866 433.9921461345737 290.1380912063653
332.5738988008753 430.1170339169382 284.29479379049843
340.68492067881454 434.6396948155647 276.71475867513243
338.47114592211295 427.4743676682544 276.34122948409185
342.07313663183703 435.0391212183136 278.3617779590585
335.92352128177754 443.42868501348175 286.09961811354333
339.64915253778247 450.417588984064 288.78744799971076
344.9475628877445 444.20585900755765 282.52163731964106
340.6665942939891 441.8386712751469 278.1461847705086
345.2591333819742 432.6475675450745 273.1904315726957
340.8888994418875 439.6458005519298 279.72900916395054
343.0258091419167 438.5827006024367 286.90651574362556
352.6851850874628 435.96949662658955 280.5412740079184
360.8862697823807 445.68995794085225 273.8978391757613
351.88611748908943 449.927717247188 268.56756520133183
347.5691656567807 456.31070518450895 265.9556464025721
348.25435350963886 454.7089776138762 261.67972511094706
346.57911110680357 461.9439596959876 251.7908351258624
337.57294119447766 467.7407782117213 257.86281429131026
343.04159422221477 462.40772279296056 250.4157333946527
338.78124116886124 469.82236094697635 245.7370527333224
332.20576923232244 467.9616777567561 238.45343514922016
336.0684645434361 463.6361091385346 229.75064359989332
336.6649156830141 471.3200494818753 219.8310471216151
343.99405461026265 478.8800186447813 215.37947480072953
340.7101433325139 469.1999565183776 225.0954596639296
342.9204842775763 465.0696129051365 218.26718006404664
350.105785948887 465.95206303125894 217.6376400494792
353.2950943653356 469.1543692661854 216.3449550418951
350.7976780651178 459.4319651839041 222.4191235288659
346.40178878071947 460.04867484536186 225.77274458424904
345.02295741565786 456.387461483104 219.51473830218296
336.4002236519442 449.7305274617615 224.5904768097115
338.14319739695463 445.8329175634522 224.5201796985762
331.2586036309787 445.33632771617954 226.39143406617742
325.31219285901125 435.8785770046295 230.70311374238574
325.8032680209269 440.5994536076865 237.8389829154435
316.08512069090773 431.96028429422046 240.30335977514932
307.57397256351044 439.94044251065526 240.55976761939513
306.9363159816361 437.3222883144903 232.08386344802355
304.0418358696496 443.4826110726929 238.49070773791783
300.42901887900086 451.07698873632245 229.34950301811784
298.997104661176 443.0278873904583 227.57512463460344
297.5061159636337 438.6075105003791 233.89809560070626
300.0149278326556 430.06794987444874 239.23379725010514
292.3198670570903 421.51517538534205 239.43199875286854
294.71447727147415 421.1939228957544 243.80060436515575
285.06530020233333 420.0789572050058 250.06075365885476
288.7855551620146 418.3303179644618 252.00138177147977
291.00642743570455 426.7619718357096 244.11327811428046
282.6222219325788 432.86189732634494 252.39753483294965
284.2410583618666 432.05827256587736 243.44170978563886
276.9211340493011 423.5345819454613 250.0711873911372
271.02610690731905 417.1169683704731 247.58133148741337
277.9074544717417 424.35178141188277 240.1715157678638
275.65047769437865 416.80100651407133 244.82879361916983
276.4597780287168 415.53167896338675 236.46790989746893
267.292307487986 422.8581622535298 237.66827687265123
260.5127723860603 419.56520814294254 247.5352721033326
264.7515823248586 419.47470370781355 241.25992323954551
272.6938355997933 414.6261137542997 231.42041830479957
275.23038452662416 411.80428475046494 227.00304053070627
278.1567890918387 411.664199080995 224.1622991477886
284.55758812555155 418.0669048596269 225.48695336656576
286.9831933290347 413.15202126150393 234.39479895112638
291.1162576372433 408.0912458610049 243.14386661450743
294.8018028062152 409.74442706422076 242.34153822245432
291.2170345467377 417.4266902027136 241.96009900523035
300.8478173152473 420.5298716285909 244.85360515522663
295.69589447311694 411.37696317245985 250.47673201557924
290.13746617685996 418.2409612479448 246.15258977201637
295.4832307986648 416.4940164697867 250.31125436097278
293.42510578487037 425.41306990111445 245.74265291752843
289.01784519223617 415.42697162314926 241.155616184722
296.58851015046866 415.0935761572588 249.61015687048342
302.4610599487268 416.3397602728528 246.23037304446547
309.3121873504154 412.89498033320933 240.14185149703167
316.11561678308703 417.36978470290296 240.49334860174997
315.4383750270029 421.841346511697 245.56123013190526
311.7245130820684 425.537599780391 239.4488628810269
315.0209696678252 416.5077235122743 231.47794939872475
323.84318456050346 412.1384779403101 223.52415629321717
323.56598706889537 409.95883420527963 215.70070345312996
324.09485364034254 410.17932988648414 215.4712639851992
330.3039981334644 405.4297190267254 211.52614873005723
327.10230596456375 408.2087155958627 206.12395334402913
319.0648323015094 415.3874297552094 208.58514888071468
319.5265539132935 423.0179528517557 215.05873094574918
319.31694742108687 429.2047320132573 207.46769531979817
327.9216024569568 422.6042492977946 215.80482798749622
326.29781303327394 430.883402595087 207.35005066658024
329.9028698132362 429.4570081310502 206.47618619120917
322.14903783531287 421.3949209739977 211.45871355391574
323.4853288403464 419.93857937559767 202.82285058361884
324.8904119314078 423.97754256622284 201.33469325806163
318.3183121527339 415.0083991796518 193.58807702911903
317.606346566688 411.48176102737665 198.4306843742539
322.5157413066694 402.8869131353459 202.91871371424278
326.67683977639297 397.9904286516365 200.23768418016317
331.7841700239424 400.9987404960586 203.43524038513814
331.22130005466147 399.9874292787327 194.6085637481206
323.74502830812014 404.61726002619275 185.87713900716113
332.8374456301505 401.20695769914016 189.82522660456618
341.2902638836711 399.3039348183559 182.6630262730263
346.87692024138096 405.1979004987864 184.9847247743543
355.98035994007444 397.7897994394046 194.49311975968558
364.4081188042256 394.0916330963491 188.69895236292265
359.9587412805178 396.506653933459 181.31870693153138
353.4913919885308 388.936903746847 185.70523302504233
349.7322740763263 394.21315423007377 176.26420967322474
358.7933292687476 402.56651555060523 169.954908022363
349.31714404501196 402.98172256127935 163.57637375009435
355.17647213121404 408.7568426206084 165.0614690465308
352.72093095868905 403.39424607804835 167.01565699278834
354.79326550685806 398.82737343753183 162.49995755689372
348.3277623038535 401.3747921583678 154.12126915687364
345.5159294922366 409.3609260031582 150.15344474817468
346.1035490998343 402.07696122531087 146.04046299198825
351.034729872557 394.8679120087205 136.37420475921147
360.95214264270817 385.80153828665976 127.72540644955079
351.853445492787 384.70092167724 125.14888906289835
348.551390884341 378.60711276196605 132.84834192972414
341.4125289794509 372.8356761199497 139.0163952843491
341.5355850112958 367.99824264078285 144.28267240963433
336.80354609627904 362.28171929935496 138.93342900743178
327.54299607466896 354.7183398312512 141.5076129758613
322.1536824798863 350.8488355651853 144.02097888118885
315.51632706848915 355.5828190768293 149.76280727999605
312.60278304246333 363.075721835732 155.1958564617149
305.6007591802762 358.92403730973564 156.25799007753383
304.02683893148577 361.8561033067313 148.07447874119129
294.61471481796224 371.01988473951116 152.60732966012006
286.67122443830925 374.0634995309848 155.7342496263705
280.18861875238986 366.51418524837953 155.69020038483418
287.49696997311787 358.8569293512697 160.11883119788206
294.55600883336484 363.873636374729 153.1225955887363
297.1898330273691 357.3344888648743 161.50614015377732
292.210654478728 356.07836656582464 154.6274405326128
297.352300173241 354.0513751811115 153.51471021156172
289.204526055759 350.13965878761945 151.42101359991264
295.21275167151947 359.94433573474475 148.0640331284694
304.258046599566 367.92651530593906 155.06984002007027
298.4849412978654 370.1324199396074 152.09325051539898
301.49388279954843 377.30273680033486 157.18316455737525
301.1058015068952 377.6392548180004 164.40122801440387
299.40421648208024 375.95611765072374 157.05299567193245
293.59607011043 383.61795694008526 148.02960479847593
285.4180183258077 378.6565607860314 139.977525080973
291.2161298237978 386.0066633493276 136.83674779308282
293.7357308305873 388.9395870798275 131.2421698331392
292.28015119669095 384.04786120135765 129.31898821696018
292.45531519693225 377.5160530214591 120.04779305437901
292.71280858049533 369.5757080683609 127.69088240934579
290.46128108749093 371.40907243089373 123.82065470989899
285.2271081486993 366.97408243475684 125.27131395764629
281.83457093741015 361.25106756989913 123.34833361608246
284.25119647056033 358.13439401724827 120.17605611644959
285.9925040368437 350.6834399611984 116.15000095364891
289.7262003163488 347.76275120106965 106.20037153421438
286.73404689554894 354.1729596247656 114.81073018057425
286.04825522018956 350.7332370787697 116.90697683045434
292.5900244323976 349.780454495788 120.87669575141908
292.62087496468683 351.80394457857557 124.83766615209775
286.06506454777724 350.6825098119324 130.3162973015227
289.0615148352393 354.6063251211186 132.28529276334143
294.91959636938464 363.7168082522627 131.2786224721378
302.40050444657624 355.0311465877132 130.98478848240399
295.4106319077441 353.53782346157294 134.58401770931212
289.61763922593593 346.4147654610751 142.48415037760913
298.38481434473766 352.2067893638696 147.08281863651743
292.7377329990723 353.4956048242613 150.80475516666073
284.88303649094405 350.1604795888853 143.2477451002879
291.43213791626084 360.0982223056298 153.07100075262417
294.1772504274243 363.08512007433484 151.47049782419384
285.8554272664927 355.4045482982379 154.31182112685104
276.7354455520037 353.92273096381734 152.2573530014742
271.99692206486554 362.9409312155382 158.14168373835182
271.78846640667246 368.4978270400415 164.56879601590327
275.6774562930624 361.3110181934834 154.82737498035172
279.2541721085973 352.9342796791515 147.75299986812252
288.5449807834138 350.8427426931737 144.74218513332593
288.9360488083865 355.5514484312757 140.71780754974444
281.2153269642594 346.919285527963 135.77548609382507
273.376407760401 356.6777170774227 136.12591209300186
266.23878502678804 352.65285377844526 139.0718551936496
271.0546944903394 352.6073829378731 140.1711423479213
277.9918467169342 360.5436444074671 131.32694667083447
268.28279465145823 353.7598589386908 134.854569964107
269.5027584320341 350.19679672025825 142.7298183287295
264.4873074991097 356.6466285700493 147.80946103463515
265.27997525077143 357.2444841689928 146.45290611726992
273.6069319516751 363.43227657134776 151.3578369876592
268.6707378531607 366.7696152419139 153.67709866812672
273.1078731617429 372.86609778744935 147.76716158085432
268.8946134457957 381.22987535867406 147.6896903158098
262.9934174666499 377.5129904580238 138.7437246869512
253.58679151449124 375.7134694842832 132.91559164620313
252.62237524408224 378.3657947578516 135.78318157777025
258.31341585423513 380.64669937569556 134.42397382209361
252.87402962043774 371.52721889831383 126.87317026491834
245.69307931095284 375.1131337372948 120.616069225047
244.9581489602821 381.5809323335541 117.25098503458597
249.2436201562234 389.11618495749155 125.19903517492875
242.56548182629678 383.8825452931221 134.8873264238316
245.4097580186486 391.0645244765188 131.56564281559955
251.50496554182797 389.0574009787234 122.19535061627879
250.24664788562444 395.63064089637083 115.52032429458927
253.61767799849753 404.89409492064976 109.5348770750606
250.47164437608333 397.8063193077213 109.70810995541056
247.67432583717746 399.73013896203344 114.4118873218797
254.2071896426884 396.00461470189055 124.08371209772183
252.17943397313934 390.5125029179684 119.70166440995014
250.07242950386987 393.8722703743971 121.97009326226086
242.44535055604294 386.74357338854105 119.37978612692207
242.1873966601029 394.9701170262924 128.740922178841
250.1503327356102 402.3608635016454 135.47562921813716
240.6283919093373 400.9013276619178 126.90036903443225
232.91882847388962 405.3279168640151 133.27364129914918
227.4265074905749 405.851619187339 133.6663878821624
220.9787591670955 396.8653529577281 139.98513750799597
226.5555383499545 391.7369870114713 148.59079486983995
222.47517754200916 389.6964173730786 157.28723121700082
216.33709677781107 382.6794431983711 154.07935999956877
214.5533060151877 375.3542278768135 149.04660671313528
215.02146754827706 378.62465078337004 151.86500715037246
214.0491881768505 374.61217970243734 150.8604246106125
213.91896384511313 373.06553892697656 158.3663080995146
223.5857916490998 371.54568432823106 167.74779284269206
216.682819588378 377.5949569686944 164.7793390433482
221.3657920522294 382.4887429390107 161.80819408138626
227.2382536086971 375.44682094129035 155.0311646619156
225.35400418946153 366.1876603652126 163.98376262663177
228.97738356131512 376.1536009632172 167.81332748589645
235.99751702651199 368.5389839527458 173.21133016023205
228.307353388044 373.40453552657243 172.3637755663221
222.31374137604158 376.65915537050284 175.76756217674352
216.54322368852328 369.3799031902968 175.8482953138093
211.90608641534538 378.1171898334947 178.96433084759565
215.68153742602507 380.8532804913255 177.7334312732874
224.13606413979022 381.1834060935511 185.56190675091105
215.96614806494404 375.0937548090332 195.22655524201156
208.93260992000654 378.4216392891645 197.51852095211163
207.33673344914234 370.21121572119205 207.14110573639613
197.8134189795457 370.0281707844413 204.08587472564273
191.84751105217018 378.99189432773136 200.37113184254747
192.30576522608303 376.56425713076266 210.21655956086676
199.162954494851 370.25634036550866 219.97467454682993
193.32772355619647 367.97069550979944 221.749731728971
188.28448602887028 360.29172102778557 222.58800609840065
193.32435967446892 362.57132471207717 229.27801782154057
184.63383151310518 362.4313904533203 227.3978711210974
186.57149117830747 353.0965612464703 220.21439769516462
195.8532275621344 361.5026584996738 220.35589682103577
191.61468900377054 361.43429060736077 228.1211299212452
188.14715562474035 364.9695168920799 226.03012196434506
181.58542014451555 363.9518128071407 225.53413667246156
189.62276018120306 357.42791314521554 218.77488467443425
191.78983947411785 355.8940704425108 211.6321721570054
182.31936990770078 356.1682083152214 217.7009615367639
186.94654225901135 358.15093029885526 221.97663560644156
178.00043470074291 367.4942706140033 230.04603166645188
184.0229363900259 364.6849909090231 224.25194388350138
179.34273726858655 358.2197400007975 231.47576766500472
177.213012601736 359.4463874125069 241.0624828179015
168.04503954278874 360.6947913704606 236.09127457986943
173.8438571148191 368.47818739424747 234.41949085573646
178.0053008244456 368.9964511864656 243.68424358678755
173.30606669094198 362.7972291697201 235.0346055813171
181.06244601299423 364.47248435371256 225.03547745188828
182.91728981468498 356.6231610522644 220.56273278782965
189.92743046925918 358.68723974714726 228.7979091828631
181.6666353911101 354.3066600034518 227.2561652273885
188.56674909084725 354.70482277887436 223.90207226061543
184.0947454394949 360.5640110240049 216.34581869812973
178.66038097159594 355.57311087055274 213.97907991893916
188.53095095666117 348.74765961582057 214.40908975497695
197.17908100745777 338.80920387379535 217.44007222537286
200.7909493461209 344.19230807693765 210.48131976297444
202.16522962252688 341.34239686447074 216.1060116033986
203.29636159095207 340.4736273124259 224.40961373412108
200.8857707796839 333.0978011499822 225.46555256771148
202.20500339846396 331.5880658272722 225.83951490757974
207.39653725157257 326.9626508528391 217.34970348425813
200.16723742064144 332.5607312949022 222.16615837248236
201.51585511114277 327.7886324394062 218.14940538522208
204.328016697167 330.0046498778814 211.3888233115084
201.96685840751536 332.37204542719627 215.52113306054395
211.09310934694545 328.73849195471325 211.81772675546128
211.73996909353437 321.10627127228486 208.2029068859869
220.0960565345055 316.21751295491356 212.33136325261626
218.34789803880233 316.04409027446036 204.93899380555584
211.83076841886148 308.1914404885986 212.43400339254214
218.03883470947062 310.8242870542311 212.72890525803868
225.62796033758335 306.85595455415705 215.97904262151366
220.36609084591652 306.97363220319136 224.27611339804417
213.13577507445098 312.250699894313 221.11841182773304
204.00192361549236 302.41588690628646 220.72366730947667
201.39458144263435 305.6597319919748 212.24373443942378
204.5686176902404 312.23185220040335 211.2217209756587
210.55279125744184 315.74181034023394 217.4999568413986
213.60953508571194 319.9654315530541 214.97812720593618
213.10936408272664 325.67511900564597 209.04164666124723
214.08706954656213 319.7477012128179 214.03360571249766
208.58912089698654 320.8865553235893 206.6981830158691
209.73473858021427 329.27487253319003 207.02606225562386
215.90905397200336 328.9277807911913 209.57508188065285
217.50822948871473 334.30567292412167 211.5846434126417
216.67377860556397 334.8838929421321 213.61138503706405
206.97630947457768 335.96668525945944 216.12854834903482
206.1973202366001 329.19253298954624 210.82024806994218
216.06088451148983 336.38021910401756 210.61631374857674
209.81426046097621 331.010296430769 205.22276180888923
214.49249963340662 334.1525375576177 198.8948178397804
212.20505055375153 327.3106541454141 199.9170607655476
202.45967873102788 320.42732361633244 202.2383076124482
196.43253999367553 327.1854428260261 196.83133934502624
203.85046070014312 321.4523360415418 189.110165758568
210.93032285702571 330.7930569277688 189.0054762198492
206.56748977686885 336.1680059166139 197.86045477736238
197.02519834139076 339.6825900989452 189.13390128401215
196.14617154034022 341.9622265452946 195.13776141693384
201.4667121954099 336.61472435375623 197.92448662404925
192.019131497429 329.89900085688953 201.2656563747949
201.9395173789625 330.50413732601254 205.89186467068066
211.6486353992982 321.18426850418143 205.2226529896112
211.29333557228435 326.8032090337079 207.8279403744952
201.46583596020028 327.35394469058826 204.2636798129425
193.74249988051355 329.63566226754267 200.06042699612095
202.00896382359642 321.82874830559757 204.3291189931672
205.30454122795783 322.05135214399417 213.48276034420053
195.83267245059034 315.4110250573798 211.66696876373214
191.95590534403178 316.85430894121174 207.32084704115394
195.30897961624368 307.2219424163059 213.1178944652617
199.99519519164852 313.6509104981081 208.56503511908926
208.7979485977671 305.2272580325358 203.22660811597356
218.79312681920285 303.686202957836 196.9645606830613
217.694523786226 312.4856533394497 205.7893206016566
224.7888076764159 318.6512875880111 205.22108426002225
232.7541670935937 323.3958703679191 200.8484772534856
228.66386718089035 314.1875847185947 199.61335587090582
227.76318596054796 306.42890532455164 199.16597166701877
220.94670861429194 305.8254362188039 190.59535111143722
218.09221556815692 307.14786913441174 195.70901759302114
227.98057172062948 302.0226636610696 201.88483982411415
221.00804702847847 305.2984650279995 195.29718935142043
229.35753773252893 314.41443966559586 203.30630523744472
230.66002454951425 308.8843565254829 210.69703813378686
228.42488891593257 306.49552392441154 201.08989090652963
233.84925876773872 304.97535148973407 197.36644553087865
235.65342444542387 302.88209369106914 192.0582195452888
227.84566329601407 311.79483337519696 182.50651315023583
232.2222046955984 303.0466138764834 185.4650235304587
226.32567541430515 297.05334529599736 176.29667449216484
230.66092119263803 298.5722019842326 175.40096523810234
223.61255941509503 302.3051791393004 171.27942429499214
226.05887398697732 310.10603307061166 166.8379345141661
230.23840222422945 319.05908576682197 164.87081927804894
229.9427033709618 315.3441709851683 160.51419997517203
220.07333378747165 317.83140716405245 165.7651377832613
225.43341819252663 323.79236009109303 157.07738952601687
230.03934463671024 321.3853782772414 152.9073427201344
236.6641037418488 319.7895248321293 144.3487182766014
238.92270887506874 318.59912559785505 149.264717921991
235.0155975191438 325.51071321424564 154.61384623945798
235.48963700136179 326.106051831534 154.41821946697397
237.54134744632537 328.42444894630546 158.90496882773616
241.9793882820951 319.4080734125641 160.08442959604778
244.1045535808134 317.24446625998524 165.62975589174525
252.46749089079438 310.4234901561874 161.70374321162438
253.82323731363056 315.59742731814015 162.12886197087195
248.55730376588787 314.3321316499189 165.27053793063794
256.84266568834863 310.0303180647441 173.44907923200992
247.08037704926556 301.38975923585383 171.4534403823159
239.10736947332023 294.4782608970663 177.88674112517754
230.54203414247968 296.6366642556414 172.82845155659155
224.58542751710135 292.5217522276772 172.15143709977974
218.16089743691285 293.4719509561621 175.049366562408
224.3509378563677 289.6547163924409 166.0916101319121
232.50224017738228 290.52024762346076 168.4072329819367
231.9136035803664 294.66808270300584 176.89737412292038
232.62754351902865 293.71369995751604 179.75128544104572
235.35667676494936 284.5865227240161 174.98225732839623
231.5912595579419 287.25252804437923 178.37221294780284
223.18285345867588 289.27746574346105 176.01808133958113
231.35156134634576 289.73470954215753 174.78464171309213
230.19833303654744 296.8182743286774 165.22503373646367
232.12173751413883 304.3458368829924 164.7599054356925
226.0854594451672 297.4487261452074 171.21969144816478
216.55317279581936 296.05477173477954 175.35934630249065
225.89284866474674 290.9369557948312 181.67153397171336
230.90423275659398 293.40685751038893 188.24295930650828
221.20427440545103 302.4256561146634 184.3013519266029
220.58906590267733 294.1480248030595 179.85321884256618
217.8571370507387 284.9307755477786 185.1151660871656
220.8407136931184 279.5020800565395 190.88938554446986
214.42579873400334 272.2646151955752 192.0851473790342
216.13450272354675 269.57987688034905 189.80472008042915
215.35977776592898 273.54952556428873 180.7356476429503
215.45454401300285 283.35154104439727 177.47135737109016
214.16589008700657 279.5963802629853 168.41213798251673
219.12873045585945 279.33922541800877 177.27499492929616
217.11782361359948 273.77197580806546 167.97020775206465
220.00653370143488 272.6064030120817 173.05167483986293
214.75886017720066 280.62553567253747 167.447726397925
212.4632761701704 281.06283781350476 159.19605070719143
210.62423537110334 281.2939529664888 149.4042577677574
201.4683481406805 283.6460930424102 141.8431686470522
206.07796674977678 291.11197187777685 150.9186598715307
204.2187249131022 288.7361844533846 145.53103369051075
210.05606067658937 282.8940159992114 152.00150919009462
216.07372549941425 284.8719817899583 142.88121202912416
223.89924411392477 286.29670948952185 138.12941372773776
228.04120497946536 292.2456127375726 142.1520880894842
223.86806299637146 293.07149290312043 135.24991936801345
215.327920847432 290.5313185945124 138.2818565994954
219.85763367659123 282.64761580055125 131.54746479960232
225.69947524910756 292.3264436883034 132.96746479891124
222.007888069634 286.10552452861845 134.6375808558689
215.2769033585083 290.0152250782642 137.93958044129855
209.1781771076005 281.8898134791788 139.79205071879454
207.0212240726499 273.8534242954458 138.95290753633742
201.7881879137725 283.81271435380273 132.32637578332225
207.83450091347532 275.02426083602467 138.91816652647717
208.97441074856587 279.0283929110481 131.78067603797123
213.85603005395708 284.8211936026341 129.2646849244162
206.47726738572786 278.2425845193139 129.41163889767864
212.94944520122974 271.0336801869302 131.80331337560432
209.27251204201278 268.0109253521556 140.6222851109829
209.81851103748764 260.1087442585619 130.70973451557225
217.82003173163818 260.14369443108274 128.42339565319895
215.67500365042898 251.3596095764375 121.9433138586385
224.0892209224621 248.72413780959218 124.3583956173343
232.4652799657844 258.61408210338163 132.7021222609046
229.79080443201568 264.33806079435857 126.30651148309094
236.94400679372941 265.8327668730513 132.38581703398907
246.84364962140663 259.6674432705 138.27704611662648
252.80112813127354 264.2336706204287 129.79022700614004
245.92668523382332 255.6494064653419 138.4921006135177
239.228261060274 257.78647118762416 146.8166499853235
240.0847462815944 257.29731046216745 150.97736847751597
232.9407783452698 267.1328664044898 149.70181708918136
224.67832095284112 260.2584306175403 139.97361419614407
233.65928956623927 251.13040387082333 133.39298797800882
228.8024756473763 259.2619177719066 127.69438521092002
230.92321406956387 254.37210149905343 133.48963079607
234.69713909853124 254.58943588652747 135.7097466272322
226.01599140799738 260.78389920171446 130.09176372595908
216.3477038506276 251.79716736062917 127.99598403585158
220.02163834109842 260.1035217658678 130.78681977285754
210.03776708818725 268.94854904986363 135.87762781499248
210.5158687425654 263.4380611576498 130.51497622570918
203.610511619304 256.6938238807834 126.6344926663148
200.24503063050938 257.4367242419234 123.80795862435727
196.38698481865976 254.84216318332295 116.88671145203419
195.35779025645857 253.27940287556953 123.57220871277698
189.3848226395069 261.9616713094051 132.59066623291312
198.65452569831126 271.1425359090235 129.3783287812983
204.7431927001029 279.7562096187774 125.15976178983078
213.89425616883588 279.2927423288966 127.9090123998227
208.28340739688144 272.10958727822936 133.42809210734032
216.92532687589875 264.4366681394064 132.63343193286886
217.45369200343592 264.8718132767387 130.42716584051863
215.0429956997507 254.93515420419467 138.7064400760587
211.3033037002209 252.60678204397993 140.95195557712435
213.87537597766317 248.7285050192388 134.44624056188994
204.24610724155545 240.43506842746135 134.04317908563706
40
258.2964840548126 355.31614220170945 247.97851009863984
262.7229979896808 371.6844880645988 247.02883933075205
265.46975532725895 373.83008431614303 236.34736758488424
260.86094409417586 374.58426659879365 216.30873050868277
256.17523557468127 374.4429785586731 230.92359348928676
267.9603488851102 366.10289758455644 217.23448554672606
266.4447898338348 382.49010244164015 213.3347266767027
270.6268058079466 380.9417631916531 218.7575804524215
266.42185804169213 383.4165923135692 230.47341869883022
252.95526050604158 381.28437586737715 231.4974873349167
258.8887790761895 371.7577540287025 234.0755682146627
270.0195622175025 373.31866789484025 230.85986331972998
271.18093821949407 377.4353656225458 228.64952233931177
281.72111905661666 382.3411935806951 224.7863857004957
287.5129265306715 377.4476760404689 235.55464342237397
285.16624060866764 369.2753151836299 241.35439680459004
292.3860908823113 377.34112370543 234.38889109040582
278.65054293129555 365.02947491785557 254.91068784880343
272.4429085531367 376.44410139846315 240.0786730783641
277.6461744557269 380.22305921031847 231.45819877215905
271.2812956872364 375.6237376972887 227.03677280952442
255.19320836269122 358.39655876064234 231.39479256000877
253.78087162211432 357.7339433309493 223.77683851511222
270.83980296856845 378.3381129403029 237.28595556472024
261.1967852968214 382.2975016304267 228.81214158843355
282.06201254485546 379.4033214333498 243.58879957832656
276.1668167224552 383.7477394490175 239.05769837145908
271.9787903500402 398.4171563401144 247.382031627378
285.25410484648216 397.88078094736034 239.34674856827368
300.2250946300691 387.6910529891294 255.97595836024462
286.79994278548395 388.0754433937921 257.1171866814946
303.0578173060994 393.9283078541454 251.0901246739869
293.8809845536596 380.64664523437517 229.35658500567067
283.94446650222864 379.3707431898548 237.9751782103144
286.49172412716 380.50072812081487 230.8503890608866
272.7608174332206 396.68005814927756 245.23068057019606
276.0835612406039 378.48693343718827 244.08900013210015
257.44649959636104 403.65641446326526 250.90749551039673
257.1486758255662 378.82496873647204 232.70887927046454
267.6025236304432 375.8456315280675 249.95365953830606
