1000
57.77124344618487 210.57756950710456 50.77533545129231
66.11278873712934 209.25648912896537 41.95551120968193
63.28620574691245 211.2563497393193 47.04473148035728
67.4448909542285 205.27971111496035 49.69624047875572
71.15379110184983 202.54347988654487 40.93615265102283
74.26329292393957 199.81755161513337 31.88339947772628
81.296702088448 205.35181975985674 35.70268793755239
82.97010714017092 206.2866820769121 26.433313079940238
82.22206045665314 197.30017738653726 35.53028175211517
77.72266988499834 189.84240611536904 30.603095020681913
80.29321488737494 186.35339298086353 40.38293946688087
77.34114973028359 187.0599814229727 42.04718636244959
85.12552856536914 186.86109804011335 34.21929820259131
80.23183485580876 185.9176764129116 29.20073113629639
74.16588756201912 188.9916490775025 30.253129550761937
65.1551997291474 186.9631318899524 21.230678659368113
66.11594162420177 190.4400281476146 20.37298803097318
70.27369548623571 190.22812266159093 24.89766347464468
71.21888383009771 195.17016338995612 16.097571824760973
77.80636300494609 191.09613963894043 6.599854565768835
81.56532723990063 194.86170629435344 10.97165527607519
71.85533966556294 195.0637139616907 17.274306365522015
75.96188214556125 204.44575583077318 18.492918548163164
76.18722864800849 199.2118796766799 24.98913956519674
81.4355221674179 205.0568830033022 26.5452376542681
71.49915658805908 202.77631684505627 27.8917328077105
68.5940994655787 208.79861893402887 21.813374275625442
64.06218293935927 205.85650169966715 19.086949119531386
61.62451873799298 214.4807334508022 18.07960679384866
54.77161232938593 206.65329975626693 20.25120510609895
61.57118272422018 199.97324257088778 23.51689105441715
64.26502744993708 202.23527762391467 23.496954774953963
59.79328503752644 194.8779808144661 31.09324590794696
64.55583549857525 192.027186503391 32.69806327588256
73.83005106614728 186.92491925866977 28.12534608529132
73.79563003357616 186.5549238920656 23.290955861897267
71.29154764366794 186.51292907968897 23.480636408371566
71.89889474124361 180.78249450229333 15.36604229665338
72.77804612816263 188.27629666236973 12.551826101270255
69.14232776304463 193.3099689502556 17.50803431168245
74.68473167031338 198.30880654151434 8.197791153424737
68.96249599319137 188.6834020104673 4.7004670277802445
70.94114992401188 198.1050614790586 7.5459948531001135
78.6263527883392 195.00504538275808 14.577428161460983
84.51339514709505 188.52322488419588 5.5334700220056146
77.47475870841512 181.5305524677682 3.201100040187016
83.49850467247896 185.03872109931328 -1.2112415426358312
92.19089669321515 182.3547578744144 -9.243164934214459
89.6475201633227 190.3847598952663 -6.196291951857665
82.9542357875799 196.23447051641284 -3.117519213507521
92.03877664075506 204.97660788794641 -7.132734501363091
94.92105914094807 201.8428992940474 -10.153382757421342
98.6038812358095 202.3772179357244 -16.391676010517635
97.55315637560334 210.26546927411832 -9.22606112892651
97.37050514740801 210.02439072241575 -2.9902975669129868
100.29028861422317 213.19132153387457 -3.566723386137191
109.42974201698206 223.01467825645489 1.7619399486290952
115.16300734623051 232.04082091068568 5.39058591317982
111.76476198556382 235.5977741348659 -3.6776934228698392
115.93546418126901 236.8446243100619 -1.5874630850398601
109.97144281529663 244.7239049896422 4.97175985814261
116.16665848439654 248.60264421261465 4.55794420713436
112.21977549552045 248.6771334860874 7.694462848943572
117.52817941827155 256.48045257440003 7.837705908623926
115.69495049455992 256.93669250189066 16.383456246163306
110.10650133048968 257.51695914273176 13.663716141995142
102.53312007643359 261.26577165413585 19.00798282595479
105.77628592523004 255.75681141609138 17.965785074282568
112.06837030729334 249.7606504968691 20.077887770870547
108.82298432982716 254.53488931959342 28.91182106784046
117.55819130508586 248.16023285722656 31.461536719124314
108.57402951167239 239.00026845613218 33.2786798068105
105.93047140096155 243.5353560339017 33.33921948904473
99.58258615968256 242.76005285432794 40.1797127616855
101.80622940867505 238.501022672362 47.90706800723564
107.9243543421685 248.2260115714977 44.956498037819614
107.2641141456091 247.65175667454136 40.53376862911087
101.18162433956294 254.1663370741562 41.85813729767858
92.14428445650907 246.84235323133584 43.05210082560413
89.10521886339315 243.15152244299466 43.30739311784237
97.56808290947454 245.97720466344555 50.27859165103043
96.14763771487347 246.7093430069115 48.1422166490123
102.83914459095412 254.42922156699336 53.35579863712776
95.98419948831054 244.69006385760673 45.12029551775871
105.36743843410895 247.08288806965993 46.340361725523415
106.81012490841997 245.0062120935023 53.6007084717731
99.12425653346448 244.88896043891555 53.85207173782441
109.04307761593986 240.66714325311943 51.52340421900702
106.96157212256975 248.0513404082129 57.35882083626733
105.99260776437256 253.34209834777943 65.8245342550338
114.69321450459155 244.2585130331541 68.02048736275566
118.24209693065909 241.6569374571815 62.81467643753273
118.01148803738926 250.75447864553615 55.83783435303265
122.15764160177318 251.68168541366515 57.94350196347596
128.20719769398696 260.66414727018935 54.83876057218435
125.80826706994708 260.68363363978557 60.90950378828552
119.26782368235664 250.83705061853323 59.212826485486865
118.9911313441946 255.58643677406045 58.019601697252355
112.60334687364251 260.49876857570416 53.29721536566227
120.73659988555652 257.7849297403659 49.49570491918697
123.32063872662927 254.57561214773503 51.11701320738833
122.87717171391351 258.4242041718232 45.43179675312541
122.80420462896589 267.4229238678936 40.50460006631939
116.99832980927637 270.4477158877906 44.328517723058134
118.02535405225404 276.3823234729192 36.5904467521775
116.83599322909753 276.57868834911454 37.29991250576832
125.07250217441856 268.00375527694996 40.58323650194534
115.59089006122758 268.74229963474136 32.875926579207565
121.97633423241093 267.3301325466911 29.29979115338542
123.92031572264052 273.0455190536046 31.58595035764567
123.71570086185375 276.9801588082813 30.415257460909785
129.04431666055808 285.11704067090534 25.14515712204395
135.52988327985372 281.64559296562055 28.819501744876174
133.91353245010416 287.77131628790727 20.430426327475722
141.35253620661385 287.2598056391646 27.955652397135456
143.32633443295032 283.8634714561572 19.659590783404546
152.020400711851 276.26172872813936 13.542308453402626
150.33686743812362 270.6788890878683 10.574365290848432
149.06143903948038 273.4686649599359 20.336976939463923
151.1866401738545 268.06321255735287 28.69268852036151
148.19039699239198 260.2641593700943 20.446508261001615
138.75529981329606 253.43296544977593 10.55803578533471
134.4636093211492 248.48135839474344 18.63634874556981
137.89745389438366 240.06221018631513 20.702308978800808
147.2116131829925 231.316267845011 19.93728659936108
144.2466587278572 224.9276853108451 28.64792841404212
135.64314400468547 225.01057156229825 27.382211388579734
137.96512098167528 232.30789001030575 21.514571655383996
130.52296565323851 241.56616915805975 19.044774735908973
135.47156862647603 233.6947763417557 14.060488897591618
139.79218654578062 239.76018375623127 15.030749270983172
147.07227810461814 237.9309432061227 11.501387098199382
143.18299593692896 247.81706629214128 7.439826700353297
142.3545704370196 241.01371298201084 4.023114082644545
150.09392559230847 238.60691638678202 -1.1465244597842137
146.26777539332588 238.38643019912098 2.3417581577671944
150.0121997080907 233.43117850785265 3.3203883002107095
155.22882610452731 228.4396340734988 10.370211229851291
148.70646664387556 232.4562207000839 0.7707072079786794
154.6720364961113 226.59584602251934 -8.972290504110303
159.39671906671936 220.38986353055208 -17.50101364846769
166.5777372587694 230.0179249799994 -26.134862324311104
172.10164414322924 225.61544367244966 -19.585309620134847
171.08953762214423 225.70767145665695 -29.18711857857893
172.60918590836326 216.23081479770113 -34.514844361677746
176.42647142611008 225.43065877201255 -37.34395596783355
170.33566032807437 228.25510588855866 -38.82056793140483
175.98515238098173 219.52258777005335 -45.85871846485745
170.19620179944823 227.05221205959694 -46.9548862903068
162.6809186255644 222.63827461811363 -53.07537338462192
164.33285873139224 229.1889262635684 -60.292629315529766
170.33619605501758 232.84397457731035 -50.86891722208108
168.96938275050397 227.52092711773184 -58.35592930589288
173.95663431466554 230.87379133435408 -65.92343663105737
165.26159209778373 222.75187599059018 -62.908410472184165
158.53257539282833 213.38217188576454 -56.27880644907353
151.61066121382115 223.10524170051892 -55.85290545743867
141.99589826945063 222.00600936716882 -49.04911690835281
138.03585473827806 230.48764702122386 -44.73932847167486
136.81045922396027 235.19705229993548 -38.85939275823707
145.6343310149945 227.91447258564045 -42.96665145147295
147.2508187134082 222.16832496352612 -51.28784022658474
149.10672914370377 219.506605414346 -43.2398115966445
154.99988433582834 225.9925052932204 -48.79604111265134
146.71930303794042 235.45890211901127 -53.99069252946377
140.2091110467053 238.91942628647377 -53.13086877978391
149.67637522750732 243.30049860697622 -48.63610082569221
148.61688370287783 237.39787152047626 -48.620672181651365
147.65127426139432 231.10479675031473 -44.03767147653589
148.10412449114082 222.68093732673242 -52.86003081932806
153.14167201809664 220.28059370839276 -61.175154694363734
149.512493650283 223.71117174504278 -69.00731040441033
140.09876393163174 224.7882081901199 -78.07567731270373
146.12264107816415 219.47641437354483 -87.27196763694987
151.41172298922842 220.4921929102558 -89.73482186878935
160.73679831559812 216.9427401984546 -88.29660252367295
156.96704762226292 211.72927870828107 -91.50412800738238
157.45736872213496 214.52855228227799 -84.57645315251798
164.3417376935445 217.56573059372977 -87.6144084124015
156.84539427687892 227.42945091069066 -89.04249371186498
164.82616577552986 218.08738986539268 -92.81449070533517
161.587882780814 221.3574569142626 -95.48060262561614
159.47737572418478 216.33126818285228 -92.28400745780769
162.47080554942175 224.033758489995 -89.81141499328798
157.51983512716893 233.99730569341597 -85.87523368129713
153.56177166703472 234.65784057786882 -86.5003571268488
152.67840262301527 237.49017777493478 -92.90844101272833
150.76578332849806 236.99587779836637 -93.38725006743735
152.7706421016666 236.8636520103744 -94.24814789858736
159.16626785842925 244.85530787938754 -88.91204932078283
158.5841688890553 240.29639347930495 -91.01596703714895
163.51017086660215 241.1655332652701 -92.67732348624385
164.47071323835894 239.6509468618603 -85.5091980383317
170.35665440140372 231.73144778599996 -92.60685569459177
164.021636841311 234.77059131091596 -100.90457688566316
165.17036480217186 241.6663667121523 -93.0795959096439
161.82590561594438 250.79854244183926 -93.94496084380398
165.20441963072358 249.2014468833994 -91.84745893564177
162.45407922504546 246.5707989514882 -93.65015784421294
155.78045327749413 244.77041409864137 -95.707794026362
152.70249823416665 248.98815934665126 -89.33721582293435
151.22800302047983 258.5359833068063 -81.46670113831077
159.65449634232115 254.50484810243216 -80.71573171977059
158.13988646735856 259.21888390983594 -88.66363768793573
152.32897148489403 263.1406932945889 -83.23802412902862
145.60313652377056 268.88629800951287 -73.74550754212012
150.01913231823352 264.8291800028015 -74.5460558879808
154.12225848956498 263.2546956934326 -66.11337071820998
154.67980397945814 255.82202577312876 -56.178456241229355
157.7593045413061 257.73177965042345 -57.1356027431724
150.06488819940722 260.7344943765224 -60.581751507627146
142.02617380934106 268.9744502128085 -65.44028157666226
137.37288795068423 259.0393036923688 -73.04320540894679
133.32201645087056 261.1159989048627 -72.73095327459986
131.10607673549438 263.5381449547633 -77.01232998673218
139.8818141491593 265.7934154836711 -76.36721054241107
140.5095798514555 275.72171859069533 -83.35284623433073
145.2167337711789 268.9561801545452 -78.17569566512182
148.49783163557163 272.92313987550983 -78.07483402492619
157.43382480656734 263.87196015086545 -71.18147528467054
150.82139388076982 269.8332173202474 -70.39613574321046
153.68767408709454 261.7457637691394 -66.80168071529562
150.84820731449713 260.7805477941975 -70.41442388833588
155.53512181838883 265.6400271305857 -65.95406651005656
146.2308283444591 258.5235197702499 -74.20357849402527
151.77645756302047 257.59409251545054 -67.86282968498092
158.56820910056194 260.3655305985596 -69.61431626142262
166.22035145882137 261.45599372675304 -64.14133874767944
167.03387456227478 269.37133957419854 -63.994049389237375
176.60556849428977 261.6761649143066 -61.29777807573615
175.20751203565342 270.20521495621915 -55.80766904469638
174.66314748604088 272.0401189810577 -52.63666013618737
178.117265638593 268.12691220025357 -46.3641998296468
185.31625366186077 266.81267457993414 -44.85169078897239
180.9603270631003 266.69036174405755 -43.328530921215844
172.90578865638466 276.1242905610109 -40.709272275983395
167.57819807583044 266.6359544037189 -46.325024544096514
170.7527559018732 271.7877616902742 -46.66912631304428
163.0729071605191 268.7550064862653 -45.17043133036366
162.34469137007133 259.25684651835445 -50.594318026970875
169.8750659812496 259.165615914445 -51.40178415939527
160.885630541068 254.55414864581226 -56.21300001355246
157.62182582209223 259.4503777367168 -50.71336653417261
158.914093672493 267.9202156966423 -55.9703706127615
163.6130148241997 273.89119029312565 -64.02965241628618
170.0162817074241 268.7204338079793 -55.71731185908863
169.20581030933025 260.35015796629904 -51.876207655865436
164.92907331767927 252.737619731006 -54.23595110875331
173.38404199932395 249.14304047590355 -47.462722966222636
178.49876061195994 239.42539057985158 -38.697930597394446
173.292237267267 232.59470422660382 -44.407855377632835
178.40619048458709 237.27890423180912 -49.316246525288676
187.16670688720262 228.01536934081722 -43.150981197549086
192.8264060993733 231.24330918347223 -42.50039484339101
184.99466765512713 237.9827735353541 -40.22054946094072
178.58156604366533 233.48404466322347 -35.37838529696427
178.76875349813724 225.20251119831667 -37.833118769010376
178.59057247916073 221.24079793579673 -34.16225505528199
173.73169229306163 221.48424874652386 -40.00168925490278
178.3832808444797 231.4082032812147 -30.715271960381187
173.39262212946966 239.02463105941072 -22.66963309866437
180.17583787271184 235.68237863389712 -27.258570602948495
185.56419787574657 243.61376360430924 -19.980052282694835
180.3883609817178 243.02091961173414 -25.041102684076378
186.7592432220914 239.32652577212735 -28.09548337783696
188.96695795903352 245.72028697944398 -26.28974681571565
195.9302694218247 244.37689784839455 -27.832851942327316
187.8420294891543 251.26120211750654 -20.142857068031354
182.1848207535935 249.80656650760088 -14.352210627095067
183.74075874570414 259.3983219390542 -14.43869981270839
176.4946861905226 257.208836466676 -19.831777587979616
183.53263428338784 250.36284182619056 -28.60289127180917
181.22951827940346 256.5353509649541 -27.28834152701241
187.21762587058257 261.8901052828953 -25.314482587006072
195.55099366131694 261.7261191536862 -22.996923533857714
188.57762847661246 266.8701670578183 -25.142285878124824
185.64374271248693 275.60808321977737 -20.908872542551084
182.8064898202351 283.05898190737526 -19.947185561074498
183.90796417233418 284.8905375202033 -12.673738638662952
180.39393473533107 291.1216002782106 -14.579946457818595
179.24376609564263 291.3136809948091 -22.987602570567724
183.68228533815454 284.5108067490213 -14.230556109602372
175.7000133881466 275.0246383506077 -15.186197795462657
185.22559353547618 276.7157068657842 -14.659367179106296
186.93741750914072 268.5279081535182 -23.45647752515017
189.99620708146705 270.15605002415515 -17.903171696348423
196.681524006905 279.32874222263564 -26.445173273825713
189.34958862090588 286.27890071411497 -27.990396130148984
194.89081302539915 291.2962530208471 -33.481263088627614
185.6106723099242 285.70816682697796 -30.057642403018725
191.32345580425428 294.8488034781606 -28.288013708814436
182.49212736368673 299.54716395289165 -24.64032783974939
180.3473671884374 302.55045756020496 -25.47206110139154
187.05941039541912 299.4067422905129 -26.0213661864272
196.16611881014518 307.5609516749322 -30.603887404378504
186.19492373640747 316.2429385527547 -30.187673298544055
188.59097561480183 321.729844681509 -31.801008604551477
190.32012894518272 329.18676839746456 -35.650990156300885
187.36801714977886 324.46141323314276 -37.88792654262029
177.6321311309827 328.79681969451894 -41.42866377293631
172.62473554115306 323.25062719335193 -41.33994577268523
174.29048188694276 322.41378189342333 -42.07913935306005
178.27493615048934 316.7621289775011 -32.227665996260114
168.41400468747074 315.53632659685337 -22.388313812368835
165.82782175961268 323.532441045548 -19.720618032350412
161.54606297497327 332.56434009409344 -13.577179920686572
154.10760141538339 331.6865634276674 -12.787729326168847
150.29211498600085 329.99259655525213 -8.658485110912034
157.25001192992627 338.61182471685845 -9.15961262686061
147.5053171506784 348.1286089394725 -9.973346098807657
140.12300486898195 346.3049088178979 -7.584089187684449
140.5367285177036 348.39516607949497 -14.318682229359574
139.62043307337274 341.1340117019799 -13.94488362013259
148.40558047948056 340.7485212962934 -7.656734837221425
151.7850424001302 335.262527191871 2.252934156396986
152.54547816640655 336.44226572451004 7.598980581657733
150.5300680828103 326.52091763528585 4.2583357846069925
149.67915246911713 335.072994516951 -2.523028682109967
139.82626706013585 341.1096950579326 1.1160917097168133
131.55482688603485 335.0835043714217 4.271032338376806
126.18807689706784 338.5630198046821 4.933039988731879
129.13222470037587 332.0328313170376 11.163235167802238
120.63801777185253 324.8147451227419 12.546025484318497
118.0158838768604 327.0477024037455 19.83228562071274
121.53358105450164 324.16526663327704 24.961211784882785
125.325096135784 324.8236445606265 28.759583127631444
128.8326827924209 326.77045373168073 28.914776590937926
131.64395807501458 330.1637627582733 37.96180058948505
134.53332128206293 337.19547027932475 40.09939850241629
128.08957027069374 329.33257934048254 31.414633613394496
134.91821096300112 326.0460358652786 32.863120544960346
142.1313432234103 321.54561320112987 40.37993870301847
148.55350933848837 319.844946513785 30.384504087535635
145.65179350015467 314.45631204313594 21.172456914035173
139.65119833691446 310.5209259013937 31.06644899744618
144.61272274418076 308.70175766446795 24.30793167799966
153.80352428757635 308.51312374637496 32.66566552855484
162.36246076990926 307.15270100281674 33.27263907192374
155.3037228184347 310.59253885585207 39.894394766165924
147.57720584217796 319.06457037417397 38.52362420496977
139.60763867330414 316.24387689844855 28.78091026203149
133.78048568348927 320.6690937122611 32.30430190552279
139.02717698126617 325.2621387286312 25.244647368347685
147.7937685762979 321.53866871809157 27.372690849284847
138.04455267175737 312.1541474094518 28.054471206052902
132.3879097328165 307.7830158475536 27.430384431522977
136.5401218346837 301.4814845955831 18.247777814006586
140.25582704261518 294.38580300875674 10.051097183311319
140.07613853542207 304.0766016612895 18.962657061099378
149.92085990512982 300.6646439501005 9.647860885535131
149.50163711461633 293.1488189410867 9.276193545780743
144.89218015075136 297.2900849813661 1.5083566509930701
144.78112616624728 293.1297408826694 6.016278253550458
153.9369571913605 301.803488059907 -0.565505470757306
149.95976306527376 305.63905460501667 4.012749016841632
150.38691721657278 311.66188404561484 -1.0066794791259204
155.8176404868849 320.84927710636083 3.2360571649913377
162.8104926002923 315.35913346639177 -0.6508167708479857
169.3533145765805 319.6162487390141 -4.246557750395207
159.89861027288418 317.7494297412165 -11.425771027168171
158.295589856643 319.71039506601545 -2.841001975924545
148.33711494943438 319.79826033882784 -3.3065870382077764
151.96690615140537 328.576737608485 -4.431244582966446
146.17075139816143 329.47282061376995 -12.171712100051925
142.43221397705787 335.31871961452276 -15.07458750322498
150.67832864367526 344.68669126419803 -12.251756009337814
151.76313594011404 348.49364507896433 -8.830393202242059
145.6217054894053 355.5443292787557 -4.031686531269351
141.9932768051563 352.67759493205574 3.7235571031520056
145.99461773698368 348.5922983789066 8.955819263120645
149.28341720044946 350.0695405830956 12.61172054620586
141.1175884111737 359.6084412694963 11.447707453336722
145.35762337914562 358.8544163813018 12.415659843261988
144.2704829025829 366.35101779761214 4.163097694274882
151.54021437508348 360.181310268786 -2.832757560810906
147.11760077180483 362.5912493977193 -11.55013266333812
153.44935942348084 370.5298108803524 -18.32363734316252
153.97047470066838 368.71843966510403 -15.226477940174291
159.77276393027068 359.8789435214945 -22.15898331839557
157.24479903751381 355.88155780188026 -14.056353743986872
148.84584146885902 363.76332338247005 -19.824007236147704
143.2118515969872 364.5449388730197 -12.243663662533196
152.78876712064815 360.6207170679195 -17.37131483000583
151.5990086193161 370.0572953890312 -14.578681288794332
147.89308996223673 376.5326443113333 -13.79922995091166
147.55208525203633 369.81478230888933 -22.399676200671003
143.16956324182 365.66354540302177 -28.054900864565433
149.57001869612608 370.66794826194007 -36.78034522748098
142.80102899111276 379.4479768968424 -30.28068257505549
132.8667552998974 388.43835388425117 -34.70017820227148
136.48722095639644 382.82483178948286 -26.290463003998212
130.82218611769443 388.4044092659126 -31.686802096123966
126.45162108346905 388.9754958151358 -27.066272671269807
133.27870426252355 393.7237299397977 -24.971725990000124
136.98684061515797 391.06203387202567 -17.054553617444444
127.7286879190843 399.43659930536154 -25.511646281290567
122.33543362297492 397.708607509203 -24.477669770801842
129.1942954552498 404.79673305810303 -15.753459362733638
128.6125050330715 400.8595076789512 -20.31891898708703
132.4929136283249 395.15728294366295 -29.310732907535424
131.28909653579407 387.1282513233229 -28.05010012470166
126.70435929715995 391.59025573828626 -20.27295960524603
124.62682080668921 388.96503340378734 -22.61050552280541
126.06869213674777 387.4519965260506 -16.522946035886484
127.64400072473452 382.898787373534 -20.63497141674803
129.57894576757352 382.8512858174115 -23.895596752632954
123.50909379658079 373.7888307678993 -17.267319149255968
133.14118322804194 374.70328011072905 -21.26076848069121
132.46665465852328 377.1033596722212 -11.967596386758784
127.08411840030939 380.8777963215346 -9.281384880502852
129.44984854669138 380.222120626159 -7.280624077931195
128.5959234118617 382.67292833473346 -0.14071744058838043
122.66737161104807 390.7103311437094 9.24003217170548
114.76236995779331 383.90653833414143 8.626080158095453
108.60628292347062 378.5108601050986 9.654156037303398
103.29629359809459 386.99870251324376 19.341132497086434
94.6562412148354 378.69531507524596 29.127534117100573
89.39580712399737 377.9100806378684 20.216488239504873
96.45556033820138 368.44722346263484 22.1701195282747
90.0260691992732 358.7622383348955 22.228636531786588
87.83044539016134 351.4590885404814 29.1568018135951
93.19082562925077 352.7923528466622 30.399201981194864
92.03993372690437 355.8980985019659 23.407989528690266
90.98770055248882 357.8062365767844 20.5733435523518
95.51484540931308 356.95818482490137 28.408619528277864
92.05227556718611 357.8806194291112 21.349333184241438
95.06160528343355 349.5323752612549 23.31894364159545
104.78458267269738 353.0736194014207 30.448508336026542
95.40023631928324 348.2236671950968 37.63185013567387
95.14939562933003 342.54321087904077 30.203945687493956
88.83592618274233 341.7753146128962 36.58271154660003
86.25787868506943 350.42713305252454 29.340872204026567
85.49772399027752 359.2867333550852 25.056100701945876
83.88012127127806 352.38487651100536 32.857322450248645
92.54059509250624 359.8121387862533 29.244089315551346
93.63425034140471 364.22962584738303 32.84704188722161
84.45555796826876 360.91809321304424 22.970849318889577
81.61803604430274 354.2374342823726 19.668851761642873
72.27029262184925 353.3262788819436 18.243445648964425
65.33822889114812 350.4802632271342 24.210591467488086
61.156377838012425 344.8637284704305 28.134757068851624
66.64294177338559 341.16590275965996 25.76112150602041
65.57912782124455 340.9456417706185 21.929838881484354
64.91438312400928 332.9921138118752 23.295119311861942
63.33483288208767 334.435422999497 24.74205855035268
54.4950679173877 343.0550408199488 19.910267454161158
51.285707410782216 347.0932888798907 21.38647387775044
53.07511775435523 349.18144146233993 18.141743786431427
47.16200844581482 357.6142167951025 19.81016153736983
41.45221691768341 360.9485064712914 21.263533567339234
40.54079225835529 362.57580924518567 17.14092475215925
37.73939751688359 357.2943932236952 12.665681414199993
28.82773230778112 363.51561946068404 16.848806289203516
21.10693497719721 363.5898916418866 11.594693338005547
23.13750822273237 368.1155065050391 16.020281998219318
28.70495408924756 364.0314573850328 23.65988832519957
32.06325697285435 354.0556980487035 27.775116654166965
30.967707766476074 345.8036444903056 21.33431534256324
28.24304920618267 335.81020593948426 16.11877502190208
35.22427479605963 338.47543279549166 12.516444532672125
27.604347113775496 332.3527322653867 11.645688305729688
31.817612086691263 334.23430679646424 11.851606841240995
34.179560030605586 329.72192457881886 3.8273240492548606
38.589292994782475 322.4662450906376 7.283112683576313
36.152182182710405 322.7330671659538 5.886509915139358
31.62752973124195 328.26688055127926 1.2103436698113077
25.646993948284692 320.95564164660476 2.427742914949099
31.752528870618974 315.62283076849627 5.770355666499375
22.7519040756916 313.09148488906385 11.279302561189546
26.919794562990234 308.3324187242493 9.063048308208987
23.7387259405073 305.84861621152305 11.599821256393057
18.961098569578056 306.4468519703864 17.828180925050134
27.193837844346156 296.47655292572085 25.840266850149114
25.763671250601746 298.02836876330707 25.385587579340964
30.725896611441723 293.38690608600683 34.56871646885979
36.621367356691486 302.5979712827697 39.06836873284534
40.28358064566182 292.89178184930853 37.02289625204784
48.71491355996629 298.7332355974231 38.661675406215615
50.32731094418366 289.6599617533252 45.38655793294588
58.13222130186389 289.185849506694 51.265672200687085
49.18157684303622 289.2674622654782 55.56113310605805
46.555339297986315 296.3451933579112 48.23400680075128
42.70699832121643 288.2500011848855 48.8233182389268
37.3222527110433 282.29405094380616 58.32666416654463
42.97993697689043 289.8823345191648 62.81412661464023
33.600199428565695 289.5184401043827 67.74716463158882
30.250534650559935 297.906387773332 74.2464703387515
27.219390981397073 307.0971223128703 82.43561760676495
26.577099919782803 307.71379643399126 88.20934783782519
32.40409171444263 303.51157868425116 94.08336722851615
29.063185532415698 304.5830995036 101.86797650060423
33.75477089019094 306.42272845076934 99.95531419196972
26.83900823995525 309.94170926329303 99.98582460239099
19.26306652962275 316.54418120709767 100.69486614315858
11.687403102047954 312.95789099103655 102.40028200384238
13.251512206361589 319.8045472399484 93.70047660730926
13.160628877325834 327.88554097087035 84.46699416259612
11.260681961814345 329.71505691336597 88.35441390095538
12.733507985283042 329.39050338297335 92.42784034539673
11.718220686560608 337.1720275507723 93.377630142831
17.045975223054892 343.2960127510593 84.0894767189746
13.267488587192842 349.65274962889424 83.99452979480421
15.213865830076578 343.45196147481755 76.33551240654027
9.400349436597944 341.67877707799073 75.10010817160486
15.511834467427235 351.1612076777279 83.22777087232919
21.63147978891687 360.1671000729084 84.67645504289165
26.1388847809772 356.19366882395855 91.44914220382597
34.26260957481095 361.6533927663688 99.66583329337209
37.82795624399872 367.13004036640103 96.78548755994758
38.02013698780948 366.3815243276827 98.41358549187159
47.05001985924325 373.57286696014773 107.22645312467112
55.228875176832126 378.7581244128192 101.8286496501517
55.51255358916588 371.65357790160397 111.45940306972416
52.506867422238734 377.9117581696365 115.79133006680723
56.845891616131006 380.7622402858029 106.75372914797228
49.69729048064138 374.5023164835361 114.23004938464788
52.447008395461985 383.780836694035 115.91628938034077
51.632815572830154 375.69337073925607 120.3808770722157
61.12203981076097 376.009481204838 112.25533939139495
68.21944084453229 381.44347729032876 113.78293165216569
68.39547960248458 381.59010831182843 111.1475470767001
58.75353637932723 389.51141472174777 107.11508803502181
64.79750062944974 389.7819341174091 105.97366295048009
68.74338092139105 386.9899777580671 111.97040816127125
63.40024661994512 388.5124487380021 105.99296214472493
54.20672647886306 398.1772976577402 100.56714004114151
47.49872821108275 404.43274621594907 96.38057777988054
41.259283505482045 407.2958110995061 89.03081429229407
49.08295655055426 407.8628598672286 80.65287633458736
45.65689194522976 409.4084684289489 72.23596910461771
45.50569813977295 406.6465996935467 81.63914252854633
47.622236940504735 411.7362768754336 82.00881138244081
41.23261961913026 419.6772561303554 79.81299915462745
42.211646330334744 411.32931577854276 89.54362756034091
34.12610982006389 409.6957308826682 89.61080609420286
24.934467771281984 414.5898469053644 95.431199503643
18.86480259796995 412.54554755501107 98.15325223086823
16.120616754923425 409.5565368029361 106.30453991806193
10.472265368551886 403.01822284068123 111.48227893749596
20.361073107880905 407.3038483305989 113.05866317139146
29.817352979739233 404.9725759281219 109.86224090396341
34.15344691015776 411.67506588819987 101.39671520660781
28.189544666530832 417.6928572215599 108.42336970776464
23.85470770501271 409.1704638423368 98.50174093523756
17.863639479769837 410.83039791127845 88.61232118324374
20.358944258996765 419.8457707433302 88.97930371462085
19.944267009878587 425.5398073077138 96.6121231719664
28.14762974780331 422.44575521595317 104.58783877877323
36.86421178018224 414.1683867272384 108.80374028451455
37.68338561232557 422.4370445794957 106.68363996638851
33.54911203562258 415.03060055582966 100.45122936894458
37.56766634241394 413.7504052422569 107.33702767456336
27.617864410120724 418.46937054347995 113.98241092733156
25.320290081272603 428.4496334646303 113.60178184667689
29.558131783882423 426.4930551653156 120.66235548611897
29.82620035690279 427.5692220834297 116.79389128955583
31.13131483314239 430.0088146992546 123.14189926614765
28.1686131040031 433.30406405423184 129.8954382998185
21.83391057241194 440.6813880816214 121.99327900071137
12.46138590240831 442.928482890241 120.12368039626072
10.739192639534782 449.8359723168813 125.20316054411948
18.40413493098427 450.58676343867216 129.90410596984904
16.26540962299282 445.87114320038523 129.80313145120462
11.068704965599483 445.30598595239843 131.42703761867259
16.428505069638582 436.8917847145228 130.25853143796138
21.46382171303395 441.9170197105265 133.27338204254835
27.986498895133533 448.0673846153496 136.173426251422
18.673254223276626 452.05175514035676 142.4954650908404
19.88895847848203 444.3174485862837 138.50391052425152
21.07711950018811 442.778787035194 146.35729327773683
13.555736371581848 445.7885648039146 140.82465658704223
23.483360829428225 446.7231737514511 137.76398517287038
22.371000315890026 452.0925824970375 142.6001335391971
32.25763699760705 445.88853114876287 149.41221195505634
28.15840433277509 438.01893521059037 157.6949368736394
37.671672440842045 446.1610270874224 163.7989779673248
46.32500941850044 453.0244974756892 163.1895759815977
40.22804450121092 457.6758621707581 165.76115055664744
44.6765466283561 465.651460183898 172.73715974406696
47.547825862408956 464.4102074148279 176.01030101405752
41.53239858956912 470.38929303650843 167.86381439327548
49.53082320700107 463.9893612241579 166.42665466302196
49.206499010601775 459.9919077209643 171.01868120055767
46.595241904562776 466.7363943932807 170.31109771562478
53.49952904114368 473.20441115539677 166.63714799379224
52.64841884303624 476.323251782447 157.16078867512857
57.415560680088326 472.99067269182103 154.05479553460427
63.01752834845618 480.27411391636207 163.63336562513692
62.923726962549594 477.52625417859696 159.71668279979406
59.71706826201591 479.56439484334044 151.5485220143595
60.03587226348133 489.45081514931115 159.1957244483516
60.05110958868309 487.7449477189564 158.82897619981023
66.04707839709653 479.93362018154056 167.51635153952932
68.38234364267227 474.21629701363577 161.85503209149252
60.45919520764967 473.5980409063401 169.92459952349185
55.86245643233374 477.68008530138076 166.98587446097713
62.58675677006528 470.5299912194804 165.64914088925846
53.43645772684422 468.73569180052726 163.84723570673202
55.653046402495406 471.7488489029955 171.61919879818635
51.8266076764463 463.83682003962707 181.44091999773056
44.09349839967119 470.0644666737374 173.90964268682905
49.75926910605931 460.29880597856 164.19523816363863
44.08268337144832 462.3939742964794 171.67227711835588
37.648194187281774 471.1304928517603 164.7054126588264
45.255599355783225 471.2009252863245 167.56875010425247
46.31538818461116 466.77554169980687 163.65621226851616
42.93531183181557 472.5853057722928 155.34476923149063
44.60513221931153 465.63889881695246 146.4699040415514
50.056885679061004 467.86341874254975 144.76484258963978
58.92165724499009 470.1479055553629 145.27522351528606
64.25454403369616 465.86577401063613 142.11441840019913
55.801917860149764 474.9453538682088 144.23339557141793
50.21869010210773 471.478491954677 142.08848977487608
43.12781321355726 469.6229857384678 133.34114592811173
36.113520023110006 470.6758687487943 126.18104468605974
29.672413144337064 464.65432339447847 133.2094665218189
23.89597196849072 472.48108385418226 127.52564507035856
29.03078232281384 472.7634647013566 125.13611292046208
37.72838182544948 476.1892682974211 124.00449421909472
40.107857641187 481.9794945465733 130.07498082065683
38.22739873906885 482.5727848613922 134.4660735509897
31.483456118243335 482.87615598273925 137.54132480992766
23.739171958138172 474.2414936665642 144.07568142689018
32.756335781287355 473.95535870587975 137.70399841562997
30.988066017721138 468.64235331808993 133.6237563541983
32.471555548649874 475.7425446139535 135.67230191821534
27.417499091931724 469.54063574793344 135.01667400203195
27.172159148832858 474.7045189869712 141.92106210870617
26.285605215149808 473.6909251012485 138.33635398159043
26.009828487246637 465.0931488586499 134.66526998849022
28.507196461265774 467.3280351382643 143.74409561719702
32.09355967196738 461.16654529858016 144.56112245801634
27.441438416324146 456.35047273146523 134.9926347529506
31.005936360348862 447.4890074690748 133.95932368493447
26.070468989768187 438.3643231228762 126.49871440325883
17.46163502061758 448.02140381648263 135.62045614332396
18.657727159089088 449.99364560252786 143.8500238139946
12.15688691188004 440.634886313541 147.34221741444648
20.803622620283097 442.6320033197198 142.56987171354712
28.472833556593073 435.4804057202734 133.98956292480116
29.34585555232362 437.68715542303835 143.96658773731366
33.77634182260402 440.48403050333116 151.16261674476505
43.216109254037114 431.56271306231895 159.25452262740907
40.824921430146915 438.82981516486643 166.50499550125193
34.93145679611469 448.77152060015067 176.49425804173214
30.275505489820425 452.43087644618976 184.67763302573988
21.429183532099387 459.71194274841554 180.75565604862615
15.009788505081982 469.3990593130417 173.28508282141954
10.787060495371062 467.0598456045111 173.15872573180548
12.325249687663177 459.0119716824036 166.65998585398972
5.876034445575701 454.0068085437563 163.7179637930278
0.9933099465174262 447.65021313389286 162.1249390034833
-3.557901871587415 449.41800044351953 154.138891634982
-8.215537704815182 444.0718342011996 163.1066049211922
-6.188752981796579 435.3608326224848 157.31981056284397
-1.6927352475994901 444.02364225349055 151.65545180098647
3.072343837426075 437.26744873425895 148.15676867135753
10.678694435167397 432.1165906607513 153.1008137168898
9.346727211038864 440.55672290240784 155.7180919573342
-0.2814754180340504 443.19990273123005 165.55817429129112
5.5872253287265625 451.3337871758193 170.6131563091098
1.1877889755713653 454.0424415913443 176.45697845487135
-3.701528479746978 448.9686471287372 168.39062240251744
-8.346655023841953 451.37160655385617 169.56839544058187
-18.07021823215419 460.322346266855 161.84901477042064
-15.233482286362442 469.3562510967438 154.15751580050633
-17.009894641989508 477.6484040749602 162.27806676509164
-8.025263124037462 482.89871406982707 155.8509779085757
0.4195995048857828 473.03378340684014 164.51985854547317
-8.867410059929819 468.7743102240629 160.3160942205915
-4.93781177981502 460.4647242566809 154.4523910161305
1.604540469935385 464.21028794546373 159.96116685531973
9.827548843476238 460.6190552381671 166.1528255640617
18.95757269562869 470.08658585164727 167.47641389794376
26.120857491155466 474.569142204746 166.3876888191551
21.980554047119337 478.2152407916594 160.17318923107084
22.177808003478074 474.79907165161967 155.35924135255556
22.62660193250972 476.9989423980409 151.91761366201433
18.752330836552606 481.33175388395284 142.4244551451413
17.458521930603535 472.7946877404509 143.96151162299705
12.015755126434092 478.31747791381616 137.30361135584113
15.729209186042674 477.4212496543323 138.39569796104746
16.14098489237163 474.59740425474206 129.99575948400386
16.222808444460565 478.80843928556874 137.0573251932804
16.450836829369152 470.36431951396486 138.9875301742956
24.611725109698625 477.7638484244762 139.5075152378423
33.98054725667228 468.25365436096195 135.6443391250276
32.39578803652819 463.7455047103053 143.72934090914447
33.73062678630531 461.97048020022675 136.400496272265
27.54240712403022 469.5940788847399 145.35276346667754
24.719541192508935 477.7918602359726 141.5231922298112
21.18190665418966 487.21579322193287 135.18151589347812
21.26503399332168 479.518331048197 125.28414017457287
23.71602866189191 470.03516081145693 122.4032341022088
31.690198407206402 475.7562112503454 117.4640651048495
34.1139037903718 477.915672194922 119.15229294144869
32.71004030785339 469.1689141092381 113.60979895408323
27.698269926143162 477.13349742713734 123.10002175400717
22.19068102395301 482.54919389034563 116.15330679899894
27.405622615856977 472.8124707110877 107.3841491058049
22.350503379417248 481.4182286717592 104.57290867282487
18.02460936183354 478.0039253308075 103.06062803596471
8.661614786807041 481.64879514522505 111.43906849948732
10.987218994513338 473.4825003480096 104.84952288893786
12.96306937902317 481.3715645271124 107.62933108666009
3.283167796325994 488.7167305868519 109.13719089908729
1.4206380256430395 493.71248733558224 100.2303726397881
7.688711806111497 487.62270919699114 94.17156667621494
11.334519087768223 493.43909531389596 84.32413205320418
15.416725556718193 484.2734895101741 81.18733814051711
21.24863734897003 487.9158731121697 72.95331541321731
24.768430033055104 497.5950954480219 76.39243299932117
29.655630485212463 492.1670618070712 80.20996796086071
31.720118364532276 483.09215107781876 83.40920129878843
35.579009366670284 491.8938571883347 79.1562433773193
34.96405072350973 500.93544295526607 83.45391855690382
28.57680745422407 501.521631357586 75.3457270623788
30.94124973980066 503.668265021533 80.98467448848777
34.70000767803714 507.91762709919647 79.08824829785975
44.606035794714536 504.8867588073714 72.47872291921699
42.84544577796309 500.4873918322108 66.35806332762805
38.798324849680554 503.3654764191777 58.88920877892848
44.85454377568675 500.1576515413134 58.14457613680521
42.91958548749798 502.50864975864357 51.15031591875373
52.668974861994215 506.37310797773176 42.73370435970927
59.548998268875216 497.5580575509297 42.56155654987196
55.29163830643452 496.6893117698093 34.02989938678189
65.23787258419019 488.50749361230993 25.725682301615933
70.31087682384133 487.22044982378804 18.373700086522504
72.67832909236249 482.3871576308289 9.32717429487819
69.15913585689574 486.92117166512736 17.29842376448516
72.4548119096841 492.9889038377033 14.48606197933596
81.11730358911667 484.269970348664 15.811461192430741
81.62470115758313 493.1178647207269 22.825644873516424
74.32640425360476 495.91284495207253 29.713700008522324
80.53688570755055 497.0285601618197 36.8946023025222
89.23428016091816 503.88927594818404 27.68469942657273
93.66621770435776 513.2025555573473 35.52550102814517
102.88191467961454 512.414106040846 40.99813534530544
101.32416265981611 502.8248627479737 39.30057920727563
109.70009543568241 499.03734258691117 45.758318343120585
102.03305918244544 489.84536376425535 47.850650233275324
106.79478484845679 490.5326714912813 40.67444385752712
104.34820888960844 483.1123676096965 49.93761951396927
96.61047984442578 489.51496601666446 44.56667145675916
101.87555669901597 486.83927778305036 37.40762304663393
103.44563860571579 484.45457792707015 42.966890213925645
94.76010938042702 474.51350687718246 43.707295260945386
94.69299040679404 467.21523306457925 52.517018518307886
101.40971767123474 463.2033996867279 51.15205946867962
94.84096647136391 455.8583105724573 57.93589557393137
101.15778038071602 446.8293600283704 62.09416078418684
108.98188642352784 436.89945236330686 67.01007462653621
108.5115347203463 446.0679942136317 61.05627745646021
116.31213687695208 453.2904349503016 54.43862678980755
110.84780863251491 461.9445443374885 46.65548329114968
116.9535780730723 453.5892266029464 53.93147413952419
122.63074830228969 448.33634735653044 62.22880974328379
124.77210036823404 450.7045928682123 52.567030534635215
122.21772368148591 456.3688152548768 54.57546374548084
118.88713226511369 452.19879693532755 45.15955596723994
118.79243160910895 450.93276796400187 45.11320421875923
113.4799399722651 455.72938247460155 53.43275374576825
119.46558174555376 461.01024499860847 53.71499028967534
113.98046197512261 467.66021738936314 51.190983428512176
105.32165109413687 458.8237964396625 59.92531978652575
98.52944636680462 458.82321588373566 59.104831284096754
95.15547449794019 454.9091522553414 62.32469906292413
98.20664556031572 446.8336048438217 71.52174488161447
92.99334827199351 442.91249648724215 73.4544107977559
100.34346469036555 436.709757620986 67.32636225905803
93.19576326114999 427.7953504329613 75.51331369660568
83.9639173897028 418.07344871261495 74.03492019185624
78.70271622864809 414.96309175509964 78.63840856079581
77.14196163457511 416.9407282575716 71.42631761845819
70.61511203750659 418.5297400261785 65.00109270830639
74.10198026349978 425.0328377486631 61.755394025718765
77.12768976694147 425.74497087598735 58.63466123344646
69.14572813667061 428.92050738568497 66.1480689358174
64.22251340993982 428.5437244839574 60.675277162747115
56.78699937893887 429.7731760509411 63.1989851650977
54.0802426142051 438.55287907240773 72.11204265362485
52.34115022617337 436.432390952249 65.41155245472507
59.09490513235589 428.8569791916576 67.99381691616547
51.878278913795754 422.7361357480045 59.54204884797268
50.62610117662536 415.7681103445447 52.85130604076352
48.11760359815738 411.58901508115684 44.976930909124896
42.114399995087105 406.0507515799084 48.88556566630803
47.45277583418682 415.42235874977916 54.296699197367886
46.16454435640586 416.60699529643347 53.63224895150513
51.03374689900001 408.4897605521171 59.64278105235019
60.692477819665186 417.1431754941882 69.31894161287238
63.14128487967021 418.77661663606955 69.2167466487342
64.86566556172671 415.45316519465763 67.15708581361507
71.33521823637517 411.5001495667814 62.29024016316279
62.320911408899946 416.6570919611804 54.78438457197816
53.68597905322017 423.62647056657977 64.60573578170232
46.397973475838604 421.65716280895816 73.7655865226025
53.030311491676684 420.94442060721 78.09131692263188
57.61162900907398 412.71222295030555 74.15983272533812
55.95393025578878 419.5575295115433 75.9202775777843
48.750806872018785 421.88982727094975 76.28039571831954
48.92452321480577 426.4059139509166 69.0991315441299
42.17673608886477 422.66338850363326 72.3010209878326
33.59532857083894 419.5781295105828 66.88255354642583
42.77232884181602 412.0522567585876 59.51782545647582
47.94130625780291 405.6083231233475 51.83374463167182
38.87299516915107 403.3555387546005 54.79787284166041
42.522298232285884 410.9414222544669 60.009527908891535
50.98434507594167 414.0429107850715 50.32641060717992
43.858858801428575 416.7079086303268 44.17932402127323
40.25805186088472 409.8690354921947 45.80543515691924
43.59226866267265 406.4695530071891 48.08789020844393
35.19345597066756 409.88788697198555 38.3572265864556
40.99302415912706 405.31887991058517 44.52941382375371
37.63355012748855 407.52689468595673 43.03487623390694
37.97090315423991 409.727702728809 50.657288802915765
28.84846793077487 416.8012658685676 56.15764342806392
33.75309686376333 412.5426784104791 50.69478556003661
36.48280690463609 404.3285363448327 47.640201011432985
38.97356211960919 399.3074350895928 54.529154891484396
34.52516079652484 398.1326168450351 58.78786974191017
41.5109877723678 391.1280755341899 62.743942603882935
45.12633334615784 392.9294537609389 60.77522246836066
45.87356057297625 398.81062841945703 59.78815569995615
49.12832178067133 389.1957252961776 66.60890685628665
45.072532941518034 381.6041161807398 70.07986950660454
51.91503271543696 373.9968653909431 66.38469814105069
50.418732502606716 379.12717830099655 62.19930960949581
57.79312699651526 371.61159538936846 61.90872714947481
57.95123292264932 367.7472953531341 53.39757389201535
62.72435347380822 361.2620619412764 54.813853962267586
66.95878346887037 353.27606075595355 58.6401268627974
65.76469445923308 348.42618293905235 59.74981034374219
56.75461742254326 350.2735201016034 68.28486272262978
54.73027373998751 346.95713194990554 74.20016491842453
51.46406176115401 349.5127253827921 73.69096082017712
60.04101067518633 343.9073259230187 81.4807125472375
60.212464577886905 338.1340387357895 91.25784954184613
59.57876158119511 343.5308704586911 98.39967896942389
63.728958794652044 342.9341657735046 108.14650163311254
56.903395804683065 345.42956586588133 113.03180797360847
58.55397911236436 350.7167500016837 119.73948276003311
51.76455160577914 348.28179895351224 122.54420453956156
42.50787021094298 345.13794747755924 121.94416894449655
48.900126978381806 348.97148230114635 116.90795995899707
52.734735399759955 339.3629226617305 113.10004074196283
49.90258977667394 335.9901826025769 117.23549106280156
53.74405116244559 330.7762416009044 122.68680214070442
44.29329456292591 323.56566623951863 127.80575473727096
52.92305210957123 317.1140573436384 136.04820895179577
61.06009610345472 317.4049288332934 145.94867852436374
58.17751761841792 309.1929053130015 148.73912029869322
63.9885755475734 318.3441631992166 157.4102688523359
54.754189125866226 319.2288449239728 152.07593780400546
49.24260929190887 315.87842889261833 145.51716382301998
54.10025941085163 322.8055719698748 144.40400407638285
57.171462873017724 319.9825499717978 137.17305135706496
54.43244612191906 310.0160171401508 128.88046716625178
58.93065345069716 315.9560840132536 130.39546169869425
65.8222013379668 324.32690494406364 139.14694586541134
62.02757535762971 323.5939848409647 134.45509560410545
57.91038898083685 313.64159590119834 143.70112764765545
51.468396880545576 320.6641580151354 136.2133902753436
47.20886571978418 324.7195846785886 136.94361040259523
54.33379513187799 320.17951152508886 130.54922030288876
49.16146973373665 311.1040240205637 139.00865484917597
58.807332624261775 307.4667898066413 141.6684081759869
63.77174229063606 317.2120053375114 147.86988873758196
67.2084711937479 311.51284427215046 154.44690974046898
60.683690340921444 316.39852641960863 151.44484544522
50.753546140800864 306.53199666871467 153.5562978293238
60.46255192257212 308.3680948342625 148.86892900741316
63.83492261487384 305.57699481589486 147.35782244478662
57.51656966215956 309.2275300329738 140.75291607421244
54.41718341845079 304.14596191752895 135.58623735890654
60.753943984235256 295.5497129803812 140.39008177279953
58.785320153702486 299.4440197721401 132.73306034955735
64.09539793724699 289.6140929664609 123.11069575883306
70.4921983960331 291.0044675396962 121.39298207424795
78.27504334685139 297.3608583906754 118.2200751513133
73.17288246846411 292.28398812659674 111.67677209601365
65.44607285303256 299.65257869638356 120.7352594195339
70.47347555928418 290.0867501271642 120.3803314195877
65.10433853164108 289.71720777649045 118.41976825608407
63.93824506160936 283.2308498323833 122.1801928382883
62.605909932302765 278.0096781212709 114.85274479064306
67.98184886219404 275.3242464843158 116.78207244947686
62.08014588418136 269.8194394765034 109.57627821825686
69.4107560677778 261.5473363340087 100.6078393542777
62.148299776479426 258.88277026856366 98.28002964912393
62.90910522155953 262.12138628981825 97.39984663423112
70.83873255278172 263.75984795969555 90.04204470996815
78.47494687278578 262.42151690847777 85.83798736125735
70.58419227580463 256.693546347371 85.8790122078039
78.1677323092288 258.2396854220867 89.5822003733005
81.04669280972323 267.49242187970714 89.1083850932775
78.87186450277126 259.63230048631584 92.1120761353094
75.43689377070125 268.24286729636094 95.03097632909109
75.34258357397722 268.6501786610147 90.89687815896093
71.17638517782696 260.1219120396006 91.89729303803489
71.14659003689415 268.7053007524041 82.29494229567487
79.3579854635675 261.90905175443896 89.09722621718522
80.26127983985485 254.10990588239562 79.6139251894314
83.44011118576267 262.96815016181984 71.14102648122177
76.36468232232978 260.526891161906 62.072295944576716
79.99791181432079 254.30548835497524 57.67051436315196
86.79544480814712 254.19613049203588 50.16945129667758
77.99432584925458 259.2021301804948 58.32785854521016
72.88343974348398 267.9055208163148 63.05813420806673
77.75143091313694 264.73024765910486 53.62358672005057
82.53468551158693 266.75235683549107 57.868580543477094
81.71731648010928 266.8943886003339 54.449907102120655
82.06788539202424 275.4419313658485 59.026364558890506
86.43384930034068 277.95917175629967 52.827838898785224
86.14872947506372 279.14027320837744 59.046842799860265
91.92650518692697 271.86426081760106 63.62581918201988
93.77668380483394 266.80049348389406 58.724941581951356
87.48181191325018 266.72281317492883 53.93941053545683
79.94078184859804 262.93800220087985 53.44753121599529
86.1842398376825 254.53468552125233 50.557799159189294
80.26537193600655 256.92274245386864 55.68735268084167
87.11993381898083 259.64655944751235 56.05690435538605
78.40026425939163 267.13806241617596 63.58176524037904
85.92635650350594 274.89319244561676 58.022738502066495
82.271006477754 280.3081511551329 55.823707417029155
84.78440175424521 288.73457091591666 61.155807732033935
85.37857058724634 293.715388320455 51.26894437540265
77.2727233812851 293.8826304816222 58.27424610365281
70.26620572198404 303.64224728327844 64.72554998276875
63.382416089696775 312.6163039977259 57.31071464395298
60.65083000571197 302.7830659686218 66.0721983298861
51.65347220500763 299.2625254471781 61.86299510270779
55.912541777988324 291.1917475226576 69.9713588713114
63.387094506579814 284.94787301540947 79.38863468150782
63.16399347332787 292.9297210822921 71.001499864611
62.860425593826534 295.51640146717006 71.08879802156305
65.11918068721629 304.81999796858696 61.23369971363039
59.215348359183864 297.7503326192289 66.19281545514696
62.69511009707763 300.63455112396866 58.36424391855175
56.31495741634373 302.53741711268043 63.416678880280216
55.7130413114559 297.28398025938486 69.3918764123004
49.97766641175904 299.8616024711294 64.04728408366151
48.76564234206552 301.02178573617454 73.41384466621015
51.98505529188219 310.17896539620523 67.27123554665218
53.662198321374746 319.1595239388637 62.067645399829175
61.67174445512238 314.4946566544032 68.07568793105047
62.493070031544825 321.27590137443485 76.36363233230794
69.06534558492274 324.000931266089 67.20792590106197
76.25576415574915 333.09152203457484 74.72814201768425
71.936355299511 339.79825598513577 69.27118826229562
75.6940847279484 340.43752421788594 77.04129702336077
72.13704464057228 339.4365708892535 73.75153845255608
63.83303713728311 349.265295180008 71.35774534100914
69.46980892055805 358.2470644414632 62.66875101898228
73.88378269081262 357.434523667332 54.22376846965495
71.61286847574631 363.19916776741997 60.402156257687956
68.40609946247744 369.06908422791054 51.41202365269157
64.25034986910184 373.7311325789987 53.34843864537836
59.210991487682065 372.75986026048236 56.64459845064919
50.818709129147905 372.53621570141036 51.20494891617996
59.50122781277364 378.37744114177536 42.05774247221744
65.42323432347553 369.88466694385653 32.744773216795636
55.60079194587293 365.152504022801 38.39355001348306
50.83486187747125 366.70776555599963 40.24170717457393
59.06524707744252 360.85612098878596 39.415392327595306
60.0027702661485 365.63586982151196 42.45719785343526
57.57169938673835 361.15950200814325 45.06179945624869
55.686683019996224 353.473965302776 45.377542063823576
61.35562434172773 344.39589215524694 43.69155329161702
62.10057866426315 339.00764170929784 34.14661013129236
65.77763311296535 339.86950063253136 35.11114330012007
64.86043166567951 336.7682754917647 34.59079464935644
67.76613931876376 341.03945041560473 39.832493454735925
77.68848102586159 334.1274015927587 33.618096465775096
81.41105369660477 324.5326756449216 30.59019651176425
85.91403805334993 330.4758229076375 24.968191920859983
92.6042861120394 330.21251843150685 20.13439449445238
87.20381746992251 323.0846694598057 18.315964939502482
81.61958265523329 326.3070600975134 9.214058562680469
82.8376671344727 323.1686837733546 8.669969893189874
73.88062060235086 327.8909313404227 12.84352913243904
68.50013845442997 336.4992779481079 12.040296089480586
67.4789701698074 333.651135849887 7.04749419183063
65.45385588855305 335.65658316085364 -0.7227144585211853
67.25819184469177 330.42332221474584 1.3022095998314964
65.5355909768986 332.954628567395 -3.4491194235391514
62.404697086698086 338.89007888797175 -7.5597180485147675
70.8330782182787 341.10572538319155 -13.450656785004236
69.45588913228488 341.4559624853237 -11.261958434107907
76.60417834291255 342.318843775858 -7.169478395181837
84.45841147421552 332.9539599953526 0.5717576010171275
76.5738780961442 329.8852894778166 -0.2309524639506213
81.48259843178901 326.81999344518147 -5.135513723818143
73.29560365341378 328.9405067923667 -3.3235035651804914
71.12897528342289 332.95362130860764 -4.253983265531721
63.423023465888846 341.8092225565683 -13.657154765209084
65.48960315911853 332.89444813284507 -21.098182222460988
67.5544754590093 337.6130618970239 -29.693434088795097
75.28229598797343 332.6933706146275 -30.898466247791074
40
47.12687363375861 424.9630135588957 70.7012965113269
50.52256913746641 422.1728212129683 69.02555376451222
33.51484449439796 427.5496599967354 65.69217343708603
41.23552132460584 406.39541988115394 52.56364363144895
40.52543885099526 409.5676150527486 48.01427739477634
32.93863928309123 393.77063111661744 61.710790917380685
34.89889674804642 410.82956804203 69.93165758845036
46.27110596347609 404.99616581507837 48.83208218312335
41.8425173522501 416.9394458937119 53.55003317601467
40.066313598632796 413.09053609043565 36.80787350293669
39.12435326123838 409.67850584171555 54.12196310024261
36.25429718960508 417.5980860162737 38.6367321129132
39.107816098774556 395.807815772836 53.87369436992083
44.87701870557942 402.454090918181 51.92476058082371
40.29051970756778 401.0141491654287 48.42619539237694
20.732572763198498 422.47780194468174 65.68235567816129
37.52780454704655 413.3340190558996 58.44483555613214
35.919170371979156 402.3461319039712 54.510737025704785
40.91330684327611 397.57613446695615 48.557104689857994
30.6882257398739 396.7363030400272 53.44247559383142
49.87623083138286 392.43257022895784 63.515661081913706
54.96818615968303 389.7955093386145 69.1431233137619
43.63045238339115 394.76053539858145 56.71642355546462
54.93061527206465 392.44092231841546 63.12035952158796
45.603937266209044 372.80582478466545 67.097124766442
54.14613965407899 369.1407395046527 59.02699772044308
51.41549620401703 373.18673507401974 66.1364393221609
67.74830166781109 372.67198522096317 68.48841978269775
49.44953441633582 363.1824235936088 57.230625860930395
57.240435604910104 370.58340923511736 50.24727005808572
61.75185078212581 360.3850156266099 67.56501037054312
58.443062517765114 345.0473859154599 52.22776041167344
53.72460837638892 355.3744071034593 59.41325257320756
62.07531518932959 342.9292321335457 69.42479079831743
51.156990321488614 353.71024691143714 66.39219113694536
65.00407145777095 348.4915918983799 83.14382693474585
53.043875113853304 332.6917004427039 84.70819495361947
57.12124583220632 336.6740493968822 93.02470403912733
58.04481282553783 350.4273781398207 112.16966690674005
52.34630755295264 337.5806003407112 115.71313252905055
