1000
134.49169758125566 382.818424514958 444.36616871220417
132.85216882054615 374.2199622674312 450.6869306187491
129.31983567783385 365.65273240409743 449.6732111393742
132.23575391964243 373.76482087263025 456.6661705264348
134.66161163899628 369.34421186933287 456.57178529659933
138.7207217247555 359.43047612133347 446.8791276541652
132.09731001194868 368.3393823865219 442.65721464077615
139.77838350769767 375.3240511207561 437.2795844984231
147.1960705363038 378.5131747734651 431.4324814462714
155.13500972857616 379.88687030676545 437.95638062399996
146.23640160660702 389.2687824942946 441.1993301612068
141.2046403883062 387.8605750453933 445.96810133201416
136.3322073715082 397.3618039741209 446.79530552984545
142.33767469594395 389.5456811707802 439.4430186847265
149.25868438357844 385.83909763392717 437.63181468009265
144.29795750749065 384.99858303487053 442.7408258060364
153.31582735315732 379.46193123571953 442.3196760690754
146.9807090242167 388.2586991288262 452.1258506006297
141.4224736164551 395.649582016324 462.1143054755667
147.76597665774503 398.6182281411736 454.1518925039845
155.12021071479933 405.7493238360091 462.63276218374114
150.319439134462 397.02669260822466 467.54998732901714
150.7686893774956 395.8118046330961 462.68521393405695
160.45363517096519 386.44651840048016 469.94354764575445
158.78946361747916 380.88523369854937 469.58662821432875
166.5135764873255 389.8091266176828 462.74441528601994
175.66985822055796 383.50127408578265 458.2465149315931
179.19857621975223 390.0953111870196 454.65659770857883
172.6047923987972 388.5060189150152 445.9985062577522
169.51150091817937 384.9859025663086 455.1563154701549
164.51218540216448 392.0842292291798 450.6220826065255
165.44572071128496 398.51984244738134 455.97675825586555
157.1862645999729 405.6593737130892 456.0678561772437
163.89584283879518 402.00923357997027 452.0938063223166
159.04555526325 410.54952460909595 460.40135693717576
164.583397919709 402.5020924001259 466.971095386402
165.6928317254757 398.9626479179774 463.5725527011877
166.83065152731314 392.16904907663366 470.0050101801353
175.8832520579688 386.56856426569857 469.9529069261574
171.36539389003036 382.1070397365207 466.517439943397
177.13093402627962 376.9972179399934 465.0306622825196
179.22652081115254 368.8678981185726 458.30996538701424
184.051334607766 362.4870490700324 464.0582557221814
179.00491711825393 356.64785897870945 459.32177993300706
179.382700785008 365.8299731803337 461.3248288596434
180.39002980811438 360.0845872278236 465.32245062068944
183.76024242623572 354.86858901029797 468.7894588579614
180.92639673516425 361.12445906183046 475.4889547544589
173.81004162240086 353.67960692208516 477.1467405019629
179.53491258992597 363.3275232876166 478.86256043531984
184.84500337394482 372.98179768374956 475.30771365640254
176.7069437763971 380.6509997346671 479.34961956826993
173.1315873096252 371.39398761978464 477.18647564233413
176.10972206500128 379.572224998929 474.4245199032581
173.90774593608185 373.6032362265153 468.6002537387926
177.15373617004698 369.0335386836224 470.9856357520709
168.39381443070525 364.16629052429926 480.83017170580183
160.30206685243945 363.601703669648 487.43387864543286
153.10499714049294 357.93039341352875 493.4785281478853
152.49975002449085 364.6439230319012 498.14176115648695
149.78639644437888 368.84449133704913 495.920727039313
144.90643108750248 368.67418991057343 503.22146428383
154.85200043091672 361.2231022645298 509.13510540143886
156.02180885820871 359.43176872652845 513.0154546096901
159.36916367836724 353.8902875267588 507.0608000084586
169.11340596000176 354.1264324873713 500.9977086422101
171.9544683758089 349.1519910221308 504.2320762217751
179.77713464809904 354.35720766110455 506.35967992342455
181.84509321637353 352.65605223088806 503.0444352415786
180.31410950540874 360.88233099941556 505.4947482923877
190.08941135314558 363.10533268654007 503.69127719763725
187.40468542773553 372.4969917162126 500.5915938676906
179.35518463206796 367.7675669817803 492.2313960475295
173.13229432114812 368.3356655307822 493.2248218713158
176.44812097098168 365.46886961598176 495.0806017453803
180.4043602663851 362.5657271788334 487.0306080830549
176.29321861856215 366.93669287214055 493.8020577884781
185.35370179415474 361.8407074151433 486.3362320842439
192.45587181246313 359.7973025584777 488.89889136540984
201.30646702965942 359.9126343359599 489.6256540881779
210.3907306007937 367.8373606148752 489.2848213280475
207.2711279202485 364.6398337379345 495.9026367784164
212.7619864990859 356.0672413690125 500.28770582870095
206.0401340646014 355.1191710547821 500.8254412645043
196.8515113987393 356.3361657176314 505.4702642152534
199.1138456420449 359.27320949022163 498.9490023312581
206.48492615434193 365.65752270796656 501.9764012900026
205.6652797794099 366.0674433540511 509.08117676567855
214.18463058065177 361.94541935935064 513.8327695224364
209.55695966306354 359.83988060670856 514.3847655021078
213.9730670226553 349.8641676669421 510.569911615261
205.71450039708188 342.35311511575964 515.6684861475183
200.75337720903354 346.4376095957536 514.4089851286741
194.09851164540675 340.2412749589852 505.8050640417325
202.93870643244472 343.66362884000847 497.4740426879928
194.64738265218688 341.31596074565743 489.71437014640037
193.71627847125924 335.72235986231635 489.03615335390725
196.83547940832256 339.7690504495482 497.4315455253433
200.55225248442522 332.67164676904747 505.428043208877
206.225864855081 330.2352373662287 500.4635336706525
212.79779179420973 335.43151542470184 510.34365167728816
203.9381586176745 342.75667014997566 511.46921979031436
200.7819780734942 337.9552480519587 518.4360817856898
210.7800502032061 328.78393741846435 528.3880863501672
219.9977401215013 333.2792571442727 535.4597343693973
212.18341572646702 342.3925033342132 544.9040034038227
212.5401075680447 339.04122499961073 546.9147645845836
210.2848581840883 343.52533685189746 547.2752813947881
211.88476346908655 352.31148520770944 554.2805668568798
205.54586113625163 357.2535735250433 555.6855503732451
208.51221996025507 359.2760992596164 562.9673469042712
213.87112797954637 367.2480477811037 566.5171055697684
219.7958283365807 374.88087942977575 567.140011945442
221.0756666952105 365.2468965098291 557.1837407733817
221.93517923222882 357.7716994914491 560.9196572147529
224.6237040249681 351.5267035135444 569.8763514174409
232.21600587668513 352.93830003607826 562.0187619154067
239.98082530107484 356.3295536663861 571.1090793728976
238.68517919752634 357.54574961806964 565.2466745426883
233.2167984471311 350.37288407808546 565.4413046210421
225.43648851333626 343.29248189713 561.139021814614
221.33512882599683 336.76428055038355 558.3745723111443
221.75249671911408 336.2779022455701 561.4629253745026
211.78602618349836 327.7304109043834 561.4611595557869
203.03852981625585 328.3101276373037 553.1065536408345
206.77545241115635 327.931983006399 555.5074453711302
202.0471087557582 330.4348224033507 562.0035727531077
202.27450777480396 336.83043075902697 562.0946978197651
208.67437131334952 340.39965589500497 555.2383532970379
214.36028426738488 333.63971046175465 545.869116090254
213.16220999521508 331.73218592924576 543.2684764634538
222.55990861177423 331.8358123220754 546.4840941123415
227.4429880184401 328.6914666041045 538.1706398438442
234.55898929093652 322.242675212462 538.8435090586098
228.28646380872462 330.7454737968743 530.0096895279942
228.24769719667628 334.70555666222043 532.3209178327552
233.1510680467245 337.3803556162756 535.6242265503479
224.04803762538182 342.85731698402105 543.3541891041759
218.1385874934251 341.1723588110395 542.5373558434499
218.79587143372265 335.0479313455575 544.2899821216959
211.14972744265515 328.39336005673965 549.8391173159106
216.40259212097996 334.14933227902316 542.4708765905146
216.62611207213885 340.2695062425738 533.9467401475462
211.22253924351958 336.03707523800483 527.4569549127748
220.6712680793865 333.67171087676803 524.1840588393934
214.00179644254663 339.8829928651136 525.0553507862995
211.8260278197452 339.68090997669464 518.1746722546682
221.5161922788672 330.730237492351 509.0504988786483
216.43316164033382 330.04016345596426 515.1389448764944
212.35959752457555 326.7834388707579 523.701278291577
213.7816601766197 320.33826026289233 525.7420237059292
205.81360925146842 323.17371873681986 528.946601634401
201.9651727637164 314.77188389870594 520.2197518522544
194.0938201836898 308.1605588157037 515.1427932931787
200.5935187961071 309.48484846442494 524.7533997010296
200.01458309387928 313.10618396933666 530.7951545485154
194.25491409865978 304.9704392316668 539.733309932561
186.50269903810755 306.5827891270734 530.2742638000984
192.59464728650977 299.69127066997476 537.611734008209
198.81081373891357 291.9734180930758 547.2262366360417
203.09705759500758 290.43664285639255 547.821498090006
199.7941716897446 298.6299700260286 542.6667670822169
201.384513518964 291.5712608814274 550.4077921044292
200.70669409950227 287.66758120156294 547.4271186108355
195.24248760231632 288.46923473418633 540.9396924576354
200.8989182366522 285.36279086286936 547.8091057058596
206.82074728500783 288.72853029862375 538.0300355920311
204.02353912517194 284.8499795848994 543.0104413144501
206.3068073331981 294.7502167482589 546.8981533287225
213.5798371500354 288.5715124889839 540.752037357747
211.0935184723505 280.6665087161937 540.8964375545114
209.28175535743426 276.0089628116023 531.643014067674
214.89209260467723 284.49952825545165 538.553138166488
215.55743170453854 280.29356062546907 537.173346542058
207.114357904327 285.7951991363994 544.3122897399435
216.75554224946072 286.06673422798866 539.8732169275121
216.76986448582915 281.6932435123431 547.9186582163283
226.56987575572907 287.7815684332161 549.5809882553301
236.46593841964852 281.05920206280854 553.7644951716079
244.94913204040773 289.1313518026069 557.1114326043381
238.1027644176853 297.8039699599261 548.9217498832683
239.78387477496722 300.2430393891594 549.0588028703467
241.87614191660333 306.86458572463476 543.5892842101745
237.4256276635242 315.64700810388524 542.8038059887842
242.31921570565288 308.00795711012984 551.2717330520068
250.59241467447748 299.59225659499043 556.9609221395398
248.73054947365415 299.9491935444826 552.6457759678692
248.75217857416462 308.53143159332603 556.7252910375563
254.43792895904357 301.50568921988565 561.2341147054448
253.038197540185 308.99527955889636 563.7878683007905
249.43377707532224 302.04723986835126 557.9581218925722
256.44908157230736 300.5485662647456 557.0503845943986
258.27760317829296 303.6840738219253 559.7216088649843
260.5758415746919 299.71602405954116 556.937459780481
262.85998680710617 309.23497075192483 559.1822792396391
270.58514842908573 308.2461173302633 565.9019208339132
267.7764487891853 315.68174348412384 566.0904300541139
266.0399279347163 321.9694912761951 572.7177036634672
261.9476068330624 325.66859335175036 579.4665702563226
262.03703553508865 324.16917789361213 571.4472637147618
268.2442682942157 322.261023165917 563.217371279368
278.093614299161 326.83106476429043 563.808248215224
277.3773369067193 320.9538217973755 573.390705559821
268.2224608668773 324.4760022302446 578.9551958059178
264.3067635448253 321.8359541648756 586.8370209392251
268.97739203520894 326.90909362822424 588.3708858811096
259.7022543450776 327.10215448131726 592.8277186492065
256.19759311255274 320.2544799790362 587.3324604526528
250.18652017616247 327.10891959848715 582.4465719604677
259.49432177349496 329.14845879045714 575.8127341988799
262.9406011778964 331.6182857536193 578.7531498720463
261.15927428116515 338.4644583723176 583.0578083591563
254.3069591125293 342.9154907276367 573.5025555217441
262.5423697072469 344.9384586660634 570.0094060065001
260.86970289083024 350.0364660244759 569.451663618662
270.70422631424094 349.010564447601 576.3796570630893
272.2062792475269 346.0813617825673 573.0523013683373
275.8316025337945 350.04815338373965 580.1271835404509
281.10096862342056 353.09149979788634 584.9223723548392
290.1994027112686 345.29602161989976 586.2059778217993
283.8381177654754 351.5618514844041 577.667862045222
290.3004212463062 342.547103767223 571.2101949454591
282.2675895057411 350.41434430617403 580.830637989104
285.2982714222757 343.17282124407603 584.6891734380049
282.4587654800388 333.4982325621789 580.2522102444625
282.0952551431856 332.4110568922347 583.7480390107506
278.89791056797793 341.6373905865491 585.5017899347058
276.7785841894944 347.72234140227755 592.3419535416059
272.5906852842979 345.2511063347367 590.6899721256187
267.3199740629218 352.11880278648897 588.5692600697473
269.29031163234873 360.09643480496396 596.8944533869761
274.3232303300404 356.3057592187423 596.4866898456605
266.12228445952644 350.5407448807645 587.7059679073584
264.95951136530385 342.5248516386273 587.8294899458714
257.1079853734825 334.8729852584745 579.1430889639564
247.24675526638737 342.9610461853558 588.4410314852889
242.6273462931946 338.5623841011708 590.0410694689148
243.56482959540367 346.03974667360984 595.4973545512912
249.32482349995695 351.49776191474535 588.2995438609033
253.85058917853812 359.47064863816246 579.6717359387218
244.30652650223414 365.0321025539874 577.1961929725592
246.13528446245076 358.3692595256702 568.8821049459206
239.9700663754742 359.3529967111239 571.9199763617405
247.42640598139258 350.0746693953621 563.464754413217
248.17603968927733 355.7437653146924 567.0945928915821
249.01802673605027 362.21821991826573 569.8860588788725
240.52076483093822 357.07833389742694 565.8549941494523
249.82039213336859 348.6075294923988 571.3055463581464
249.45738743690563 346.1526598675473 570.0183120401331
241.73433373201738 343.09107819856683 561.2408773278632
231.97732115403917 333.2457007591377 570.413776181756
228.70732796800343 333.27691213197124 566.0118971556457
230.94950959476122 327.1621230316517 562.7040739584858
239.66892659647024 336.0572513567456 558.2134551449524
238.2340609187678 330.8259472732158 565.4168738053144
237.01944703605864 323.88425023321474 572.8142420023515
238.5935497044312 322.71292103181617 579.2611265301426
242.2947306192516 329.3063408558046 573.3235871400761
233.22651495043323 330.11293752740823 581.5432427829724
235.09773879117256 323.2455074525402 579.3040086672897
244.40653587316126 326.68913448365373 588.8128839325395
237.9040769789588 325.96956105207795 596.3735736588931
236.82072143139064 327.2340590660647 588.591861479751
243.87913552519234 328.05646945931744 583.058770823312
239.20103956827072 322.6663250541738 588.916016347757
233.46547729629538 315.00392573646826 581.9577527406827
223.86006542306356 315.34928200224556 587.4272026911536
232.36125546464442 316.7159853195213 588.4890759600547
228.01406196772737 308.74402730838256 596.2320304711134
233.15016765239906 312.4057597478322 596.8247060449693
242.12186098163787 320.07596427096723 593.8138923857572
239.06053853135091 325.33778555641766 591.5887391090297
237.43565277187287 318.5258751617447 595.5680244443843
234.9086142864734 316.31380584204106 586.6933261712741
227.48787638206514 307.54481561171707 583.4482226267708
232.54625580232832 303.4584836502017 583.5971791282703
241.53431379894857 298.46183684679636 586.2305685709738
235.13045359357204 302.2880425516786 587.7741916291703
227.62646868746904 303.4860481687308 595.7042978769833
231.96935229262832 296.32530682305145 598.1362959701759
233.14803463443937 295.63274596168964 593.3145776799881
237.87369080043624 293.92073499512003 585.1428689769624
227.90852796420882 290.30702234305915 591.9260673265512
225.32960328323696 291.8653121483284 601.0519615329528
219.05852077974328 293.5140183466778 601.6746196804833
227.33448976562488 284.7925068544492 610.2877501331028
234.05003208582218 290.9658121519903 615.7837199398714
231.83583199107355 294.3678727422147 611.194588340929
237.53120777280589 285.70912511485847 614.8503582445658
244.0725835567973 281.01657360542805 616.0022198480696
243.6982204300437 279.8505766956345 620.2807741104224
242.08599987850513 283.8909458725484 619.2710896372137
236.13810883744893 274.2597964275631 621.3256562458081
227.46398134178537 266.33753526193647 627.3906661880106
229.558443233713 259.7126802359 629.554512438346
238.20849776228616 269.2031723031735 630.7583358168022
233.171508273016 261.6636591871641 639.0901381545491
229.44633065391963 259.5561831797174 648.4842273852569
222.9135970907104 249.75056631776417 654.982174762152
219.69492399696637 243.28132168364476 662.8806417015687
221.3438331710829 249.57050085620776 659.7855586222698
213.3049438782913 246.74500756243708 658.7812513277364
205.8966328170876 248.15036411800548 656.8452493707051
206.3402741076465 238.3306939326397 654.4052134823708
198.55421955653813 240.9948940882541 660.6255865185311
189.6983930898359 242.02911385215205 667.3993972285434
187.23103747185135 235.67053412984316 670.7957998267912
193.38560542492252 228.0068385843493 675.510456527983
193.9087541803014 225.43119114807286 683.6347130992708
197.45427639144793 219.98332491575616 686.8411206652887
205.6482531187809 219.32572860043712 681.8474021110851
201.44499126056937 226.37669250341082 683.4434840288764
203.80767714119264 231.01933848031427 675.4713017551235
200.20260121459955 235.81383797705135 679.4279775404623
206.4978131881892 241.732698011608 669.7520978193215
198.05636992102495 242.20766519811994 676.5192492673475
207.59038484139384 247.77319581571908 671.9381646254055
208.45007805712834 240.4345730733178 668.3490782074265
217.20114972636344 244.59816965733606 669.7270785679721
225.26610004706393 242.5270367749704 662.2141090347827
226.32124337495299 251.73864309658185 652.9086241514525
228.31631047213574 260.21943707426846 643.5571960237124
218.9105899085403 256.1938614475515 637.2712825992074
214.30504062442256 251.81541701285823 644.9327097156682
219.9445227477668 250.081308848293 652.1456408930871
214.05809045815255 252.5912153499563 644.4465046816298
222.035796155446 261.8667369834117 645.9370831428689
231.33760496383883 258.35183257150885 646.869915807447
227.28074525511326 257.8702642571905 642.6768790100531
230.33115670888984 266.2963412193892 632.8305538103699
225.65496812536844 259.482803641006 622.956320795096
235.542949080926 258.3609095005908 629.1957366862144
239.56119991464104 260.9528812982518 619.2938137708444
244.05609911016703 251.49718616898332 619.7299594644804
239.45449006554526 257.47972554917766 624.9997209556061
247.60854732522387 260.55398638038184 634.3687228766942
247.12509372261692 260.6860444473212 634.5898688019429
249.607996267308 264.36696330461695 639.7237309346135
249.77007688644989 273.18068800340353 639.6660269483698
241.0030981202727 265.8310071439048 638.5658558636121
248.23287074698217 271.1166008574305 639.2244803498484
238.38316054052717 261.47161808564215 633.9060130763954
228.43721815141302 260.5765955198076 639.8279515080238
237.84782790639818 267.69467101759415 632.3347562165379
236.40314402861782 271.7213197593577 626.609890137876
239.78193649690343 280.79373781250206 630.1545161484933
244.3917038302433 287.6553868407365 632.300198103525
239.43398132999263 292.1734940234628 624.0795618955293
231.6084935083569 284.103315959865 617.9250297650772
227.878087179564 286.4723696554597 611.1852943818353
235.75623207725917 281.26232561368306 613.2643630317724
240.69314168220603 291.24709515485193 620.5612663267525
238.39744790968533 285.2991072151757 622.7162394868842
231.43945735388522 291.4283890832012 627.6875822838707
232.55539960814383 286.42255951647365 625.744634653377
232.3348886604774 295.1238336027077 617.9352752863176
232.3078547105051 292.5925637127941 625.4694487029157
232.47408431874845 291.53425836168003 634.5023137997842
237.85531793859454 288.21266644013974 628.3724613548045
239.45878375051467 278.8150545356245 627.9015571646613
232.37395425282804 284.0298876278364 633.9014509748731
239.18401021438325 289.9788286620169 642.7750379240526
241.37270660229686 282.23241184295625 640.566396924476
233.11296458246952 288.7593842641912 646.7434523057927
231.88703897419347 283.21896274044667 639.6722284689689
240.44723080616407 292.1276651054191 643.8239618804666
242.33835486639813 293.8792964519396 650.2720598363338
246.7832362992346 296.5855928217449 645.4191405170898
245.90897175196088 303.2541501782009 635.7301152986226
248.69036104827583 304.5048146779247 626.5153477951395
251.1230234930841 297.5888876200137 627.2497103061635
260.41301777085374 288.8767288045787 621.953903769916
266.5354837437974 294.4450319708509 624.9966135045149
261.91805555296753 292.9483198840636 627.4189499678395
258.9642203306907 288.08584157476844 621.5420281786025
261.8950063595751 296.0075392072985 614.8629918267975
266.2503660809597 303.26185753302593 606.9680127378496
267.61715243002095 309.5757905549493 614.0225135086179
271.7729542981327 304.95423115036954 607.7145302626733
279.1628217046459 296.0726240693558 614.8688388415288
286.34030050044197 295.3328267194202 610.6510008448739
292.1572863785677 290.5690750210205 605.618059063751
292.91707456091586 296.7788560994795 604.1593134727309
289.20239858359855 295.329069094709 608.5143209834248
287.3256878675381 299.5676800352368 610.3343346653471
285.7163195794418 303.04457470545333 608.6717218906027
281.01277866860767 310.8705286453411 602.7782920977317
285.5147268592652 315.8127120264144 595.8338155477301
283.7862110347892 321.2764068989693 605.6417657825648
283.17888288988274 327.84292081052547 601.0119376013456
287.0419220072377 320.32418953877334 597.6201273598864
278.6277562141225 324.18612816368903 589.0976011688552
268.9264049129136 315.6645872043331 583.8623356580123
275.7412702077589 320.17474851352716 580.0928661887829
273.77994292294704 325.9637598753643 582.0664554491893
271.3617536451788 320.95442003022464 582.8211215324887
271.92581542842436 327.56806312047445 590.0633145716727
281.071455410108 323.40423413751887 587.1727095660871
287.603638419398 323.4039583987293 579.0925543945357
284.624876031858 330.7568221137636 571.3297208160676
292.7240218126283 327.3774448832925 576.2406195365105
301.9538137003517 319.53238988607734 579.1580214881758
311.29093527246664 322.65882555199175 569.2664351047574
303.37502947935207 323.4877162571915 563.5852024904452
306.3927694553123 332.05041762569016 558.3455980278044
309.74792810844775 339.0936902752335 567.6374843842384
318.22976768331785 330.9372294088741 560.2167112350229
313.4239283266406 339.0444712467658 555.0011213228473
314.3544184387895 333.21789804247317 560.2180756755326
307.1281836373225 333.1515492433335 557.9831578028435
312.6540102601343 324.94184862368047 564.0047989026826
321.3159316779538 332.5929065833625 570.455830418255
321.53838554248193 339.04201181520506 574.9950161318578
322.72721313971334 333.3939812693721 580.3239247106143
326.204047945005 339.77264520925496 584.3362381554233
334.93698572978667 332.7185528086613 576.4353439583336
332.10365910797645 332.78366749785647 569.6010270609424
327.27946432276144 340.1128684241094 561.705843662708
323.0211648914355 345.75611911952296 561.9982356201891
326.3171887637869 354.2292524020575 567.3539910812935
324.9318279979348 361.1375037564864 577.0515752780856
320.6533799003968 367.4366931082282 568.7227765224985
322.6179527478032 360.23624433971196 569.3076540747912
324.9055906088816 367.28413264335427 568.1770075764673
331.1410720023856 360.95841548502966 572.4703259466163
331.1683611328075 363.9409534982337 568.8763079437281
330.51441410134794 364.26300172068153 560.5415136245284
327.2813220138864 357.6457998062483 553.6928870469369
324.7722601971811 359.2209274278455 550.4799598490436
323.78784710346844 366.581045154784 542.0114184645535
329.3256697551694 359.5959818165172 532.4742991280768
325.28943314977863 352.79548785998594 530.2823789476756
327.5940407696982 360.80348378201785 530.7401686345904
319.58447428872586 358.5088233962478 526.7261033558483
314.67569077729786 365.8786520379565 522.2813134502584
310.8184957292059 358.2315950302757 523.1912299757041
307.6098130107325 349.6600139717583 532.8229735640117
303.62026876065096 343.0933900751746 536.2040542076703
304.5723909498347 336.4402010053589 531.5500489689114
298.6882402712545 331.4960221565697 522.8226799910487
306.3005585679355 331.81660813344234 524.3228452156079
313.1950069985579 337.61418978156905 527.6907987620785
316.1773982858063 347.26933872704484 525.4704760936038
314.6348624598364 341.69587782148835 519.952566089248
316.9411843048389 350.2729005589028 524.5424552105801
322.177405125264 346.80283540987284 523.2062390884859
325.22427024833723 349.4511744062881 524.5049122784513
325.16197170675304 348.5951371722112 532.1950431161587
315.4683599796834 347.34077284215095 542.0756283318611
313.5328800149761 343.90006779727844 540.0407130953611
310.42628436088165 352.3910880533063 532.4319418149369
305.2285573928362 343.04859478318446 524.7268871834239
302.92738225761894 341.3226452126045 519.7218768050213
297.268458507481 339.38310861250454 512.560654923442
293.2049290466715 341.6716835103563 518.637775081227
285.5745448920477 350.30089527766427 509.88166474427777
291.9885289556422 356.67209105468265 503.5390166876616
291.3384440739826 360.3402667669539 496.8260859948796
284.91159359793147 361.38778093165763 502.1536897731513
289.4123210084471 356.4842741093754 494.9429728746217
286.42860482836403 349.12155401397905 492.50351207973904
289.30448159754684 350.786151620849 483.9948265668262
284.7034011839421 353.95266797846335 486.0665347511357
281.062005692677 363.305568893918 487.8161130868895
282.4269973602391 365.2132880635114 490.20933085909536
288.4973933799282 374.6271853382463 483.451989856827
296.04588451068247 364.6472977320077 486.1098039561585
294.95717314567014 355.34118877066237 477.4010864785612
285.9545202996711 364.65509235300385 469.76412948930266
291.4127055497445 370.08703701230957 479.49501262682554
296.1938440611083 377.9776595814499 482.5848826780514
298.0075467982361 384.7980019970795 482.42207795056186
306.44525803253566 376.97271886873233 477.77759913134497
303.22383206201806 378.9831118248766 475.1548294887705
307.3007572862428 381.50661039584645 479.14573626108347
298.75002012551363 388.21345685929106 471.068558843085
303.3807181272564 387.94197604230175 480.86115037232867
313.3730349943177 393.86984755036485 473.043392703325
312.02519784415875 401.8519101467067 472.2317907747387
313.59798126027124 392.4158180528216 470.7976173502528
323.46154036313607 387.5664591200129 464.8917211246975
321.2351500162093 394.8401592353743 461.7432317924283
311.4874012539356 390.2827640630997 456.79137160598975
303.9537734288076 380.8789579225382 462.2714947364311
312.03327346106454 381.6231820968508 466.63195045697285
312.1730611298908 379.0607843710059 466.81602131559777
305.7914741381627 381.1054519201193 465.1209019600358
299.47567759871816 376.9677519386464 474.6930269591869
309.1368168776316 368.4426315664096 482.43285669230994
310.5657643820222 368.23078139258354 472.43874353514764
313.3300463775178 376.57490818062894 473.715524056167
319.75392554591895 382.64152849725144 478.5338202628841
319.16818094183355 376.56298892802016 470.34982120229046
310.42157620894545 385.9076297476019 463.09767769691604
319.02218509131086 390.66586735199087 467.72903584584594
326.4676180559235 398.70524108685566 470.1840733369796
334.4831168086156 408.0531811282849 461.3542110972517
330.4008640851212 413.45839479687874 455.8525487337561
329.0717513123333 417.6416530733548 450.03476557530195
321.8053292329314 416.5833334240822 451.700677628122
317.4102242782214 418.9765392113055 457.51492460367393
309.3793738741603 409.5105719801796 458.11240641517117
306.27110874914456 411.18664254209745 453.4295889285902
301.01659436642257 407.801869057891 450.9415489793516
291.97229688491643 397.9424224158585 453.5817431906591
291.6020461036257 406.80298385353825 461.7027606973051
282.46286143884066 405.04100134602214 460.64251365429436
292.3111043061917 397.7598066207223 470.2010449713519
297.2899721198582 407.6655246284198 461.79460947590877
299.3004466362184 410.55419139236346 460.74723800527636
303.6188245500778 406.08515354196646 466.57860776014235
309.34769521181147 405.07315582940373 476.1264373848072
304.37321756242204 409.84325003312927 478.37455597886344
305.5712302010353 400.95799334810306 471.9179928701832
308.60520624306383 407.84458125551623 474.79393690301174
306.0605197638884 404.8184858414075 467.52354804013453
309.4911419867951 397.04464371000097 459.5205905624417
317.96200543353024 406.3189821045428 463.897386623066
323.9822473402044 407.6445677424104 468.82063035732307
320.38448853339617 413.62017548427275 460.26515092695524
312.96379317746715 416.18765351831206 466.2599199276413
306.7166677021275 418.73682317029386 470.49636483810576
315.06228776652654 410.72911656498223 464.03780137481414
309.6220365600439 417.5788531602503 466.0901426639119
308.7369230244156 422.8251302165831 468.58408699384944
299.6046287751602 423.0770890899424 469.11100417153307
302.4988127363006 417.25764698459113 473.453711740583
296.8199097850215 423.0211270044002 476.36439748520763
297.07692487847874 429.7865046775606 484.4474044740601
305.88326275526 435.74505485084126 489.15093639571467
308.27740148199985 426.4555540823916 489.5550805263857
305.6978662227303 423.9334392375937 479.96468553825224
304.49431230195074 427.9225614474172 476.7219009170066
302.54885465659436 431.1515439795184 476.89739218226384
298.3964062514361 427.9830161098828 481.23325298776945
291.37193345401545 436.7777749844136 484.6829730156411
289.27168415019173 432.80304595458426 491.15385526716824
283.3998887588907 432.41319474867356 482.6937596617305
288.41233402808007 435.2431986940346 476.131882263669
297.90183893870113 444.1792868875605 485.1110072124559
296.1220791516383 434.4482666411634 494.2587479113837
294.42819084550445 443.4867781231796 498.4538911976886
291.42030373620935 435.6207792957658 502.31395377911656
287.53169092933643 441.2490349392215 500.41223227336275
293.87514438130336 440.0775429571458 506.75671818796076
284.6012222189071 431.028008194962 501.50829165238747
277.76329317082065 425.4141379597307 506.54590294247936
278.1919927056501 421.8055653794451 514.5295358619098
282.1588456449248 413.0422652088461 520.3585182379671
275.1516397338056 412.6387359707523 529.2477018897952
266.4776717886481 404.2259573298342 538.0536175865866
260.0927783558443 402.4997956437716 536.740590753908
258.0032486978442 411.096267296115 546.1438671907579
257.92269997744205 406.72952516438323 541.3090331859497
266.21182686362977 408.8531806727267 544.4707337556808
259.6642766100682 402.2457065858383 541.8552308093123
256.69122612979015 398.53010115816187 532.2953089565741
259.4555256228389 397.16958904422484 529.2635664870525
249.68728690838995 391.59391011523627 523.597250888411
247.03586669222798 388.32715325141896 515.6396681232012
242.28189152601226 383.5487038838725 514.0090936239873
249.37707437541326 382.04274303678346 515.7516742630478
254.19008268683376 376.64903874316985 508.3333490243797
256.4707775054014 368.75996810497116 509.82155565296074
253.24875943837242 369.8988636309636 506.27814644944186
247.18882874296605 371.3476873902888 513.9774899346294
252.79306826276613 375.7147343179866 518.9216433783513
259.1863983223594 378.09706300744296 517.2899877321049
266.12376399650617 371.9118994663069 521.1619925676307
273.184779692791 363.91523833438157 514.4722962934874
267.16857955746184 370.2577481424062 523.6781277893649
268.37639212891304 362.7321064220583 527.6728860417043
261.17766065766847 360.6586826363334 524.9600548619491
271.0226612013878 370.5513566869204 525.440436411248
276.5418485914871 364.42191638518204 526.2005230415022
282.8506909410539 355.49712971009285 520.3707874500027
277.0651889749582 349.6461410594879 514.5398959875777
270.2137428377703 357.1588315042043 508.53832291996946
260.8216456244049 363.1803745789313 500.69922359164053
255.44830133400214 362.89888210480115 495.8503297556771
264.05949340978964 361.4658088529989 491.8704970936557
257.09463263859425 368.7709824249315 498.3322105997084
258.5422458664283 375.39819416531327 498.79517007031114
262.13720802317005 369.71003591093813 488.9373247259862
267.6123421072069 373.17608246662263 482.4417220882106
260.30571793702734 373.1514267085259 478.2179901658115
261.87261922970737 372.2665849828917 471.6354935374919
270.5245665292167 377.049393249162 476.0130884042848
269.57880175914113 374.37549043438537 484.67083636345376
264.84921489618847 365.4609076935986 475.7675463497967
272.3147175083913 366.9502775203319 479.99439940648375
278.5785266785658 363.10818546947957 476.95677354139394
270.36241250017986 358.2704148779537 471.2663075676139
264.1437728279857 356.0188962177831 467.4507840565511
271.61019474285786 359.0001378432509 457.9016018555038
271.4581413845234 367.23036569191095 456.3798206138578
270.40107096021273 366.08386883012827 461.0917108895295
276.6394998025889 363.76819012119734 467.56529851009606
269.5187534537899 371.28813600842915 472.04423375137605
263.41248614626676 379.0797323029049 476.9753391930683
254.3745089764865 370.58457173778623 481.847935263904
257.51436736513125 362.06443765826697 490.3544471644851
259.94453241654116 366.2296260752626 491.12058994506526
259.2714428241087 366.630944112217 499.3326155862895
265.49389794027877 365.2752087983679 490.36341896708285
258.1282445379201 358.88640696925154 480.5160916260446
253.32010418134965 355.42435058666183 472.72958518982307
259.7989973766767 350.91921156120856 474.7111917173867
260.46972794395685 355.6034995458533 473.4213974136596
259.8535310910079 352.76697941682147 463.79781528321956
268.8867413129487 350.78383133603967 472.6317485962958
260.2321942296827 355.15027239950405 469.08073868861294
257.4307857691371 346.716843026755 461.0096399580229
258.68777157616654 340.40691277688876 464.63354460528654
251.81736552232263 344.4890401272846 465.3347385142978
245.51885911413507 339.06416208966795 465.13876515389086
251.512700238667 345.01277568278863 466.6966357865267
250.5484688634513 335.721750889185 470.2211101648362
249.93078366070242 338.86582458957014 465.94644861364225
246.2789449436337 348.146974452288 467.56496568507765
256.2182057176967 355.4785338433998 476.5648829504706
256.91094037751094 355.9864672474602 472.6426485747949
247.13296573597276 365.5662690078076 476.443089396716
252.4530377845453 356.9322285682254 479.29691416748256
254.02828929138798 349.58718309630683 469.9782366085226
245.08945971815487 354.1939763533811 469.15547627869745
239.03201876973642 355.1132940770202 474.21807286667365
235.0075140974521 365.0108301739318 481.61543159348173
226.62697268635725 364.78709811790935 485.1090589878632
221.88157097353638 363.6441801561201 476.96675803480804
223.31807366135763 363.47604073573245 486.05001594172813
231.48508705020345 363.92660012311245 488.6968850552508
235.323963107404 362.58156073930104 479.5952879830151
242.50213126599107 367.40108915387816 472.5843938487615
250.71692842581805 367.41010426470837 481.9580996448773
255.6885889325222 359.3113058660676 476.15110687182204
255.6738309988715 349.86497861633904 473.92084161769395
264.0130165966068 339.9468356932517 467.0899319221247
256.74722489266014 330.53324798417134 461.6472007793096
250.93744399459928 338.7868585343862 467.3273918099765
246.6347325149353 341.18783531470234 461.55796866228627
242.36160527398403 346.1376568768005 454.19467026905335
245.81587350214508 352.680199224675 446.2966931402433
240.7831025384736 346.0757551166945 455.9565548883094
234.0173570977501 347.4680637821174 460.66474489616377
225.83445026351845 340.0535685468265 462.17767540161054
235.32942175468656 330.6464250968471 454.6392364197711
229.70061068494826 328.5382577461147 454.3040735251042
239.08626640452928 321.0727234693254 458.5284525874809
230.1913079367924 324.09933407753715 460.3243980782671
220.48218551474798 332.4894522259934 458.028937241367
210.6505585374626 339.8160712748791 450.1613613065195
205.90637033040602 346.0619241243777 458.9653949667492
202.52842075933444 350.7013576148896 453.5893599304705
202.5860644562462 349.2798538579683 452.2228929767213
195.33185240514396 356.10404504427737 445.09429165612147
191.39469655714336 351.8632026364808 443.35537590416186
190.56070215236917 344.0505132387012 436.749592695391
181.70113405948464 338.58057058657084 434.96762723489996
172.13890727119704 333.27975448187686 433.90690314402997
169.33777320354005 323.376662631244 424.21354480493403
173.77646699383567 313.584938765435 416.3112260639018
164.40803033012415 316.28276292992115 425.63831900784186
161.47863866133662 322.5057203290756 424.44742037709375
156.64433313502514 316.42756399765875 428.481649721666
151.36954930692556 323.21783248305576 436.24620407774796
158.77519904742925 329.63905665553693 441.3782165339425
164.02074930370395 326.7612298979766 444.3658775539353
162.92002082621215 335.60844631018676 444.8047393541644
153.8955494851292 325.977610854201 445.3812735324577
148.35134879776592 335.3784369716022 454.6353849660253
149.82114603103727 344.4581326406014 458.5786945193626
153.37593739853486 336.5407494179454 454.3980896217262
153.64381823047265 329.18002605189514 451.08894663601035
146.79668482096722 319.4132300456914 443.54616291351675
138.43304854978007 323.0337328284115 442.89415824630316
146.90962711980373 320.05099192084634 449.55537174520543
156.26329084591697 328.62069340147866 451.2727778827787
164.6196180851498 327.72445357987743 458.140860916062
161.07900262680656 335.6925461647275 462.72584818048216
159.60555575165958 330.5630845201865 466.9150754796414
160.66518743758724 320.7956948209093 473.7125720288935
161.62370906711365 322.3838406727009 476.37177981483075
159.24637698223302 329.64677031047484 474.16139868230954
152.59989385484843 334.5916640260305 474.57744120140194
143.36117341425194 337.18470947983224 466.572285829383
147.7647258210394 346.43343050684393 457.4630780858279
140.08830790278438 351.73390711366227 448.9281191379581
149.7631736286721 353.5848952318034 446.4300681675328
148.35640116100188 357.62491742050327 454.8307972795945
146.34597345496837 358.2690133949169 462.77536529979324
151.30966299390877 367.04881891651735 467.11953718674346
147.56530182066246 372.7386279647947 473.0350124241672
137.81279995912504 376.26903696140687 471.1462087564913
140.57011604341028 376.1404862251337 480.77666660790885
148.0910547619876 383.1701259629314 483.7919753200734
156.38708655577108 386.74007661545505 484.8848018175205
149.21850142786658 395.4055133650317 494.6581563929742
156.19192972208776 395.34486129493587 488.4631960036326
151.1156012062347 395.84110323013573 481.94190175963223
141.27563321473147 405.5548670048482 485.9574210355542
134.9778983666164 398.40853433059266 484.3230189787509
131.43455173742487 396.41387213665087 492.50269283937484
140.78831451317131 404.72901060266935 492.49266471543007
139.29257409228512 411.76763538201465 490.8600821938993
138.9919361483159 411.75841253967803 492.00435215734217
140.3867668929243 411.7114576864377 489.6841136259572
148.74977481222845 412.6148405748828 482.77234848799196
140.19242892525114 402.74589781710125 481.91844500506824
147.25915813596683 397.8843267527127 487.93807490670133
144.24285979781314 394.15323653374213 493.8639779156471
143.73044845685158 393.70727455883895 502.5790191588305
150.70366790366305 388.98117708775754 506.3634846984224
154.63883871026854 387.22400353106985 499.3763601626221
162.98986530152587 386.53056620366124 490.634140258677
164.69078811783035 378.9755454480868 484.9018073789122
165.34602829220842 379.98005413450466 478.3608138593767
167.25175130905146 375.19888795281315 487.32524485406947
166.96169929403422 373.16426930087874 485.79845730702243
174.72110110479466 379.9927762923999 483.4122633893339
170.63849621766792 381.688308616843 486.7987470113366
162.6025379065972 391.15914973634756 496.33861248355663
155.77959714085063 390.9629880685757 493.4394192779123
149.14400653022784 393.63694546578324 489.6561688736053
146.6272404612988 394.22060554538706 497.342686841333
146.4013927195849 399.264039391265 490.491856681924
141.94437020278338 405.5642415857395 496.56400982728144
138.6397352496052 405.9244967486715 493.90020676137743
130.3582023123179 405.42043465644264 497.3773097004936
125.62318722788234 407.9836412452092 494.56174772501475
117.38621459232078 414.36242565421225 502.24387769696904
116.6419509921426 415.15107992265314 501.560072941401
110.36929474575848 418.93199129826866 509.586362663668
115.2316321891025 427.6194728891199 503.13343297083225
105.37345263512665 428.01893816187237 509.26611829400247
107.14981254537587 433.7241970840188 504.64338657951987
101.31902881800436 435.1071740773178 512.0078210009278
103.58067299009076 437.16031769732206 521.3448850025709
100.94290307327866 441.235485614659 514.3587629204445
102.31497838035631 433.3999911090759 505.1650370290975
97.8842625997708 442.93910501478183 499.98043776450623
102.09856926390765 452.8968058693151 505.1907130977756
100.8637999759328 462.26468186543093 507.8160094553055
95.77187092796444 461.4082956991418 502.7601015670289
96.01193930832443 458.6956777335985 497.65398061826795
104.47794238245143 453.86655287657635 499.74560877679676
112.73345885043346 445.3709002664792 505.11806658525467
102.93046858704602 446.401567938164 505.5422990654576
109.07775932046927 440.19013459874265 497.50996062372775
102.8004231739826 447.3217434897841 506.7103448623908
111.69246319434143 454.89616568176444 501.1652104863321
113.9924984840978 462.12638896192954 509.0748352396474
122.81932822854947 462.0675548297749 499.69942689031575
127.67814797306926 461.28860776251105 505.1641359714161
125.33200047749479 458.6695066561358 504.19900892827644
124.04391087005459 454.0112520382434 500.80177874570273
120.40463630976052 447.36334654728796 493.0381829942748
124.08283000462777 440.96805332168776 502.0490221969916
130.8782885225578 442.99304427034866 499.8645805190046
126.41165793037115 444.7160286927103 494.7345905158697
118.74364419438004 452.7145727142064 486.92356788858945
128.62843346474835 449.13606730399044 486.8553771529581
131.40448149430478 448.91691464897775 491.2312119786959
130.66697061956367 448.22716718274 499.2299403284713
120.92883153260914 440.3436126154881 503.8717807285895
129.23560962123193 444.0592547790363 511.44265953223015
124.61450489486882 434.80741590788074 509.42997714518606
117.44852764032967 433.62164207229114 499.86908982852157
122.3465633121163 436.4431178400659 501.08862057353195
128.49964614406102 441.9101029954948 497.6696207133009
128.56466950478367 447.27623592559297 499.71865424303735
132.4356477130976 449.7615776292341 503.8429315023788
127.72023107278461 446.74215463935053 495.93065757736446
123.35825149498945 454.927438565454 493.5635017086577
132.79482507971812 459.4564454143315 503.06620458818963
138.54929713173317 466.6730892894526 512.0714242414975
143.84161413385132 465.5283941704323 520.0940745987092
144.0707808803551 470.28670459893283 523.8365275950486
134.51976120807976 470.27820691755124 528.712934886065
140.8647886621146 462.3119580590207 537.7069735903079
136.50969318253894 461.47459989303775 541.5462197057315
138.02716276831262 464.51782841937853 535.1641387289854
136.40184238164085 468.3700820974773 525.1890629127971
141.78704075393773 458.60370699043915 520.6019218636877
144.94280657730312 451.2351539703283 527.8591000298832
151.10685866172372 447.4232551483689 529.5363455755687
142.41375518160004 445.87719679276876 521.3504001420694
144.84414602574026 439.7901065870787 524.5322429373884
148.7967729347336 440.0232679054483 519.353522118553
152.8363307438636 439.5481768216446 529.0324213360378
146.33498895736864 433.7144831165319 531.3981098662382
151.56252561783447 441.2462453436403 526.2049348740053
161.50734976556092 435.0179729502951 529.3884141453135
159.4351412962211 445.0119067957375 535.4159989163518
161.48194669128392 450.3511619472106 541.4491679217546
165.24032355239177 453.5325120983 545.9161161857519
159.27178641658526 459.5036989758999 537.8594971186185
151.87977141575007 456.902581204927 541.772845281683
145.55001434102044 451.2211457488211 541.5339387680988
144.64675966575288 442.6773887489318 531.9427508705177
135.95170996840838 437.9289342036319 524.5554518921183
143.3185205085297 431.7267575700576 526.7450613449852
138.0165699921744 430.6273155281769 533.7072701626214
133.26235108891285 439.8497081674217 526.5910611347459
140.45874033983944 438.20423841843296 531.7703967253734
148.89788306720342 430.605909859033 535.4679366810565
156.20448040245344 425.09588777890747 526.5216553823664
160.33087973975037 428.2371102725372 532.127874379588
153.0186781879882 428.91930874656606 526.5242020133495
147.8890732965341 437.8102002189758 516.8333390419252
149.78854564645312 427.8113164561104 526.5301638887033
152.40326819354337 433.2936592085577 523.5227696435734
149.88028835972747 424.35293519489005 515.5247501842051
156.83254939883338 432.1309316345668 513.4764641278088
163.91078165258318 438.5847388144557 512.8313206998141
166.94907664353678 447.9984338912775 507.49823912410693
171.87197539078426 448.4227316186433 513.8661918394414
163.3394363216248 454.1189925776028 507.78400486366274
158.06858088518337 449.08607346586666 501.91683599303855
151.3218028327403 444.0180314847283 506.9323676072742
158.92630980730834 443.7966676400344 514.4005839045348
164.76666950965213 434.83961070494513 504.4710042906383
163.46178748488867 430.813771384529 499.3183576528575
172.18596337568744 430.15696462554513 497.9734212806546
172.51435752270072 428.3356159383256 504.0863430788891
182.28213371443377 429.8363030734838 498.5073480805192
186.68360007493982 423.9549062837508 492.4726602137639
195.22551300359808 421.3097568544296 497.39298756281005
197.40058057760453 430.7972085783448 490.70137923385
188.52000117592448 426.23645035693966 483.774593175359
188.1019799810662 418.96867910177446 488.8695776997787
195.30237376072438 419.38465473360384 486.1828693541877
195.7925344000606 420.71023121862186 494.5587726307027
188.81401810990917 412.47052572099534 493.8796820294223
187.29328433012617 408.7190992733661 492.1343124083423
192.990269983034 404.8512636818858 488.03102006717694
183.06600563058203 403.25708247777317 496.0648203070935
173.64432388914133 412.2670919314423 493.692746992487
176.7697260370986 415.89704549732875 486.0211504228628
177.80028120927759 410.8592961304658 490.4716587538599
177.7712208397369 406.39202413956184 499.24162810154496
187.49344476350788 410.2073712454762 498.3172605656726
184.62072503109752 404.1744788145207 504.2670261737717
180.11811791496112 402.4459075665718 498.4048909872056
184.76683021265043 393.03084175467245 500.364208824563
190.76502293487943 401.3170911635871 502.52807983746135
198.76310112407546 398.1517309472055 507.6737512225155
199.94274355355768 396.15089875904425 513.2317136938611
195.75277241035073 390.014235859618 506.4353888373157
201.66071150594985 391.0451249483983 513.0514434271741
208.97249636561344 386.7195496293598 508.3868398783126
209.9797521992693 394.3222482342927 514.4869361734291
202.92800405147239 393.92821776191437 522.7090310142738
205.3070115590287 386.62048358304634 532.6888428529886
200.27879651231265 378.73100037575927 532.3140593053098
196.8327829864448 385.29582321182005 523.1310211529317
196.42415954322175 377.3984232518131 532.1572512830987
196.90668887851453 377.63177144694936 522.8567666451803
190.66458498953622 372.29736319926866 529.9943916080948
199.49181207131258 371.9631823006099 537.6958893071696
192.1287361227955 371.87473796949183 547.2410340189784
186.50242692046987 362.70265421745665 549.1592724309266
181.13550491464878 355.3111681856138 548.8760820317328
188.58798406395422 345.3761212727648 547.4432530409732
189.74487270568963 335.6364275134267 552.1888467908918
187.45968915099994 332.90797089341896 560.3571650091218
184.65336066817613 331.02570202998334 563.8605927664762
186.056192540392 333.9206544384905 569.4747974434908
195.54455258519613 334.73094571670583 566.8673637984182
199.16243954738385 337.60840434007963 565.1378306268888
199.761778482996 343.6457449578641 566.5205326842041
207.4965287696544 350.0061105627625 572.7613860414109
210.53795463527422 352.5480637043721 581.7824165785845
207.2195468246827 345.10750352372173 571.9824617714376
202.7671306028221 353.7671466650571 562.2821620073937
204.90214350677664 353.72386367842745 558.5452285489458
197.2350525314431 358.5698644687252 566.0512453887736
201.78957185893043 354.7523580917015 559.2822772420443
206.18542639754867 362.9678139830165 561.8644549948079
202.3995158939111 362.253330220043 556.2904402619114
195.9632838155871 352.4729598646506 562.5673139561964
187.3986943915161 351.74085867104463 557.7826116476547
194.19783372353274 352.7943279922008 549.176203276054
193.88884186883908 351.58879292179677 549.9210690400632
203.72808892393996 347.1630497932928 543.5269771423427
213.3403274040837 340.4559957235231 548.9272663487528
205.97237712332424 339.0769513744708 547.860464300945
202.029527461871 340.06920025129915 553.7615593084315
204.68810132226065 342.42078703870175 545.5611165012955
208.23865919047478 337.26421154043453 539.4522232740808
208.4704465257087 345.41818471029086 533.8226291787149
216.64276275419445 338.3278354497105 541.9541117615586
207.9382234653863 347.56696880191686 533.6148482475495
206.5290912713063 352.00687225995085 538.0635926969911
210.36380439920327 356.1814433866856 547.6437320855139
213.59778779295686 358.8766812497159 545.1004641795755
208.08241482436884 364.99240420213164 545.3196348683857
203.13799042754005 358.48275743195234 541.01047237725
204.81141406434554 360.7964019869602 550.667294595771
204.72031274643297 356.21696153323745 558.9102768756735
200.24377739659712 356.9004576583739 549.7155592386434
203.81593361667188 354.2685682950005 551.4221499007663
195.06157810474605 360.0729070595093 549.2819278946633
201.08180859826632 364.30930916985164 542.5057935441431
209.64083445850974 367.0542566215157 533.4826247891511
200.09475380757925 376.257280226928 530.0349134036151
194.35345112070954 377.7926663522132 538.3616209151646
185.53963701628842 378.58402428110645 543.1727661811884
178.9861015188725 378.71806283791943 533.3448628010126
179.95576988589693 373.96085190050815 534.2442590403898
175.88738854690777 382.02815977706723 527.4636639290989
174.9384216232186 375.70097912914383 531.9941255556081
183.87567256322626 380.3568700334675 533.1394766410385
177.9119919445879 379.1390025423414 526.9955499031894
179.05523842522615 380.115131783332 523.7986683628797
179.63816967410173 370.4059509647212 524.1654620864383
187.14343975060274 374.6433167588012 515.6038264157867
182.1781240314829 381.28745059390997 513.6234311792691
185.19826129892758 375.8900954462428 518.0430031052791
178.07671965192742 381.13690973303096 526.4148479499925
177.6575781522957 372.9139804188825 531.8287599052475
174.59241060533137 378.21517507331174 535.6036046650593
168.59054943650838 370.46460721925376 527.575791100988
159.75198720764524 371.8187843168518 518.508979224975
149.81023146928524 378.27689326351106 514.3644439794662
150.07521419022865 386.1148314337437 522.4796512378307
141.00954733823409 391.2873209023882 528.1707986192748
147.90474433491946 386.76578984152655 528.0675914171147
147.08809260908012 385.0611935910154 537.1324514461393
140.83835042491282 387.9204143922482 543.0093324673318
141.06626033486307 391.12182360813836 538.1944995677408
147.57010485057123 389.4285577795711 541.5270110605056
152.9561741056592 397.1386382704329 545.3250091458154
156.36595512790976 399.25094639394683 548.6384372612292
151.20523120896172 402.07481613559855 544.5892554467453
148.28240784502276 394.758131145199 548.9930984131687
154.0644532293198 393.94141295983223 548.27546067931
156.74705072668127 394.25178497670646 538.5271425549817
162.18825019306522 385.37366164479266 546.8274222368583
162.72517342255196 380.89565633219837 550.8743599704594
170.4623722532983 381.50875418412676 543.9814411292438
160.8312402319747 373.66392141635725 550.5852585049863
158.07529936679305 365.18174431049727 545.7595907746361
158.6951272173088 357.73005114385654 543.3959798250168
161.78397587593588 365.7489111954331 541.3606446291035
165.12435306539393 365.7098512022963 548.7607008883562
163.3035816476948 375.0919117990687 542.5505608933295
154.12266054489217 369.83885698886616 540.5590814521264
155.90886326567153 373.66943666842445 545.4235937069534
156.05267040683896 380.33054897212736 546.0989851288615
163.13565207643614 381.3614361270761 538.8421690030916
156.6515403250956 373.04813947567715 543.7732485527719
162.0404615134459 366.6392994013386 553.3913886626997
154.05430370374899 366.09862231337996 559.4256207498944
145.5839409777421 373.41797738400675 561.8012634550315
149.37205312645844 375.6784775926832 564.7818898035973
147.33101656286416 365.85961265937607 572.9004484745222
144.83374878214775 357.98899659202436 571.162788181271
152.94871702883515 359.2274256747128 564.0697508070488
162.8718064598135 361.52092178847784 568.9558668645336
155.93955856598234 367.98143151095644 576.4217292158021
156.1592457105953 377.1384853648123 570.514202787262
147.91845383024878 382.4705694536445 573.3989389945662
145.87198326885843 390.58095650888475 568.7616409243509
151.60598900401996 381.572396492185 573.8480154520217
160.2707612941272 389.3233922605353 582.0948911706845
151.14832821158058 397.342574184297 582.7137049871586
155.18697360499993 393.96002507806816 580.1955250684174
150.28297557517962 390.9703884641259 579.7485990167205
154.212590091782 390.8468523320588 571.4893994771888
156.5175953178561 396.2488010373892 567.441764880713
165.1459762285358 405.3368199622582 570.5700732145945
168.285508164747 399.45366378321285 578.4160040709805
161.27810054569207 399.93885260850396 571.0356751683228
157.70777347513763 396.64688647310135 579.9501274265367
153.61867503741948 389.2888769331879 579.1989913443425
149.10255916716014 395.8608730264968 581.3928092966369
156.79540613710824 394.1062313629251 589.6509690515879
159.00467093771397 394.92693068814856 583.6754514008194
159.2245133105994 400.24038100264966 592.6373522159406
163.37515711741406 407.0061580091694 595.6975708599462
170.72098070284324 401.9350627013273 598.7622728347168
164.18888891392282 403.70010966770354 601.4454126683677
164.51893790166525 406.7063652285062 608.7860521832823
168.0342391537752 397.66233347633784 615.6842728030404
173.37091728284625 394.02191404818524 616.4674432673106
180.8041255121213 388.645732817995 610.4968755626213
183.711362832798 381.88254938664005 600.7139117132817
184.59467196800875 380.09488684848014 599.0611443387411
191.22514627017432 383.7661191132641 589.2096255447626
194.16263832165248 379.5896544588006 579.4106696015864
202.3963344110754 373.6297668276014 572.9620843296152
200.39692798622772 377.56862809659674 576.2636349210103
195.8412155322497 371.2695206710031 569.9924467693936
191.03067433459697 376.92307893751115 578.8187120932286
195.75218283857402 384.94081730304293 568.9498569766698
201.06260564382876 388.38106453705427 560.3802109374489
207.80262255222908 390.7896654548142 559.9238553402248
207.46661801446956 389.59149189598054 565.1979949471762
207.9205112318524 398.80577959597406 575.1380278513323
40
266.61489689254586 373.6181241012189 480.85264691589254
252.3833652659434 365.510722328953 480.0282056485284
248.0526829508995 360.8393747689011 472.98487055036276
257.646355468792 350.1406503662988 473.5112720314399
252.46661382694776 349.7766599679753 472.19379283960546
261.14903980076684 349.30194350983317 462.19901361093446
272.8764349440006 346.14392556753603 469.5305928705114
269.6150551618855 353.508813241171 460.57242710317297
255.98933500580154 349.5107628146388 454.2981496724843
257.0472910673921 344.30353477581093 467.71169091482125
261.21250890460067 350.05721633881745 458.3531967663339
246.13099859030672 329.9044010205607 456.0333568318926
247.77301475481403 351.9306456287728 460.5156728287379
258.62078270743496 328.8486353963409 466.78794746103455
246.3675827678288 329.3111257574801 457.59310949020795
250.89822859023076 349.7025073229761 467.6805883644809
249.55551972018847 359.2469678624441 472.4201234839298
258.2074776908008 363.68805313179405 469.339621809297
251.54618179428314 356.1771281691209 467.20585946547374
249.81314109204666 356.2825845258831 471.93572659895455
250.13928805708326 358.3775417600893 471.8117894129333
252.08056768441278 356.00730682325434 464.6158569328968
234.27446320869586 345.1473234083192 482.54319382154665
228.7204185424734 365.7349411574311 479.258642087515
223.57146010277017 361.87698566524875 485.05629277441614
228.85639724284442 357.5440074276255 473.08718665939745
222.69973611538234 367.7318750188122 486.9292131413547
229.00598605320926 358.82119388749464 492.3924924263918
238.80554187256348 371.2448267569424 488.8957432353142
233.13391829303706 363.1123392918709 462.7262429376658
249.132327780604 373.2154115319605 477.9368557146938
246.8191043688569 359.6703025582616 467.965210390255
263.98627233219605 352.6569706862071 464.22291524857485
266.6029666947468 334.8349940159254 476.3790488979548
263.1772155352334 321.4456971225349 462.0044277448144
253.38831667388908 334.1699008546702 468.75861901301255
255.38964030972022 350.2218224752364 466.93833250933227
244.96979690216065 343.31389337675375 459.1417608945452
250.36499647884872 350.037759824305 452.90056537301297
239.8181073891172 351.04638437742364 465.9101603485231
