1000
322.22787904704063 270.97801641322184 69.13614542526352
313.5315808578765 261.9456283210044 66.58026307515661
322.87964953085907 268.6582784402771 67.32175320429667
320.10816683559636 264.23824678291487 58.61352312310123
319.0640209399768 269.46829085609374 49.22769006474976
312.91056988530363 268.09311286360486 41.729971235727675
310.63339056820973 260.92776917702673 50.137976476874215
316.5666597147194 261.7198251073599 46.98684892069496
326.53953481607067 263.6388102256552 40.1522178390419
330.65743141029014 273.5598765409752 48.334379387198005
330.6349825085913 282.39616250941754 45.93557819866968
335.30648563626704 285.44188312685486 51.07232188987739
344.5099591266617 295.1799388209173 49.19513445239003
339.65767160694406 290.26275708425385 42.373891262409934
334.55556521105996 282.13450826115206 41.43479643573518
326.9134450169474 290.45560561101667 34.460109548960574
332.1878554299324 299.99732652647543 25.963574791386836
327.00849290130503 299.4149317536737 22.557641957516456
335.9397133024752 308.54673271267126 22.89805554827543
341.1470132758532 316.1338517687552 16.783203485432285
343.9594811289195 306.76531062500135 23.911934807841448
344.80827275589013 306.8864708267251 21.073045341310845
336.83867427387696 299.4210351329294 24.252461220878573
346.62217070241815 290.5492864135498 17.220049118240013
354.39905265185837 284.03160330914903 16.8402113682997
354.2017228851728 276.64936963538366 24.66982018112938
346.77602900876883 286.6033010988178 34.555749355253745
351.16461286401943 283.56255972746936 34.61173398790666
354.25785227057986 276.9679725864176 24.759844255377885
351.4899198012134 279.61743927075315 33.17438304010252
356.0905065904239 280.38839548094944 26.345597240696968
352.45244347913075 285.5886226177317 31.66574647397157
358.22112616427927 292.6665376913246 39.55754971612532
350.9065295528124 291.8988573709444 44.81491447080027
353.10862350215893 288.84538270630054 45.44355899614994
358.86352402124436 295.4245090942505 40.459802438563585
367.3412934806788 289.23744794968314 36.659118441981775
371.52543205588614 298.0506883147505 28.332003480053245
364.84455353913404 308.0061606105292 19.32224213393686
366.17812841453775 312.87384716911026 23.419021836497667
359.14408108510247 312.9094160116278 15.012101140109452
362.03153868531655 308.9629520901574 18.737849040483166
366.5468867850595 317.13584197561437 13.51780443037168
358.8139305464986 320.0198056105333 4.733384213042115
356.41459252799643 315.83442161662794 9.674015355555307
350.50972573931955 307.0830938631839 4.427489778723203
356.58926188249353 301.0883587830862 -3.1057100828206323
365.57902796374077 293.743682341715 -1.613991195942948
357.48144364756854 302.9915717707999 -10.448609812019171
363.5414464153331 298.4632435169515 -11.3908466767379
372.02787468167736 298.24056316789085 -18.46634310544482
377.5953735417361 299.9533428626377 -21.590179481240344
371.1558905340355 291.40345368590687 -25.47173034707797
372.73308801456193 296.4176954958727 -27.43598179109315
365.99256432262854 302.7229354221123 -28.090260034034372
368.21404580948087 298.9930265642681 -24.338637893945172
358.65969233132665 295.62110529711964 -29.005678598627842
366.3415229054387 287.41899957521935 -20.459574973679587
374.47564599520683 280.38445201884497 -30.348261030286572
375.0566919480033 290.0242208311467 -26.839864705784265
366.7966841523268 291.2422342584765 -18.854554815746653
367.30333175486436 296.5277977591907 -22.361443787660114
358.42598392812096 296.9907097849623 -18.980708874639628
354.68705386262275 296.3065134896905 -23.78541927274675
360.35990578271515 292.5651645717658 -27.700710511646378
352.44896593975284 287.68265548441735 -23.783110512417277
346.74544094818316 279.8956524338975 -26.253617623935302
346.0966304946422 272.87924568113226 -33.38292352902007
348.8739404447726 265.8252704869976 -35.92818067277534
354.2583915593841 265.7782021034905 -32.113802391819085
357.0926474510696 275.37567593937507 -29.68851194801937
366.4607040302814 283.08239582090937 -20.612219315585868
363.5779011796947 287.44905250030337 -23.820087564937857
365.5745236401571 296.4271288575592 -28.204419525588627
356.1082724888455 294.48823389093167 -26.114392844908398
362.6222150361953 292.8339763425249 -16.145684101103086
364.4687860399333 290.2866461219871 -17.587357111295503
366.95248454855926 295.4783879573084 -20.32018400864602
358.3193163422591 293.286145732886 -27.415432338737162
352.31435948516247 294.35700459945434 -26.976309360823787
345.3465574162249 298.06433867829776 -26.583152908928692
339.8865029047863 292.0984028488028 -28.408058447060306
348.5758481083879 297.39306594267634 -24.81549894690647
341.19076668887504 296.8294835306083 -22.403082109254886
342.46220343111327 299.2236905266802 -17.797407811371638
340.1527318783016 303.4933380058397 -18.139523793781017
344.2074698094088 307.84159514357555 -14.656304650805684
341.96687177730576 312.12511257285894 -10.1189099063503
346.77417093892933 305.06350688817616 -17.663318850836472
344.86920128810965 299.6965561317628 -15.611955910396762
346.7904940475223 293.013605937556 -14.0053096107594
350.2803068107739 284.8060855488015 -15.682412909490289
352.1093609690806 286.8960541158131 -8.168979325923134
359.0957126067605 296.22415343491093 -4.721697602117001
352.9128006419767 305.23804436704916 -4.736996428498381
348.21075150042145 297.51034019096437 -12.357363483653877
348.72164824856424 306.0716032951483 -10.75362254058056
348.1835830841804 313.9786792216471 -5.238712467064014
340.966507099042 313.47392459379626 -6.52484660049239
342.11285166491695 310.82483699548146 -8.343276301147803
337.0629434711392 306.3702004299477 -6.014715361190345
331.33581922452646 308.0722211292704 -0.9322763336495123
322.019471695848 305.2942792538407 8.939946520726263
312.22042747412354 301.26191658938626 7.516713950956815
306.7415725548802 294.8712971222678 17.184267469050305
297.3931381091767 299.541975471401 11.26255164344062
293.0087746511501 307.9737803795175 17.601280210570778
293.3525013347085 298.6296960850667 14.07005952979317
296.4776476864399 300.38282974639617 14.693663114709407
300.1752156822825 290.64481664035003 8.98216226032283
309.9371783220182 281.7590740072306 3.0247371454960508
308.3750603313258 276.2680249971487 8.729300732590978
317.8211725475085 270.8680800883647 11.287826220284975
315.8533144937846 264.2516507346093 18.804155882211955
318.77585288907636 262.5917142093538 8.885631124717701
317.91293234768506 255.08937367806485 17.300975198959332
318.2949788018903 247.7577276744816 16.82484313550265
312.43364234241693 253.42469987479507 26.175050352573734
317.29184519292454 259.2800683417723 33.498830218718005
325.9745783071454 259.0387035130327 24.496974341760563
317.59189055296434 258.0044208766347 29.07739806211314
311.01981431768036 253.01900949940298 32.17977278787862
317.5198379391551 251.00756099298582 34.54707950681861
321.92031988906933 251.04539426546782 41.06472319337977
329.38053073101935 249.52068523534982 43.535529433452744
323.8530227886867 250.16331793825367 51.26282867712334
329.56570176034967 244.35869289730036 46.96928564373123
329.6978249734491 235.9283863384176 49.1008655307256
334.73945700191604 234.31364342939494 48.15031994313427
341.5705764205324 225.2775627485633 48.339793753947184
348.98630530790285 223.75906481927032 48.05902896687657
352.2887456929008 218.9359112691313 53.90403558028751
361.14362732603723 224.62482968340674 51.759791983949256
364.1458564713854 223.30299811185907 54.99964900241515
358.8362798231645 213.59072298785878 60.15128825461896
354.5071224349692 216.5647824008032 61.74747251399102
348.68771497730603 225.25393930042114 62.20176091181899
356.7595631193761 216.83802184018901 68.39838808222085
358.70512945514446 221.92573218643096 64.64721931972572
348.9744700779797 227.43186068141802 68.97137726299198
358.4131254133341 234.28678966720432 70.7565117488407
363.3569603441981 233.7098283875757 73.64838383471344
371.6792733820882 231.28277605078551 67.30838281201932
373.90584128274696 221.89500158433225 74.67494025831964
377.9553140377216 214.66665114952684 76.2740911084397
374.03992919451156 207.41313806941645 82.54130991024317
374.80895479360197 217.4056890460311 91.90626951175767
369.4015961424333 218.77405899264022 91.02776001852948
375.5388212741626 214.38983438816268 81.17870817984371
369.86801482822256 211.70381726858446 90.91594708226323
375.7566582039213 208.06439232079876 98.3866150836226
380.03717171243005 217.18080814276587 108.11172709164737
387.9977734441273 207.38142753392054 115.03842305127438
380.49277718261806 216.461856790714 118.84604818167323
382.3618204255041 212.26092131523515 128.67726539626938
387.541439337012 214.48386023297257 122.85344497356175
397.1275763503429 215.17047919404 116.24286565122384
388.39227663974276 225.0862526622574 121.75840326765778
387.66970789286387 234.13600599330414 130.6303415201603
397.2176199088523 239.44867628277797 127.2151742291428
401.797891533449 239.62514773668627 119.65866202264475
392.50889265076603 229.90810244549775 126.48570820790687
389.58403123241925 221.04951357841418 127.15427131636974
382.9007005033474 229.0003678629874 134.12376910864293
381.2175041158291 223.6473975006838 139.51782569721675
374.42534092782614 217.17601714329612 143.14850998299963
364.4977485277519 207.2921281418476 148.35915893301248
358.5183398511673 213.83213269534366 148.6760218850619
363.2223464940851 216.32274239328447 145.7364040250278
364.3532617551314 207.34577396173225 145.97168098541485
357.28321278484344 210.87094181471545 154.31433981733346
356.24240777696525 204.41037130970415 155.59721762505214
364.5495801850386 209.60884125487516 159.95987981352022
356.54402076314375 199.77667813864343 165.0583245146155
348.35310956792347 197.67956216342023 167.81864856557456
344.6652665991082 190.76289027092054 159.18556801728693
337.15953581038315 184.10920332639898 151.80886342556445
335.96153837831054 190.0617536259219 143.41073790075166
336.2471877827043 190.84859684717705 150.54536678161884
344.0411293319112 194.80672701567948 145.10195821952416
339.98257562982053 192.98179066312494 143.13739719616098
330.8520048277073 189.73108114619086 141.3564408090379
339.4967508096272 186.29616177350997 132.95969266137672
330.5871330219029 182.814055079992 135.9277420317985
330.0942283724633 182.9978927236727 136.13620646326254
323.68986552075114 183.466607334291 128.06669930152663
315.9039463693978 173.8334057055568 129.87125707007206
307.2731105462997 167.88892170042445 127.40167572441426
304.49973790072437 161.00307720779935 135.30645523418738
303.80267979210015 163.63375036213594 129.79385954843713
309.6066454496241 165.35830917700224 130.81854819497246
319.5360058493397 171.84259198897132 139.2896957334447
328.85621402464216 172.48270756206492 129.52293610997202
321.2794904250664 169.57038091122268 120.08992383054748
315.02812453607146 159.84138921038843 115.76718944385476
324.6317744659769 168.13523199508035 108.86601045010157
318.28066468700376 175.03709915085858 116.16854831761219
316.204291449457 169.44621000922783 112.19960606484808
323.09421301788313 160.2968525807832 120.93674615759588
332.0838651595621 164.3009323759908 117.365993447926
328.0298155483908 157.1586547234076 107.51198350908503
319.41162169501024 160.26138935985313 104.54650310378366
317.576992019952 152.6188554644514 107.83301972538608
320.340534381746 146.83610765843474 112.51844823092802
327.40616728217964 144.23328722845554 121.73962608218022
336.7427155194098 135.3171074959057 120.2257692415704
337.68238231142067 126.28852034229122 128.63720748316854
333.18019984795745 118.93174186139562 128.6419386126658
326.87469395811246 118.86425521155442 136.62147869521274
331.60697935375464 124.01141401848967 131.45239530925295
330.6994030003431 128.32607698851928 136.94336944840052
331.6297203764577 128.24580798857747 137.9011339562145
332.89928449389924 130.3103638412621 134.91153489154732
330.76625872214174 127.69619064710079 136.62475547929333
338.64796253192014 136.4515550483661 128.22436790166785
343.74522170067377 126.72401576170539 119.77592769951885
339.7166860589495 118.34807153166537 124.84451750189979
340.2796615603326 115.70608193692556 125.25722296149121
349.51613770087664 121.6734908795752 132.35636806965758
348.20340488725816 114.54256111056195 126.8062358935875
357.90737291629495 121.20704582112145 126.6895229666421
367.59418960679375 117.7597914772974 134.64390346971047
374.30868716853996 118.48936358753198 138.14069267553117
367.4103713756058 118.93497937107281 143.30265359144494
361.635706193775 124.31878181830703 150.9953260651174
356.7689244341384 130.2108080927094 159.51133593630183
364.78352527410027 135.00457284339925 161.4635095235574
361.6733601583141 130.72163157164897 154.31049439423913
371.4337999918422 139.13110410282 160.47498277630632
367.86604385529057 132.2523104971213 169.23649618979422
377.74128169692045 123.49682566743533 176.20318730357695
381.5030905713844 131.21456340749225 174.86612995630202
379.00682577188087 140.21168743011802 171.39153415401046
380.35645424644036 149.33700043956145 171.77794521060358
381.63848698100855 142.37324142633247 178.22972900089064
388.81416656511266 150.58250099293852 168.41876063826976
384.5890982506501 142.9297954889014 173.30810598482978
392.1589004573676 142.02094011981643 168.1479053507848
390.11288984574225 149.98343333178585 172.4189261602096
384.54440610318966 148.4389663811881 179.0327750578458
381.98392064373365 147.9636384579914 178.10825758455732
379.652082696932 154.28293745586998 168.70663037773977
388.91555707506177 161.6581676872793 161.5549277468816
396.3392147307256 155.52962255936143 152.58329974885558
399.08759100616146 162.58763391249542 158.82786253336963
405.74452674338386 155.78691444178344 161.40114543931205
408.91874088580533 145.9618482076259 158.63406035031218
403.436415314286 143.47118453176378 149.3610358531099
409.09068549825486 149.98234569635267 143.77489196373358
403.21365731374374 155.6675105823438 136.84112595124097
412.36205720667664 150.85345416936468 127.58072706907254
417.91307309109203 153.27813653600066 119.18405101056467
421.36540662724065 162.33391178615457 116.48257506098491
426.20648370497616 166.92418660491376 114.99809229392406
433.7142206252024 165.55615207289068 115.05487211731071
424.2896361923394 171.77256348849392 106.12102305060186
431.938012561055 179.57479727044893 114.25076394670799
424.6960273069858 173.998677573548 123.45024781571627
417.11216840846976 182.30326703628828 117.58387377569156
409.36696098665857 185.31688631916626 115.93724609862485
411.8931457197619 180.0100411365409 115.16390741815826
413.34381624428033 183.4675412151583 122.13979668862734
412.03991630008403 185.94729526967885 131.39769222456707
411.7341878530846 193.30128791980295 135.55519235953625
404.8160391225829 203.22855886386589 141.43329940814874
398.85383662132267 208.56738226053113 145.80009429268955
399.51579462486137 206.62736564414064 144.82606889886262
392.56425290449744 212.4721830091872 144.34480548401464
385.24373550983836 216.22207873574757 148.93730124520874
380.4301291122171 210.53216480990477 140.96524302305352
379.79229508793026 201.9015441814448 132.18795683385355
381.89734852065595 211.13210491550782 128.4162264716835
374.83777750635016 208.95895304147732 125.04722849982979
375.1688302046681 214.13141798046945 122.71202114628082
368.2792806938751 212.80484089404592 129.11261783507277
373.1930564001585 215.74026126571277 125.61485287254122
376.73519591063257 224.55838307444193 116.96498076164036
379.50128510502884 224.00663599819106 117.24868778435344
386.9131936637862 218.91803819087596 110.85858396601752
392.0525039600916 225.72001088631177 120.0211088012173
395.96082807413086 226.62805955453655 125.88579616296215
403.6152633670709 226.59431361599297 116.64249146353383
411.7758784182548 218.58071555305452 118.41907028757817
418.6325555918156 210.46646301689785 122.76149873590354
426.03684472894736 200.7491547453207 117.74855264871324
416.350055471025 191.72142947922555 113.83082110454039
408.41874539954097 198.81382882364576 122.18547806756025
412.73560663510585 195.1198927279128 115.99310370925701
406.2861323996216 188.46779197578024 120.86429024073045
408.82874756032527 183.9240475250273 115.07249269329455
417.45490148747626 191.7489731109034 117.49268931873134
411.40466991534873 189.91362779932226 122.81128092423864
403.9559235287035 198.6391284284314 121.1897279277668
407.86636112504056 197.37023601473788 130.55561251592374
402.1542207297381 195.28679289140302 126.9325644916818
394.11302199250076 191.50017632417905 136.06230157946018
385.9085961034367 194.22362383610482 126.21703984151418
377.8746869141042 187.9281370561788 129.1061991814491
369.2699103084805 179.36919785121088 119.41307968833073
369.3638572663339 189.112844988944 124.307840177146
359.74938459072143 179.80586162702352 124.10342053156229
361.1393534399023 170.69451540084853 122.1318009948285
362.2165505518769 178.95013223672794 120.44837636814455
355.81268810284075 174.58794592936312 128.35504610509878
361.3415748222002 167.43566484228495 123.27375347380837
371.1750355514179 161.02835281513205 132.0962910065373
372.38481605795846 168.59818939740717 127.62830858359992
371.1118084627876 174.7986277635831 122.95604836211616
373.2189208761911 181.76931821690576 129.36015768240046
372.6817092206026 178.6977269735931 134.3110004613801
382.5259193510029 185.4393405243565 139.0454234729841
379.85962340254326 183.5972170763947 137.1652918969509
375.5520008659991 192.10752926964955 134.6410609252854
384.84103653045133 185.0233790262117 131.6979200036305
377.5320284386792 177.96293688035453 125.7034212953769
372.49046997075385 169.09311254902397 132.60931412320298
368.3927314321759 164.428274893271 131.8460141595673
371.22853218857546 159.95526557841674 125.23264023379028
376.2101430370636 154.84646574648403 124.38507264219857
383.91429714622376 151.8713518940929 130.99577279782335
393.6919444376033 148.60151315338456 139.2545439559831
402.58631959318825 147.67544441486194 144.2401965776973
392.84458250322734 148.3563710161464 139.9835469167396
391.87376547675456 141.5763959593588 131.5102585201243
386.9270269694854 148.9792333267395 134.81546224940612
377.6896389183138 141.20535122620382 144.38444658270848
374.6620353522087 150.3568250053579 146.09127194541097
369.28904894528085 143.49011367804005 153.8977232971184
362.0489667077404 152.5049264061104 158.98372986795363
356.7802345982267 159.379753347143 152.64071483446503
351.6554289360337 162.27573715412112 150.13670822094548
354.7715306374408 157.64539635615003 153.74773760637106
346.66423576035896 149.53409846023132 152.65350318438016
349.42584170162513 141.0348879926116 151.77268749162943
349.68377030644535 150.446224297211 155.81932442107396
357.29666138725105 154.51422194810962 152.53806972492183
362.7413960805866 150.86514171189987 151.39112314659752
370.57044855464466 159.10982275886056 142.83210791252404
360.62509312789024 165.46317744597872 133.61778011515935
363.8132207052565 174.7104547652282 134.91861898482873
371.4217730187126 176.91940501267771 139.82426580366356
371.474618864501 182.44279030383336 137.10030190967217
361.9079177625096 175.58417505396255 139.59902342763232
359.2617915894379 173.0815623539304 141.22942197369684
362.9830445119912 167.30593381033674 147.58562439815046
356.1463241781418 175.1891646505626 137.8269098964081
349.92894895150624 175.45244738072086 128.06342352591534
349.4969979835798 180.209189260732 119.03999765047904
350.8675978657583 170.90792651555273 118.70738886949935
341.93800514742514 163.44072242087674 124.95275479224537
342.43084269901567 168.51685835940282 123.5593583899931
346.86880712201463 175.65821044685708 117.38497551861674
336.988312812208 167.93940329415747 113.32852263864908
345.13307663027933 176.31632575549335 116.03367276456027
347.48155049507886 172.08098351314706 117.08184961248504
350.9039601895442 171.01446428597828 117.92139065673008
349.12523890406624 164.10395362677943 125.83511078084709
347.70829860513476 164.29204821567518 122.29335705233069
339.10435615202715 162.76341574740474 131.30426004275276
335.0193089425112 165.42335712702416 124.0238796473318
334.9705579927053 162.9231431577179 126.61543458341552
339.25572421891906 161.13644725694368 127.92549414413563
341.76407794603244 151.42934461226284 129.95576501465294
348.5772337948636 153.3195433201497 131.19679219340296
348.36913323385807 162.04036446790434 130.53715690613245
353.6440896715277 158.67943183084233 125.34047472021051
360.82479385297887 167.26493271437255 125.58027562332414
364.6711247971283 168.3511897380089 128.2720511083467
357.3563765303741 164.44413127418926 127.47415533815507
360.87633765200553 160.9976874553252 121.69512912657403
363.95779921102815 161.30994561666512 114.91125021123257
361.68524329456693 152.6337404009703 111.6316260017969
353.686140363792 149.36036927558126 109.11199381798332
361.8590218635412 158.1060185701091 115.36791185958248
362.77986068426617 166.07835049153402 112.81599266340405
370.4463000716065 171.84294497408607 109.3951382459638
375.9349047516452 175.98993396047922 103.48935279186342
369.6956265822218 184.91997521803177 110.52866851586646
379.69221356247186 193.6424129607441 110.18283300610385
381.2193248363945 190.75341707906918 102.32617065540192
383.6027560951099 193.22727420048062 98.96761434920563
389.69605055501114 191.78989241565756 95.58103072820924
383.0299427671377 200.12210306525844 88.31865745838446
388.4584187638309 192.56411460401657 91.93819799460596
389.8733241741554 184.40030838139563 94.25617577724269
398.8551041166843 177.37098208122245 103.99604686801939
396.13045099916127 175.08891407899037 95.22867931403827
391.6101002427196 166.63087512681082 97.8679168179198
386.77867370036427 171.13542792513556 104.64868355736353
388.395299624569 178.610866989267 102.70578442718931
395.1364492458091 179.36777101881523 111.85863031355731
403.0791840079274 175.57623085588597 108.05612834793301
400.40905222417257 180.35352187214897 100.2559731021201
393.2182572106499 187.34282792661216 107.32734540122391
383.3452206325143 196.75506488924395 114.09200958156927
376.6423237595761 204.13438980962206 122.43519164586533
375.06509110356393 201.07056419907684 120.68333135904096
369.9977024250782 205.79071378023573 126.09546250250197
367.4287779504342 213.52458087375115 132.15526806302896
371.3655131135192 215.04551344103177 125.17821791842782
362.0797915619443 207.72976495572019 130.03226459756453
355.83380360630264 212.1128088605297 130.11647434210576
347.26994748739406 203.74194138124668 129.77599478315864
347.75548717123576 208.10319859453662 125.12895698963872
355.9867265158029 217.2010014584821 117.48869475743133
358.0647754418116 224.86645201457898 124.16648555635639
350.64851179592875 221.32785955065947 119.74232170989211
342.83539499247513 216.09287160063897 109.80150682978046
352.2199340861749 216.02762523489366 111.33138020470552
346.0987398934427 217.56660403002567 101.51221233155731
350.1850257921678 211.1839224324769 100.61779913136232
344.2891658593489 216.82559205763582 100.9370537227602
343.5374817650704 209.97944347019913 105.07859285343899
333.9072947287975 210.13856441084693 106.64924185363516
325.5249090221037 217.67250458729424 115.20508937073734
331.99325241992256 223.76234718185526 110.66157312129762
328.67683921312397 220.38504106990504 101.81772882216654
329.4021984577251 213.19959670421304 101.54720846021661
329.20144234719345 213.418924070753 109.09232553663388
319.7580422340162 211.27598691923103 101.48641696115892
314.14590759648206 206.91115630050177 98.812954142871
306.9524776240483 216.64890388956564 95.49938563028743
308.2753529599205 218.4865463576891 91.6575139899899
298.7922076059172 214.99931861572833 88.31000139131325
306.1255129845759 218.98714237981596 88.61563870121523
310.68246667632957 220.83582533775115 83.88605535503697
308.1632523688216 225.64377417713848 76.02112689928855
306.1728668747445 223.44926006250563 83.7357793284787
308.85352858118137 217.30451615618225 86.74740172709102
301.0294668692401 215.30010042048085 85.72705420789627
308.0625978136873 205.61680540175536 79.72546844837805
314.8561166770782 208.7980079435278 76.19750915214405
316.83507644384076 204.60970509998975 66.7749398122938
324.8138966380244 200.7736248159319 69.86223953804267
326.36833581757463 203.82943781310232 65.67972898621193
331.7702307477302 207.73159784726622 74.14482261136172
327.6885336627337 202.4070466072389 75.43881463296178
328.8949772912374 200.0999247854588 81.89634079137907
325.7667052039997 191.44909327595357 80.68627302905819
316.7674436896785 197.57159298909684 76.78164726892108
323.77797588139816 187.82604011353556 83.3674124199582
328.7893352933872 180.85422400051456 79.41672908749236
318.9205226200072 187.9264529548328 71.11148209645985
325.4870552996288 184.44685467567885 62.01407143119523
319.76596386256085 175.56470190225508 52.31754387292652
329.12918545827307 167.25295863675117 57.71845608724774
324.6791305867876 163.57164365675612 58.951518022898014
325.4496742854873 166.8981194606035 52.62168134398941
316.5516089091261 158.00491839668206 53.505382862591674
308.75394543462846 162.77528348673422 59.79826673893164
308.2609714861221 155.46025445812094 66.59667170346589
298.47586861358053 162.906163920171 64.65219466789601
290.9586327202571 156.79590544383504 58.6859916519458
286.91819693837175 163.61822477511848 51.01255887732338
280.2305060805279 157.53698620361558 59.84004023502145
273.4211037372723 162.6692595452681 60.72313268320643
273.42841546952616 155.46891472308573 55.423812402889084
276.0105918172108 162.23174089519793 45.46440066676269
270.3244890211531 157.16127420969494 45.40835142237124
271.363413564435 161.98083291413047 36.63487091408079
278.61317176692415 166.57096743070983 43.31600797887496
283.51741326585346 169.39655980988735 35.222675634121174
273.5428967574069 163.92233709083223 44.73329035896456
270.8708831824165 172.15421598024847 46.59640374875408
275.2290596926628 167.9561992011083 54.3439227087063
282.50104326830615 168.51863922040735 47.700478653155365
277.494565098688 178.31778233397347 46.25031374188112
269.40867297259547 175.07268217126062 50.8209333612535
275.3932042393148 180.94891223884073 45.374328572050565
281.5478780131147 190.09918180401473 49.99740227320501
276.60976602581866 190.17973609759056 51.886242995363006
274.12116141810156 193.33967191146576 44.352768685589325
275.6185635822562 186.5223875014973 42.982369104936126
268.97199591801694 194.5453656975358 42.864458859920205
264.96703538515845 201.06728399450685 45.878971356082154
263.2307375323154 198.67516056024078 39.4000418103834
271.3849934732665 208.11487134592724 32.77729873628655
272.83643636380447 217.21391298337835 35.02619465815971
276.89725255960997 218.71388072839287 28.63286100599459
281.456225242873 210.70231955552677 34.39793201837464
289.12704090120377 210.80303790299303 30.883151356474993
294.66030431672505 202.25239705614968 38.106822114321005
295.5382535926798 200.70971488436777 31.564378061288817
291.3004453639068 204.89931022759188 36.64193989715103
292.6897786388376 200.7035975867235 42.43518050486993
289.57304393463096 205.4252181586595 35.50253167575995
281.984549008326 214.2687431712707 30.449646635838555
273.7424503222086 219.74065366900987 37.81504912940246
272.1383739757289 227.97205476501824 29.912177416162468
278.7280245035455 219.47479257241832 33.56024917142805
286.5347049160119 224.28322015456052 31.876272999334468
294.79432932768515 215.81973635533336 26.49262484212081
297.3436475075836 220.18671143547772 33.748973400444726
297.1543037038095 211.27186692885616 23.81520516790923
300.1272380699775 211.55757498596964 21.48559066922241
308.7332117077425 217.24854874931512 16.17116633088626
311.6924059235536 209.6659024722493 9.957292832675805
320.79257350536557 211.4349193007656 17.401325006872316
323.43873158863636 204.36516236426098 14.962294108618345
331.361785897999 199.19914148183958 17.99557006351336
337.4762093175886 191.8424955901436 19.949947506104042
334.13458675938404 183.09122492508118 15.147024701878124
333.7126504523849 176.12995687318218 5.93537440369829
329.1342726316496 176.4233280967988 3.27879984768211
319.20335984168474 166.8438828131392 6.5682810258696644
312.0570145165256 171.63482115138123 -2.5031004782845674
313.8765440780355 168.41564574931496 -12.474478134207738
309.0477368290468 158.59602006153023 -20.71185444527008
313.85542716626173 155.95932043125154 -19.875868026208856
308.1997754108221 153.19591080794424 -26.344189005144948
312.6105898018229 155.06846519886625 -19.685548180309084
312.2402793035684 162.27736066778405 -19.620038192489236
303.10965155843365 154.38443561743023 -25.637582645985802
295.87483012800607 153.45479833538812 -19.979564959161568
299.24730424253914 147.80234850010896 -13.38687590544643
295.99585072149705 145.5125185799301 -22.916045445213296
289.6534518080459 146.3985990927891 -26.143130578728375
291.46395385890554 140.85166067075053 -17.750089434704215
296.11556881074983 146.7279806802745 -19.810146056554228
303.4191489365868 156.21601531522364 -26.063404758096425
298.11398555323245 151.92823406314417 -24.226864154203327
307.40117692421455 144.4330225127744 -26.790738639822713
307.34726596305774 149.2150245553351 -27.209613975601165
312.48441678456464 158.71356463238345 -35.75095213034529
306.6693082264559 153.25091420441416 -29.69353194097612
310.49275892314535 158.60951706469294 -25.22076436403782
301.00143310787934 151.7145557010856 -15.717322306812013
302.077178984162 145.05565988539126 -17.814854474387886
309.7858473215931 145.9642531513647 -20.573396803618785
303.388635628651 151.91150280572953 -23.30616398851896
301.8050620705733 160.12663887586845 -25.56391131708243
311.38366778388365 153.44967373686677 -21.06759830116305
309.22387500646767 147.52245983424044 -23.175647580114386
305.13526384938297 151.64261526307425 -18.718559411433464
313.4880319019832 155.19862301859962 -9.013522770851694
308.39239419616445 162.14623807746327 -7.329272354461306
300.702323410299 163.02240762382962 -16.947388211956266
307.7492008084565 172.5510344150225 -20.758096287323774
304.6418012977092 173.29118585257984 -23.504373631804327
296.43259310250613 183.1737646601012 -29.193642841444273
301.62314652620347 180.06958517725565 -21.26607961011208
304.5304727538953 177.70519872685944 -26.13139549495166
309.7357111230186 167.71475727053897 -25.662049139771188
315.93622121883766 171.91091493231107 -27.16984983187562
323.8369413417171 180.87685914889386 -18.409026898856947
315.77860559925233 174.55338763402494 -26.487083455059036
312.3935675133191 180.34563562303828 -32.48432446670838
302.88676362550643 188.88630773594116 -23.48436976652966
294.13365111860963 189.3634336979871 -20.82920605612108
303.0458411388255 185.86138429017257 -12.24741625233035
311.1236913342792 179.55673418539118 -17.01483031755001
317.75533297491694 176.3572006431093 -18.583628114279296
318.84160983077976 173.84632569286921 -13.772967673635236
326.3750328641396 165.0883835346078 -10.841658264800536
323.7027012334666 168.12402631993078 -15.32863471769916
325.08871516901394 177.18521282407576 -8.282061361528978
320.3646176775974 183.0846841285006 -10.715185437930764
320.87799052608887 189.21747402582682 -1.640023430014244
314.07383764477925 185.33018656282385 6.221894629016509
308.4331026931787 194.78890759640086 8.928866150602676
309.7678741485837 192.9568188134911 17.319605063974628
313.4981301179213 187.20433549813532 8.794710225493162
313.4009249500762 181.38663472880202 17.718993974571728
319.9809238180547 174.50846713607743 13.44577781847882
319.5853068039955 168.0450669379339 4.369446888321843
312.5700428265172 175.5477408822609 0.5871553879217593
309.13454553302284 178.83913149413536 8.402594378588686
304.18163488722087 182.31882760657206 3.5853833196730722
313.286906452606 174.12979355471072 3.4610107985837057
305.8588547727644 175.7767832289942 -2.8724482652683614
314.8963459626718 175.1905043949241 -1.9426512995135625
307.74072711799374 177.94584030850226 -2.6395749526090384
305.7733163055796 174.36355374209046 5.505825878581458
297.4942758783142 165.5929721602269 12.795216045576945
306.9019595521983 158.58342896184658 20.68131617534835
305.8210234188642 149.04579226446694 15.650433548647873
313.1691293685987 146.0951671976833 11.110027099407104
311.87622281361314 151.27961095089265 2.208177739719469
317.210901513155 147.02543956868962 10.501829614118318
325.99187297776825 137.65995170019877 5.353394089835001
327.35350088519226 139.39190323065029 10.478086666545385
330.7063175979014 142.14263255538 13.196038934293533
331.99537129553255 139.77496472110485 13.664953225349455
331.33552565186193 148.21111832174367 7.249317149147696
340.4475456666931 139.0836983391318 7.653748024338667
331.1763520667243 142.38210939645617 14.668405557443334
331.2740167866695 135.00197117694387 9.30801529885569
330.4114252014945 139.594014996716 12.603053657596565
334.36027501950576 133.7244319711133 16.913887519513846
343.14318796996025 142.85042469794521 25.82209478585036
333.915487396303 145.94339690930525 32.93765016900207
335.91941282329134 140.73950250832854 28.959987794268173
338.85311901597623 132.29004726160818 32.92344064390509
340.5085267229771 129.71741862756608 37.54490047355382
346.8943442590774 135.72181966286863 44.01240573906107
349.5030861287902 139.2283360971935 36.671589765529845
345.68851202373736 145.6648580628238 40.814898499896955
351.22035519900516 139.01380032598615 33.43858666350074
344.0084006597637 138.09040113227798 41.37563547183047
353.2212525334202 133.26855784754056 34.59896613593682
355.29640891583205 123.8020379692658 27.88015050281365
345.39965075101924 126.54574081316458 27.858498120471005
335.4303293023809 134.19915853851825 29.470430037433708
340.5234539131818 134.12255399889358 22.98860450396634
348.79665332728837 125.80818329672132 26.102431656648573
355.0640759988029 135.51625335649442 24.035995510169183
347.64670039271164 129.8613868394729 33.19456318981031
346.7465934460466 121.23285267489133 27.108362279155955
349.60553673070063 129.48619100768255 22.4832593788878
356.9852683190508 132.84001500267985 14.317443534263717
357.9432196743023 131.51451641651593 11.874236345441517
353.30681625374797 140.18204404929932 8.316181041496012
355.53771032286073 140.1198741575547 10.850199570700868
359.006255940803 130.37589955677274 11.110364851747097
364.16341008308535 127.07894817849163 8.238202319213606
358.3878612934524 126.71687851373406 7.979721789780514
364.6249191414664 132.4429692200025 -1.7953316659214025
367.72694934424294 139.8852246768443 7.255034202645314
370.96836546736097 130.4378510382133 12.878760892028925
378.54438972036587 130.48806349672827 5.031045624397883
384.14937875049935 128.81941252769133 3.581099256240439
376.4271206181014 123.64041055128526 12.161408550353784
369.86269584477674 120.40038546347346 17.547359296184418
360.9919224453048 130.16898041596545 8.077185309574997
368.07274047795033 127.27020301076216 3.652415790097061
370.69877174645376 123.70438364237756 5.94213899225057
370.2515725117648 122.45179620615656 11.422171470110051
372.0846832986451 132.37491454000957 18.36402436137123
381.67153543267045 132.4751458149636 19.974103031297314
389.9323818995797 135.15284693144335 18.66939060433676
397.3382657745382 142.36143547124192 28.211858493187535
403.26994741844965 142.57843679545402 22.42500623503644
405.34595836273576 146.1964355795351 16.460140439644498
411.96003834931486 151.6602217255261 23.349115602077617
413.70766873994467 151.4910863234398 29.94975579980278
407.4762007958591 158.41679770466538 26.7875421024726
400.8842290812786 150.1694114754755 27.936071247478726
407.635490255815 140.83568523318255 33.45002432973413
402.61273039623677 133.39608835654647 25.08034497664084
400.47459439852577 134.71326514055517 28.045123265952096
410.25240512028546 136.64236000729943 33.624931938878426
401.38255308714514 126.95461425191377 27.01190124404564
411.0574295789967 132.52118798071552 28.834900863339826
403.5675843278327 123.23366472275559 32.88898812753417
409.6466641057262 131.04182102601428 34.06978675706949
418.89716141438817 136.44129167809976 27.922157574433143
414.6086907151353 145.28990323141642 36.54155371192133
406.08569775247713 139.50607020250783 27.918479207347627
396.42875537994655 141.64598629827785 33.754748501435316
386.4573499301633 133.82477022682897 28.678999909058813
388.129420818023 139.25305506187243 21.629940910392538
381.2393500255425 148.9976252379499 29.02986163722955
380.64961138889646 151.477796056661 23.090054611995946
376.02013007844266 148.4136997421675 13.328187048873504
370.15753444211 156.22291385517423 14.147619380779002
360.3699314281138 155.57801450735022 14.145503601123288
355.18166721390185 158.20096943503006 10.869825241874073
348.6284045196173 159.51073990390807 15.573141741602472
356.74822354638985 161.59913573242127 11.86323074388826
363.87421314557156 168.31059613217698 8.408132856104874
362.1235556022439 170.90696803099948 4.7790306772861175
361.1303848703638 162.81238245766264 9.334427718363361
366.5001122413464 165.99308096622437 4.354071076412959
367.7590118187692 158.0456687724051 -5.0765947157777696
359.62558944975507 154.3145390301208 -11.334915906176493
356.06699195191726 155.64414299512958 -11.272071071156375
354.54041632880916 149.47025671749134 -11.9587734456964
360.20424152319504 143.27973106826133 -15.075279467049294
369.8506426488165 151.69862227153692 -7.014536931548735
362.25748044867976 144.9317552823303 -9.649246680648625
358.41344808984144 144.45340423254817 -10.28158255421315
357.0347732841243 148.71510505436547 -2.2406866652227144
363.19493020463096 141.4093236924737 -10.530558262379857
353.3718609660138 146.58543142034327 -0.9385596744137175
357.60606676096864 153.8777051552774 -5.743157106838513
366.08816135720696 144.39954589349435 -0.19678708813126633
366.90012326645973 136.8067633997936 3.114449060137042
358.92910042462324 136.58570960484323 -3.645888739936711
362.4964888214446 145.61949368059103 -2.613433197655994
357.6373914137405 135.81078896035166 -0.8700523228738994
348.14542129747116 134.75727292173391 0.9686792885779032
352.84859476197175 130.12579825819017 10.379211032582273
357.6048621500326 137.1555136957763 3.76645587590631
359.30911218849127 139.06506446733113 -4.311707343785713
351.3260586647816 132.72992630718366 -0.8591973120341652
359.8081868479975 126.58583288828929 -1.6667974991109231
359.7231264231162 128.78909477085097 6.8605399277261165
369.25376469260647 132.83966711014133 13.444358072134229
376.6459431180216 126.89644326623814 21.50725012043747
372.3735298212652 121.57868279218783 15.187412690093737
381.7778366088115 124.25285415246222 17.268996077855075
384.78082365785923 127.54972959820176 21.296597759980422
393.1898035916205 127.37349287413718 20.703903456746907
390.53127699434805 119.36088875568484 15.17282918046049
387.4545315193396 113.87178271994938 10.640175422144724
386.9252583759733 110.86426812267301 18.048936548093636
377.5966469824508 103.73801240650128 20.199433502707564
383.8169736531297 101.8858607360895 15.965969608837671
393.1918810265246 97.84027775127716 15.301902423513926
393.247432800581 105.22496156049223 12.293839682416895
401.22880464455324 104.14756718517407 17.289585342100004
406.97123850757765 105.15377678772208 27.219806935719067
414.95330268177685 114.00927289044073 33.221010576924456
410.0671882394772 108.2822885561411 42.291551351334235
418.80375095428315 105.20276228701567 36.25437259475021
428.0754879437202 108.49636318376778 35.69348848382605
422.62161935913525 102.98788384549046 29.15922304002445
420.9635479119466 93.44241632829275 35.23184252139912
427.76425779178567 88.26438359904625 36.87592836601873
418.591417670451 96.18130211078336 27.50971924478065
408.70611142985956 98.64337381923673 20.65540086380794
414.4984222801936 98.82132625289815 30.641316461585767
420.02790841759685 90.37285079935764 27.721400805071692
429.04268907380924 85.8889265759909 36.34203670100301
419.80951263322794 90.01510709274623 41.57939925723828
417.8157862286236 85.10893777076386 49.98556961095127
415.1851522759807 78.06986000404964 53.45688667746366
408.2697228364077 74.84599305356572 50.10689727401768
416.63619276989084 70.08783388427261 40.239994846899066
413.98573407488 67.66828678492054 46.67343444993847
411.5221924324447 62.869377425188986 47.73908801955571
414.2014210962385 60.03365738432212 53.10708167322418
416.27568923434 54.35038821635365 46.26793002684913
425.27382253857456 45.85126650729416 53.023253322359025
424.10708337952053 53.15215810966929 60.68598534408201
425.5635742581501 44.71595943774859 62.17532207565596
428.51036558361574 41.70863470080476 60.021958678093206
437.0295117671848 40.96283381154555 67.38995811970744
437.1599692785636 45.23839389449002 71.48358362936739
443.9413012535632 45.78657681148168 61.89568819621428
447.345254655665 47.15013728763097 57.75732059517332
439.25783657130467 55.39815002248031 60.566507512741225
431.5915697407242 61.1911022439429 68.29839201237013
436.5099390937873 67.47683838702534 68.999380335931
431.0320610547836 72.37293637968459 68.94868240201038
428.6851634646032 68.206493354277 74.09264693005798
419.8496808278985 65.51640581323521 70.18857846584093
417.4043885012269 59.15159142953313 76.57651033491311
421.2515991288118 56.368462770010325 84.57462878922904
426.313823452598 55.912876278568426 90.35046004225708
427.62274277609043 58.88178910417076 87.36276108496426
434.95877439864324 57.12655941759418 95.30092028819853
427.201800257249 50.66118511236864 100.84665594395297
435.4428272511109 52.05020515463167 102.42276368381698
440.2006105998423 55.9693336065048 111.67831928812797
437.42679681202856 65.3243907060031 105.39061431201148
428.58054749988537 55.59219659315435 107.47668348278233
421.6269217851341 62.52683246918409 105.38859322230148
419.04382099385964 58.55541103453609 104.65539318237457
421.4480962828032 67.89021712283905 113.33810699974087
426.3362543665685 64.47413336308638 112.4042660570132
430.78112844670693 58.63539767674328 105.20761442989544
434.8058249140631 61.178741558770156 102.33211039808478
436.59439406847076 63.83681341680271 93.0981901168336
443.1709269012033 65.24853629973745 93.18755540944672
444.6007181260483 71.54765263892901 98.66011055866082
446.039914964321 70.86287236262793 98.42815607839233
438.7337810554406 66.85077045206987 100.26458053297257
430.26353289118305 74.52860579825 92.60296628502977
439.29728643856185 67.2981195325801 99.46239393708044
435.6902194927978 60.63046630342064 109.17052039318858
435.6325113992397 64.47638963156541 111.44687581711577
436.9093448431256 69.69884813256778 115.39610167988893
446.19976118550693 67.89089831306583 121.98927106707833
440.5577457294095 68.39962395417106 129.79416192149776
440.0897262681016 58.85562828655018 134.2746827488385
437.42844995995483 56.032193430043414 136.26235678722307
436.7927736520757 56.24426830952101 134.48647576354253
438.43083049688295 57.87865932508697 134.42958543786438
432.4721485146304 54.997549037165044 126.73727986626228
428.46334223877915 53.414876589842635 120.12271347179137
419.71563579919484 49.52741764724924 119.46824946631907
428.0982521337725 46.72770902943595 124.16872207917896
432.2127349101977 50.65209383511848 126.72413698247829
434.4696083821593 48.495744899673866 128.52089129259122
434.18604472555444 55.61173830329968 120.21848544574738
442.8979610639023 46.232148050982595 112.61087244379657
440.04982044013144 44.6516623943073 113.37273490475899
436.1235450292439 43.73846902616248 121.91704819370042
436.46963536760524 40.247100666371594 115.21068705643403
437.759625267723 43.18933087827706 119.15744499373979
440.5877835407912 50.5713911453975 112.20358674112154
437.10093895519213 50.53272627044326 109.84075496515257
433.5928559381325 48.06167221995076 117.07512757367846
433.74222520153705 49.01777273235578 107.70417089365839
438.4227662041105 52.907140627235634 101.05788727244715
432.36660721607944 60.44700088354634 100.10101317912114
433.7758556241657 69.34232325698937 90.44352989902407
425.181455746977 73.24745293782173 97.15213478554621
419.732064007076 66.55966118236634 104.24896204217679
425.5807896381518 62.55157604454736 104.90080223497931
423.9976176552991 71.84655406557927 102.98459592035886
431.16290516869395 76.11210211533489 108.3826607552912
432.29164053290816 76.24569834862665 105.23996264513798
432.6751646808518 68.53694646964871 111.5538214715628
434.6011459157697 58.78581056723341 107.65337856186969
439.89525359397976 52.59917904180914 103.72961688981124
448.7690944369023 56.60630107186329 95.1415639172715
448.77434621549384 47.81394453033181 88.00348152630409
446.84379795941015 56.698965995253985 81.22349741960073
455.25931521099017 56.63605557891965 74.48033723792193
451.8460148897069 62.97780818922981 82.57323271217024
455.78948244293696 66.00823732686518 85.2434666990424
451.1734670961639 65.5949152488596 85.66665222993409
451.0209713621061 73.80163914250484 87.13275513814654
447.6495002998273 64.72408107285781 88.40770116896992
439.22388254298295 71.77031826776773 84.02273881154878
439.579222852169 69.76258259763152 83.4250589693388
441.2680774020041 60.941714853964896 76.86773470923237
444.6465000660757 59.64732975793383 85.61096270602086
436.06360196289205 56.28877197052893 90.49427089865527
435.33401138113504 65.56893669781343 99.39455930192625
437.8018668532386 61.14815355798091 108.8485666432513
447.5359823060109 58.62172587165274 117.42108976865063
455.1837049497504 60.037306431132635 116.21716341329959
454.56189807505854 66.87371746828565 114.84400138668308
456.9874307398446 64.25080422571526 118.2523790351896
452.64876796054364 58.96795433702623 111.17435212883015
448.52801955440066 49.154683778224666 102.82498269344575
452.8506569571179 41.764189849814954 112.62076835907406
448.9100142249806 39.22268529425632 105.7761088704626
451.8776231979288 41.246133331843204 107.65129519399551
452.4668680401278 37.21090148916652 103.64676354670989
458.2373017894616 45.98913624279561 97.4717890496385
453.0263482220371 37.18257600710284 98.58259400991028
452.66932195991336 38.767888151129135 104.57032435203811
455.8891378321814 37.162314026200804 109.86409787290816
451.30961064048 37.37876318482804 113.67610486687347
453.61751517941076 39.33214625087815 117.07354873411514
455.2763728267181 44.81387440429132 125.64235167675385
447.0799028422797 52.010272270310814 130.222397562546
449.9002166448372 46.832827351464346 124.35465293993437
454.7930124335268 51.00838291992433 126.86878577011619
448.0591077685457 57.467943930169646 128.85896524766395
442.0725243486379 55.324848212887225 131.09481792859708
438.5900078792376 58.26639984377786 131.9031220776757
435.8463857686109 62.514435569627835 127.8467969688273
432.0919238464785 70.14475894224272 128.7747902095498
430.25103751267267 68.91920798644858 119.64097652825605
425.66452330651794 71.46347175413948 114.72010872910752
419.6366267869082 75.23232317899131 123.81987517232736
428.9589617071037 76.12707876349593 115.3129380896119
435.7358455793102 81.63811576566953 109.16467629050621
443.4895671105972 79.33022837584618 110.33213396982936
438.9719991183476 82.00419106966577 119.7405596213494
444.41522625064295 81.34648187928843 118.83377357304857
445.90559073914346 83.77418208459676 108.96916836406992
445.24286007097163 91.19533401971924 100.55360725315403
449.2342629825393 96.14054618303591 109.46095577589244
453.9914128897369 102.52995710379437 117.61217298933379
450.12009619528897 109.49396227203815 108.82694465251382
447.9067141728972 101.59178951283846 103.5940062928538
442.6589477569649 111.45373818878318 107.45571709110875
444.8998895447053 104.00319490364946 101.02986729976814
451.237334189037 107.07708764521404 100.23163251289581
445.40374816730093 99.64482931525546 101.38108882019606
438.31722390400483 92.32183873126166 97.40856608149062
442.30350692289255 90.67746218384232 87.92402882184876
444.3981344967621 90.19270902156376 86.19225477013413
439.8309861645691 83.82329392651386 89.52273092499115
445.26224847939477 83.82275894602873 90.84631928681318
443.8241709942782 76.37850213993927 94.20526848201885
445.6575170477266 73.04965445772542 103.82081501493202
445.1742428610098 66.62564215757504 102.94442928538959
440.31258269558487 66.43327879378323 108.74872364447343
449.6086585086584 67.8175127709446 100.46699548234056
440.06147132518066 70.1587918082018 91.06294785377807
433.0188942327075 62.620928782852815 97.8559100469438
427.69649188618996 68.07784274011348 105.54641844246378
421.0303938072584 62.54091635557974 107.7213398695603
425.9945758115797 58.27438678114685 112.24322870196875
420.57023004549364 64.1415453271373 118.62183350424861
423.86900310324063 55.52976564219412 125.58689184128002
417.62940997262956 60.84729306579342 117.1428105633875
409.2972560418134 66.85694847181011 122.86288231537145
406.5105860992086 66.35780146848417 124.02612479922975
397.5098983330766 71.02759546593794 131.15213365689144
392.4645937251945 63.1310573217447 140.51625658718555
386.0879629302304 64.3460804159645 134.6354269169305
390.0915448170522 57.470273797162314 127.1999706658211
384.512455160931 53.20764134198557 127.6490695265868
375.09800519906497 45.933660938087286 127.85230199588052
377.61022833979416 44.846247423941236 131.56498638967017
370.30642250899655 40.645895945488235 133.11610049981056
370.13590484850334 35.91816845385649 134.64216831583673
379.8688347592908 26.3911187543508 139.01420180674302
381.0639429941644 22.319761636794517 140.4252849887892
390.6391735602315 18.530239673652567 138.11155695633923
380.6942760106847 27.45286769095948 130.39885218900645
376.46896516839445 35.20576694406635 122.39270949303199
381.98293537002814 31.14089094963048 127.02262671606339
376.1765039521729 28.851738962394553 126.3381361449122
366.6886643876245 38.54750229474887 126.87178979576207
362.3525670553423 29.65324058488124 128.01010863041193
360.45135081342147 33.02244140120803 136.3593547245262
351.6631063907402 39.10760882233866 135.72381345078546
346.45863626031803 30.74158979396698 128.1783965581179
349.50804089378795 22.48326644485888 128.97965462291046
356.79703656503364 31.32524079053119 135.79523752005528
353.56641630302965 35.9213434479692 134.32712686675964
353.4946352868058 29.32167426671819 131.1408519812005
348.68503953265116 26.312285524420975 133.54302407587716
341.93099218482547 20.73324537317408 125.14434415682614
333.74893788146255 29.097619677946756 131.5269437881218
328.56876486057826 29.655183386326026 133.83288370665903
329.5786347635582 34.8575148360448 141.83528458610988
322.729748673694 29.94056368904925 140.77606363160405
330.58510081163683 35.95381733833277 135.58037382617064
324.6327107095882 43.6183076818934 136.35653620878452
324.7707218381669 41.08224684323635 130.54606747911558
315.9023060567941 50.25546934571616 139.76742810911725
313.9558901630431 56.84266261903727 132.95090733943462
319.6604578028508 65.1376545912187 142.7581098267042
311.308386759364 68.84478862081195 139.57730487239493
311.9492806727972 61.546625295984946 136.3726116739722
307.3870507203384 63.90663900332431 133.347928453377
307.62324862606226 60.03997631119878 131.53633772592352
300.4639021281008 68.054343699807 137.2919040899316
301.4377151733557 59.67392773022844 140.68313359315755
293.2800737130586 61.51501664478015 148.80056142382077
298.1450366977158 58.85243009234064 157.28107575880614
302.0212692199484 63.80392097817897 159.90430762652142
304.23255164318715 70.31590384977437 160.1351253068522
304.3401139113144 73.31074794432668 164.8422806051006
313.7211229549096 66.51534933681454 174.56495942498415
309.55034626206026 70.17419618806312 171.5782649885201
310.7332600128999 73.15847910983547 171.68636977212995
300.81080076060124 69.49283354210792 171.71131766671414
304.52968014628306 65.48490856993514 162.72408612797236
309.43083612557905 68.07616982951181 172.2859922816104
309.4702263842099 76.2210480847174 171.15405004707898
315.97253392895425 76.35782839654878 179.7871335446291
323.99014364312325 79.06586153137289 178.87047051137938
326.7192798506836 88.28991458026825 177.3330748046981
334.06604262577343 93.35776085663163 186.77789539587286
327.5233000119471 92.02395530746351 187.84988014876126
325.09849078365863 86.01303668439004 192.51396627190164
316.1830004879939 89.49550002311244 201.86297434619033
317.77494237078764 87.60572724291916 211.16323274266847
309.51439842383405 94.54092209410187 219.15341413004094
317.7979619408727 102.65905136920526 216.27122197502774
315.94276040976445 102.63260528982853 211.42641058338614
317.908626868161 99.2608333629774 212.33209312791945
309.0648999384324 100.7606293858293 218.6442138902736
301.6802074420421 93.94701525974085 213.22279598381155
301.13301657457686 94.38926368622604 208.1335298349331
296.4046952007248 103.18214266223613 212.72080528103282
299.4973762012084 103.29968638599456 222.4277579096214
296.5236895297991 110.32603521180367 228.32295091264177
305.9267286795516 102.02381819825243 222.97353755620398
310.68827906641303 107.37540501458759 226.43312206526372
309.47225621705866 106.89023732272246 220.7897405642938
302.75846943206017 116.26422184649098 215.2752730525189
296.14316530064366 123.47752723443298 212.18337406215784
305.9128447493627 133.43975071980728 209.24173263883307
302.74680475168753 130.41029030955121 201.62136304522582
309.39742956805907 129.8711024314616 204.12688363431664
313.92965640146775 133.49361686919707 212.73428360850937
307.5364547012541 131.2706898834265 221.6598227935616
314.0480720571239 139.21079521549615 228.4427646535539
310.17848614603184 141.79013375287968 238.0508153446818
313.3369144395967 147.54462821643793 235.26790108877
320.55606521421333 155.7831960272989 238.33607284834935
318.35918817303025 151.47646591954776 231.78598977960422
316.1069175405486 145.8759217547818 225.4168388742386
324.13188126678267 155.7799851737688 227.99255219854422
323.3966680474843 159.99593570153053 229.95053520428772
315.4563487025906 164.57100503729532 237.36160364796606
325.4412636306654 156.454668945517 232.78063105315698
333.29769615237893 157.40820383931802 230.61439829937876
335.8914626204154 162.68125100763646 222.56534636368545
328.81624028054995 164.34774936654355 216.1671008806692
335.4308960222191 156.7185802051069 221.42001677628969
342.3338560680456 155.32165265227945 213.03807593654489
344.84689486582823 147.5298913889584 222.3513600062612
350.18952054958265 152.50176227161123 230.3216640013811
355.29241953331564 160.36613357272614 239.13772639366633
360.1041210678381 158.86839988692185 247.6076740836088
363.6044143139105 156.30817948456564 247.67102670598138
371.60452588747603 161.6319068711079 253.2629068359469
377.8644214190107 170.17198804599948 260.7422241800702
374.38079907386924 177.86566928847026 264.379986115006
378.23238325276054 171.4124290931336 265.3275873404114
380.5428907005694 169.24924220038372 256.19702285324536
387.70205657592294 172.32168309358906 249.4942242632826
382.18197841591444 165.35118434840766 258.14581441722254
372.6564770312244 175.09111653766047 258.45803292174116
363.2792770554383 180.86590586441062 253.91458861398058
353.64378021450904 172.44034799219776 251.76863839489798
350.1891167880217 177.8674039600095 260.0077137625094
351.6744984764746 187.3646191183336 252.20568194167217
342.1106321589645 179.84786454642324 245.02293547477456
341.7405306723319 176.27063041732373 239.55968021959828
331.8982254373892 168.24006501114698 246.6613881129532
326.66009158323504 161.92907598593766 237.10839387100853
327.0252308934345 170.03774586345057 237.3499180381466
320.7870462914397 165.05626901780326 232.52838030162917
329.6933827454962 174.22259512379688 236.1751988145733
334.412532864948 175.40870367721544 232.8228600548419
324.788375051259 170.55706053358549 232.20436629151456
40
301.64080083025476 54.66748388727093 139.94208853039993
293.534973024941 60.91957300618409 136.03028385623514
309.8498111378971 50.358746994242225 134.9373059456721
295.34153739648417 68.7863627845835 150.61012522614553
301.95697795243615 51.420767178059585 151.38777795179197
309.3239729902286 54.484373361064186 154.38143997367268
308.67418163426095 67.74665096010192 163.80804544641998
299.73041025871925 76.40621682933703 158.036757492802
314.0740723576561 69.0167430354488 172.18671324599123
318.6293907773144 63.67833077251181 170.0558548808179
309.9192636682424 79.75244309007354 161.953952180204
298.1381242220111 75.56654104607688 168.5394183046395
312.3877933174992 61.30569967869427 160.45859549013412
309.08841343327305 77.13563424480822 168.27231332550144
311.4246116055663 77.05879614949258 177.67953195237035
308.6724388769446 70.8298908848186 174.52908738734232
329.00584998033077 81.75370325184767 188.7929622424965
323.77252335067095 85.28213170873882 181.7732398351637
327.5318047431366 98.99224031178525 186.7722122354807
319.7228013914948 88.40328538066676 190.9174242549924
329.2539382729342 85.3195060684036 196.77526012279128
308.12227869611917 86.55033636939937 196.19937262992028
327.6728527732964 78.44164391543822 205.80490522277566
317.6474252809759 98.36180983479736 221.9754953112452
323.45835610312514 109.85440068853019 208.666091505345
316.12171381097187 106.57248403269774 207.929150995528
312.8050274926072 94.72908959552096 219.79833192903794
300.7908416987139 94.40299767241223 217.45937664197862
306.48281523405404 84.61496155811648 216.00224922377055
309.4350990935296 99.07596082767111 198.70009106203867
298.3192039434074 102.55748569137046 209.28731072003052
307.7847288777182 109.08202162016906 224.89140967334296
299.17878990860953 115.88264222177949 219.80588053332085
298.4540052049924 95.23408943752464 215.71225416031942
310.8711745141271 114.30728748717752 236.2520877289422
307.051485462768 98.21092240664696 216.30402984009714
301.26362923283824 124.18601154028865 218.33391283962894
297.3058406340653 117.62963393592247 208.29833974732162
299.51055746432183 136.3542233357343 211.9444232913377
307.13458686888 129.73557066460984 201.6999387978333
