1000
288.9860066580548 311.68410805600826 93.84772489921443
283.445170278001 317.81212056258676 97.27162549766733
286.1577391223675 312.6062050349803 95.89887356796804
285.66563368513505 318.42046280371835 105.08363872464753
283.41733375159635 325.0203918442182 99.94075166172183
283.0899089536735 332.8878522939237 99.49787296868845
289.2775748691675 340.5858900481345 106.94499429112412
291.9668379381667 344.6466113583597 107.60043401732861
286.42116316496055 343.5808670225539 106.70001282716706
282.0666900667961 334.8496788822079 104.24940087481234
281.74098337965455 344.80932933379 107.6523510927358
272.18437218632937 344.20927895499125 109.4865507603052
266.6923869711228 347.73621643427714 115.53519978547287
266.3669984523844 339.72552493880687 120.7089403118078
275.0923295411852 339.7489310883778 114.10194860084577
275.67271490187665 335.53413256860676 109.03391649477832
274.4819280812742 329.5310449438261 116.84344537468016
266.7211882689485 325.0828217174696 121.24673112326145
273.60451106747354 317.42015644729327 112.53136363322669
264.9290633359293 317.23261013081753 105.34051723852296
263.34691991502984 327.05900863138396 98.77547317712155
260.8939159078603 323.4146572346802 89.72176107196519
270.26737803785795 316.3532554997251 93.47951222391613
278.66623794046575 307.5342900758242 102.19954923953463
286.7100330205473 297.82008429835093 111.4984759086203
292.73184526188203 304.7619201433606 120.62879539226691
285.5496175643632 298.82590113678634 118.12983975553682
282.02443376395513 307.5109315906477 126.27929329391834
274.2528370272129 314.72194711469103 123.39655020449578
268.1758810071084 309.8029570028279 129.307048512317
275.5188015734195 314.27463825551166 120.32255137090526
274.96566765009004 308.2792128220526 112.34441869509052
266.9571839629147 302.04994545450006 121.39069040532311
270.64300106643685 297.00103368553 123.34409909616139
261.8874784396194 305.08641047917996 132.13547517379112
269.8361296557486 299.92929575777134 127.85094356328908
263.80159443797254 297.5714594754776 135.093647639882
271.8555060036319 306.29528413278257 139.8488028545064
271.58531055742367 314.91363801326617 137.65545849557282
281.42021350295545 305.0076296081441 131.75168012216545
271.5640789963723 296.10772988548894 122.37431690642552
273.8151852040519 294.1422612677698 130.0716172750057
278.9973294256262 299.4797462105078 126.6482686180298
279.65144707961184 291.0331134338496 134.3997083996583
287.6834428909892 290.73685239219975 136.97760004493537
294.6501927346217 294.73446663985226 138.56799603546503
302.4505255160368 303.2076359514672 134.77275095298256
297.1801468352633 310.2817230099985 131.15949747713648
300.44163583361984 300.43120809572673 137.56066341868782
298.2709498960889 303.11101668189804 138.25321923320757
291.953366278699 305.83688313651925 141.26048824047623
285.56850366634166 304.8728027322863 134.97267291028678
286.3665400117085 304.83097904624725 133.92162415521616
280.31780880051826 311.0822381014707 138.05096077993616
280.221266954488 313.44920029614053 139.1608682048217
275.5928228089758 316.41813219031934 146.97812298212938
265.85481775259944 310.6324466346715 149.33674385298332
256.84300410274454 302.6986770464865 150.37409042956529
252.58253029181398 297.5152817853895 148.36968143189213
254.97958784892438 302.3853569653138 138.47804581087988
264.73833243018754 303.9598298316779 141.7035422780835
257.82641740090247 302.1978369011425 132.68465034538633
256.97416735384195 292.6545942605417 142.17707883978287
256.79836533614747 300.48017204439014 151.99597904872851
249.11617753212343 297.51314709461906 154.46521286495394
258.780720596317 288.7924419534085 147.2826728144443
266.4207877937932 280.6216586437828 147.85421082039196
263.2114953237212 285.9157997117876 148.73901674996287
271.7188306830434 289.7618593102769 147.1909754774552
280.8014743965097 292.0932035401821 139.870412652751
288.06441138689786 286.55203906581716 130.61598339547007
284.9628804429668 285.61748203899845 137.1227768945373
284.1893247761735 287.8217058846346 136.62262807584978
285.9934347635173 291.1397343598481 129.82674512335467
282.9882611079729 297.7346184489983 129.4850313431397
279.79249067721577 292.91182509119136 139.01911542127655
282.96856932758095 286.1336720479547 144.14918734060075
281.07537116609336 287.37541110164625 144.27164262033736
276.1490577768135 283.77365889745766 137.7059461024023
282.16662150876056 275.4038177844321 132.21904897145868
284.2938780368966 274.3024468926253 127.61368385385583
282.68378161783926 270.811894744866 127.2999267061333
285.7211537493776 266.4531936940549 136.1229716350363
286.99980954315964 258.4881493568311 130.06676862323587
278.0197419095119 250.83238770866853 129.13680529445577
280.2313081310127 248.94806119145804 124.08340491702842
276.12035024478433 258.37612707926013 124.55398521392905
283.58316314288373 256.7131570838903 126.01674011786318
293.2727755503122 258.27236914733686 123.65780315679773
296.2313670499149 261.47506444528415 125.24363946127114
293.074847771767 255.12309330175745 132.49705993295538
287.45430778956774 246.20223306002222 133.85263354040376
286.7886052431974 251.17135012883756 135.48104479072848
281.8615791529306 254.56147492810828 139.99784147129722
288.82247576672086 245.8694103130415 140.34962938496727
295.60394816281 251.10938897511514 134.31917228318423
292.7189487425553 249.00134197122384 131.91178466444865
293.3616783306006 253.95252032829762 138.42376125151475
299.356222889508 249.74749287571788 146.92551217239895
291.42413590741523 241.34379019184937 154.81604887393493
282.70577267640823 245.07865869952417 163.67862837981897
285.34768881252944 248.2728454392534 156.20238974445587
289.6803281955641 254.4100635760569 147.06822126107102
290.6825125776152 252.79230119587487 150.82613230702205
299.1287522957257 252.92948416811976 146.05699608674198
298.4246610618691 258.62073618754675 148.9730427547734
304.6814127105887 254.8379280893615 144.07290894099586
309.2764369036599 256.5495297186941 135.99303171131473
307.78602602254705 260.2198880393089 128.0709448604672
311.88254411893246 264.5891242644658 128.2602386151934
319.8355400048916 270.8404341534798 124.02168920503019
317.25132910964237 272.21862927845484 114.29292803118257
318.18454568119193 267.80564319017043 117.40167629129805
314.1547025940625 268.92669086345745 127.21562828638508
318.8978022054608 264.29461538245585 128.49285405299656
310.5390344813177 260.38023989019274 137.74613795721788
319.44761644800735 270.0408092668938 146.27470284573005
323.4215374455038 264.6111786274387 141.10711404054427
325.3824967752838 262.672987885944 133.10074351961813
332.5301460898006 257.609721698864 128.02249178563417
328.41448901775686 261.5247242140302 136.35374213889432
333.8103965203475 253.94915789433142 141.98824240417238
338.6182885879827 250.2236177341502 147.4911566973583
340.7400192616659 257.57280885456925 145.0014241691785
338.3854858253194 259.6908290864507 138.08144988215219
347.564713681115 253.95240686771382 131.85180847998802
341.39366524797583 255.70129987721776 140.36341704529897
347.02872868867007 248.07180213507755 132.2284181600239
339.7107803992133 254.91468745129063 124.81320588847571
330.45243380684656 261.6093085199996 117.2273481941826
323.4061703481823 253.15940903750493 125.30614103955459
320.2977501765267 257.9497299535768 117.09935530260069
319.28732036367916 261.13736134535094 116.59990807251782
318.75897688651634 258.6737411282336 121.2574278922236
320.2623910499129 264.0338855232268 115.69153443523615
328.0270182079728 254.80306673206945 112.78779798912623
320.53423828652444 260.21645905678247 104.64345138076365
322.5390082281934 259.31661659322873 98.42842679947883
316.84062671274376 264.6126821598368 103.63492719969643
310.67876463204834 261.0383710057893 101.25717163707615
302.0914485407461 258.1433832033989 97.61826904694831
295.0683729137188 255.79920832885682 106.4539974729093
301.4714210274236 261.31221940049005 101.01881655996793
300.6620074026428 256.5538728632468 104.08101005739152
304.99127205759214 258.08614802773553 102.08162465743402
308.6648569785578 255.00255067704825 99.14077091553817
312.69461510049234 245.9331007599011 91.10325480937875
315.1396074360143 244.62870799809826 98.51662437331305
319.52101460136277 234.8314734918992 95.7492572208054
327.0172044509617 238.25565527284172 85.78680105088489
326.37703821404693 237.52695277705513 78.81469555281656
330.3067874419936 247.26622702804704 75.72828936729343
332.5395465428125 244.5690080882605 83.21328048058855
325.87545349198587 245.13015023934946 85.48677489482854
318.9017922401611 242.82088154359653 92.90992638349928
318.8685093684099 239.15408055044261 89.05810930724137
311.2668222224407 240.3712619494571 86.00348355884697
320.6117578376668 248.75968716715568 93.66576156071105
322.4622873853023 252.94667004665072 101.44440443002209
314.05236356670935 262.67494345726203 107.75780922405552
322.4854266657566 260.3782138231582 113.71762887688857
318.90399066960623 261.3542797333762 121.24063306413831
309.14879332518666 270.91105257759847 117.51634196325394
305.06859779149494 271.0070732036883 109.11865099287941
308.6191454421735 280.9996157411671 116.58294031571681
317.0522219231402 273.84638795608225 118.8223445969395
310.8749172961807 269.5172306396323 125.31033814703727
307.11664425884476 268.0986268027104 120.27643915826586
303.42887277058304 262.8701874599966 114.42468566749143
304.95040332461997 270.8632226110801 104.99410972495727
303.4391498583992 270.16073674974285 95.68460201778367
311.2490431222188 266.1515683335714 87.22102095597293
311.14115135627696 259.81735961318645 83.7718179036403
310.37381177079345 265.4201715655216 85.51662703991104
305.2222289398825 256.63544100247395 77.22765293534229
295.7861709792737 249.9342694154201 69.91103850820883
302.00311795582536 241.86947970684423 65.32589858980533
297.3595766480947 250.81471660881525 56.62950619623852
294.24436354504 242.16343082931957 55.56724657564679
300.539413185064 239.16976513083057 61.562996427863304
293.555579973557 242.2354943223606 68.47668583329585
299.7179684864169 238.78848088775334 70.3762164211149
298.2476755888733 235.24399644884454 72.04110005883264
301.74032495008777 238.6102466202388 77.39618592825335
311.1908369999512 232.32975446212689 76.72628321325979
304.4075163681096 237.77268270963287 71.26287999095084
303.58942519710087 240.03979860458983 81.01311154600546
304.35823516006695 236.72503462012983 83.73584725735869
301.2639870563752 231.8215134490548 87.6349053848555
304.40062992232816 229.8195526158219 79.81046227659371
307.87840529021105 226.25650528008237 78.69867492758186
298.3001598934258 217.08476195410685 79.61804842199926
294.2676222716019 221.55710098661157 83.0766113845162
295.767825969195 216.2528107279374 81.95040811577593
293.9467558737789 224.67067320274208 89.55467202637921
290.36179284633295 226.91041599314352 92.34274247168507
296.37849229638084 235.7157039601356 86.15637076876317
288.3388526476259 236.69046209899466 80.90190560730383
281.682912836356 236.867951910309 79.82629214854582
278.9141285581724 232.71964415084537 77.44503719826822
274.03159496574074 234.01917789702438 70.40774782087081
276.34473662567274 228.66762618312407 71.45702367389683
273.31203345034 219.41274084553865 76.16964324103644
274.3563658804753 214.0734080848136 83.64173627147366
283.44009161731816 221.89435796851365 84.81149155272863
276.7104919455337 228.44355024266898 77.67663589457241
284.11499933502756 235.33866615626877 80.21504841870222
292.07005342926385 244.28941210710423 80.69747810762664
300.05696966339167 235.0209328924423 77.90896551718086
309.19677342781904 235.1244835157905 77.19012052620903
318.496486727615 240.37205593165638 78.5036479820695
321.6994826770762 245.4091482038187 69.20196849510795
324.4056284372101 238.9661235412779 60.28162649535275
317.69325068949405 236.94759233213318 66.84886377599253
319.5637545178469 228.01958549084176 70.38589882866899
325.46886106821717 232.25497222704297 70.00426810945227
320.96517383422304 230.901675974762 68.92769118746392
323.5527102640271 230.0258631624928 71.25007172082809
333.1287364723081 227.94916559899139 77.40208759379718
329.8877412291664 234.52111306127642 78.940591691325
326.0379012962537 241.87449614477728 84.91356209829397
324.9617854585306 251.87260574534807 92.42619668238017
325.1055068949979 260.1769764925447 100.66126135169172
329.47998194988196 267.6359140625932 97.81955747567758
331.2585636621963 263.91251864268423 88.60801379415162
335.76608882432333 268.2697764874113 88.75896302392525
330.07586993904886 274.96303335300433 86.11221825373408
336.0892584003583 270.79347667190706 82.71014104154077
338.40622053068523 276.708619365387 77.31140244781325
336.41647442157034 276.57734605062325 86.52486305994913
343.80693009131403 277.75521717625594 96.36094329734303
337.17933284909566 274.9235608905953 87.4938864432762
333.84239815234025 275.454111585534 85.71708669410026
326.33820289038334 265.5859390526975 88.66471970876002
330.7198519659088 255.71472240703307 95.35157971044771
327.66883492080717 256.5855470442466 101.44151319564635
328.68671917592656 260.99437339649575 105.48111241355654
329.21866154560246 269.76551172110743 102.60779810673188
327.3300793266236 263.9028123324192 111.33655783327444
332.664141306761 268.76228894950054 101.4936091671814
331.140126132187 275.0002690758862 102.04786227834751
327.5113540429032 283.13571082115396 97.76732169902351
322.88008043621073 288.71720123808853 101.686791191102
327.99273501566626 295.1336824681323 93.82033864884063
336.9277203732394 299.97200285870105 89.3970253135906
337.5113778371063 295.2540117492403 98.94382469654134
342.5307759746287 290.3600543527212 93.39537266965638
337.79159582005406 280.41659488739793 89.71743774581026
341.4971478215899 286.8421505480396 86.20626487384939
343.7499178838012 284.3944085653607 90.73960910163781
343.2652483638349 294.0588867729405 92.25297917965605
349.7822687296165 298.00884348223246 93.71596174475334
343.09002797255897 293.76114380731985 88.03913163593683
333.957251047956 288.50369859247445 95.02055374966906
341.96497014477353 293.79922753635896 102.34425257891166
336.01758359402686 297.63074145166985 103.67269016281836
333.1118535890689 289.80747478804665 110.50015111985418
325.51901012185505 287.4841112553136 115.7860875273667
320.02392804628835 288.7244187201513 113.85801802765819
321.7870588250464 294.3386007653834 121.2380519121484
320.2079223112108 291.3340390529397 130.40993159356339
311.52889643398714 292.19659834975886 136.84512682671502
305.51154834292106 301.56096972376963 134.06075575300483
312.43094382235455 308.2920612233268 131.569758011976
313.5108172236632 314.9442191891349 138.47509633942693
304.8971025421125 309.03825257010806 141.7191713548346
311.04103755758416 302.18339934052597 142.27630024588888
311.2162595993445 308.3170002580206 152.12670934732495
312.1494686114312 307.797942812711 159.82396226887784
306.6148584046714 314.5233692573927 160.715265240584
300.0707873243239 307.1337662105053 153.9661946479873
307.96571311117935 304.00432593377167 160.51793776110247
306.6217117722531 310.0116642755802 164.86300841273558
314.89186911423275 303.43145997486636 170.84844631821153
316.82124743839097 298.17140505585064 178.55166671824418
325.9305347597368 299.74546571653855 187.96075140360315
320.3362939102927 306.6238522857748 187.58272907372998
310.862645964182 312.1557694660738 183.67944711757715
317.1004729114237 320.90325760307496 175.16491372947206
315.9980178262867 312.5793239865744 166.63913713092364
312.8130343890807 316.7959637155315 160.9492336878903
321.6063892221925 318.0941560499758 169.3294751037118
317.6318143644902 310.94820354764977 176.47823762292867
316.4073895356598 320.48353178413765 173.63442320512104
319.7700880994432 312.48877780230083 170.44133356732164
326.6210336404556 316.4167738963872 164.30111770216388
332.9983706313893 312.73997965133736 157.90369329038907
338.03267514432866 310.70847849610385 165.74933086935388
337.5437608201012 304.40586483591045 175.32204207236072
338.0234387813826 306.63439399257817 166.25721175113128
341.7849950662431 298.67397215321836 169.96811907925624
335.93132478643855 288.95470810878766 160.31750449996517
332.8501722102983 294.99528351504205 164.52576837398428
332.10475927203754 290.7015625042745 159.5767704401375
333.52614786209097 295.06100333949786 167.62442421829073
326.6053525765202 288.7346014050058 165.91739887427192
335.4255003428758 284.43995902102864 167.99400072356494
337.7500867812484 294.03818811563474 169.4841046013274
339.91352882997455 298.1356913898986 172.533556959647
341.3527115014731 305.42245224802366 176.47871483906212
351.18536990866477 303.7968271867297 175.96042298640378
348.72299345723115 313.2223700555927 171.71819450269945
354.58733308091604 318.2463008862434 169.37807241735172
361.4753195382512 309.8499527135142 173.507844086407
366.77375947641474 301.0398788912706 167.11677138820986
358.49193523494125 305.89849029135075 174.94200804933195
357.63316461000824 308.35680121053684 167.56787394616472
349.85378743859286 310.04088547191697 162.61979868389747
359.4769724663711 314.83233544964185 171.7793940004167
361.77249080450775 311.03924702272144 175.2370418157679
354.0740893439804 315.8679776629704 183.555488848091
357.58725801632295 310.23235487854186 181.46800194916548
362.5098690757729 312.20696176539815 186.28639889284835
367.7952238926095 317.49864400670145 187.311960250929
377.3507306345006 318.83696368017155 191.14589882604665
387.21261714853955 313.95416209563376 185.18414389519927
391.74609229231197 322.4908759866577 185.63851151583262
398.51709819785304 325.2280552481848 194.4006499425908
398.63000355672585 318.277893064303 199.4880604663084
403.61773270367576 322.01888908225317 199.3561480408138
400.94551290492586 316.2375929848977 194.23239120273843
408.8352689222054 308.7847559150631 185.6795891251548
415.3068982618237 313.7746689407603 180.02426033178475
424.7256613777696 322.39957288956316 171.2519224361248
433.9845345997934 313.7039134485681 166.30860796792805
440.7014718974327 310.30845829131846 157.13334108305074
441.97792832962705 304.2317349241219 165.7423431823427
450.2339581112969 312.3729960287493 166.32126810444285
440.61887035873247 306.43749001099195 170.7423841481255
438.4244098085686 304.5261066738298 165.50783743432297
443.7195092422831 304.2286494438467 164.6445799549891
444.43986572388064 305.4014055113449 171.20093082427346
437.58177394488575 304.44204954526936 171.70016591821974
428.85658890499406 302.60839971665524 169.99835688553057
435.41643937385004 298.88888041151716 169.32977457844896
433.5440343365437 305.79170144471885 178.02062981769018
429.27746835721143 311.1117151928568 173.14171829376244
422.05593784144145 311.90576805922666 175.259028802849
421.0475034597996 310.90802569704096 170.99811632629482
419.6062292884739 316.9381472475234 168.90565907519084
412.7810481012495 317.38201799248975 163.25371978573315
405.433194190609 316.99885614789554 162.04189239527162
411.7491113113382 309.3950970139964 163.68264123418842
407.8572639414604 318.23665131001417 173.42030266105903
411.89349040364635 323.5826376059828 173.62500339972408
406.95368867026576 328.7327656663669 181.4048941525462
414.9746588445155 321.2839919899471 184.65858915861568
411.89955945542187 312.06381666308766 190.7660244559599
411.3237262164045 316.9106780873381 188.11076048854858
419.25492041617576 326.600764691256 178.40784841934624
417.8605282926149 324.11203313586986 177.53085095817252
422.66401261585474 327.53622261247057 167.8466381277659
428.49430287176557 334.1026715455887 170.2382301458362
433.3446161106943 340.4594336364908 173.79451318618132
440.9369512329773 334.06270826105765 172.2968005311622
449.30592134173196 342.9575446901587 164.54274598287856
458.1407740191696 344.43234297717714 168.50252047211677
451.8920315464838 349.8778746746586 169.54575884905543
458.1905758412488 354.5707786760004 171.1317250295588
455.63156237863876 352.8960382272177 180.25141343135627
454.071344048928 358.6459294271825 182.8330868215389
463.64667322685597 351.2260382911652 188.72287661302494
457.2512169066475 358.0065442310723 183.2816345536366
455.2776481182113 360.150734596561 191.4347515528429
447.46393076477676 369.78298079894614 200.20034425751098
445.8873468952105 369.6271601139787 197.70494616411506
453.1571791838594 372.2626302736764 204.61344903026853
450.3930742141842 375.1528936744502 196.32722976926834
456.9349336010387 373.50305667822545 192.30818844637338
456.5257161158586 368.8834787989787 188.48476220207453
454.453195783199 374.1479175971799 183.2286251148401
444.8724583343742 377.9653789870202 184.83684396605486
444.39019556562147 373.94690957498204 176.21783195272178
452.7052839773205 367.5726025518 178.6316670969508
451.167069623225 372.5619401805924 174.75469194932725
442.3383396049203 365.8193628636714 176.32057786967096
447.6075907084146 360.52060604466476 172.27949681921672
439.5704200702182 351.41468439154295 168.012486110218
434.9687726891834 358.42288989949066 158.17038728604066
438.3145201665247 348.47796606925357 154.85026091895514
444.39111816869485 344.580494176999 158.0507376720122
448.50310989150626 350.69908320569436 148.9983477919531
447.02768946268293 354.00442914933825 143.99117015761766
454.7781966782466 349.6624780450165 136.28077903526332
459.19043263915404 347.05912016304325 143.63619712823532
460.1793105358893 339.01242727428894 142.100985350577
463.12816207049065 347.53801754649186 149.49913924944335
472.7608138494324 344.7423170986468 147.51719558262076
465.4101946758211 339.789826104486 147.50662311313528
471.65065218503094 336.9909652122139 142.76146414407296
472.98339477962793 338.2592216248122 138.64464038733394
470.13401660022583 346.5535520692805 140.99603891887912
474.51697089762496 352.4784473100593 145.4496625325432
476.8266891339306 353.81500996231375 141.85624645838183
480.0678533882245 344.7610243441819 135.49445163418986
477.3647776749919 345.5874159371462 125.870465331305
487.09207636540236 340.6882688943484 117.77135704369272
480.10443831165645 347.63800508731566 113.03006208259559
488.85429126533927 348.28124102318975 117.19791141486625
483.0885213832584 352.3288182006292 112.43460311422571
476.7466599270773 347.6530328472589 118.56938504322248
468.12085595713233 341.4754430419139 112.31518334196299
476.4095101143326 333.9112585924017 111.54218460450478
470.16376025360233 325.6446726175478 111.05913102813436
466.59727179557603 320.7516094754472 101.31604756431457
459.52881551024313 323.2988401801466 109.29106724237451
451.80249680047996 333.1397571144935 110.44948327569047
448.25740599742886 336.3247342490145 110.13381047017967
440.4356375101623 326.41972921189176 104.8314260138426
432.050147746674 317.7005134762156 107.18000762878948
441.4813417279181 322.70266034899635 111.44412931389594
451.4152683266103 314.64491655631986 117.21229262946768
448.9869406995665 316.60779735442526 110.05827328175299
444.10094286404 307.68424038235514 118.2716623067977
443.8011720509068 308.6316835119886 117.16071212261863
441.90101376174977 311.31400513088823 121.43300671173395
448.3795523733511 307.0532548054874 128.6984730104769
458.183716809434 316.5446688494403 133.94724192102848
462.019011784124 311.3756811004354 142.85446527520975
463.1493665582029 303.3310725095043 147.465594763258
458.5767882234869 310.0844995559786 147.07725201481233
456.41483351322063 301.29800448224984 137.22622082828485
456.83743518596157 301.24780717302883 139.28710803519917
450.10189267101396 303.04897940541065 137.578517653659
441.2520805490938 304.4007606857524 143.34269570656596
438.6122541517999 311.0250317738143 142.17492582202385
436.3048596826565 301.8450091578 145.9224020882507
435.644215060166 302.82049081691235 150.31802079376592
430.2325871487282 307.82152036878176 149.18338250118688
428.34829958148725 298.33010607007503 157.9927293839929
434.23925588742685 292.708137875183 152.7514492918163
432.96404303201984 296.26883194089055 148.54548217156042
436.32106541535194 286.72061512804044 139.2727355106893
439.6377170330593 285.46891699711006 148.8595632007568
439.62764661539063 283.07773606187794 142.1498596801083
439.52570407325413 274.10361075590185 136.64364668138143
431.6052459508026 264.6887304634664 143.9141025312336
433.73432651038723 266.9021185161152 147.58640881160838
428.2447716627964 269.1619170111812 153.4045318802327
427.05458500699564 264.5820004698998 162.9058205464038
430.88218340705885 273.5579698705273 162.39663866751056
437.68508360564414 266.65089359127836 172.09176184676153
443.79180606810286 269.9241203068008 162.17312699681662
442.28005066200626 265.64613970676663 168.45190592697975
439.63195252472633 273.0466308813271 162.974462111867
430.9419242961546 278.79926534106716 168.42753897460128
429.8251064142702 279.805364132808 166.95733856315863
425.7418797203153 282.97146018424297 162.94440579957612
418.2436981302987 282.5594351541599 160.0674711862296
425.6050258950384 282.6365024632879 164.94317042637098
422.6820297461142 287.64192434451144 163.49529610194895
416.2716138601665 287.45224878627283 164.81704578622188
424.98236422054447 282.12122891721197 168.64535249233134
430.2978468494233 281.24557216938763 161.3371956522765
437.0103895175062 282.7545824606128 159.74106350632556
438.25079603812867 284.08361581928443 166.56855513652357
445.5627709817182 282.6335750028497 160.55565047828185
444.78880095882454 289.4517173940124 163.30920267326715
452.5937678602343 295.28500055654706 172.04393110576964
459.72127199652306 292.8814219643354 180.16700274111847
452.96582761954824 293.1083817415139 182.26719319630615
445.83786229245334 284.20994933506046 176.78619054384265
439.91593442294845 283.57897210993474 186.61024739831848
432.19309232119804 279.0692568031951 179.61084500732747
427.58962098571817 275.2789161701447 176.37434304505126
427.1973175301562 269.54687380319797 175.21169294393974
419.1450169090744 259.65740058672515 180.20591121054258
411.9164104674547 254.97044111670147 185.8921767627703
403.56060360950113 257.99938328412645 183.41648237646933
400.23817537054293 263.3443937868838 178.06807260876514
401.72088104994873 255.65866112193171 170.433598374669
402.52879723924406 262.5920980875555 166.57685654683686
406.9284308275932 262.53320187260607 173.7350556389055
402.9369843344129 260.99090191660963 177.1194673071093
399.3407592603071 270.6631519953434 180.55041814847738
397.6189644402711 279.12165501137787 172.1529181939035
394.99620565373726 279.82239797366475 179.30907343384877
385.6051532984764 275.77495550615413 186.62775177929396
382.39487887549495 282.0014080092636 181.99651990497043
388.7103376054318 280.32759809797165 184.1329925165022
396.4238507235541 270.6596153154331 182.19769900217815
401.71709307305196 260.85160921725424 173.35499216373174
396.90070975582705 262.962161272497 179.87980877611614
393.0057031212392 262.80091602781926 182.25999633109905
387.6556707097608 265.98995570872097 186.37579039420908
396.06169889242165 262.88794521999154 194.32873642688406
395.7245720588063 264.615241904011 201.5528238404354
388.39063390554384 263.01042821930974 198.25258050303114
395.6080853020946 258.40898234399845 200.87167282706153
405.0740418235483 259.4994445037975 197.3652773002443
411.6202971305237 263.55279241732603 197.52011024812163
414.5636944374942 271.65296783103497 194.64021349494146
423.2936647326701 274.4958363177073 201.80544130648207
429.34956399856907 268.29388779023384 202.6073616851874
430.50796945419853 258.797331641492 195.38553145995758
420.62803879738647 255.21455754991624 197.0472160636046
423.46391317857405 253.43335946000954 187.21926075936005
417.1294940976683 251.33784490565648 182.43963316611715
413.12392245044236 243.7953664605696 190.92579361126374
418.3696555645512 244.3225790679681 180.95542670274045
412.21946144090185 243.81394424351916 182.67364150264333
404.29467918320944 242.84065794447392 186.13293002190443
406.1719292193195 238.76905744865877 191.04905411521108
413.6045079330008 240.92432238064427 194.37987768086631
405.65131433828 246.32032461691216 188.42638305052333
409.34590796814047 254.83201780789 191.314016894833
408.25597484516106 255.86610219454164 196.05086146004754
400.95496866164393 247.99170560428098 192.12724523559632
400.3986193375396 239.91346762518802 195.84154336787373
403.8269292601053 230.67044660081226 202.0100368136053
402.5136306423029 238.25749783281995 194.5505645241892
400.93486854777416 238.43750779907037 190.81509349606253
391.28225059184393 228.50687690455862 186.68734247412877
382.1321662490963 221.7876401469824 180.2539859612771
375.0616520291726 215.29668745512762 176.95358798736507
374.602160628031 220.35873780232092 185.73716242345435
380.80656372285574 215.6600443294343 180.164702139668
376.2038311003036 211.12774966897473 176.54792253754502
374.43440613347974 214.24894977783052 183.1050178470856
371.05425589144323 210.10659419694866 175.03195226766326
376.8621955882917 202.90091548929212 176.64815012189052
379.5082450109332 202.15208496510252 170.81234582885588
371.223404835191 203.37263929602298 169.52551806946627
373.50313469334975 195.74172259407058 178.24953714109236
367.1077688757475 194.90971132804412 184.77373792179077
364.53793994633764 188.04050907599094 184.93211889995374
365.68988196012714 196.889994936439 193.80795153267903
375.6847984384394 195.89285560229777 191.13076317184297
380.4187668706936 193.3152614317844 185.58424415425594
379.1771799154717 183.54685632362055 187.37276604125452
385.34424894170843 185.73506494905575 194.03584256957822
387.3605143670047 184.00482473002418 202.40908639268955
389.4003799645452 190.62664467891855 196.921910619947
385.6285510726844 192.9352314518234 202.93460514757044
386.4944004789479 183.00487150009562 196.91456873326868
390.1558375964593 179.8942971210353 196.7194901729873
395.3510261405333 183.54615316020872 198.7243273033523
387.94744845611285 188.92365416662852 197.91004158995065
381.53234408523235 191.31873854779096 193.72336950637987
388.8524806781014 195.12773409969554 200.01560453125003
382.59541967954937 202.56270734149655 205.85383259597734
378.28958169662354 197.45188287173306 214.9326874646267
383.5368375389521 206.87359348422302 214.55737075858585
388.5475120272992 210.30065843939013 211.61606759049386
388.05576048580133 206.92359133566544 217.2972166889296
397.5634865975594 201.88624215273938 210.4585490943476
391.20074733261686 205.96355824299036 204.0153749707036
388.86981121376056 215.37519902092885 200.00280581114848
383.6056264673794 224.34671227376353 205.31991659669234
384.7760120780675 221.52810011516357 210.6606110833301
377.5845425648938 229.6525037119742 203.5237924173366
370.1733257292671 231.23076387983022 211.39539671595307
379.002544711835 231.64416906878375 215.72557283176369
371.6928704178626 240.73813416210646 215.0303944435928
367.12784722990983 240.73449579520985 219.58273254196897
360.2681964884091 245.28212623302358 216.0487239817695
362.0468633753123 242.59029665347222 222.8724734437081
370.86897788824166 238.44538977538315 214.95159394580432
360.9790097511159 237.42922557931715 209.18479467732897
360.90802697234307 246.61143252126968 209.72079225576485
364.28387735879153 254.45721184989273 200.6620310137865
359.207638559348 248.59457876476097 196.41985812794795
362.08241097786146 252.27885958388975 201.39507309804833
361.70639808600436 259.5515073039198 204.24037384431352
368.88433045917577 252.69629574456775 213.7590636503063
370.9502318402013 254.1897046077769 214.770979435191
364.6822277831374 247.0779211693521 207.3313938004114
361.833902474785 238.66261760166066 212.79573434380677
366.8383288320085 247.0529517863278 206.72421846332324
363.2851989087067 250.7570545559542 211.48393054856567
372.9274701120984 248.3210135052221 208.66185814472723
373.09664174379424 245.7943037623903 218.14004030116752
370.4609573307231 253.8058224003129 217.34057667045653
360.7008879337178 261.23735257394804 218.53171287951142
353.7546269920282 268.9648794144641 217.6854376864498
350.7437928625313 272.91075054239445 208.59154263044098
340.9448960408209 265.8590556304676 208.66874031277496
339.9293697758006 271.2950564229085 209.31845437544388
340.2663276182735 277.47236324880873 212.03931221182538
332.3789481729251 279.5865579043767 209.33494882646005
334.17415712508813 272.9613531731854 214.55972300679804
336.7963540829576 269.6791064426178 216.69009327766278
331.5071241906845 268.79978824171036 219.42666358592652
324.636196048312 261.0659477600438 217.7376479138446
328.74715022015215 261.2389204011611 211.26677367694026
322.2509603954419 261.7383768326316 209.43972044049374
330.8350774514958 253.68092612746824 211.16277091682997
321.20827589846954 252.5502988442214 201.87951935082273
313.2685011762799 244.6671466758681 205.55121749373623
309.80398781283327 249.00026141253704 199.32189396492478
309.28534974636585 253.33619840020694 203.09885939925294
302.650492085579 262.52647677500886 203.79718108850136
308.3193234799203 258.4295475839682 204.89242911418222
298.7270972607547 248.51248181133224 201.5114062581376
300.4462045779189 248.89389428232934 205.47763545083788
304.05518545851055 247.172267476821 198.2560429453906
294.0990770175471 239.14885109839787 202.6201119677261
300.7595812504133 237.07210335066765 206.08096949213538
306.9314474754993 245.92565188487924 215.39605508733467
313.12616487701064 250.29974262156708 216.70641171217127
306.0846241457408 258.55632810009854 214.56205886734557
298.9689279245709 256.13508129772015 220.12519115013816
307.76166085176783 265.6637811609315 214.59803193613234
315.80521489483226 255.93910892535297 224.2408259888754
323.7107527656695 253.1463267077372 219.15986516754322
317.00370937360054 257.31825617886545 215.06228895575595
320.07810997848793 264.0718242022762 223.10299846385556
328.3240130917853 265.93410841226796 217.08338575673062
318.826520779448 256.53808442123204 214.01255867976852
312.8641328088832 260.2532610776414 222.8866822895935
314.56676806070874 268.81480636466296 222.66323416407505
323.54045036941636 262.37476547222377 229.99166552988592
313.8644073471503 252.92909611226787 222.26262969975332
314.4981839251216 259.37684522189664 217.06812087384267
313.5917741330822 264.08841393078677 212.79617316313175
322.9044936183606 269.765478270542 215.0723270968869
313.0118631429871 275.72632030930686 217.00022346045938
307.8803986573849 282.05098987714155 223.90558289113324
317.51672435843597 277.07803581482796 224.27422131106826
324.5575324896806 282.85892516463747 226.58102694698468
331.90053278255255 274.1238772837066 234.97939859283815
340.9493511275399 271.13601660372973 243.7326955321686
346.0231116908416 275.12100812684804 234.19719828631634
349.9878152208979 273.672980950881 233.21495349292837
340.6835054638755 264.9928647079366 230.7054828595694
335.302314695807 269.49732714421515 235.71976004420037
333.96103315649134 277.23061102384946 238.27285191959282
330.9728325199691 278.0430777514347 242.90038054052127
326.58216751923686 273.0483334995973 240.16845356435397
331.31499103299046 271.6557489825078 241.54414100140303
322.04107933774054 264.8818205206051 236.5798385922355
322.8964004360435 264.15871902467796 240.15358689521307
327.90364380971624 257.6765544295508 245.6559035482374
333.0736552502924 248.11565332869088 249.79545095874317
342.2532536248059 257.8556476772784 251.88837212129275
347.5477662543164 266.6646808019521 258.547354497987
340.76939971026144 274.5069948387386 251.6574872189594
331.1064370189935 271.1638461384245 255.22005521635722
321.43143760548094 276.5193329607474 261.5507162871855
322.1291340765221 278.69258890081204 261.77714079590015
312.9319860421923 287.9345443695756 266.9592811537859
316.1912252168194 284.59230305048476 272.9022596170146
326.1900333714179 289.0489008743763 277.4699316784996
329.45721294579397 286.776623795109 274.392139537693
334.09694915182706 276.86755496673385 271.8204644635611
333.82466535700655 277.56878799558496 280.96480389019723
334.23194456318345 276.7829954171353 283.99761186595066
329.7003313996977 270.795530710691 279.66866037243733
320.2939989028449 263.271079750833 269.82987372953704
323.5488109756101 270.62623765333325 265.3962405723363
315.7881321693945 268.46119293804196 258.28682449362856
324.3904990033831 270.2511832077531 263.4429842450105
318.2648306817635 274.1812665738293 260.39258932315175
310.44485836869353 264.3084157575302 255.48338776070236
300.96641419986594 268.95654529158054 260.73250359739495
307.4809114003719 263.0948901804894 270.35086786667375
312.63337312648747 258.7855826379007 271.8509921813552
304.0933673172852 266.58197796705485 265.61617056281807
313.08688991795975 276.4957257240184 268.7120139385781
312.31832251115696 272.5994534188854 269.35413891814284
320.3775790881934 263.7965308938575 269.95444300412055
330.0579739779631 264.6987317468734 275.9116285518446
321.0496992561113 265.37513499991553 269.8321824827912
321.3041948316883 273.118218957509 276.17471864168
320.2176933116475 263.3399970517544 271.8612358131921
328.2037480038878 269.4668113078713 269.1777634674314
320.5968493387685 278.28644875497366 272.55279001873157
330.49098012950924 271.0004044655715 278.69089043279007
333.7561301272597 270.47771445270206 282.08842633740693
342.9470648627467 279.69931650668923 289.48404420242707
350.39901118370636 275.8642188464941 291.0282624117778
357.01469425090124 278.2065914539495 300.7934106855546
355.61041934346 269.95064064916664 301.840491990018
348.22567883127573 276.74141972605963 303.82196232739307
349.94245022833167 273.90468910292736 312.24499223931485
358.3903765161144 274.2489888396111 306.059982774932
364.1106622664466 275.64416011424004 314.0011782800702
361.29675490421414 277.9092106516416 307.78423703139794
364.277530123473 270.2075014691146 308.8127585459458
368.6810195897284 260.2834776607207 302.2404253459967
368.1807058461325 261.1491674743295 309.7674388001433
366.2659281915051 270.65066055212026 317.64487197251805
365.3206153023031 279.60404636598577 321.80906834475843
371.76965151325595 287.83862525994806 320.537394183091
376.2921716812018 281.1667348992908 311.61770131744356
381.6711645838558 277.9011745312265 304.62747072139587
385.25059389363355 285.30358965547964 302.91285785799033
391.66377913230934 287.30795389372213 304.1277015782485
401.5190885323131 287.7175978830599 301.50908133435433
392.4251686227201 295.54920175179575 304.34338005659504
386.44382850339525 287.49876594790305 300.6975702085298
377.1658172341414 294.05869791863597 304.3867614144865
378.95593327519066 289.4787737712502 295.0544374035585
379.548634990903 299.46610648587097 292.4887952929099
375.94123659070897 289.8045873713272 286.7343630269834
383.16150413613263 282.23673740396055 281.1957182958171
392.38734897375934 283.60103438880003 287.4350814386106
400.64206959863367 282.3181170243054 284.68366542319865
400.01781701887904 281.39918639277147 277.6650386600611
398.8325072419502 272.2965251627519 277.2140388529223
401.05318112078714 267.40331974527174 268.03046145140314
391.5826072365523 276.0216334610331 272.31175390453814
385.1901611341939 269.0382747071639 264.22896870919055
394.5506534611515 269.5854184126624 257.1080067801466
388.76092495224384 265.0330330772404 258.52205621196623
387.9506166031337 274.23074095797057 265.9642954031143
393.62726138269613 268.22820503205185 267.6287228730241
384.72199274829336 263.6003807339598 261.3584390246777
387.74243153878854 265.6274965578272 262.119413390682
388.91164973153843 265.75762929369716 254.8018385190079
396.1492199085354 257.62590630048425 259.8827160570594
398.38439036924854 254.0647569141257 263.1019785727142
400.4812905118654 249.3365709006174 270.1013600963925
391.0414799602585 244.8408623587919 278.2057300684591
398.82668763306566 244.7340840814121 278.7550914753592
405.81430331478043 240.00227227329339 281.5093295145195
399.1210188073245 230.82783979253125 290.7266868417606
408.8209759783296 240.5628165180693 296.0864816575491
408.81763037550604 230.78410554135473 291.7521380817806
399.407705104822 221.1564250257632 300.91913165867754
405.057220517633 214.85576276157968 300.40507451880904
397.58595155725976 213.28414446984092 295.7669753813191
405.86253147294497 207.70103372942057 298.4350352790472
408.6524428180467 212.42960766955918 305.34988224008964
416.34694534379156 210.08052708725683 307.7735076810272
424.51156055197856 212.12515786832682 301.3849446632102
414.82899490984784 207.25958966003088 305.418987055099
405.8344189395413 198.9754022881382 296.92133605602
415.3296155111136 206.2291941073227 290.0842958428216
420.81737274710383 201.71590998590554 298.6050001325668
411.8786114972655 198.92107316670294 296.5474344333933
421.0438676073058 191.38604899286898 294.54053926883836
416.4590509962293 194.7361588962369 292.8320320020114
413.45463858598816 203.12817122636287 288.3786569608125
417.75624335466557 199.60792730593334 289.9965252396914
413.0800560859738 206.68597691423236 292.7854822450698
418.0603025521015 196.78085308814713 297.7965749752161
417.15935706105154 200.18041316335038 307.23759344891806
414.62032402640136 196.70734025366357 298.6636675413803
413.1945312315298 204.80110677172271 289.8551531035445
407.4018151003621 212.70158807103041 291.68030727258747
398.60337332168393 205.78402757251789 286.518311678377
397.5630501839372 204.4089333629139 283.440253112795
392.98045546872584 204.87720442364866 277.1708519093779
383.84849871443373 206.42147674884544 267.79325872621683
384.67701738516655 207.36693411177419 263.4761093893189
381.78057616391504 216.35353855928724 254.2460968000716
373.74578682204873 220.33836314948144 246.18520583848917
370.3244181609041 217.27287912668433 252.11560328431648
370.25842437889463 226.5586250475424 246.84427833358674
368.58926806042285 224.23218441686245 240.3153197492827
367.028647346566 230.35527452896946 232.65394997025874
372.465775323843 240.03234815657711 240.99866728018335
380.0306001845411 244.05514286355307 231.396054529902
372.47784389965443 241.41749442373217 224.56371212701018
362.94810526371475 250.87773775286954 215.60161750507254
360.1394942136812 252.81180219780603 224.7580511816239
352.1021296245482 255.3369305848232 229.55692345244003
348.482307449342 254.45453789963605 224.2957652625875
350.4296246716841 253.06103809807578 223.56476807142852
344.72655208652526 248.41204453471866 230.14010252011678
334.7310469031214 255.52511828528117 229.166954085582
339.36871795513247 257.7678263540117 236.42148644028828
349.2480405626233 254.32943791546666 241.13339492275222
352.9919421838291 259.65632547685004 232.44153940450119
349.22417345140695 252.05535317462568 232.07339425883015
340.79432624765553 256.73150468582503 225.04971726441875
338.2919446070531 251.56061324022016 216.4437140367146
344.3189139815451 251.69319540615646 210.11455597024934
342.95478293832906 252.92636444140848 200.76671835600095
334.5681940598922 249.00974734225397 193.4654723405246
342.87221184694016 254.19434051289085 196.41997985587804
345.4061481607199 256.41114343136593 194.26928648124996
351.2433065356032 248.8243411224852 193.75037965850586
360.3083765511662 241.96091503144393 195.2139945136574
370.2260431078903 232.02195322464246 204.57803406093115
372.8372970698748 241.7229621248749 210.18712931038021
376.27693618049756 236.98249236279827 219.0391867373006
374.3828758927668 233.10994146332686 225.66011394904348
376.3901391032941 235.97382693577828 224.47960734891168
378.398669033593 231.92711549334507 229.5409938856181
376.50269247516303 236.24105653133495 230.02399940477682
369.40281471220453 231.29925786344808 239.81267433414237
366.22842278796037 227.11546644804932 241.40597494532602
370.43571279703525 224.01849623522483 234.90374358061456
373.04360475688134 231.72876495688382 241.04641685124372
378.34914496940496 241.10497959670585 234.8886479305128
382.762315333936 236.13744156771043 238.40945303538223
387.57406788982337 231.78876773056209 237.893007563807
381.70424351027077 227.58348598371683 234.550022913791
375.11143310237617 220.0294756461206 238.39565481594698
368.02479255239075 219.10990203681962 234.58752589641384
363.7441111864456 226.52161232718137 240.3557544759368
370.624508244367 226.1580728667406 240.57050105527608
360.70755244558694 225.07315083357815 243.6094795985871
356.2922868922454 229.51722064579596 248.90610630807464
354.6576746538033 230.53060064403005 247.61853484132084
364.5786502331352 221.01439875681035 252.56354284316998
371.2629918787328 230.90924253138402 261.2901341721632
377.17719056788235 227.4228838230549 262.5870459306198
374.48829254350255 232.67375596512443 261.29149196405575
368.3136879435011 229.86908940168038 261.3848862318301
368.2491086699223 229.92712521880657 270.9363659765438
376.45742616778557 238.2930703794696 274.23887708246735
377.7386497046901 248.12736368224688 266.07058068451664
368.86984448877377 252.05958656127905 258.24657733454603
361.6678876442059 246.38505264316896 260.3386614838076
361.79813663924904 250.90442737690853 267.97692182686376
352.3287911682177 259.87367220318043 266.5693400839975
347.21819369899515 268.70679288605226 272.32403485052976
340.5836714712032 275.3678141334982 264.78498994386484
343.3962070860236 274.0375736184906 264.5455178883234
338.02978359734294 273.06728564003936 271.41348847580247
329.25755453538403 269.6525088162246 278.57845343318854
323.90391578762546 272.1073172418416 277.28448396429945
314.71692842204345 276.47392526595627 275.96065464021973
307.86900011920875 276.79268656579336 280.56634498733814
302.059336738999 279.57969006059835 282.5095917902241
302.52081046599136 276.46588105124033 292.1945332639028
303.47735521080153 266.95350118906214 300.20524484624195
306.9588880855502 276.5676769515117 295.05661467945254
305.15186611569726 278.4282071410329 298.8599100507677
306.0351637438384 287.4549303647374 306.30078809989635
299.18600595883305 287.10333285935883 315.40213524582185
296.2860216074038 296.25256248311865 312.9725593816499
303.25887688257035 299.7135014903157 306.77619910906236
304.8371693675585 299.6464591384743 298.19858840952793
302.6277596200172 289.9382184049444 293.7444379981304
295.2063002477486 293.6837442516497 286.8219885673294
288.6151256599705 287.3244349348841 286.158554333404
290.22205805272245 293.03090496140544 276.5671088280047
284.0195513479145 287.96209341058653 271.33487237873805
276.29618917701043 295.96827689871486 269.5021566249039
282.704375006855 302.1221817273014 263.09076964756775
281.74925669021 294.80966728010594 254.74759917999344
287.71061509475265 291.25274757956817 246.76809336495003
293.15923464458876 297.93640978616634 256.5437021203805
298.73643660295454 301.8062304051808 258.893985071931
308.0702107636138 301.2487410999413 263.0750941123059
300.09936615319106 298.7621233881718 266.66350130835184
292.7315123578719 306.08134448755436 260.882057325364
300.59312074765944 298.4010612142976 259.8767801497845
307.3108867451416 294.44019137260153 261.5303784713702
301.38089176548743 301.4064783540544 268.17210106710087
307.32510754079266 300.91211775765646 263.30638825009606
304.0402359699105 300.3381967108647 261.91943903225183
313.22077234646434 292.2399307680702 260.78234801275624
321.2148748995034 283.78076474636947 268.5194157983538
317.82799723674157 276.57165685514434 263.5277245525037
316.45190005247554 272.7513417475519 257.0835808133493
320.48978919158185 276.58317139802693 253.93635838443362
326.41895893868093 285.4596479716091 250.8621460311359
326.8371711564225 281.02081452627533 248.22308491811157
333.8047124098632 286.45969582793003 254.30221340521095
339.8492027002638 287.5403578634831 258.78175341231247
337.8824538908391 282.96206962778706 249.52316354513835
339.79503789544 276.9888069667057 251.44446754155308
339.92952491467196 270.3535634219546 258.497321453516
337.6349217745107 261.2991822485319 256.6303008749698
345.74373250593817 262.9014324683293 262.2110310164782
343.46538411083816 254.19741335851154 264.6013665681625
336.44171954421375 257.09513183137756 258.98532330157485
336.1676502710464 258.5440451229645 259.28971119324416
338.4360582172659 252.1868872099375 264.57773208497554
336.9219666769509 251.55764628369454 267.80357923522644
336.40191271247727 251.72540622550588 266.39850668539844
329.31421582120316 257.3963597144516 269.3841075829853
338.6480802179288 264.932436745729 263.8578006833136
344.83728488339074 270.4505001777181 268.9837203720942
335.4776994654882 264.7929632563367 259.0474125184822
330.119039144733 272.04298723164277 250.49979433483907
322.8758770963395 264.91882304771957 241.46670344545004
315.59434522044063 263.5541025550502 239.59499511681182
318.1423319895337 273.2930861206052 232.38249321345324
313.47751563154793 280.8665657522222 222.69089664272823
314.35604384728146 287.1317238467181 226.59278767554753
321.07519019459244 295.005144079456 235.0273378008166
313.02980548310086 293.55039501891395 229.18340873744052
320.10300177492354 300.1388373220435 222.67627870059678
321.464726378065 299.735566507214 222.3180534780535
323.01567186101147 297.42644998050656 216.49653740954432
313.248865175685 299.86667313305475 211.727484910737
322.4870398111138 296.9052623895838 212.52088785903135
327.97611291533974 291.73063651592014 212.9904434317657
328.5821983315577 286.52741661835404 204.6607775798736
325.5378326317773 280.1589648138008 201.2312879514197
322.2397617674803 275.8669272561627 205.45790788385054
325.86854197987054 283.3046242989652 199.91026183487918
323.4455132976953 280.21349008519394 190.71128206103919
332.8239743014893 290.0717583870655 197.48841170186262
340.81513772577006 289.2364151058123 202.43230006475775
349.9316065297229 292.8671721343315 198.93487462368262
343.9076725038944 294.38392715884186 204.0231877469859
349.20320142048297 303.9778712447841 200.04859567876986
348.2545271824283 299.20156718848136 195.45317332989316
354.7876141069088 305.766445067832 201.48311707263838
351.3280205490857 311.166935815444 198.60938255529425
360.7497578795444 311.30243239062736 190.675761371896
358.5073787579533 312.65986404231006 183.79482739956066
364.37505501648496 308.69013933183516 175.02575303343443
372.16477770008873 314.63429500347553 176.79110905603764
365.6383620357214 309.4863994506959 173.28258072795427
375.3004350641653 312.14676394573956 176.383643850998
380.79589687700496 309.5383520509567 174.0070916678186
381.1990869261611 316.76450773366287 164.54649485108132
381.9319601919991 314.66615559023586 174.00543678633693
374.9304327520061 320.07857001909895 179.5247669514795
372.8019426934918 320.9261746574534 183.89694728280062
376.9497752052851 326.2753590143919 177.9700760466724
369.310581409217 317.08273241338856 183.51357580141774
375.1908863291117 314.8911228495275 189.52834321355343
379.2616742470061 312.84836257379715 191.44150029628926
369.9742760072387 309.2127985220137 192.8337294763143
379.72042968423733 312.1555389475916 195.60332633712645
373.1031036744579 320.9937601939364 204.82507573985427
378.96861103517057 319.6166477546038 212.1297309918922
381.5238664222055 325.3117078870449 208.39220285862282
386.70257184586416 327.6194392183001 213.28510053714072
382.22767967851837 333.621592045375 203.5363594171233
386.2674534443872 330.61387694208526 206.6806138886514
388.8323070209788 337.88030140952736 213.2787933833778
383.86968201634807 338.4745152616574 217.7357155012011
382.38669340765733 341.81908984418874 227.05123685718092
389.5062966944832 343.00379090243155 217.35274768507307
394.44101820429944 351.3727878813866 226.6301260586714
396.40768512457817 354.8616556040574 230.544547781306
395.0853806768457 352.02463903554667 230.52851885619575
402.8759012014971 357.22445289098715 226.20655782711628
404.91115590550527 352.3374288825119 229.9705622198546
399.8491364265486 356.6962495259079 234.6890109499234
407.88565383442466 361.7433852639104 228.90096195769314
414.04922397630736 354.22096385636115 220.01587765199312
404.31983036365295 356.0482877306664 210.31935099124664
412.37140037910393 357.11874566377935 202.47292185272983
404.63678509457833 356.35406622614374 209.2236434271746
407.3934419420807 356.2849210110657 204.72388841311323
406.2309337645894 362.2247064729785 213.9983033135697
399.46739187426124 370.7212025117179 213.94916798719754
395.58024959559845 380.1548235861769 215.33770098862905
400.8489538218711 385.1695962241648 206.38148897133792
405.77673960206573 383.58440673719315 211.2816257261046
407.3259058058454 388.874756766257 208.12452421891047
414.0069556839794 389.3303610774196 211.71846822572218
407.5457802237725 380.28266601852476 203.44247900014335
414.30748323027643 387.33522003978874 205.9176301172098
410.82353775705263 380.1909007377605 202.6714563602433
410.95679743948995 383.07669839626067 196.44828490470678
409.4540106717018 384.85105146641445 199.48534532237014
400.0626214616326 391.2361117056755 193.79979163572497
406.7643072435416 396.12110935090413 196.88137151778682
397.13820926011584 388.1135073974174 199.63633046746727
402.05173116295884 382.29749670496324 190.46182590473245
397.83152018772944 378.12407497355576 181.91576769637427
396.09385400606897 383.798666072982 186.8384394027948
388.51404518625725 390.40100932296997 196.259811159368
382.21531730999703 384.0871931573865 199.0103823174637
373.0282100238516 381.603880791358 192.78441516503548
364.60880239533316 378.8497379587252 187.44764932493575
364.1238571875587 374.18489976239954 178.4477067755798
368.78402288664665 368.69276022521154 181.64987161955239
361.02599638743476 365.3895913516056 185.79401003916658
358.03877200446146 359.2337296781463 186.7681405665413
354.6395422302536 354.2096393027514 188.91191664359448
346.3648279197621 353.61039790756587 185.71607612555016
348.88183418178676 348.22479599769235 178.22581631154972
352.3348222936197 346.38400342812344 181.19853478229012
353.92247211425246 343.6552984994642 189.15591430444445
358.5721753071213 348.3591160608204 186.2866704130409
353.48243781710744 355.7807334556741 186.60926305624108
357.82711293464365 354.4504020645848 188.31066956675053
348.96197716439735 349.08528536891606 194.2258730468366
344.07104157673336 339.5291289305933 197.2437484479135
337.89959803500903 335.2581620068389 195.81655978985665
334.3347147530613 329.80251142721806 192.64363153568644
329.0547233350775 329.106627401894 187.26845149240393
320.3894358850844 320.33862871623364 182.63579155611552
328.16297298665484 315.0237540835952 180.32872319527988
320.1536612930161 310.8950669850826 177.75142063314377
316.3131382212847 318.7807381352093 178.2404500035067
326.2621329076748 324.93969893473655 168.5001624337124
329.82466307052414 320.67424562513247 169.35067488542722
337.3349896913794 329.1654552932988 160.077516332739
335.8241822727477 333.5686333478068 157.47292502561552
335.9724910547346 334.8799741336216 154.2640801647617
334.85159238324076 341.26992776112166 151.43653639283804
331.9371717404325 340.02240460276226 152.45871218450316
333.79016689645044 347.9625908742531 157.09240341136845
331.0039274458258 350.20257550765473 157.68873790487345
340.5775853873941 356.53614949226204 153.46877335376763
330.8091721203493 355.41926905212785 145.43138241205563
329.65989038178947 353.1242156887447 142.6373950426583
327.20880730867634 347.7512828302989 136.43749408280675
323.58465057345603 344.84235024292525 144.95593247757498
333.5638123874382 344.24142160581613 142.84576603622494
335.16237182157545 349.3196164944644 146.6843020867243
338.59053859309773 358.0540504246897 146.68205490897316
341.6358155884047 354.0078530799996 148.48281908281774
333.7091746499115 363.6675188606992 152.3515564145718
340.01395872249293 358.7874344666751 151.9692217189313
348.18753696270284 358.06357681013884 153.17079074152184
40
456.69125689470303 367.8363216990697 184.81602955715329
447.66181710733576 377.67467646519805 203.3361416444238
448.77136879133013 372.1424294375862 205.12620703678138
461.69351585658114 371.91915978915983 195.13885465192263
448.3774810663875 382.7883547658252 198.80828433758205
457.8418147494245 380.475051849089 188.97281955285595
464.4751941729979 372.607441072631 192.05309363719135
452.8932356784013 366.84834907135433 189.85417951202197
440.7625028762699 379.51649400324567 192.07773425687694
450.56697244244606 375.7458546708135 171.25848662123485
443.91476607200343 366.66118475849805 180.81453651447416
443.1771657535744 366.24565793062607 179.27003345695522
446.7711317255086 362.6579072133783 177.10010002524655
456.94770378694056 360.1428908261452 173.74206612107488
448.0233368194872 353.91012818484154 166.1945017589183
437.1570019110087 348.8291328989156 157.20441003134422
437.4209159755412 352.2019092324742 154.3395946510973
451.69668835309534 343.6821932544372 149.29874394998672
440.7602183138894 353.6225523131204 150.86141673296763
448.6423173391163 360.6041610071622 149.21442877811913
448.13313244817954 346.70043482872234 145.477877768143
468.0686618654603 343.08280811396145 141.2842513659926
461.21332137566765 344.72610558312846 138.5723284782265
462.0104366540334 350.97203300114415 159.41976399110897
472.34742485659655 348.7494437517847 147.9431905982266
460.33092076986094 336.4013433367914 151.88433916772124
479.39082537962827 332.8431683659206 142.2460363406047
481.3052379601028 333.4579889315133 130.06623299419803
478.95424432833016 338.0121300630222 141.49200029795415
481.71744269005296 352.32446795194693 151.4306576632702
469.52596778065873 356.3685036043203 136.01262322425077
486.3852200375312 351.9294700996841 133.93651823539665
484.03602016476026 341.2315430174569 134.38198797039416
485.9829512297647 350.03703715500865 126.43409529765442
479.0034772458562 341.30261665271513 121.30572148848012
493.84193618523494 350.7306654785675 121.45894862516381
488.98534060707016 349.1428837099972 117.62872058319977
466.75552240020687 356.7337978236741 116.5450498758098
467.83333829003186 343.13716618247105 115.68772071806332
471.74595573418856 330.21743098592685 113.43793742101136
