1000
323.7261561714009 488.9643261437864 126.11085058716688
314.5306949434665 488.38573674261517 122.81517673274251
317.71015081554225 485.3285723537552 123.48951387411726
314.0223131449733 477.9597763820773 131.7665239418151
322.7793879292301 471.5173844031581 136.74789853130983
318.9936820939761 463.6653241400733 132.7781644841786
318.7177817596498 454.7802714317956 142.06879913351625
316.5711541073754 464.475657197237 142.89788535326647
320.9586991888393 468.9832281568096 133.2176534693602
315.85901154090345 463.84941119763187 134.73336904192746
324.31084812322604 467.89301762277813 134.549876133847
332.70173292745835 464.80079061503585 131.555554492091
339.68338574660856 457.200114746572 122.23925170770455
330.59777252112525 461.52917356838304 123.61882271751394
330.9485803548524 453.2851547698274 125.86804443569106
333.4946389731392 449.5333961305492 125.34535473181904
338.28033261344933 443.22647490413846 117.58913883487384
344.9257356121955 436.96256750375966 118.5610055871541
341.4643264605031 430.25144085282915 121.17335309849501
336.45320002139 423.3942586350142 124.45955438861989
346.09063871412553 426.45936619984116 124.16418107789195
342.5020828593947 435.6655510591538 120.52130330304026
333.3259805253356 432.83523655054455 111.37011854788031
326.27120514939753 423.73295483933066 101.9790464390576
321.2013620775331 420.1147632057101 100.5328127087107
316.14420967249686 415.617337508909 106.10316090872904
306.5482324600642 409.59210155967077 108.37140279717833
310.49697968251235 409.17497338935317 101.95665811324506
313.75865732991093 415.05216893989865 106.24904131101741
311.38401190932024 412.8817771589705 113.25955633983523
311.4920263231633 420.83289368661 110.22695151918211
320.4781678748492 425.78628378590577 118.06274589352502
319.9408259833582 422.5572912828476 119.7017891417813
326.89798249850276 413.5224750667773 118.91658082426919
326.1780816110211 408.40215349546247 117.0132714414726
323.0027648822025 401.2856917251448 109.93473620554478
319.39913771268874 408.58859331257287 107.03206278043623
319.2902901834142 403.87993426093374 113.80617145713862
324.1154551856443 410.2185398323071 113.80445915474407
320.8045200335885 403.2743824829485 108.00287656261125
323.2309718286871 412.1472413626926 109.19290949468468
328.30384234948605 411.72208440864335 118.77508955661536
332.3238556561168 410.0619301289611 117.65445058806033
340.82150998011343 407.53893340444137 109.58285618130206
350.58951628975467 400.6641074418226 100.58401542037338
340.8552038184253 399.82028459997167 102.23667432403487
344.78021560676257 405.82908510228776 103.37039569471159
347.2798784792254 398.02535272033407 99.82894872788872
350.3578028634657 400.43308859324424 99.71803295684988
359.4866045507006 397.53488104948894 101.54581551294531
360.6519909628452 401.5533967369002 91.73069269620488
370.2715457082009 398.99272651575836 91.1155680994108
373.5876762620429 396.5870969077978 97.72077903383058
364.3982705197747 401.0007785737057 100.07440058260154
367.24179139461813 402.0295452819799 109.72997334915078
368.0354311317153 407.9314644709174 111.44303051378834
362.36178255137577 400.5641632400074 110.90068106715916
359.8147892530175 401.2589548655864 110.93159672696402
356.27560718571686 398.37562975369036 115.65181379812579
353.59737179760646 402.96518101155164 112.870758610694
347.004864235997 400.4284863061273 121.23579001055684
347.26408343560297 406.5609729296532 114.73666061241978
341.3343513347708 403.1980438572739 107.2378959325024
343.0907936066649 399.21757721640876 101.39246350265714
342.9371491937632 402.60656829538766 103.82274954953947
339.0246091681359 404.5022627588539 106.0487791614778
333.1210419857075 399.4139453947463 104.85674108929872
337.0523685349094 400.6992232847254 105.30093062005268
339.9371355081084 393.9733243571913 99.57003816232341
346.7935780766813 396.2480916084972 90.93204819414247
354.9926184714791 401.2972988289381 91.28373521426349
349.00407744525023 400.45882945994015 99.9238840884548
344.32103351167973 396.95975998595094 99.37593939595018
338.7724722124088 393.57653313542795 92.23010160682543
343.02293020679866 385.95775583065245 95.70955060115085
335.6517913812223 394.3451020424991 100.70406163610424
343.6050505719207 399.1396639778893 107.0592205246725
352.55571238076385 408.97780704143094 112.98663079963671
358.3806293760774 411.878769147288 107.94730924000815
364.7137905300117 402.8703852441767 98.77104639823006
374.1085154288485 408.15890049474984 107.73381729710539
382.50996673199654 402.4409905523866 115.93161842310293
375.5523126569855 410.78890395895 109.61495124152466
373.91442929977194 419.3392070199514 119.5324828932217
368.49868825537453 413.7612630531108 118.14688728506884
368.55042039829914 404.45509660042296 122.59959600642654
365.65100034869573 399.8939200344911 121.24094142589949
369.2668047631777 390.8082830522499 117.76530695182721
362.13782601380393 388.37958938730657 121.2685671810954
359.2009313065399 386.5652381677818 125.37866199627472
351.82351151814674 396.36976039293575 130.78586853305353
348.6225761723016 399.4969276590878 138.87467802124758
350.1622736677721 394.7057685259802 141.8094363238914
344.47849398932664 386.43780570853755 150.21255010604295
338.64046340196614 382.747085369906 154.00368304908557
332.034368086177 382.8037216611889 153.01716844022036
329.46957124252754 386.3769819436807 159.84969807047182
324.3668029929334 386.2195157920713 164.4532788356807
319.56791216009486 376.2357622188207 168.32159411402273
322.93234265554395 378.8671937748075 167.10356642163197
325.88672746179094 369.2909847866873 158.54549162424084
323.5834999040043 372.8981731039848 153.23128594011447
325.6454525817414 372.5684424116586 144.04745298364983
316.42862680536007 382.2498244909579 145.40488035411602
311.8846562065606 386.181133704769 154.74187831800145
318.60695375011807 379.740582845457 159.3506653966614
310.35223268596485 381.3829063677857 157.73595585241569
314.9662311212477 387.79665207622344 165.89244762411914
320.9612954648078 382.3974340063217 166.83305134374044
327.3827635987334 382.4370135088233 174.04982952933645
323.2532776818703 380.5172375251796 175.83839634298624
324.9933776883592 378.3881227638227 181.92629146261763
334.61801960327216 380.60125424863 188.94525111434533
328.0183719533809 387.1447100365383 183.02420410583582
321.5628086438027 378.6622814218776 184.2095535709675
331.5232354617878 378.8821438412969 174.8186090591968
324.52590557507193 376.9286531151398 173.90039853550738
326.91933211185386 380.2596366690035 179.7734398534397
327.18748365658365 378.8778476995246 185.76353734566266
319.0115214043014 379.2655149101844 178.62563235895013
326.49477858288196 375.59074283521045 186.50756686553518
323.60872265353237 367.21917494436616 191.84499886422213
323.80666800384375 358.1370535585617 201.43871054563158
328.71838161466985 351.8470912048315 200.06363175575814
331.4223687120935 357.35428647395213 200.28890951546023
338.6149994223142 351.71962363559226 200.89803625208083
335.4047399386183 347.45195948810783 208.93534848136133
331.57998192584 343.83900796120435 205.14777928429334
326.66444578634207 344.13494070827113 195.30726350173092
320.774257498496 336.96914109680165 201.57420503917518
319.0255055597707 343.4538944865928 197.95986599972906
317.02623557867435 349.00101562200985 188.58376338688024
321.1973280357904 341.3332419103385 185.17135085561745
315.8853661510129 338.8170463781731 195.14958032896067
317.15100579102216 329.2465070379702 185.75936195585444
321.50783904886083 332.0911544756994 187.8686209667301
317.96488273975206 329.688339816755 189.68783875949842
309.6741078833918 320.0860341541791 180.88267091036508
302.41986496070535 326.64619137893686 177.33021619354764
293.1790526762481 334.82672891973783 176.1745839298358
288.6735654668795 338.8802576042057 175.36495516581198
280.8292325853824 341.5706180172014 174.4470832831185
280.329969477311 335.50248470666406 167.00266452923717
275.48192156784927 333.40086912987545 159.99316480811288
278.47597966026086 338.69017975860226 163.94748188077415
270.2244525398144 334.52428850639006 159.75343924350645
261.16320342190005 330.6958234788232 152.58512687361528
264.6872985431189 321.06130624142315 162.06348217600365
255.2175008639028 318.48201962527344 171.57360374525194
258.4952397162595 315.0015204393656 166.3570445815684
261.03261944126984 311.1948565076524 173.3720202070452
266.14801201059686 304.6780961859339 171.0215971179599
268.35696306801367 303.86209893323627 165.25798455459542
270.58587592327905 302.7059737736828 169.7421269020849
261.553258931543 311.204113583218 172.38447347756266
265.96634973588436 315.639773509823 172.58401795352617
274.2479077665671 324.11341664896617 172.8565240798569
278.5524038872362 321.29983156881394 168.94872704323768
277.1992551365279 316.4655752891146 175.2949466826352
279.42257811163034 310.4943871511054 166.16718699427167
273.1356047941095 307.0335530406023 158.56772396064713
276.7365863897413 309.0626329240685 166.87554033503253
275.52263216730245 317.9343391178714 166.5329133048151
266.67451098010264 325.66941691242545 174.019406011495
268.2491154504793 333.22068087802967 171.7292220402901
269.46595169811997 331.9022905829923 174.76361241719852
277.0201248511825 333.94010072159546 165.3287037930179
273.5878492099499 331.216852443785 158.08274239224826
283.09295411267317 341.1849760059566 154.43264396096836
291.1948734847857 332.8885582975661 147.17084633104955
295.7684955898214 323.3483909140784 140.56075771053858
295.623703960291 321.91052426531354 131.46640909668656
286.2985679282639 319.9586164003092 139.3499213016817
287.9210665314134 315.8522506365224 135.75791312971307
287.95750739442536 315.9746499054107 129.55277337451787
290.66566143207604 307.0308798599229 120.92457734888025
296.283616771161 314.51773482944617 122.67507426772823
292.3651202918431 323.0611464113306 124.50559605322893
299.7816623910986 329.9369889584287 124.91788968511896
309.7033220133848 330.8179716097083 119.90560659879918
314.078445759671 325.5735224439743 129.21968406733222
311.1185290266687 334.97962203943933 127.38378366197084
317.86364561661935 326.08888968096124 126.09682615086633
323.1123944212401 319.83864054098404 136.01404858823523
314.0835982585172 327.7626171813424 127.81975588881745
318.0212875349269 333.3100610078892 122.79923209670076
322.9730704055101 336.97166719165807 123.02007112767527
323.793938515774 344.0883752490941 124.86819725232826
327.2654436289338 336.2965830533021 130.81028352386528
320.85187372766825 339.68257786823847 132.63991045518875
318.0745066642983 338.0106604928001 130.2903727105719
314.3896045047526 340.4393953528456 126.9441093974688
317.4320076294945 332.44818295048617 128.105558607168
310.26746069744485 324.04350488019617 128.66631967085135
311.23125132814175 315.0950290312218 132.1806812306616
317.066465695388 313.3291986312779 141.03440733677422
324.9857611868194 308.16963884893147 149.62633796334927
329.95618197749536 314.5470527425275 146.51847745866513
332.42038794421615 319.14398836557706 148.74234855452306
327.7279327737281 313.675168784658 155.75539057984963
332.28449617224567 322.77350578580445 158.2314023750246
342.1094002411155 317.3739135094679 156.11843222020804
334.1806559665346 313.46085763364846 159.11191365324032
331.64688499318305 316.16370908953695 165.5461865024276
323.1778695388103 325.4549264541373 172.19394229735536
322.2627750464284 321.24339908894166 173.07659981606818
313.3808216557727 312.5003152965171 178.67245308808134
316.6594111719166 320.7509053885999 187.79903097365144
312.47631734795016 324.71478962457616 182.3526629373584
315.6954693446659 321.42733508165134 177.67623159533923
310.37345769891397 318.2758161434181 180.8452073229066
309.09525050858434 319.6395745407347 183.36361350279796
303.9373437591356 323.7282629427894 188.0876835198092
296.40299099451556 315.850932449459 181.67514336757083
304.43539760589715 306.70326940254876 184.06115131088538
296.7814132098869 306.646603306118 189.96846042887924
289.8761040372073 311.1874249488765 186.89518160142669
280.5512458574636 309.0984056983764 191.38014571551847
283.59082941422446 301.8947513004915 198.47496997810828
286.674279251512 300.0356567688377 201.61413340100444
291.5092709348444 292.07863202651845 204.0928729732762
300.71264015025804 283.2949311335054 194.95627422698425
304.85422200060816 275.0772607070717 203.572677929653
312.88252061150763 273.46902217433615 199.27739114937236
316.7484296152701 282.30839985165284 196.49113202171947
324.7682831285648 287.4980625478448 189.1629948358984
329.1371904908353 282.7042970179867 182.2297277093354
328.4818201822358 281.0169557935215 184.05725963932863
326.4406775290455 282.8472411282597 178.08584586442535
320.1891290772719 284.1323015529564 179.51708495591686
317.61274824437925 283.06535272979767 173.03708959984598
307.9434868506309 277.7021616742002 181.43217983200964
314.51830619065817 267.9995369358642 182.40836411159475
320.22110869602596 269.5950617692757 182.6184779731351
316.94023619964366 266.52950557855684 189.55585797810755
313.41724546089324 272.2308205631234 189.87102969628353
308.9416449087859 275.8776516933698 192.8274264140772
300.9275207794046 269.1979490921018 188.1160305220585
306.53263527942624 275.4521779326807 186.31207028964064
315.6399421257256 268.5798761685251 176.40739947914787
321.94293776200806 269.27853084813216 176.42855678052103
321.15515815162667 275.70533703200306 172.20841254835196
313.60684018861565 281.34827451000115 177.39064452069232
315.8720633570913 272.3184768040402 174.33636933868632
321.69080829099545 268.519321649708 173.65641179076965
324.349219428297 270.8391770823778 181.16045567358273
322.48025515462956 279.5257709986874 181.46016200347472
318.548134942634 274.24680547462276 187.14579216284008
314.5151684195962 271.8976004381078 185.6481463826236
316.4231622047357 280.76003895219884 182.89352570352932
310.3404390698514 284.6222328636769 185.71526503167985
316.77370015812534 293.40523955292684 186.13282862119888
311.55044783246694 293.07881087045513 177.331555043246
320.0299798828506 294.7396884138139 186.5234542668558
317.3288048584284 296.90732687020625 191.4255515077721
321.73561249493036 306.877549186738 190.3061399855922
324.78666044884574 316.37520972613464 196.50109379415463
333.86737061785 312.4319073092158 192.2554836090072
325.82383170375033 307.1796321615196 197.119014151298
330.3035218584549 316.85745084407006 195.196937161718
338.01447854984286 318.9799106068896 199.10748952935901
347.87217508116777 324.73934985089414 189.44150451302374
338.14833319367193 330.7048270001292 187.40021939882163
342.9003137157487 332.1911640427698 185.55084624753889
346.6300508130924 329.514275871628 185.59811207499317
345.76188712982326 321.54522058858015 186.51441094524702
347.9190867099221 329.25913853736586 191.47924785352208
355.1765244627359 326.9647940813121 186.5128991531411
364.52373576786954 321.7238896889026 192.38733820571625
373.7857691078402 326.6695432606751 198.12094813075063
368.6360478038922 318.83229390786437 198.44341970307045
375.51050429102474 308.8943780896845 204.8420661578078
366.30621213003695 310.8927429852867 200.40874704807214
368.1460984603163 314.0820771252811 198.18539789146266
371.17935077616283 307.0077828464061 204.7868799371963
369.7585887865549 307.18261686768966 206.2486748729894
360.00287218627057 313.21105675496375 213.40068939168893
368.37652078229394 313.1958500320472 214.87698320161763
367.2900759361849 316.2400579760085 207.89407845960838
359.8027843564367 323.98489905472667 214.83888571972312
351.13435093052794 328.4527852587015 218.25825435408362
354.87053037745426 323.0912374564392 219.15381913204521
353.6366307687093 318.28177974481036 228.60071374052143
345.8542780613786 308.56515415689876 226.97157092748236
337.5849581575776 314.6302960625781 220.7302249905131
337.46048294795077 315.5160892710228 225.9125460349349
331.5592079111801 323.6015852507462 233.02218651944656
339.7260382874629 322.8972146980973 230.577027746377
342.63224219993407 331.74175546280935 236.64138302446852
338.5965705974192 334.2643318391977 226.73298166785833
337.5166260878441 327.1452544583749 223.78324858396977
335.8325657665236 320.52494182668136 217.6728246532966
343.97719527863217 330.2179171366977 224.49453141497864
337.9441363061049 334.42733602851416 227.45354286356638
345.9822610814186 327.1593633175529 228.6793664570497
351.3177718045989 330.0788168440364 229.73066511575553
357.1936854944486 327.40463575781024 227.7305379252021
359.59627215183264 337.2845389761826 223.35377345079303
362.6250502679157 330.9292114674526 227.85295618931343
367.7521962983074 326.66841699085126 231.4292398629026
362.5248360698753 333.818886167899 227.6315000732503
365.8829990337676 340.62921848498814 229.72283749648125
363.4355226685161 347.6523837567592 219.95894510592132
354.711949360049 356.26855939382256 222.84942629378182
363.65261518717597 350.4150262454541 228.69059192358057
358.81253572291473 360.17811774101466 229.45418077632266
352.4553035676595 355.599104758546 224.2367053053658
354.4886801112538 361.4685387381097 228.8675817871305
350.1578136518359 352.2276791515751 230.53500516978949
353.5096111319367 345.54759533560946 229.35576105971893
350.9769477367164 354.72465379352934 231.68941056440988
344.5907955752111 344.7775838266617 228.22788132530056
346.2460582211424 349.0181598244325 235.47459817416518
344.881638048025 354.76646330507606 230.9218598282351
345.0879130458203 353.94948899212596 237.3988629456606
343.0363649637819 354.48099800360046 228.9759936407544
345.62316897555075 350.72097111473255 220.9255100881996
351.9460803144772 349.8058350732949 224.74096949721567
348.5654722177066 356.9382090966778 227.55380207401117
355.8787838966077 347.32600399354743 236.55362470724944
346.97203425878706 343.11572743805465 235.17747452357415
349.515156251447 341.6134483039887 231.29391467053085
355.7959154929414 344.8205718827451 226.50096686693234
361.86154704456555 353.7047198636567 217.83245134617093
369.79805877415157 347.9815641787856 212.7295585436279
361.3925750015499 344.4871657553462 212.30798133154354
362.10710718005305 335.82345062250886 204.5275857756156
363.9552268498939 339.74114301006813 204.9350121872038
361.16964466066963 338.279996375915 203.67920754036072
361.7680480323249 339.5815496841293 206.66309519014436
353.596552065804 341.04328697825076 206.9991809172253
361.8006393587665 331.1764829123351 200.090630836476
363.45386415047756 325.238340227977 200.70274374924583
368.1183852637342 331.4607650911216 192.2511307554105
364.969853799911 330.772020783349 191.265988599157
365.06439807149343 338.7347097291592 185.06192057934445
362.64915098978946 333.6134374146815 186.8710784491928
365.26397767284004 338.18863682926974 193.714404053343
365.28754841757734 333.52630930186075 184.76392581076198
374.4410250952878 325.9372450997896 192.90948764725565
367.34472141603476 322.83233156111606 197.0768602734393
372.3648562431914 316.333038973753 191.09132188646308
380.0082597773245 313.63265505466154 187.98222233046553
375.60242106818527 304.5991861038477 182.0162670023226
372.17500961023836 300.01390727995476 185.92356169386622
378.94149961058616 302.7659566094609 190.38134414580622
370.26715348765083 303.1115643250621 182.5505327734488
362.5861114990642 298.1969995851421 180.6722350312076
359.2906655076256 291.0282453726675 184.65762595532203
363.2535997708604 295.0570645844825 188.97666007386854
369.24777810958534 292.3287200618429 188.9347944570922
376.26489419095884 294.4060712338673 185.14652627221847
382.00201464322294 301.95882635720886 194.24376737349033
386.99309678524935 307.91578108676447 185.17482569041553
386.083832572723 311.23310238358533 190.39796855350247
384.1221016899049 304.52142158765946 186.35114643155538
377.42005939155894 297.9957314406031 192.812249440905
379.10957760541504 298.579013614993 191.32711940618734
370.09934658528914 300.45874203605433 181.61971388975803
363.7433723475286 292.1013824664272 177.3026991780852
360.16095802054616 287.37914871730936 171.39188647689738
354.55613557106386 285.32241361534676 164.45503672327706
349.4153117761654 285.25097890571993 158.30287798363392
344.50323938219935 284.2712420180874 166.50542871271188
344.6537679871326 280.2860939489315 161.51337292915937
347.65301476691764 286.3459505198207 157.55178718625814
350.32287166762313 284.2789231455228 163.51442216053633
346.77870655982537 281.7364515283062 164.20577031982796
351.3970429950149 284.6153488272337 170.1640422591979
354.2692842155347 282.8299661001537 175.59948216658978
350.04661382228096 291.8296282179245 174.28609137832262
355.70943900419365 294.0938081130803 170.01611519005536
361.91602700995116 289.7233416823646 163.27094676876774
353.19387186378196 279.9196145547198 157.87099319067767
348.9192329125128 279.6134433128513 154.19166427180522
343.2164588046091 285.7225515443909 157.56236337879238
340.31324064959756 277.1265911565234 156.32988494591646
345.75737797913234 275.1770437093659 154.04456880596086
355.50575456165814 266.455103227397 146.45473888938574
364.4933003764355 261.72452746101834 152.16955990427437
370.8708337152394 264.10440376377807 159.5489631275443
378.0094685436123 270.37142347006466 150.19388249306257
381.87147021185905 268.7452287665545 151.54549255930155
385.2433525560479 276.771409491542 144.45685082742352
388.323605579569 280.1352100282316 141.11354968513558
395.9188984606911 281.6122479057693 140.81990706345277
388.0615806326356 278.0879459438579 140.22390439365375
394.713556540919 284.4662330354913 134.98449451895598
401.22691471560796 287.09611446569517 137.5714181234758
400.0529128313256 279.9387030415597 132.76765414451597
399.4029753250423 283.066748956393 125.35310120251826
404.0137621460586 274.1215997668718 129.65705584658897
396.15477865399333 269.298483223324 121.44152980103095
388.8800567880663 260.6699858970512 121.27451366254392
384.74492321842587 265.01788424799787 129.49434560824758
386.48140743016967 260.5253518426892 135.01853090512037
390.4694747425739 262.82448122202675 127.41435494337031
390.10512666077625 267.975975071679 119.9841428711875
381.6234184780912 269.12934048493963 127.23047323564509
375.6817914548873 262.6152647991964 122.50862631077085
383.8768747181477 255.97820569034235 120.01629411798208
382.1649097102054 254.97581833469275 121.72463514917197
387.3563858462033 264.2945519598916 122.33142910437537
393.6800367463933 271.9250023863202 117.93669840166294
401.9870393213218 264.23525559757354 113.7122106583203
393.5035200434915 270.54179493357265 117.34102011739733
390.8730261564355 265.36509550534646 107.969664675443
385.3818669812936 259.66009422418136 101.88250599054683
386.6300470505405 249.67580294659552 96.86552714231073
381.87463571929436 251.80277084876764 103.82010593139779
377.8019689538989 255.02863912786736 102.97667034738652
368.09989221675784 260.5146685356705 97.72284116366797
365.8910311319481 256.54754658565025 88.90215957956815
360.4905135632623 263.5245279205176 93.12115312763768
354.571971427469 272.0311886477907 95.52435521435679
358.70052981865376 270.86942726915555 101.98036742883656
359.5676434757095 266.665734389109 109.96409713995475
360.74304234894765 271.371455445407 104.95353976545105
352.79791335453126 276.68072147422606 105.02582854507115
355.8073025004437 277.24442846891486 112.55333179577937
346.28531600105697 282.5165863090458 106.66339046054748
349.2828595513953 276.6510971139924 112.88088246184859
351.2749060581641 281.95048636966607 112.04677712000635
353.7127391344917 276.1459577553531 108.30006656163243
362.59153135570926 276.3042928130056 115.40272116659193
357.91806156263186 268.60925837979823 121.70724304200125
356.8703467246519 263.12588531798593 123.58531190437444
348.7574742874882 256.4151050217326 123.04691482419278
349.8271351358948 264.9346367406568 118.33365023441371
345.5364051651657 255.73958484735138 115.45805549286837
354.5112128106493 247.73925649190457 114.37225636187836
362.6492149149151 248.08133173606907 112.25855783779193
363.7955346953339 241.89784560045834 105.44392027016637
370.9638189615934 232.1762689013306 108.81860553335576
373.3674181547259 234.38266406882155 108.38571061839433
371.1681338990061 232.6709462693951 103.44929260338634
366.0176531246936 238.23136372743394 94.25843460527263
372.50362239717646 234.55579222615341 90.19271663515342
374.0749721950448 233.11240589745174 85.1692692598283
379.53536089911205 224.40884743344057 92.68074532255298
381.51621496917977 217.3347694098921 101.06654541417585
386.9265114842726 220.11435745439107 102.99617764164617
383.62997921519394 229.55574572018006 99.84587072765997
389.7299510798123 227.642750484349 102.25411141423488
388.33965901598816 221.71579139486997 101.86263907347627
387.9076894286189 222.42043104967482 98.04192051348426
380.095981566285 227.17983505324648 104.18481734934173
370.851633126058 232.8920750110119 94.43267899508182
374.7263646400211 235.7909606356465 92.46310179877034
373.41540456157986 244.70243128228606 83.93503238892862
364.4465553354878 248.99249618991303 89.20172123776518
361.6700651662748 257.65625645320137 90.47589800432229
371.389919968445 261.94761940084965 91.9572367808262
377.6733322619169 254.46127100893503 89.86782329047449
377.3195242249782 253.32118421780373 94.87087105650286
384.05248782351117 244.25947072774494 93.60721236823254
386.2424054487922 236.2321549974746 85.69477811434888
394.3126266172377 239.1682057357696 84.4258385466662
392.68967660034485 229.3409490231226 92.00343749857808
401.5960513240886 234.59518297594113 89.32971305390583
391.72627332865216 226.80698126316994 91.96688935514459
386.8384380691246 219.61555033273743 84.53368068570607
380.06031645086694 215.36248652089296 90.27731692954141
370.8362244117042 209.84444977294672 95.35675123427328
374.07877220936115 216.41387107262955 101.43939251703846
381.865267317485 210.13135080231874 94.8850546922136
390.6287507389007 217.66552749401492 87.74847170367036
399.7796713431362 227.3908001098283 78.76186277553981
409.5140189689216 219.64471207713476 86.32575930991898
400.0840473001048 228.47356333221845 93.25529818746698
400.3015639468185 223.96102945834556 99.33471239499671
403.5345884899189 232.98676545627634 98.74101509069651
404.1470123266146 229.41226641828544 105.22421175293482
410.7350084093811 224.7000573849395 113.17470669366307
401.48292777719007 222.64409688799438 114.22360739690059
393.6933520643093 219.3951111344266 121.91337919037173
387.0395652384689 210.68269377441817 119.19945157592555
378.3537484145194 209.71587976997628 128.83328080703953
387.07027915077157 203.12157000526878 130.71241038284023
384.2474278358878 204.885684549488 137.80015870223875
377.8949571728594 212.07605779612393 128.05578123629374
378.27884070274325 212.6286041218237 134.15168915985808
377.7068725120622 220.54730056434948 139.84014437016003
377.95606002671514 216.5737741803499 147.24099338035003
374.18877015456485 210.04167912249278 144.99430445493698
372.18529456174934 214.10101902824712 143.55113429314363
371.3393436866537 204.5035189183773 135.04728030717388
372.9314789630781 203.30735131083537 141.5770932546016
374.74566106269504 195.447125540213 146.88755755989638
375.3771188261421 199.84729258968216 142.40862139692948
370.3024611740053 191.05404575934446 144.0269707740701
365.29235002917164 184.2223145978729 134.84545040703688
372.88084309741816 185.3610963018176 144.0642369874677
380.6163155211093 189.05853082536353 144.4301288780267
383.56844457859773 181.36319356775897 140.71609760829648
382.9895978444818 176.0397092626779 147.38914578469252
373.12662490792485 182.0693986825797 138.4849063660344
377.77810251307466 176.79458994190333 133.1652020593163
384.2647949890462 173.96469946873188 129.85361786073858
382.12994237244806 174.65062554426515 132.9349110131637
375.91530043442043 172.69623221021908 127.70161488451058
366.1794036042869 172.07682964312386 127.01248415478867
362.4355275276722 163.27300199071786 117.22678586164412
355.8829655612645 170.63348204812846 111.58284055207366
362.4128332552497 172.92124453403733 114.27048801825605
354.9537000758164 164.0217964865556 104.27870175568978
364.36097959997346 161.61371119120523 101.74081927580352
360.54021557465495 170.60809268904836 96.1341646938563
351.9454873568097 178.7924637015526 99.6955794134052
359.6196347798389 178.37001654234857 103.24684274835133
366.5700932566094 172.73579389821955 105.22139930884198
368.8880258132652 172.92358374228553 106.44247783588777
367.5799850331018 180.52226546221385 96.87423082019488
358.090167042022 175.04953084496915 105.45593742289599
350.3088828710976 168.09502221553953 98.49565540876328
342.9153210142854 163.27031451117807 97.2969625886947
346.70116520096974 161.19361686743 101.73418641572418
339.6730283668263 162.2514085577734 94.57965511518107
337.85782268787136 154.4178275173928 85.36324270093496
332.94621697181856 158.87867341408923 90.6302976316127
323.7585100583689 163.20776394535278 81.24464266072499
322.80675573120516 166.43836363768312 87.62884846984066
314.11667360680053 161.59278837723497 82.24693112351183
311.08928310246574 170.8530995167144 74.59717407291814
316.6635600568327 168.993142033197 78.60138367552182
323.46143557490205 160.11557649488932 69.03291790902506
326.6121305033961 153.63138416237987 65.53886047241569
328.4373272168216 156.83719074806 63.21967115240264
330.4738588748708 158.04566862207972 72.96978843212314
325.08710434358954 150.9797764893324 82.52747465376291
315.1336995107835 157.3407030044292 85.60592710574016
309.97352406470173 151.07099981782014 81.48120135863512
311.1452159997359 156.32010535192262 86.60845492595067
306.48536892300257 160.16071525606932 96.08615528884195
311.737219677465 164.04692182799081 88.2202880290773
310.3533904243448 164.85106273783043 79.66626611273634
309.09271247034076 165.0730953976139 82.84950582512097
304.32348175661366 172.05188646385548 74.39639679124295
298.7704653296285 169.486301977894 79.66450568042006
308.15274853437444 166.67387605069848 83.18133098217676
307.13933460747364 157.15377842598977 87.74644898343823
307.1899163204145 149.72216757781527 90.36731172453115
305.8743257535829 152.16521350370988 98.82429526088882
304.5509165686921 156.23556077242662 107.93371494607993
314.0850909755077 156.62607754678336 108.09733970936384
307.4677470019354 146.65600289398938 103.38495770145254
309.0270313476257 144.51752877510114 104.10696790610262
304.8546570026322 136.43976594887062 111.23249878384321
310.2632906556668 128.25835332565853 103.54856397769667
304.94296628582634 127.6755204252436 106.65344676758437
298.1316311109706 130.4089300968409 104.07721868715723
303.0787734950559 135.56051395837255 98.86787916476347
297.8960754470674 141.1075350028584 91.46190936795023
290.445541258885 135.51390178609478 95.11958036553361
283.07341899165067 126.61904221615082 97.74023137722766
291.4451817862024 128.88646018375033 92.10849956067285
297.90062703076563 131.62753147707187 89.44253792999923
298.63821489652713 141.39129283520487 98.69785184117072
288.8303959033345 139.10818920262403 91.48971313876943
279.6508222920745 140.68492849710697 99.09283333513707
288.3114796751851 140.91262211800395 90.83574272766327
293.652149475005 149.34466258016414 83.40985617308942
293.64441231696816 152.48489073049203 75.12657376812012
289.49957200848576 158.27985498177688 81.92613152509072
279.5692137091176 155.24604573845366 84.81133503176653
279.7842485996983 156.0408411723546 75.29827140819837
275.82804432425763 153.65635345061435 66.74158780804746
270.4899095460632 147.09896350922295 62.453190768909124
274.050279916938 148.60007267862738 59.63237238066849
279.94139668342694 158.15479175749653 65.06013791303951
286.7748762547298 159.05943841188332 60.6602354616548
291.4526252849982 165.45301359565195 56.788479716259616
298.2748372904816 167.6913788397003 53.85548104681991
300.95537905695204 161.85101498874153 49.16532309480074
307.548096008073 153.06534165162816 42.03711478929639
317.376378669738 147.3594676603508 46.90762458931074
308.5471512844168 147.20643260276285 44.433525842379325
300.10488534273065 147.53987272575424 40.84780755436638
292.2004870446979 147.9406016420182 42.97995047703886
290.9843506024992 154.50318930490852 34.06868628055112
294.6888659398255 162.78692424839502 25.89773944044898
298.094076983517 168.77876059517948 21.2785490176367
297.3085075300558 160.5042107941461 23.934074240434466
305.74244811354896 164.6726029568835 28.53468216802943
303.0897288988155 173.20876306927207 38.283587386898915
295.23253227245704 182.20169412632205 32.766589378383436
301.9539024613627 174.40313118076224 36.368402156606955
298.0961142419838 170.07041888189056 34.86783004844443
298.27673244457577 161.64626106300017 26.047696511197508
294.4737943860991 166.31928093106308 34.00054679652147
297.0740753070961 164.80474047356324 27.365921400395756
287.8935901683567 156.19737234790304 36.11171034402511
287.22677749475196 151.85623748706723 37.83634976078593
292.78947567305596 145.74970922087834 29.417824085966643
290.3676011387104 138.9888269711316 19.897173180552034
293.5271737942197 143.17420856009988 15.36259750319926
295.9811570425429 146.84404157406664 18.92548902368986
287.7158817693816 150.96471114750886 27.888107750781437
284.33160103733877 155.91679894110578 26.169411873765
283.3597400309413 160.87811490916167 28.37840341455945
288.3698434148583 170.7297785375748 22.89210515869113
290.36099835278856 162.55372733884113 22.220844543023595
280.53716174718966 155.73816570759533 31.782094218362644
278.7639428110308 161.80497059427844 25.21056968748603
288.272777087839 158.149919007205 19.411381172437984
286.63130727993206 155.29911385747033 18.550979688970965
294.3674217623898 164.2272956736269 22.988856279594618
289.6777169879008 166.83623334944141 22.425927524120603
280.0404547214752 164.78334291634056 31.7266827855958
273.18706905024203 167.53111194663015 31.019418635985854
264.1526495970511 175.56898726115833 32.03674786656191
264.53565452503847 173.05911184598935 32.19075158907834
260.6809509404417 181.73589364223182 40.1957645768056
266.40927930296493 176.79285891693894 45.04220721054986
256.4683803547792 176.78829636150184 43.96725100576237
261.7062514900393 172.63437750697 46.98933194013657
255.4055362012354 167.96986425306977 49.43720251766186
247.8337343827008 158.2964124529979 40.56220290529309
238.5909626039204 164.92522054741693 45.871808033237876
240.66152885378483 172.30543507574583 41.93511273978623
233.72775347960163 167.13172551899322 51.865383063126565
223.82549364418028 159.15537374924244 48.854904671354284
226.5656408906931 164.02362707011423 57.245976833172534
231.74042635585704 165.7080370621539 66.32421711518435
239.4961843832489 155.8784363479383 65.09287750011363
232.6147958603043 156.59936113076438 67.84792444624688
235.90864914217636 157.60526437031282 66.33789044325593
244.01907561193073 167.25604055026417 65.43551996566332
235.77105883105338 163.3863200935435 65.23327653675645
230.2516298097568 155.1066952678272 57.765147359367226
221.65459982918352 163.89353295459583 62.33556565421104
228.8585141147777 168.70613946939517 55.550379303929816
230.17406897929263 178.1509106793989 53.829175156530276
237.27857702680234 168.6153322217215 48.415612196047526
239.9527083032183 168.25403064263529 51.55503296143011
242.37503220430733 174.06963707789976 43.50666425532054
240.9631710586479 176.8860788192022 43.99307585612844
249.9177122756745 179.870206203051 39.462149373074965
243.458329613971 177.35738986119154 31.303617190809934
240.96730282258522 176.98675891395658 41.00668425632501
241.14769431950432 174.37314168232407 50.34335346508017
235.26466972226126 165.4168452417703 44.977531807293154
230.61225607928486 157.52330111649894 42.17247437948332
236.25155544201124 155.19202163920752 33.45025775709033
238.59530988704907 152.44159706042618 41.42848733398214
246.93792178948007 145.67625064016244 48.26954872916377
238.45921933933784 146.96190789413154 41.4556028090348
233.45223811227035 150.5764377209107 38.76450475876311
236.88876643922737 155.45031130125665 33.120102549909305
240.9228587269342 160.1029129226674 42.57167839513817
235.22354014683552 168.37278879318387 45.14706939683311
228.69665574012697 166.82877219929387 41.03006506254937
237.1703523546743 169.4962989815612 36.25476303374842
237.27037348665968 178.4401423810349 41.548115886023865
229.2568463864691 177.26695848891774 45.95022840509074
237.69248925069525 176.41628535792634 45.55705980467182
228.35260375778105 171.1626704018388 43.239651379599685
219.6083255502785 164.09810633045092 41.463283179131864
224.18717946573278 159.86965564905574 48.37419413353995
214.76481004222455 161.9428800333931 52.655717637019556
221.45485611242745 171.48874544550537 47.3772036100432
214.99828978848143 172.8496229424711 37.78629309257923
221.63932263296033 182.32101467474925 39.70707893169133
225.5832059606791 186.2214900199303 39.59554086721408
217.90649091964116 195.5227749449122 47.763878804193965
226.0210883010009 196.69544853163583 43.73162693159998
221.46327917898424 206.30758776896437 45.47846292829737
227.8749741043317 207.44018805993824 44.016293866002364
236.64233828373645 207.77643516228403 45.95309118988259
243.20866522431052 202.79009354455485 45.741405363327324
236.8701897621239 200.1432322531568 43.230695969537344
242.18404672586533 196.38387000123583 43.62411533966678
241.68588082537065 187.98769132944622 46.567877226317975
247.94808803504168 179.03922653220818 51.58375016738664
246.34347881510905 182.60207457197356 49.58861821719372
245.59631373878148 173.00856003595186 42.40914712846164
245.06606805069015 173.41026050713074 52.152784545393416
237.11559172979102 166.8147633078228 55.182351351052965
239.05114830132516 156.98822371354865 57.869454920117825
242.0734809293511 154.04743104328514 61.757749700982906
234.2913427091887 149.91615482908423 53.500185071513954
236.9241125180574 158.84453978293018 58.983062305945495
229.3477057362505 158.91842384680942 51.75407702857601
219.49783248358412 150.20139134897036 59.5034875371192
221.49054128639247 143.8626044250745 62.470848084791925
222.54677777033106 137.02466675692844 62.935244425064596
215.2499019740912 144.65846756597793 69.44159786493425
224.4732261602182 153.66923028079316 79.02833627663857
218.6943048356807 150.3569562352389 86.05741602170902
218.61062042642249 154.06074375162567 93.96350042191729
215.38732023759343 152.2765796621389 94.27839137676017
210.09139606759302 157.39499591446815 97.03502479361205
220.02756538852245 157.34651018529254 89.72629055971919
222.92347993341184 162.02096508796197 84.88808990118162
230.50837725553654 164.5692404921869 84.82183234859497
234.49143218129166 173.58570555463024 86.54614516441254
244.22106736032055 171.5565663099742 85.38487653984602
246.6813710473067 171.96060124628787 79.89415825946612
247.75249161744352 165.80646464906405 82.4568335906301
253.7880417870083 155.95114131082033 82.48199111237867
247.67940384152584 153.28257798945307 84.18975623224638
239.17118095366303 151.83618513995188 77.47699471356543
247.50386480678202 145.6931797491165 69.08141437931124
255.0940838545862 141.81878134370982 66.04201011700766
255.82529889666338 141.96367041884042 58.43910307506854
261.63913333643615 147.98921413725137 61.112987509751946
265.805611034442 150.9445811869665 69.29791860420747
266.75930644602875 153.71941817521122 72.4072560503805
265.6883499539445 145.54079352063215 82.17953936347686
274.7242846387651 137.90771364885904 77.26305797964946
266.6691435546098 142.64888413668186 74.1539839708117
257.4276776132001 135.7333636570395 83.59123893865257
261.19105123364 145.2832140306592 88.09253465480096
254.2154432364943 136.1695027413636 94.0219900434412
247.07609141655615 126.49105479688379 88.93856959551762
247.02428028514882 129.427250160255 93.71011365197533
253.77496902763963 135.57345647712526 88.45205978700929
243.86794496337654 144.99075220425817 95.71054538675726
247.104455052264 135.7006379862589 102.97105965118433
244.96947233633838 131.47526726919625 105.74455971064498
246.0410301725604 131.4603973002187 101.96581962623691
248.01132585155463 129.51003844905122 105.32719601565042
241.71097181097002 130.32807359858393 105.23540003142507
242.43793060820522 136.7369118812664 104.17803991533516
235.4490462392057 142.11700104535174 101.7620734059894
232.49182862297602 135.25306711908902 100.83993559767798
239.50006293562134 128.8397384659017 97.35506817824526
237.74386682744074 126.86441152484687 101.7212089586973
231.087340533684 131.314774386389 104.44501793182246
238.00022515171537 139.89469336641756 103.70927508598083
238.76617246807066 132.7928171301301 104.32545775395617
231.1179515315059 124.485918755611 109.33699200776478
232.90517360494334 116.65278357998827 100.39427097247804
225.3584534429445 113.52996382966033 105.00760430431734
231.10826735402787 120.74564914584491 109.48980797408558
239.53520269073968 120.6215441813396 107.83501593352965
248.09014860110713 118.13194981532202 104.36460486051266
255.87262424605404 124.9414222362206 114.31354391257787
250.4025699317295 125.86999867484106 112.11801328221824
241.38080762788348 125.16069734030205 119.33086391639767
246.00946815586974 117.4992761220632 120.69548170978767
250.75486461933409 107.78299283225714 121.19744656503285
248.15421303475927 117.07890667569329 120.7936717686934
239.2247684489708 117.99977129760741 115.81795169548005
234.04711198589774 110.59123414119003 108.90846134167407
229.2738952320483 112.81788858643134 110.77173942961224
231.1306564236807 108.26949752183565 109.45633624537945
230.42657287405402 113.82424485520336 104.44933681180272
226.48112182016007 119.5884774549874 104.40669273852482
232.29626756389524 123.14889936304242 99.49216832470111
228.97826657998604 121.11784393088546 101.30616946826774
219.26203828140123 125.65772728314923 92.52170747670615
220.41267501514747 123.84676694751616 100.64954516767142
211.45747414489222 121.71173459967657 107.64623064856444
203.26627783006433 120.28468095681666 103.38552009174053
209.0525008982722 116.4042019022794 99.15828441988701
214.56185926870685 110.52777191031294 94.51143690930098
209.28070557479643 100.62175347069285 97.49168964316495
208.43173398367801 102.5090849881205 91.29863712103959
199.18359024942885 94.71472209808772 95.04770922834373
205.047889180627 93.34380338873866 95.60488771618388
210.1604031938841 98.4951419464289 100.05684179827924
206.2389726325351 103.82253247863162 105.75137637733185
210.32820366440993 107.56456187812316 107.71122234313779
201.84322162052675 104.42469940784696 117.64400859942575
209.95195893260282 104.87598372398408 119.04674699693106
203.12228408365104 105.08597340252112 121.19417051335031
194.91069542985855 106.75256444410064 125.84836550234843
187.36401420725116 115.79065381759182 123.57937643532762
181.25804181157588 107.5230923357882 114.63282865525252
183.95756775123846 112.51609345962476 115.46570700099932
191.96724637584055 111.12166017894177 115.69857458550558
196.91726808242456 104.76859489875346 105.82003408422037
187.51381239398455 103.12367145769795 99.91209965918442
192.5179195132113 95.76434381750757 90.55558205429253
192.45542314458 93.07313043094848 94.96009999302163
187.44423995703664 94.96839580891273 101.81318676686544
189.31562142618 96.47386240973366 106.61984498290931
199.21879879423608 87.46808430040048 107.03798080817333
193.6169297386985 89.56594215534942 98.75068440506911
200.75070284098183 82.91014831177506 91.43770311881396
197.05997622243424 75.85799098341896 96.84668334975083
197.0407002588869 83.0551493594419 95.6701953818154
199.19109436032633 76.50660614946312 105.39625774523199
206.00866788959732 84.52051816777434 100.26512748098492
210.1687153914898 87.88252461095665 97.94802919145413
216.07168427986832 94.93952555811784 102.90181657554125
215.63228909358423 94.8559476062387 109.44124294971775
225.6254650817959 92.8078198203214 111.19123557578344
217.37454391939715 98.1298000928727 119.81210396408237
224.30277504519512 103.32525238249323 121.58459687288403
230.97297847098432 100.77020610965802 130.40558334486016
231.73261606901482 96.61125793632162 126.62079387008185
241.417854369992 96.7720756098234 128.0632344693855
240.9768103484381 100.37231525826064 120.89974162705715
232.56798625661528 106.00130457481121 113.48986704561051
227.94844969780746 104.818170775935 117.05979896384963
227.93181611888224 103.55796980828956 124.25107643530527
227.6699518737246 110.55473043359068 132.07962827099792
231.69443499882175 118.68508743352146 123.24432196484207
225.90026446900544 123.62135736709219 124.89441087128189
221.53381621517374 114.52010261095987 117.00834331784931
220.3818221117775 105.63100167034526 110.37644315930726
219.56448978179833 102.45947695181559 119.7642009707959
209.91377169897623 95.07754951080383 120.66125631511723
208.3806986154846 99.8880515268439 117.73423899966195
201.30316582899817 95.26659045627696 110.02172216420412
209.01680413509078 87.30575348266301 110.7210416665489
200.6631053571714 88.10305699328059 118.23880718109285
199.48933956401663 96.81389271446609 108.38815056519331
190.51695473746562 103.93442282681417 101.53662531181592
191.85425310638962 108.29619791416066 94.88418676773532
196.7615218159647 109.70269347342015 96.96413288977742
187.52887014627171 116.36980406849042 87.67995018083266
185.15049718671347 108.37362818655832 94.1891646070537
185.11256650551724 99.7664344200742 100.12255552576234
176.43283708012552 101.60576851186178 90.56731170545474
170.11572589893004 98.77561741000345 83.51942503777154
160.82724924238312 93.38998051053566 73.76398970831244
167.63941747187252 102.29798892815299 75.22137434199834
165.1650309400363 97.70585937980168 83.54126426180963
173.4369559217405 88.24460021319415 80.87217003442606
167.12137780313512 81.30186417341551 75.62851217886386
159.81467946953865 75.89854816782851 84.93183047481247
151.68749106857888 68.58648819617076 84.6916905658414
146.4707197761755 75.6908772733811 76.25756100632705
137.43397742112035 68.00832516289478 71.12625113936008
133.88177048568602 59.820692880177766 78.56916850929883
129.0749853076628 66.39416821339543 83.49689955447126
122.7349535762827 58.33191287789906 75.91387535042517
112.98805144538798 60.40393032212826 75.28156125064609
116.43121134928894 54.60790232121537 73.6331358521446
124.58433123075159 45.4292545181462 80.55255115910688
127.29759110472926 37.26118963087028 79.92468057644473
119.70285663841857 39.58429271077845 82.56630370804668
115.40690826441887 44.589622508988164 86.64118242237527
119.06500756161488 37.32047299938272 94.06054836522284
114.78470215721039 33.82975507858606 98.69095674901308
114.80665111171237 28.150960296501317 89.56485102032809
107.21768635065372 23.761458908024302 80.33299469052186
111.86898184084059 28.71932920010837 82.05331525422295
115.65253377299244 32.00983083804971 79.31058942556336
113.38048972120389 34.4634855572446 83.96664213002686
116.80079464765124 40.71329291919342 78.1856002801346
118.23724110047196 36.61626353143446 81.554232965484
119.42261464051451 32.80512636083058 73.4282705114089
122.0862790439767 33.92054051071207 75.24088167979205
114.17423292666084 26.192091911425535 76.88621085570672
118.51737638832753 32.22186052850617 68.42587047205956
114.22941815056195 26.10489069920859 62.743701324356685
114.66254699764717 28.076528214548937 70.87645893976986
116.15843308383322 31.203944257676074 72.79562721205451
122.40177282191789 35.0173382508295 79.6864194505584
123.27262078335688 28.595516630658583 86.7807181567844
118.76134374530125 29.937198289805007 90.42999342611348
119.55663903034426 27.626260834992095 90.11608700439298
113.35819667356864 36.812798901111684 88.56643978457292
119.4011936005011 43.48532912286665 95.67474029720678
126.47594439717635 52.18553755564801 91.68736007434093
128.82930085546306 58.47700113220071 92.14557315324106
125.11277928287372 58.45679645641163 82.96974145756388
121.20362527049953 51.52888175568849 73.04717248850721
113.06792484979636 47.260471028058795 79.96760733325536
120.76352177781054 43.39074225480282 75.9369282050633
111.41232673761515 48.835961381128584 69.05515430714603
121.03778225298615 48.59310245377079 77.32292665283993
112.84484046984211 48.15841737698075 70.90606285228296
105.11325665174823 39.64066809102792 78.8889481317534
99.37253814087785 45.0535479697073 82.03578987479722
99.56011879686721 37.124502247621095 79.20238657369623
98.03862596311062 33.68042378913482 82.96323672640453
100.48721328287944 42.56480888708259 73.5862761232702
105.50793542334674 40.37398001358872 64.55088717782724
101.1277401402965 39.00689401559267 57.91134858846344
98.15449535272754 35.818996861454316 65.34841004232808
90.2029085169723 45.35969097954497 67.98518427228915
82.68395641039479 45.40410186930869 65.28641842439616
78.04487703588289 37.15411389900976 56.751012338165175
71.37467662166051 33.82753599345376 55.56084072782512
68.561433858719 39.5547245805714 56.18059769709518
67.79193080535143 37.33703798491058 58.94392183815349
64.58378126308793 45.14642322736574 54.450932341256625
65.00849240511945 53.298658812085364 45.1810093146835
59.13076294513843 50.99922544981487 51.50141331501209
60.18126860014682 51.2436061674308 53.712057600162936
69.4856499905307 51.216473231975435 53.35244172184054
64.8164340856778 51.02771134529669 57.996374917460436
73.06245968325042 46.162864827111164 62.19899682937532
75.1798845662864 52.953177129123794 59.899338400801284
72.17940537737962 46.933826295778346 57.33629109429323
79.89037018401541 49.10896025329894 64.27970909260848
88.95054162332279 45.04057935414124 62.318920893177214
98.49254539281125 52.28249312872249 69.98284535444728
95.53926905853649 61.74285988496291 77.18449176781013
91.66559831978338 57.20418366786747 82.8952151214087
85.31304337657458 66.43810349589639 74.55796597268261
89.73744608975977 71.70555272131143 78.96058947685064
85.75502163688513 66.20113010851246 87.07532465306102
88.2938169261585 59.138274923286865 90.98450340760314
84.0026519791534 68.42643157055802 86.94778199978023
88.39915041286403 72.67786645274363 86.23180598044067
79.67045215159716 69.78566681625871 94.22513007846382
79.5110783165874 62.87742693514603 102.82162133974285
77.3965252778198 60.73669906000432 108.1446709631427
85.97380100895124 67.74087892122579 104.29504534549169
79.96737951840267 65.10351212563359 114.03573877316892
78.30254613402963 62.71661387929303 113.41927267073737
83.98405065055677 58.19100624361836 116.93615760215015
75.67971191290664 60.93739344309252 125.03720344532157
71.5758368230341 58.8223360060783 133.8656428760706
80.90826364574338 68.17758504266106 130.54621856513873
75.21226396086979 74.98591084326875 135.16216675802923
66.3482957236514 65.89062881664053 130.86352937617067
56.47120423512355 63.35793766342745 129.47899757679696
62.97307665704489 59.7490182837876 130.9164783889771
60.48614472868105 69.71167207551322 120.91855602259116
66.95493599579379 62.5632013025711 112.0637202921776
67.4047292904672 59.96952837035849 105.77199779116171
59.91927351118708 65.63174287417307 109.64599676879169
61.89310807055144 57.23096700568885 99.9477135317452
59.04037965724641 66.33067966255409 109.10846146678105
63.754225571397704 59.02232783462307 103.69389948101191
69.32552512123375 55.36168910355635 109.56737391338555
76.53364569452367 55.59298402687401 112.57167677880129
84.47215611868913 46.645269650876166 109.45166254261456
85.29854891111984 45.217759556859086 102.62646552915832
78.51673002195685 53.09957500368306 110.42690774191917
70.7559641795328 61.67775596755091 112.15312900722316
72.03401570023864 71.19658259591733 107.85797745138521
68.11628455138988 78.71771447041466 115.98631945401095
65.82371537145417 72.78763859936983 111.90732084438932
59.63477696260722 82.63325266035429 107.64435044563587
56.47621980525132 89.45396997980973 100.30194404689145
63.23055730684063 80.01795826988064 93.1505513162624
62.90938365080763 72.00850416021362 98.80491937226935
58.344382810304715 76.51605567239399 107.98138309291559
54.10037488236522 79.51855481352533 104.74207334434732
51.46982851126531 80.26915146954207 102.96872419422142
51.78044359643422 89.26631575799024 106.3365473956753
61.12886323383227 95.62069438192384 98.69069824764098
58.611190532097396 98.3167400666077 91.34806593592633
64.1547193199909 93.45944416384901 100.36481424403274
55.450133913292646 93.08335459134328 91.77487765949436
47.32012390345396 87.50224285911759 100.61012718057563
49.0057547144778 93.02883157990941 102.09192129827588
51.24488674927188 98.8492205801422 92.97987525952331
60.017740714050646 103.26339991148761 96.21773071079876
68.74718512281056 100.0306903315444 89.33038859684157
66.93134038006433 101.01590131721814 82.61319839841624
68.13285225645011 101.24542306465233 89.30347467932442
75.76962891386371 102.7867676267365 88.71496935515798
81.36899019073965 112.29445063604182 87.11289028347021
72.4892983177302 122.08402303713731 91.53972233531036
80.38109401891008 118.61357308685376 100.31350801771373
86.41576988476854 113.6897120421077 106.27138415165716
94.7173037124238 107.16120713888726 103.0134253068034
94.39580632657086 112.79201117099869 106.13023675307008
89.42527342149424 113.91665183287127 112.74210540827687
97.89544122068565 117.4671054637225 103.67775209229397
90.12929545010277 116.20550905644464 108.63579663782033
86.93428271533341 113.94337373441402 112.42432010292416
95.00147912206373 109.21365095049748 121.13732991660429
94.82825270462747 112.16632440533441 129.57966432564635
102.2517196532044 107.67789548223226 135.84398779638502
102.49454248159513 106.28153787395706 142.44281125699885
94.19192552967024 115.35103988386575 151.9795023678429
98.94538513224484 122.23499533148872 161.5696275144442
94.6317797306795 112.73191456313434 163.48778821684468
99.24601697323848 118.19997900978697 162.05781642826952
108.77598671798776 119.33783059599995 168.57145828145426
104.2935887404537 128.05572784105686 174.7292027608575
105.86840586111623 127.053918610217 174.02494017575907
101.82295006673691 129.53848323971607 174.61560086211867
105.82534826858438 135.11987027718502 171.9170094149693
106.28128690931871 128.3772529734092 171.1861610948882
102.8441028644982 136.7281215833578 165.632074271402
98.04635427958974 133.16497271978656 160.38997042787594
93.13452577226732 123.8994039073171 160.9232011547268
87.71378412024616 128.68583804816478 155.4648575105599
82.28005081214853 134.26269715540394 163.336182628215
89.03049545521156 134.97271087759577 164.02251705615512
86.23899580636979 144.23479098575118 172.78596175465233
82.75354823615773 135.25973941305196 176.7002944270361
89.72033528168743 144.33582569755322 177.91838863848432
81.03164113866852 134.43321810580196 175.81030731743266
80.00083359272713 137.78710781422126 172.24032554842256
87.56620829688316 133.45688666336056 172.7683790913024
84.2499113216566 127.52356047201579 182.4170627539143
86.41068523568214 132.23369582238314 176.34053498313148
84.63698811463492 137.41682365676678 171.0843736018902
89.72512865961401 139.76339487836975 161.93047686177505
86.21113220027773 136.90262554037932 167.90536948142278
79.83199129035208 133.47944222031703 175.10518309464237
80.0978006919384 128.02237698577702 166.39785499133984
74.15300185006095 128.17089022694574 160.07567551760872
83.16099120710224 121.40802907495235 151.53610955209814
91.63275660716532 121.81876700146155 158.14218808695236
88.06415250751417 128.05970266951806 160.80395176683928
96.24314544503311 134.89271805786694 157.83704428637597
92.7730431014666 133.53338525079104 149.15466615755213
40
328.8591845445996 421.49032146680946 117.44117071582623
326.8033018930463 417.14638882400385 118.88549680501427
326.3588682138462 398.53201343072817 112.44960341940785
321.1781469077208 413.85801481946453 110.89644177409524
315.71607273440753 411.81621643576506 111.39054978336058
318.6211557336407 406.3031671018403 109.04643432819095
315.9358584287724 401.56990495897026 99.19377008277948
332.18602487114117 420.51221857502986 105.56600384155311
318.8516946251067 404.36435780223366 121.76885133739613
328.69741567979815 419.7154454310413 112.41545385856494
334.6696908215836 416.3573364070569 115.52858954467614
355.1571915119857 391.5450143294029 108.88830426663391
335.7052807467282 405.5951560314921 101.61540789758482
350.62374820969904 411.4274088379237 98.1736682205789
352.7588611415671 392.54752438538793 100.7400212007489
359.2515610247362 393.3820658161704 90.37125194284741
355.41494786948266 388.16737482441914 107.92575179386505
359.0263639304986 401.8164286030544 92.70196322728664
372.44262629479636 393.84204909644274 88.1065780032221
377.92538484080194 395.55531640649923 104.6671803739905
363.28424705046325 403.6070946024197 106.83715122868686
359.0690433726602 406.0879277387627 108.18961254729672
359.7937678676026 413.13609646217736 103.14040868156971
367.12245822623555 407.715343083151 117.52399077862879
367.2856212539031 399.8508365527947 104.34343577690376
365.139661945352 398.3720384245624 114.95245689509946
346.72748578374905 410.07963872267635 111.82380210332762
340.7537069921765 406.10431186838514 120.7200942828507
350.42643394194437 413.9766790374654 112.10988241257289
350.7021821358814 407.357961710336 102.73813997111472
351.3303101364848 400.6141880763462 97.7109694202706
338.30797203026174 398.3022139312357 109.50059611793343
340.6422686139443 396.7796850575086 105.91593998423005
334.34788388886153 404.8114381477573 97.69247677809385
343.5831945296539 403.3859363784253 110.42025572604445
331.2654957561953 398.8290384646084 94.63972785881366
348.85358152637383 395.6841273922594 81.87964073186401
345.2740698526898 409.6413955174322 95.44478606720872
342.80336200918975 407.1690575157807 103.03608481535879
348.3636097941893 399.7948317341974 105.72057749690747
