1000
14.77221611605755 100.24306898931479 423.4928053084848
24.605873300888973 96.7701737253087 423.7930633985748
26.925295628230263 97.41576027348076 415.1737156693845
36.24494980794866 101.92517037534662 417.3193028062852
30.381801317623662 98.64733695408381 419.84071526957985
36.22328161854803 101.10632638803305 422.50406565476453
32.719709651516176 108.1059222364822 418.0651980731949
41.92878007251292 102.53040068447577 428.0376791389711
43.385611718151765 108.28347743746531 428.5659474040067
48.87030096960112 106.89091630043686 428.2802835011942
50.752374342292185 105.68800250577786 437.73581548030853
50.05933693973375 103.2928313431814 442.4138575245883
54.9245561463077 107.86900424649282 449.65431653580555
56.35018094517858 108.75760997494987 444.6863095042749
49.14765728736196 109.24349070749905 452.21059504930815
55.548032181835666 110.47487548771764 460.50829890588443
51.50904045765906 101.65129338271987 458.31678630053335
53.00621797860705 109.50763731760053 463.7083742327903
50.43330985270166 110.38283599981548 464.20008324071375
44.733395149227896 103.31965726230108 464.8661041435024
47.44148147643827 96.98384123903834 462.8747253121528
39.492705621042425 98.90258903550402 464.2708702396731
44.84254878216696 92.73039719336231 454.6019701182719
53.54603965921175 88.63034477346854 453.7640203985431
57.02555102690865 88.19640321302556 454.7452689790585
66.77535992153636 87.33966738361727 449.4001526391691
74.23994134201169 85.80479498399409 453.02022247359145
78.16936744134028 81.33344087885037 447.43995543936745
79.74998285679493 88.06789955471959 442.2006360783218
70.8316924894583 95.39103696028921 440.34370862004556
69.53167452824856 96.98378711923452 450.1428130610665
66.90431137911554 94.2979073445029 442.61843188960694
75.74453162054667 85.72439062658515 442.4981149713421
69.1851466042756 80.3611060110031 442.4690183665157
61.853217365277324 72.9600971134347 450.2636241540154
54.84656826832441 70.814449874518 451.4007986812685
49.96772167205139 65.66632854967202 449.44619471928036
43.279419703140206 70.42767938692324 453.9857947169055
51.910777376930255 73.06333748935079 456.2728964791261
46.886951296405265 67.9087106195968 455.5913713852508
44.614890081671916 61.60298579994654 449.2917030370446
43.46127290445139 66.33479108257852 444.50615148270987
43.19465986464836 66.23906680192584 454.160355006892
46.97829202030906 60.40617210741293 447.0496763925464
44.393091855046734 63.555463152582185 454.1736562689328
47.94008025067327 60.19741485542373 462.47667271742387
51.26929969028716 59.355483550472215 465.3967802761582
59.42308206823793 50.368384914651145 472.43371648899324
64.05572623819484 42.130299087879 481.3701201941819
68.00730141675331 34.75693546779894 481.8032634147279
67.9230793095494 42.45192293731331 483.5864696452559
63.79370219378801 35.18980009149586 474.01941517271473
60.77464641304228 27.68936232638644 482.3236473989112
50.999043942733444 21.009800102907032 475.7412410805635
41.001046420263094 14.319549208177039 471.1442778530958
40.06554415428906 13.207813934962694 479.1272376506429
46.888966310612744 13.558055084749157 486.845490602489
45.10899970685298 9.592082128997397 491.31564924464163
36.94968964968578 6.479687678900348 493.76160973722773
30.168492010216955 6.276512627067923 486.1625535782905
23.622607566522696 14.71336874631511 485.87793438634316
18.962879513054208 8.321493323063343 477.0117483013121
16.200919016302453 13.593313225996464 469.17749485128314
22.700294918294585 10.291114045500496 464.5948642486318
15.098310152957893 20.07473831084493 459.8419679751878
7.961443274238694 10.103533503065425 460.3090163942831
7.255631588472556 12.347387912956076 455.64453349432597
16.80986157800102 19.481443648481623 463.3767948270605
22.454970986192627 18.224866365974123 468.429004746437
23.741997886254385 19.333260719712307 458.89994164252323
28.852107062958137 19.089334075129297 458.2125041264417
23.04136722707185 21.037840430540587 461.5510631321126
27.809748813028264 22.092057662219286 453.353372147446
26.276450653619072 26.10358735919364 456.4418755442324
31.88901405070179 29.881236003542526 456.5693167871983
32.33267845510533 29.552123170667343 460.02483256097446
39.786997201663375 38.11708533379555 450.21465670111155
44.568556482220735 31.8614400522796 451.2329923862413
41.11285738948535 41.45754397570679 449.75042128290113
32.01586516102987 32.06081178395195 452.5267002110104
28.89735206753163 34.59907736049182 444.0186756420429
31.336237376463934 35.83061358799999 448.74517379422264
27.44185534377567 43.981168267882055 456.76993225526905
28.493476497683048 45.28757875109596 456.90357356884255
20.101936558044542 49.28383835616766 457.8158403549918
19.31999014968318 39.37826036558017 452.83801636812905
15.32788779770777 30.64935570954595 455.2855824837759
23.346153031682938 22.377374208663017 459.3003135411627
26.917500385523827 24.56735047993803 456.74491737087953
31.13822940895616 29.594730506230686 452.0018941870486
27.23289440341131 33.15759600820291 453.6891970274282
32.47561802579676 25.12001347189564 452.8582984985019
28.02459757787397 22.223431312567666 454.08669684433016
28.600529796928377 19.394635259986465 445.5970046797528
18.64427051342018 17.29125198221655 451.29782680145246
17.70094238021244 22.526317879449728 450.69684197858203
17.56827778327983 30.916906727131863 450.08826505771947
8.753001194003724 38.70476653917226 456.1869219120131
6.824807914262799 43.013373044628736 463.38500117358547
15.145795223949644 47.39259855381784 456.5120996982081
24.62551151974788 52.701546096816585 456.1639231656642
33.27171628913578 46.262033055250704 460.9040884072049
40.12559620674716 50.995706584782944 450.91957587376424
45.793265217263304 47.72210889378281 457.7062596526414
45.43610241493607 38.170808871160375 448.3465605599851
52.68701063800177 33.36916715683675 440.0997646553433
44.792291961491436 24.560419158821787 441.38388899868613
49.80504718749297 32.486371213802016 438.22830202600744
54.91567308429717 29.92836800456829 432.8129247925291
50.74424929066295 24.371800959057865 440.86638647357495
50.14193200370004 25.854796780427282 450.4992695915494
58.87986946610491 34.67119880223801 442.8118219651544
58.30472021229477 39.4633696029332 439.2519295690955
65.89449932897381 35.88969166240457 430.96595066788876
63.34092539126028 43.17693545245915 435.7208673244435
64.16244021139325 49.60110896615707 429.6514201900281
72.59025411329938 45.35651674445689 429.3151461549969
80.65108471804407 45.05790990783756 424.41975890597934
83.2305536316627 47.06278399370955 425.3237915491602
85.34323234603855 47.565528124636536 431.61835277863486
90.62747055350187 46.28860268599361 437.5415815969753
93.64687516591495 44.13483872099676 437.8470430309653
87.48980673651914 49.26619346648428 436.12666201929284
96.3582169681503 57.4902326627902 440.52419078814705
103.02295994660054 66.33991746244962 440.5363623138982
104.29808173282379 68.79802871737661 438.9752478104767
112.26006236391399 60.237344622538885 434.2074739945874
111.97486698547623 53.98910276022028 439.58243913525246
112.83810939768533 63.14343130720394 449.3978904499867
112.68746741553036 53.614183777455935 451.37544822711226
108.09078714956733 56.83603319013695 456.39618796057914
115.8501193943223 46.88870587136029 464.58599702003227
107.40686080429029 55.30030846893975 472.2660328066837
106.61962634203756 45.52452049812091 481.590043435869
114.37370981659127 37.29763907293105 490.30950422225476
118.37303263028289 32.78864190146576 490.4666068922975
122.31240864943835 42.53561480713401 482.66482893906135
125.31694718638367 52.172028989262586 486.9989379255319
119.52163017064272 50.12393043156886 488.2461249307399
125.40335946579664 45.82331163345211 496.58779027054965
131.89487406157932 42.98576441183867 494.4892859249398
121.89512365435748 40.736081451531206 495.2422983956327
116.97850163432477 39.764290462014806 497.75185239054275
126.52365133257041 42.21343014927821 500.35090150311413
127.46454779282088 36.095471240255236 494.8086531043773
126.03495048385447 37.23133410358665 498.5521160904628
133.12458189695633 29.674560913315812 498.9842816410747
142.31280982662682 30.048684403568966 500.1460602086213
151.22216918048682 20.311705170795147 491.4631761285649
156.03553951534215 11.556049038260927 499.0893438816874
155.07849548507264 21.43644971811852 505.7200196485293
157.16125779621856 18.081435591300927 506.0106468269446
150.06011786043095 25.112579939610736 507.6861010224374
155.15532590718192 32.63136681852533 504.0474053761812
164.83201649372367 41.055270240612046 500.2394691914287
168.01887476303628 37.912286627036515 506.9154123175328
171.28862190254134 35.19567604256751 510.2013770408975
175.29072209781907 29.379717233785613 507.97039832273884
173.66068481731565 33.324404218605345 500.50295415977814
183.11935880233904 34.448423734962915 506.7847710138261
175.29597867910783 35.69666947510148 506.3036880187191
174.32987565061748 32.35774951216967 516.2748029803447
179.43493863374468 30.480958130868608 511.5056506534856
171.48019201516038 25.339528791489915 505.2316943630811
165.1867688349335 31.934822321534618 500.08446596585543
173.67073980254466 34.776430192124884 505.3703469699692
177.0425675559848 30.48415095084905 515.0426297564592
169.6713920804174 34.3654577351101 506.41389124194166
172.83338712505247 41.40194188145591 499.07354456194423
163.56541927579556 46.88442369925846 489.08721078765586
154.1892351633946 50.0486242696876 483.1620537456577
150.5380022878365 51.48415049372983 485.85920051814963
147.45546507980413 53.60708579032842 495.3483075782542
149.98600278000492 51.22400798860891 491.7305272008278
141.35732271824986 44.43578393731051 494.8294593704322
134.71148803987847 40.6620746093559 485.35481467141085
127.83580169317887 47.258931233712524 480.77506989033657
122.45283701799785 40.81739765129837 472.6608912929271
131.4653315592053 32.42642452465552 478.1018584705475
127.76946879309688 22.827342814671923 472.7152616449684
133.92842952273776 26.81048975299712 479.7183305843453
139.02083681509262 29.687410996068223 482.64346595601893
139.55214666986657 24.133161992574273 473.46008860537125
134.96097218517824 30.92740316676882 468.5847535939344
128.31250226754233 36.9140799744232 462.241584071833
128.8452845964198 39.78511661225197 466.34079352259255
138.47759657935242 43.435758716771325 457.5180980695593
140.43224190027738 37.01543064982358 459.42530490123414
130.9174436242249 29.550970472594383 460.9696582437468
138.9070152936404 31.73135398829566 460.5356823763646
142.86592797739036 40.89697824107124 454.80481263384377
136.31182670677362 47.54069571198387 452.1642335677498
144.5708988852728 42.62614565388551 449.6157836443822
146.51898619325584 46.01874193717103 439.9630795811633
137.1083092788656 45.36946524560948 436.5827098091714
145.12702200919233 47.440667187310176 427.68800440737743
145.2432237792605 53.094734100908525 427.9034668210775
136.30280699124478 58.264359429509945 428.21983575975196
128.14734299722085 60.51704919535292 432.80693352147125
135.7755468182129 64.01917874387398 439.25883135274034
127.76126564914136 69.42776504398688 441.5572653736656
119.78872524268083 77.01911355087594 439.9537131997958
121.50279810046743 82.04700977526494 448.7815318264661
114.39836994446993 84.148009470081 445.7679471006222
115.88188801325178 92.46863084491052 440.5402048024545
122.55680048727353 92.28567520926374 434.52607278642137
116.43779444909288 100.99658403836443 441.4357782018087
115.3815888191081 110.24960576055977 436.86957722860666
120.40734520931983 113.74474860675777 437.8580999622304
124.52426005539833 116.03364342058164 432.3459271083389
133.52438552164023 114.89411705954066 440.31598500564803
127.13178326828961 112.32548660870678 443.5507633930684
135.42306891739997 121.78723327548185 435.28550574987474
129.8748399936627 125.68745774234141 435.6064870914769
128.8053861630769 122.30245066197533 445.5655309640269
122.16817847841567 122.14139199945663 446.311229757193
116.8198566638019 114.46554812263395 451.03708174565867
122.26960858457132 122.02616231163395 452.91673596793186
116.10292080727105 116.69009362760414 457.95818040477405
122.69409821179579 116.66314881180675 449.30860064199913
130.19372210561875 120.5397821640928 450.66635910717537
126.72575433116924 123.42016676972396 448.46735085827146
134.63355798108793 118.33595392248291 441.86998123115103
129.34967400394288 122.14104377959816 448.79235878727224
136.98292035752627 112.8537206947813 446.9001612325819
140.81384365676337 110.13056631406305 454.52516491432993
141.20537279818015 113.81408783301502 453.05661335683556
149.1433608059145 106.10165598046194 444.68147346438104
158.65784537729255 114.40000254837908 449.68884773000497
167.11910875394614 105.77026751903563 448.7225502202705
165.39529983325963 113.19616798484026 448.4866405382566
162.48453129243867 113.69838474684305 457.62694712187323
161.62298204364777 120.82168889983647 455.1679123910323
160.7422107743257 130.22230785604853 458.6069960993176
158.70408107022467 123.93629605966892 453.06322123322934
153.80830558140545 117.72261979885594 459.9204092734506
147.4479634479155 113.63087082781782 450.6315999369496
141.018237271812 111.3400467671752 451.5559790540829
135.71800833870387 116.92750902448881 447.39921202619047
132.22585927902182 116.51644997918993 449.698925332801
137.78530922825405 120.30232089429283 442.0083824715442
143.7088701045788 129.70898208151135 432.5948656715759
136.99623971739322 129.99413618147162 427.4212456629925
132.37708741957394 123.41838963222214 423.6716987651491
125.61237543849474 130.24433435874408 427.0902426910966
115.71817486956608 122.84131114809215 431.0501024444596
122.98907799957459 118.64084268339056 422.3288772815807
122.51598389435162 124.77485233728945 418.7549914312089
120.78482071737248 116.14953920437446 422.81280517014494
122.13286575365522 107.81585338710127 432.4656565141435
112.27823237550908 112.48645910146035 424.46422472615296
102.48220895406774 106.11448847783147 422.6012437558024
111.37141557048005 103.18202584190036 429.70286367136333
104.19121134310132 112.54774424318587 424.7232430338058
97.7348790859175 117.05344500233585 419.34747947627125
97.24343477475283 118.16007974888797 417.021531755829
103.99663922001028 125.49041801960863 414.8613467236512
97.36284121827109 131.21355192049234 410.5373981138892
100.04190961381633 125.38557457727481 415.4703256634524
96.34339620451843 118.21644693904432 421.16839821913027
92.69913863546716 123.71762303943478 420.0343359490361
93.22651165373216 131.55993129267776 425.7962205567192
91.93837166131176 123.83492944490338 421.2875504132627
92.02342908902001 124.79833775932745 424.19540282432473
85.17882735626095 121.67660040710415 429.68945982868644
84.41637674933074 112.77143765192474 431.9115798071833
93.81096530368843 103.6588886899273 425.7189718243281
94.80039517276681 110.01125294778615 429.3728511239747
87.75395104933631 112.5540143150719 422.32001161285945
79.95012633400049 106.43801376933625 424.65388119068166
85.37924955320956 105.97934402501697 424.54427728399276
80.283767038784 115.76781626020156 430.8707970810831
88.08284902393001 112.2928855993753 432.54768927973856
93.58564319842571 109.57667455664267 440.7206020388716
89.41099650690956 118.15891308642908 444.10945439125055
93.13092143142474 108.95729709903434 439.11524331639066
101.28400541095833 110.0619114215222 437.6694276774326
106.01597729924019 117.17816106003521 432.8613661201318
107.88589300705131 110.90765619415053 433.71594831152674
112.07342543500678 108.16936936522623 426.965860544369
115.40674301913732 108.82288543120002 427.0946143589369
108.6264439286646 105.28359686038462 421.32488454584467
99.69399994919169 99.52217456282001 412.6190420901482
98.28699931351544 100.45274628703274 420.21265091574406
96.85469765044265 106.86721211178244 412.5660019086299
94.88410832784042 111.33901074668049 415.2505577115777
90.10404018503071 107.39759821481898 409.77585858979586
94.80675063070487 107.75951959145746 415.0472350928793
86.16371106161424 106.8662023284171 410.42021059742615
91.71213112344425 107.00572929762727 409.18470091509414
84.82382900611367 112.69959622496813 401.6492450333411
80.7974970326133 108.93479792811536 402.3819911092456
77.3978264616308 104.74139925931031 394.9784676575305
86.51139337164632 112.03895829393217 392.27365361694854
80.49777007183762 112.07116383353222 382.61843664019693
71.27112917022649 120.39259548011823 391.2033082630562
77.82368222909042 128.58360309679617 388.48408765232904
76.5394199664785 122.3687929146071 383.30153678029313
75.9786343574044 129.31396009609583 380.02258245096516
83.0228731887745 124.08122349888498 379.3091713566874
91.03349854937323 119.07891137399835 375.93286352919597
87.5541582324226 123.07281306509027 374.5939987700169
88.41249734913117 113.44827628896151 373.9539664584684
83.20992132924916 113.64870165034345 364.39508416025757
86.92430144606429 121.26003361812437 365.8873547377764
93.06120966190625 111.26160191583253 374.3712167603169
93.04101562817391 116.73476061138896 373.7999052895555
101.67492846789855 125.81125476660117 383.38678443984077
104.0225331460239 133.06147792250349 385.2143162325975
108.54626957364164 123.38610198859216 382.3218176404401
106.71838359480101 114.37513527529853 392.15886270379946
107.63015368129321 119.66040118927225 397.233700941275
100.586156701887 117.66154777638964 395.97057391107774
102.32900025849416 126.13547861550504 398.93717483491906
101.38527245341643 124.99167953724489 404.7667075812928
104.6604960695164 133.7037616438079 395.35320580592224
112.80806708856292 130.86038513546868 390.95368833142277
116.7656248179098 123.38661445996249 400.93786356649906
126.35322210058497 125.66100957126142 409.91632142504864
123.61273820080409 118.67134742287467 407.77099488217016
115.08120131725967 124.71018391986729 405.539160780161
112.41928325349588 131.73092557597587 404.2400094542646
107.49240878210732 125.46710786351412 411.70827860661115
101.63873078412834 125.24261331904293 415.4023997491724
107.54760709921 130.18310346970688 416.8140517144215
111.62358967363484 130.85167609455246 416.2944939143363
108.64702940556381 133.97037027677933 422.38066989696773
113.78800716866112 140.9264948825364 432.10560551868264
107.05403011631348 140.910671670555 428.7020592590007
107.20798340850064 135.3623318987131 435.83103734816865
115.31980751846551 131.04907219258283 434.01522516475023
109.36306931283909 126.28587509846679 428.39122538912443
107.3198756028035 117.09649612860885 432.8202849159385
114.55061912657284 118.522764855845 432.11412788870825
105.24366428940084 118.76249646793988 441.9014541913787
101.63400471726096 123.47014764061053 448.20721010202834
95.53937599684481 115.57567321245648 450.0844409049332
101.91915465601869 107.5207005227019 455.9449842424277
97.01235282544894 113.16450953503617 452.7522803572909
100.0904395645969 117.54727971988765 446.2114700003606
100.66076969102699 119.44700378556459 446.6063449049678
110.54359773712706 118.72289349360771 436.803471671508
107.50297072876977 115.21839639418548 428.02226740115145
116.5896124002927 110.4990287046881 437.75094142661794
118.3552057544644 101.93361840887374 447.30403653303244
126.01550489191715 97.51600919580598 453.14953446508304
118.0915990414719 101.67617251069149 454.97125052961127
116.73624222565981 92.83366914391254 464.2366333702807
119.68740025084148 92.74326152743896 461.13110754610034
122.52596090043487 100.90544784792294 452.8224976447963
125.8608354492086 101.27738811420481 446.92931922888886
129.68067312067578 109.64375654616688 455.6457107885278
119.76949079528123 108.87083823594553 453.77439079546497
117.97827102826155 113.58656120072519 461.0974914107258
119.89855117919231 106.30497851777092 469.0599170939084
119.29234768521822 108.19806985333611 461.96066527212
126.98049340680913 98.81642881624677 462.58563063440204
134.42419603532255 92.40154654664839 464.2594377780632
135.13031803746733 88.9438849749423 466.69666396066975
138.81440983121553 83.3418790062713 463.89325036619454
133.77608898033142 74.82102905471308 459.219100360051
134.630527173867 82.58110788304806 461.61035456570016
124.9944077116083 89.90768600687603 463.9653580828989
128.883563181357 91.24437919887175 455.51181007891716
119.57830942189437 95.0700115298794 461.5516557235597
116.44937529364178 89.20593719853923 459.6021524662781
114.18594274602209 98.25046380546655 467.2761696949007
107.0045491752036 94.67362705536965 458.60351665404863
110.29135165274951 93.07108076482857 462.77833456217127
110.52325005126845 90.51241973564645 457.2880147158797
119.17561329893697 89.8028242988757 457.6197995361263
112.55054904531254 81.73174407056348 457.0291207959928
105.90648821092192 84.11583062397085 461.71419264379097
109.95021588456825 84.43725793005501 470.1425158717798
102.7689250782353 90.35871034289998 475.14329624629136
105.22741234960243 89.93276938953386 472.2464218771982
99.38219855096398 97.73074881997773 467.69480398628707
109.01189305823777 100.08029927368125 465.172598701316
99.55849907737648 98.77193320978607 459.15675877137784
104.36559877169513 108.47380910105201 462.3033613788636
94.4059347806726 106.87157758798465 461.81440290793074
94.18361070144584 107.62106173470686 457.4736362833427
103.97059599394076 97.6923576312984 467.3141020582958
99.13903286694438 101.27599234598144 459.7735599857876
99.36299823857114 110.98805420929796 457.2867785805343
98.7357534373257 101.45179422887027 447.945636048259
91.93232653764773 111.22915611310815 444.04122945496647
90.81411270772657 105.23422890704416 447.1701669087043
82.00729315498695 104.98745287344474 452.2427476799103
83.20158522669723 109.38143318476166 456.5700004976753
87.47111228955855 110.91901521967144 456.88150563775434
93.69189852175734 108.89101325250982 453.9006626437735
94.71720371909815 111.06108856928833 461.73659832022724
94.72198542191383 107.8823304212526 470.32355002800875
100.51519978154705 114.30258517278648 477.83032883191515
109.75157873815218 115.93815082240955 481.5397459696101
119.28269705534903 106.66745012530818 472.75775788389456
111.90202124217852 115.06869514375416 476.7603700195619
102.69701472447046 117.8868643321851 480.2518649037292
95.7691111884778 118.04171618594454 472.6434816138298
93.4075332948314 122.97813466079678 481.7061790352403
92.63821925628979 126.38280477066509 490.5111448579541
84.76779854253242 118.77044638407065 499.98520683220556
91.57443464283647 112.2646291703374 508.05787945681385
97.5338672254981 116.17222266444762 512.0970738337984
88.82560163708607 118.17883131397554 519.5724615467958
85.87812205653373 112.60034787098468 523.3998460633687
82.89224212255166 114.85629740219966 530.3658126055885
88.63639024583613 105.84062226702868 526.9756792050224
88.90685886166848 96.0294645239526 527.3706291891634
84.59271612290237 100.75386561275292 535.8484626684561
79.9886278886807 97.28372194131511 530.2104486546309
88.47603592162514 96.64950586050293 520.303035318774
95.61436248356746 106.33265217763521 527.3589575662372
94.88925179021531 108.02481848454796 533.734648806991
100.07196583358532 112.20379873100575 528.5669947970234
102.90022373035222 105.89047636444329 521.9833387389099
94.6745756019271 105.21354913844452 519.8914486890285
97.70033585594862 114.80625359922814 522.3860862462158
92.90299267020337 117.61008731868043 519.6000549497777
94.27123521103103 108.72677300087321 522.353475639936
92.02725296615397 118.59803601054358 519.5750190750736
102.0269049117075 112.65319295928927 529.2128437275229
97.36562980234936 112.25290006499515 533.9315276546233
87.38668137245487 102.27029143130392 536.9957351371703
90.69980144355893 100.73526730310837 529.6360917057998
94.54551489341941 106.0958230453682 531.3089024821893
90.14881477818322 100.29638490431289 534.1323471429407
80.48127310768666 107.73023219916439 536.9648130551335
83.23057663766406 108.74654713361372 530.1720240159508
75.23656711459466 100.48118083109492 521.0065063324726
79.80761824810658 106.66789325979754 522.8805621826756
83.16359598842604 100.66688188237293 527.652685714299
73.78954772506562 106.18128915158155 528.6293989902099
75.71859775945582 103.7496005435624 536.3868333230012
72.95910124698422 96.18064961368798 533.667380710953
70.81879830354771 102.54198449837617 530.9511245551085
74.56024181231034 96.92885172096355 521.1815336661335
77.21463617459995 95.84574566507314 529.7712519600627
83.20474911401391 86.42093734664826 526.4732732130773
82.12766106142895 78.80343304637577 533.9835831273605
72.30724035040232 85.37385334957511 533.5950677309114
65.63758201536801 83.26647598593966 527.9277150562893
72.53937532161459 82.00702262577161 522.1158273159378
67.07742864591468 80.99030997785691 516.8797787273157
70.9729083579005 76.50942384293337 521.2257932748291
77.53548636653788 80.77524685365698 521.6666640674448
75.93650883436113 85.61600006363348 512.5840103199127
68.7521976864967 77.57830053202639 509.47505318471707
75.2286164197894 71.30195739861634 517.1714782905854
70.19363387221536 67.09607355271011 516.0112394609876
71.4294048543595 58.328002430104156 515.3753836120065
65.5001759231316 66.73178466706925 507.248181908049
70.61344338348836 60.62501195785138 502.2959499398924
67.75694852359851 55.92585318823808 503.1905070268567
64.5615380256887 56.922786570610086 512.0240019805076
61.62999149841349 54.36569527249082 506.21984383374877
65.01466919415874 63.88843466378822 496.50298568420305
71.32304044727226 70.56912988054718 488.6575817728826
71.99016061638567 73.22181267824666 484.7797306253454
77.60624021490258 77.77802885002714 477.4362158364747
75.81261567045269 86.44301997017794 471.2858494219339
77.94768235058885 87.38662423239822 469.22321123667876
85.02429341285216 82.93802512844206 459.4919005631659
83.71532103322751 73.43286948220592 450.01263587832875
85.80075056771408 70.78392478241783 449.6142889712256
82.30031805689833 62.58509361925598 441.9811873978949
87.18405968803364 54.21710969147636 447.45243079347244
81.54800978772275 44.34894849772533 455.99719907939607
75.65710719482016 34.64991519084971 455.68364520604126
70.79610756075125 31.780708763674085 456.7885942797433
74.34020560483762 22.138718266335946 451.11442105836034
69.50725606184139 21.391050167209812 451.8407749154331
66.5876287593473 29.30908866729801 456.35981483839026
60.86246168090497 23.065198542205593 450.7351890548033
64.08601387896051 31.445823221292855 455.6115551283887
65.75073430383975 39.73727268354533 446.61499941751424
62.95213628391786 41.11077730373116 443.8525882520785
61.8108035510689 45.9740373380543 452.7610174495557
64.5907239925203 54.170052676982024 447.25136479278615
73.8887892396782 63.54332918159368 452.7022176406458
68.64688648659917 69.17408508154611 451.51914692372026
71.43955177484166 62.03031793945503 460.7979294553331
76.41491381903532 71.59136625760306 466.9776523482455
71.48602633186374 63.14432130468219 476.4651583086718
66.70488705872694 62.78937675273715 483.53779330004875
64.3771241625625 60.638359041708 491.8091454059799
57.060690231333815 64.98624888759859 486.48567246535316
55.35026306530048 61.40480165725932 494.0329953411277
64.68884706873972 54.186578600503374 486.2908860119382
65.61950876241205 49.89095567699503 494.0780119300747
66.11668199936001 47.445382186786034 497.46442216941176
56.69436089703855 56.303272183022 490.22154271876667
63.192763230077865 47.042559517803724 499.4166972902068
65.25556773881367 42.03773650728381 492.018695790147
63.88498078180022 47.18721628754206 501.042728783195
55.44955526159572 46.14819178010094 492.7467265323259
48.40945858976261 40.29920730105312 495.64278815048056
42.231649226532376 36.224946879184245 487.78453260612883
42.78390142617832 37.04775898564097 497.16462876858196
39.150309657839486 35.52270249072493 493.21580693889445
32.6729361604871 32.73753858340585 487.04618687645313
33.03220670100513 26.35895279117372 487.8707052307076
24.157112650687072 16.52172072499925 492.9421447699255
30.288057335642392 17.370528536612767 493.662458463451
25.720783780243178 22.919441696897167 489.46885252331464
18.85018613276645 29.547376063164286 496.1954075570253
14.983807114927085 32.529462861098956 503.97505239640253
14.898864850346381 35.70944524922027 500.05201390848623
7.193765312094494 27.145949642751116 491.5194089941073
14.092558753947245 31.381164805080573 489.29725022551014
22.066047464839993 21.5397740525385 487.11270011387415
25.771152946913737 24.77152872537977 481.48718657734594
30.868149343449062 27.201808601942417 486.12274170472665
30.492376078374715 36.66744176679594 493.16255642352803
39.141071047538205 41.60221523005755 485.20485685368146
39.821151272465585 48.562382771320785 477.851250493937
36.538721452027296 47.67098165152227 470.53987982655906
31.251751056019735 51.45174493706517 479.04504090795865
25.55417558517899 59.91265832283506 472.25178350328093
20.403097912864368 53.53073516471669 462.2686315307952
25.881046665246 51.96229691655449 460.6200246041932
32.39893464077081 52.035080970544435 467.20246569756296
27.543121415967036 50.99268454779293 464.3134774512415
26.55190093693546 41.39777889362989 454.5446506646259
32.44695168138384 42.05634285228696 460.57638417503483
29.373531401002964 36.28327481463699 451.8373275679462
28.231881985620202 27.73214432317252 460.99421136227136
34.10797831540596 37.18369123840107 457.33875326008626
29.260260606675804 28.00170608395257 460.4626991724933
32.723329456293335 19.860217637506068 469.1201692898483
30.023971718959803 16.079097534906637 471.79923386389186
34.72069115113142 8.59621803415819 473.5938675696606
26.113458607587546 5.357841060917796 468.5772009584047
16.403127986464145 12.911198833086036 465.79402665940626
8.65114580336532 19.188543404542923 470.2214467818414
10.075179305431439 15.569159549262205 467.91368115510136
5.904827319947181 18.337261798420656 468.0289049588129
-3.689906160522302 17.65476722596143 472.118053187395
-13.489893076398396 15.62632610752272 479.19189772520775
-20.62364399700474 17.735748049865105 470.2227205787216
-25.31836050028375 21.190956048278643 462.7765513967353
-30.623932857223558 20.916319175962947 455.8422774008081
-37.54208718328189 13.741458966079518 454.3664017061115
-40.31511599600464 15.925945639496312 445.74164587866903
-39.668732938046695 22.23548798398116 447.2654764284511
-37.255868600258346 32.12210749959567 446.3365900468217
-40.486241560884444 35.59642860571336 438.9061181358656
-50.37437502368401 33.365672502519736 436.6042950110129
-52.194467876320694 27.655668801363394 440.52890304526926
-46.808352385297006 22.045255394979428 436.3186448432081
-38.96797615296999 26.898622081974583 430.395343592182
-35.760485240190405 28.399706499238867 422.9683808238034
-25.795830663651067 23.65135881065273 432.65370586118485
-34.010069727845035 14.051923333404762 435.48750172184225
-42.876040649146205 16.99074245033016 435.5047951447684
-49.6957004539205 24.85233879781419 440.12360034919817
-46.14696492816567 25.426125985589824 444.50444030195143
-45.56772180022551 25.04704585193845 442.0541091777753
-42.376639875991245 22.51880010187447 440.12150773955705
-49.538923599511946 23.186723482493953 440.7780662590707
-41.95482048128625 17.278339866965926 434.84572156477844
-33.26592176891977 15.667613915362585 425.5264616474421
-27.303559057230125 15.693670404148724 420.36355599582015
-19.23526093034446 18.570255130137905 413.1892325450671
-24.733649117287364 26.03439366132565 407.6717687834842
-24.200720900974368 28.3648124913058 416.34943883932254
-15.522383441979683 18.45744234216758 416.30477010994355
-12.74865808844549 28.143282096339327 408.3143435531426
-21.848542129908196 30.906218725923978 416.68744128105544
-24.460077980951123 31.8131942019041 417.4983141024987
-21.633832435212078 26.763910939478627 413.66018725084854
-12.162915467409054 26.204110954735995 417.32767844352765
-14.626769094230307 17.030411234709458 421.39924881099046
-5.486413080607102 22.670563501224343 418.6994073443858
-13.702549297323506 24.39051195926972 414.3613814974617
-21.91701608833272 21.076685875870382 421.0721805396789
-15.034733659142258 12.675958610329168 428.4318835521728
-7.787961658860906 20.861478093176224 434.3592664703468
-6.709692907589293 28.595186788552624 431.5390365255518
-2.4217860905584416 21.416205583635836 435.3754079122467
-2.6960592859277916 17.906027837376897 429.91555559153653
1.3354350291999104 20.03811667471745 426.85932850238896
-7.165534076470763 28.55630892132961 431.2267773418117
-3.2336098665057933 33.58149539501305 428.9677179398302
-9.296775032432636 25.921888786551413 436.3238110294539
-1.7475405130060349 18.431488509688947 442.3417247091476
-9.413111542368208 27.600487336881088 436.93578248576165
-10.070422872315042 36.09371779993905 429.0210877151468
-8.661968126313976 39.26748486364188 422.5474098423389
-8.224110635207431 32.06914011176664 424.0637253848245
-13.774403653928896 27.283041615297343 415.4704079762145
-16.378564017451197 28.593721895659776 409.4194744464553
-8.587345380125447 33.582989587113545 407.1785130098044
-1.7085960657904309 33.38310002605406 401.2847416714716
7.753246163175081 28.290383170223713 391.51937914775937
1.1016017571101564 26.82876890441174 384.6200466219339
0.6508809370511424 26.04222029164459 394.27193962897445
-5.834167828211253 28.777337092236724 392.04322135405454
0.8506568799371088 32.847889387817446 388.86970299731973
-3.479094434805269 27.34579629869563 379.7340153525909
-0.4550816238580837 36.87780503682329 372.7979820087177
-5.058913612952484 35.180225555363855 368.0312812385474
-6.98138514786627 39.728273946659904 368.2355778905822
-10.445968482789967 41.62675734830161 360.1451115769792
-5.185920571221585 49.92431100969851 353.77576350580455
-10.177067858830334 44.19991997697416 359.39868596779513
-8.00301840312622 51.876921011107974 369.0701838471952
-0.1877363037243267 45.32262473524545 371.4132228604487
7.857307762914337 35.81393379050942 372.93476797746087
2.1371173202046805 44.712350126948564 374.8523521068585
0.05874957201087927 50.55950719979265 369.0774633660449
2.431851687557323 43.30710522658492 363.65471202263745
0.040328423936338176 38.61509642372178 357.54464751210384
-2.631098545742449 40.730484847755186 349.46407399069506
-10.920298973317692 49.752738102994535 340.7580396817318
-13.177607607107635 40.301326966213225 345.1511667121745
-5.519246866179408 41.70340273653373 335.20401814462184
-9.675137259418808 32.010981153259216 338.3614867198529
-12.707320621266758 40.94650276076963 336.6993229913211
-15.08105705046956 38.12656613022529 328.19151208230204
-23.966859171901564 36.0574301654095 329.2056934455705
-27.5357445243058 44.514967291399145 330.2964621771167
-24.461675235305247 50.58265985810348 325.07243915481905
-18.781173621290215 47.41466552292394 325.3288697367905
-15.536092001686137 43.17381578551877 328.95840373585725
-24.74733433539278 39.505717283244216 334.24819162366185
-19.109289708412586 38.334649638217044 327.7581616835073
-17.09328731145854 39.68199849067305 328.0071252737152
-18.078980880576477 34.96729077964446 322.5665719670213
-9.638717103582726 40.73025033688635 322.9557134627746
-15.61356837854821 33.25095096215894 315.88575529184203
-15.956087469786048 23.25871611600983 321.69544048316806
-8.269870383051261 20.825307588011423 324.7375721865446
0.7610290819428851 19.774519629837563 320.90611833364767
-3.569602222140043 27.712775001819978 322.8106605056396
-12.106207986819982 34.336450496563735 325.72390918101655
-20.865059108889856 36.648314228144216 326.91273565562767
-19.254030551766444 42.06900132750141 327.42005618550246
-22.948340071530325 38.05618865302233 328.584328315251
-30.62636146244724 44.03688698424497 326.409081457988
-22.29390114232335 43.57050403236252 319.5766510771488
-26.569533784886268 43.21037402562577 316.935578157014
-24.40340881856741 39.946166146278806 325.810568580454
-15.418218310424766 39.256697034269806 321.9726272032349
-16.215689536295592 48.299204017633755 321.2167671842537
-23.475002122970203 54.26330451989304 320.87296875873085
-33.070982217419214 56.339827552867675 329.6578749434431
-25.087917373163148 54.993371187209995 322.4760644056388
-22.400985145012985 58.7041570742049 327.6371970747552
-28.447754731996916 58.480686013300485 332.01230770516435
-22.594346809557436 58.98841764921614 335.0607695608491
-32.09368333587064 56.07902285036504 336.6796186501612
-27.75908453342178 52.234861276057174 330.1661019068127
-28.432173553306185 58.5377075411851 326.7432477786209
-26.128215786810596 52.164131450121374 318.9233199549571
-25.36168110706083 58.66518688142751 315.1099851949644
-18.106485633020956 56.059016377240326 319.9422667492486
-26.566248346346466 49.45387754184862 326.26787152482206
-30.819745202024684 41.479611441630524 325.5788132253112
-21.2620454990401 43.86448681491599 323.8851330136392
-13.064598090570838 51.81195501236559 314.35651204745835
-21.672154954397115 61.7863936257863 314.0445226971367
-13.28935197013422 61.55718376415604 319.1886440862771
-8.17094514361534 65.38413699641241 309.26554050619234
-8.461704041793666 71.59740050765328 315.27563086097155
-12.98671632808023 67.98611183343036 312.95502046593117
-21.147142054369215 70.86920231651527 321.55128454256084
-25.894202293669814 63.99663093142597 318.71897500582327
-19.324648121406646 57.8963444915634 313.361200461942
-16.47975273052732 63.572144331394455 321.0494910041143
-10.350106302491174 70.0007139025514 318.9158055789645
-11.842681688605758 61.22450106590821 315.81025579698303
-16.09490667533792 58.7346068408858 317.82109505489126
-13.346281972519735 63.707133494641084 313.3010236649305
-14.789000914663026 55.69611861918352 308.31632162090443
-23.940409188407585 61.161464134109856 311.91913876399417
-27.060573459902056 53.355187667914684 303.21483431775164
-26.071449990227222 62.62772287371517 303.65089020397386
-24.159580343191756 60.10434665261059 297.5311355999974
-21.462523185437988 66.30294466323011 305.96922613807897
-14.176675732641304 64.12318089994478 305.04597834484883
-17.37625598764599 65.26129730202788 303.35979464850755
-8.965206142865092 56.87425786294689 302.91629996337656
-13.673165197720017 58.50022184367609 304.44833923748166
-14.600046643140296 64.00379268442609 313.13287286337174
-23.67877225039627 54.997645311481186 317.494504959104
-23.671134336572653 46.96937655381137 321.3368280541828
-16.37302573222425 37.83644306914533 329.58216125417033
-9.112603513044943 43.78459625673385 322.1841239087981
-17.947107634429543 50.70316301343702 323.61701204374947
-19.315341954889114 58.823767172298325 326.19334713754796
-10.309739474937736 52.51934331127086 331.2146723248414
-4.159017122784232 52.11796325715781 332.03104787574154
-10.935232637746184 55.690148219058145 325.1356783013529
-2.48884196842023 51.187660499543135 321.58318656289674
0.5755228763040399 44.34756057365386 315.7932101826258
3.9983449451927044 48.09465872915327 312.52683840757334
8.911720335353637 49.28952606664795 312.15990864067044
16.678250886302514 50.72910740296502 318.8982515577061
23.773150289543132 42.88060087731297 324.5852139022177
24.708656113856012 51.02938467081916 328.30506610642016
16.623790096992373 42.63366191349614 319.49294628793615
18.691785431880124 32.6870968368197 324.76569116785953
16.034261635518668 26.917236235721674 320.1932669474946
10.999554792291445 32.45013405103897 316.3618734537594
5.532830516855528 30.685400941779903 307.2767762649528
6.516706286438508 25.55085139797755 309.77710965770194
0.010066034202056429 32.37963456642757 301.82245560893216
9.380379088322416 26.43688183343496 303.27536841458175
9.476591500048361 26.37438637048409 295.22589528641856
11.272097619005105 27.86624941447505 303.7911971466701
19.32337093010158 21.332700954681293 298.65785745112845
23.70666497630436 28.762160762546475 295.49385206294164
31.308613566735673 27.99715227325423 305.4552125255162
35.442547060067255 30.745432562070334 295.92971589161846
39.8660052496425 30.982856311198255 301.4840387223072
33.72856284058502 36.266020878842625 294.67785335676456
31.682014724160766 30.838316848108384 292.17241885190396
29.30690246570209 33.42832904407507 282.1807775266785
29.116346530090894 25.008403793120152 281.1770181031179
35.62971828192454 15.048308705815597 290.38851312923856
34.72982291090844 6.614152291557724 290.3206024494301
44.063791140215464 2.1764704173087113 292.44797688889867
36.06710516074414 -2.854859762366229 299.46770862578484
28.29585395266525 -9.61798660916017 292.76844838903975
34.25194590653101 -5.188898219158933 284.1954542285307
34.52897986115853 -4.022256475229042 285.32119673063977
24.783062154836685 0.7741023845063459 285.4871364147523
29.253401368308374 -8.573443423981336 285.4169723833974
30.363935568538047 -13.43485420965662 282.8543833710131
35.89386889073363 -14.700443837350315 283.0516516674284
26.00862653466611 -23.201854191558965 279.23209612777237
34.69136012310678 -23.121515929873464 285.90159995648503
26.3179867471234 -13.372188210600003 295.19138148093975
35.34834298665453 -5.088978257538676 300.18966370125054
41.22448181873317 -10.323471762360136 293.55367912307946
40.265292635624384 -20.170287550969984 292.99479183535476
33.5774207860849 -26.026988690312265 295.46875728125343
37.59203267732153 -16.26374935400893 290.8657460191088
35.299094457137095 -24.623712859758925 282.38484485328024
27.451407851270563 -18.922551952367485 272.635207370291
28.804420941717545 -20.00515899317291 277.47622235322945
37.58493583347014 -18.76673541689792 286.6550614486399
38.0425492944176 -14.431935695460066 286.93483086405945
46.965309139514474 -15.391915724784916 292.0054837100925
51.0771809565726 -21.506007916397277 284.99735418532686
47.12386139082814 -25.82204168930479 284.98617755147
53.319844256253766 -27.512700037055573 279.2390548132609
59.54236088171714 -21.256672527220417 271.35290660407856
67.55199217668712 -15.092579712781703 275.9617346540223
74.24882772929973 -13.053260955524431 277.0905947634998
78.07523400518068 -8.54507982641707 267.30292531013794
79.54076474367083 -9.779135041886239 262.4097658647076
72.55859711558581 -9.089513793492104 262.96790710527284
70.5848105920949 -0.7455411732214348 253.07760563238728
76.50661677366413 1.3240475155957885 259.47820716022164
83.10883918018091 7.449925902398481 269.2502301913833
81.71540270082139 13.094803772881878 259.9595136299627
72.07320849978834 8.23029338567459 259.19907199292675
79.74190409361705 13.820557830529314 254.39034297581875
79.98390452797807 10.484033669097771 250.67601801605227
71.6446171417598 6.979063166661735 242.44299383540087
77.13892385936622 5.3741652530441755 246.67400167562752
73.90445816665547 4.214043235305923 241.62098518631552
69.15723163466308 6.257852929739375 248.9675993039804
77.75072750406194 11.34769454293649 253.25153279007264
80.63045332781422 4.899892521689802 258.82599540291017
88.28295815387557 10.294071224362927 250.65160133391146
82.89259815651864 6.708259719764328 252.03897169155036
77.20886574231508 6.194175475425138 246.58869777842978
78.38296754308749 9.278758503573524 251.16567136877933
73.02170227953074 11.186752590649757 250.73550947270908
75.61057411673421 7.918502553683041 247.03093781572406
77.42577744058813 -1.647120889443901 251.05371406774498
75.36635977043304 -4.623500454432255 249.90106983777713
84.27462143690093 -0.2817954554592763 248.07125912374588
79.46213624972259 9.232450538956137 257.4897813362786
82.57872626854376 7.244205384129799 251.59122599397233
88.64770069244575 8.095610094273606 253.04186434474994
93.78039463119836 1.7358904380616043 256.7870385502392
83.96384943215136 3.5693248477300683 265.8301852605552
84.42040874868914 12.409602334458352 258.21150971330724
89.62077271626869 15.216931779159289 267.6525384364393
92.96688261738832 14.559233931633443 270.1239629648655
100.71367956267152 19.20848363910995 264.0664285870987
109.30180270893251 11.479941535364643 262.54390572477644
104.11274783997058 9.516994550573528 269.38657116855666
99.61778485516538 8.796512133415128 263.4549789890465
92.57793106360242 3.013795294069163 268.36023875568833
90.76279933731674 -5.009340969170625 268.6935145141493
96.5838974003566 -13.475415456568495 276.02864922594466
100.18293587613927 -18.70010257381564 273.76378837874074
94.3037146659875 -20.5967989661214 278.71717046291417
94.09433995837945 -25.48212976973566 278.44416852144445
92.44850954382923 -17.479902607066556 268.5618985446273
94.40850696335521 -17.1831787958933 272.41834590722755
101.95596561053335 -14.702515687103128 276.470070569309
111.33336508715321 -5.6896148178991695 278.50746937253825
113.47433355642609 -10.780237965601717 277.15016030896334
116.9560098059809 -18.884061638857723 269.34502675310756
124.59580978407017 -10.037240546255948 270.21934818896545
121.6172979698753 -7.633013977505034 270.4426237429142
117.3485653599187 0.8752659616107925 261.26634128160003
119.86988499221107 6.290233356839038 267.42149992062906
129.3139007192544 10.48751431322243 263.0996586669013
124.32867691673131 11.52499865223199 254.25695409069223
131.60050070425174 9.097481269249815 255.13706612861696
132.1233796607046 16.52451053724277 258.77759158056546
137.74855742931177 8.893991537809171 267.16772299970523
134.49168702509724 3.143945462667725 267.68933076438003
140.45618761563196 11.076843645077181 266.1045763554297
136.5009220515236 4.398192736167859 265.4809198412707
144.2749083862854 10.484598244721829 266.07268280161185
139.26912549211664 3.1858846240695113 258.1803965966871
136.85362523891075 5.575188365651405 267.11569336195214
136.87631205239262 11.649657846061366 262.52620334602136
135.71545827516502 13.587292424707082 270.50955723514534
141.036160745167 11.451064954081783 276.13716150689294
145.36644083762593 12.20801262892559 269.2940482719615
144.68426287205887 12.028636451916327 260.86737063717317
151.14864281790227 4.435712305345204 260.33879997394195
155.43110509962938 -2.6984744236365623 260.9121800773305
147.9616697308417 -4.982500545095469 266.13057861477495
155.47314972164665 -5.077156162390715 260.9724737662582
151.82735091569953 -0.5533007239585519 269.26145898047815
149.3542730066535 -7.208708584633207 259.3667656750927
149.11379043052517 -13.565527468084746 250.92118373586652
153.3330797225436 -17.724726231018153 246.9255794176557
144.17082492349715 -13.123998548964508 237.91755985572982
146.7469297296595 -12.992196103665862 243.50758199747807
141.13584810372544 -12.031126243107849 253.05332620578383
138.2517174309159 -13.023147545289943 249.92538778578165
139.48461508395945 -10.997325550708462 243.29508352306473
146.65265340969654 -19.335169850882558 234.43066752409754
146.06542147063553 -13.455785110148343 228.45524137637162
149.81253726139906 -21.121500951382878 223.08293694067345
142.43242180123133 -29.26405445570063 218.1805234457584
141.06435915208613 -23.87681338667695 218.87350783107527
144.23239213808327 -22.944981789770555 226.61874050956808
135.47903756637092 -15.128399146168835 219.44299663747628
141.85756066632771 -9.803863661178513 222.96255625751547
131.99370993091318 -4.818562587012009 221.2939154292808
135.02913955228615 0.19909847689256832 215.89493458841693
134.60497174049516 -2.5879278518744533 222.86782336149548
139.63961069320982 -7.737255535111932 215.09729466774988
146.82815770734643 1.7015847323185325 205.25017268615062
155.0163150285818 7.199888668067238 204.68438052839892
161.37333292075584 10.148581121174754 198.94965571291968
159.8792309475079 16.957552558210967 189.959569791942
152.4342845378149 22.093943814069114 194.4301388072604
149.59312316198688 13.592635586668797 192.67255905952993
152.73697353510028 19.08194662424326 185.9569399769098
149.5058305401215 23.932951068164876 180.94853146011263
147.8905913595189 33.765160676207145 186.5954090972031
151.71700711764703 30.025256813610348 185.21708779583062
143.50198688047834 29.357222291455635 185.59145297099798
139.57415335651564 23.82945130613137 190.43053068432334
140.1465834332176 33.31415356279602 200.37555817912764
134.7844928420153 26.045318890592075 203.35412825878333
142.84889813449422 33.72643008751032 203.84830848304054
136.62768429276002 35.45852067229947 206.2207009579946
145.02167209623514 27.96448657402933 197.67911906785977
151.285138076672 35.07818971628921 206.0025224949815
142.55760790744884 29.272986914729685 214.06269210683664
145.743795808782 37.32125636116273 213.66282048717713
147.56041810043547 39.64337764167239 222.20792063550675
146.6526698677071 32.61653250724214 214.7956925183
153.8760892382979 35.57549297197418 222.45616339689784
153.77406848859565 33.25904504654304 228.75750833679942
147.89667722447865 25.958425101062428 230.16749348887214
139.7613621689541 20.206639235288495 227.62577343999203
147.3773444248436 21.409641411245747 227.49438448475814
149.97221156435322 14.917624417444802 225.3261734426128
157.87896051609363 22.561979776266035 216.11764918014234
150.06929950135535 25.01260718399831 220.03464621759696
146.01568450370291 30.28879460852216 210.78183937927804
138.7795428611651 40.12456125103069 213.11320408195814
143.3231513924068 34.434710276003216 205.07266674780374
144.0279283616224 40.03186952378481 203.08967280473098
141.54986298937246 38.393953307567884 207.40263308969463
151.30188702702034 37.799303778932035 201.64450679230947
156.09484211376812 37.55359675713478 207.05169551197466
163.70508726195803 41.21577350128946 202.539096155365
169.84698931379558 32.352870908812 197.8410276568895
162.54615181824906 33.84486328326091 192.6128740876125
165.37439814452844 32.64665281622133 199.49664919587948
162.03483916852505 23.092644851842632 200.64148228336407
171.33689514751396 32.41291585903859 201.4806472499187
168.75625717954043 24.732733886074172 201.9381331905287
161.313036375246 15.011261296034 207.1823601618362
152.22100019694173 21.943642705013147 199.93947745739274
149.56561786561366 16.753709211321933 200.44301900697172
147.5400255438766 23.53869340347814 204.15771899235514
138.42694148591787 21.31278611080487 203.73413749116722
138.178610059021 29.632625285466794 208.03477510156284
139.54757118932037 21.19220737230939 211.00094993602522
137.48219924079555 21.727197828899502 211.58363935938098
129.21517221173772 16.514164580780587 208.6268820080269
124.54593482777597 22.115571222799083 208.9667461235958
131.08005790514838 27.595279291124378 216.02908936507652
128.55885643985008 30.548183598613612 209.17236144095438
120.6961143878697 21.4536719585465 202.5204841323424
127.27625607848726 19.56206036881581 195.28909353593775
123.16316125781663 27.874144465608754 196.86672197955136
119.09916784429794 30.836741004112792 205.21394158873943
116.30299968481101 35.56652860011334 197.25148569060775
110.64538121504972 36.112147211834866 200.23429548480595
106.86356915873698 33.54573262014805 206.35037492349207
116.03732198012169 39.7452794023237 207.2395092564224
122.21859587784793 38.3199904386393 209.91686846522072
127.19923086184039 47.70268015863447 209.13617526176543
128.7135434590628 47.506254982121426 216.60058604805644
127.39279281162847 48.829876907009144 207.6194361070765
119.93592519123841 58.73983124779528 206.68906252540722
125.8920050416036 54.71982526336203 207.58777027783484
130.67284272896296 46.7103537576942 210.16461216944148
134.33825134666486 54.10501498255615 214.3829374948697
137.76514689459356 57.04349577712294 208.41222018569198
133.94901587932497 55.637071426178316 211.11385475448122
131.2348829061917 49.74227152546367 207.69824783864138
125.02573064149335 47.795428602316825 215.17579144865087
124.9969693221675 43.257154197871756 224.77453435535088
117.56123323241493 34.75798869255066 227.14676264145405
126.11858534147001 44.72911078498032 229.57426470765486
127.40857676525304 37.702322897478766 228.7097791825686
121.08772286595773 38.02501223397287 224.12149401634613
127.04665992227487 38.69950344234076 218.95618334740635
130.2969750650213 32.9710419588111 221.80858685858865
139.29413494880967 26.66845326856786 219.0851715065371
145.42375592474232 25.288528269024074 220.78601099960122
143.23088019460351 24.719722054665095 217.743801507825
149.97168288047828 30.838995192068218 209.27794919638177
153.27383927692614 40.23522393088564 213.60339275349284
151.41580777964464 41.82672525562926 211.11777657679576
150.23059507862015 33.20749060739753 207.32273376332452
141.8647243053662 40.544670399001305 212.4907938347641
135.24233270540282 40.1474487176027 210.43487417918058
135.74904481147493 37.89320534497555 200.58556322922172
137.14716437570158 35.47708994600973 196.13699362209283
141.1663521341385 37.4586264125831 197.6935400986573
144.5708958721797 46.3140412036673 204.50353092649104
143.6014778114335 45.78306070534228 196.56453891678126
147.03259580971468 53.52132461553826 196.0518986549425
139.82804535938504 47.74644818769332 197.23587176636124
134.15361708078382 46.55358294515365 194.67788695334326
141.17839811241905 56.484945336695205 191.46711150570636
149.58146038536526 47.98141865971142 193.0526386319436
149.44849366413143 51.17436984098402 190.64871685887752
150.29997231266415 53.32420203478768 183.3420603924494
154.40365011506037 49.812324683155104 176.21641900901244
161.21073352991968 58.23515337188883 167.41366851918463
164.09098267089504 55.788049070034326 167.07356751640603
169.14111308481068 61.06220729928049 157.34796967648353
178.3192755343602 68.7565338758146 157.62083195198835
170.03816510969824 65.79508324300757 147.92450357352584
174.60604980374848 60.33425888236127 148.46523032150296
179.5128167307425 60.84361547929664 155.84924646809964
170.57600833315803 52.691951462743425 152.90917111827724
178.8586768714747 45.96720426886101 157.7440838147369
175.35298856738478 37.09114215579537 152.03333024781088
180.53362279940717 37.36940318608333 142.18046250893423
188.5903375674221 47.11380991544623 139.68930753255853
183.06223182949978 39.546549073111024 136.00521781218276
182.12683710146092 47.19395080670228 136.67741405299856
176.22155060654964 41.513445520885064 136.63496110314424
167.8222541354584 51.02130268803947 131.085309214246
175.8112724801364 43.85288144535817 128.62564981951297
180.64239329555693 43.55375611430999 122.77189545245982
171.21699228316294 48.10460736191003 124.05375012513929
170.44600105854408 47.556693585722776 128.45552955481827
173.60439506484556 49.18398731757081 136.6739232017632
172.72559393146474 52.93019352386757 136.42053049493637
178.8891722884529 48.0533753222075 145.27534284140188
169.2989996640319 48.60173026267239 149.25404409152605
159.69073158820925 55.53028643462374 151.37513546231358
156.98481400135853 63.19482656531612 159.53267138031737
150.8049715692555 68.74351786329933 167.3719070115065
149.1259974604551 75.2947986658699 175.52691592044906
140.2298834180316 83.12918082931863 178.67160055785558
148.90521114030008 81.60397749324513 172.89862066611482
143.2126239993787 73.51533735787535 164.28870825196665
147.24355952998167 65.09415816423065 158.36440171546752
139.37275395038247 72.12846865128631 152.3184658688304
145.44622313914226 64.77941177003679 146.27772423508864
138.5830614584239 71.85764189585738 140.2501174583804
140.54237411924052 68.43873859675777 136.1014857206378
150.19577109642495 60.00567144794343 143.80928861576143
144.5749097721315 58.42319990119231 139.3022981709748
142.84706155891874 66.2891372546473 145.0425618945635
148.54059536235738 58.5273776733543 143.14970878954125
151.1993927052795 56.330798703185586 134.06098492972592
152.88551360462517 51.236558529751086 124.94946369330833
148.83165370238848 53.02515592077784 129.0288845698241
156.90670186416114 59.44199583048664 123.53953263203478
163.1112838353107 52.0950715154414 127.50248299883754
156.76659590641114 61.3609266714795 120.68911620257036
153.6487163141746 66.23712986592771 115.03612943134137
162.38543530151165 61.24120729052361 114.05862584272712
163.8467256434241 64.29103677475659 115.96154186155135
40
70.97070070661738 97.41118506950765 522.5902410193564
84.2616589107261 103.37937509600626 525.2802951273486
69.70221239066613 101.74029069728267 521.3369033050274
82.50458431294975 98.01225943967799 528.7374337541967
72.59122750689691 86.72446530441539 539.3266993069489
65.44352718911121 96.85732690625608 521.3589376025961
77.46513792298254 99.21253550370415 512.9741924170169
77.01508872356153 87.33914366324535 537.4296053619072
87.15109250472499 95.92992156665572 530.7804766005842
77.84146866105033 79.83544258177987 534.5077388037769
74.10418764096676 79.5009864109326 533.2653444913143
72.29309675722645 93.25034852723638 529.8358427861034
70.1674268652934 79.60428083166373 532.0470727930993
71.25734660830953 85.55565451879052 507.26405643589965
63.226803131261235 72.54288454572033 525.7463790863729
85.37055378551693 89.59028281690027 513.9808303935799
79.1036959760228 95.12664960878723 518.259354574954
65.65852377538498 74.06764345521313 514.2414246770252
83.4044909986977 66.35579527650015 514.6656767480424
62.24476292067112 67.64724875786604 509.00948683589814
81.25919185142644 53.04277755504527 511.39164451368833
63.24315613850269 61.67905389006047 513.3071860555943
76.57044537620249 60.0154979474797 496.497298330091
59.109983364912964 50.37898863621591 493.4448639797941
54.63554731936487 56.68515037232997 511.5298266722122
54.25782217409093 46.009752046652174 513.215374947142
66.37407421323 67.64337583595362 501.3027641741478
66.75004254511056 75.49611328979918 481.66290882093176
70.83294314999014 68.44762315675271 483.7556727402115
72.30717808928843 74.23388254037259 484.8150313814429
68.19628718717092 95.96666252683114 461.77934509691613
78.88100239938149 91.67876080912276 469.5829844484313
86.82693807237598 80.4927473970315 463.82324984911384
91.0557125134278 81.48583425391071 448.2168651389367
84.39088298362209 63.30664650927113 452.61364031863894
87.8166692485382 56.071801150147316 446.7212759141269
88.45747208304456 51.4603263246849 443.41041404240383
87.95643327279913 47.20048167208538 450.9999148876531
75.38594371507784 34.632039640483924 451.1906999713498
80.00542521545167 38.12915656876379 459.03638190421515
