1000
425.7994284097844 494.1779293229401 161.3509755562246
432.23780787260904 503.97352385224747 166.3212438491375
436.87519162890203 496.86947101183574 166.96144952202917
433.37565832304773 504.8613841165083 174.9558390471118
432.26470348509577 500.3457743400341 168.95904575888952
435.4453050766037 499.1141635522744 176.838928345368
426.68943349402855 492.1412110653719 181.7806489239652
424.99351026951626 494.85795489843304 172.5442274221102
431.65136817298486 496.2903202909045 169.0792875176105
429.4863417324434 496.4708247658068 176.6371818079996
438.84493148611784 488.9599678674979 175.75418100077815
444.86122899815155 484.18671638047897 184.1530887754125
441.08104089533236 486.1639589942443 190.18764925983155
449.4141245043625 484.10054587075456 195.05228814216952
455.38125359858026 490.5225459840776 198.23315248914477
464.8372988041099 490.98511623360804 207.11323972979213
473.99948505885584 496.62070779972373 204.22624779698782
471.9538095345802 501.46968500303234 206.83531203459245
468.83974054771215 505.8884047093334 211.4895542539594
460.37351742093443 509.68420420129775 205.09671806193083
457.2952489007635 512.211456860755 210.76439297636992
467.2739472569846 511.79835194813995 214.67082584916292
477.2290870938059 502.023179135285 210.8244309376363
480.64434663009155 493.06456103129176 203.76390797623014
486.90945575332205 489.7500503847115 200.91858735226444
496.76466622128214 480.98869368213946 194.77302419700703
505.97838163382227 485.092856569468 190.0514728058432
509.2069460098563 493.0801766492618 192.4027461286694
509.3792919917919 494.0207019918453 197.8029216947456
516.0694610456706 490.43352153958296 199.5516870025084
520.9318230284972 500.24902122195607 200.43264409100573
516.7552969664805 499.63310187875857 202.53219530749584
510.15116627429217 496.27099287459714 193.11958728200426
515.3196926138937 494.0853986542783 199.38041645019817
512.5497575990105 490.34979126490646 191.5623231168485
512.2786144607073 494.80129403054764 190.3576816454447
521.7717518166525 493.939136619496 197.33861804249008
514.8959813244771 493.93312247095247 191.14037226704255
512.6636540425606 485.70783951208887 189.9554001013476
517.2191200475473 481.4346428360682 187.5966172741051
508.49176668726506 472.858413282362 196.62259643779157
507.1091287744763 477.81587137067686 204.61498208710782
511.06391309280616 482.59976830855527 210.62149997680004
501.7535393563123 477.3434701485181 208.10016948610874
505.22607241191645 471.0378545378583 201.0372117660162
498.21026125405933 475.5875612630955 205.45256925073298
494.01512603314234 469.0896851564105 202.78673594791974
498.78673123536333 474.80469573228334 203.9535903084501
496.8090023320694 483.02002393233954 206.67541308696255
496.3660427923192 490.97322070858047 202.21265585933887
504.9293594616062 486.1190221816086 210.5576613598369
496.87872550158926 491.4065865318004 217.97940165547112
505.2867473440025 484.8328164314458 215.4737983893333
510.01561564269366 487.5857087304349 208.38173817803093
512.5022118442456 478.8990069423107 208.64272969523975
503.4878591133444 477.17240771706184 210.11408496143557
502.21826656975327 476.2144603448892 211.53223003081436
506.08451518085815 480.56919669697174 216.5257520523481
503.4205835484332 472.24274660187837 209.5918020966122
507.46847137598314 468.24140242605483 204.96980332069586
508.9114197214995 474.6883518726125 208.2333515445174
501.4430275100359 470.2297104372653 216.98803453274374
498.5031287907509 476.71842668258705 221.34387219776147
493.0349781477877 476.99269431465416 212.19024119064184
483.4171397231869 467.07986773091193 215.2735655610841
477.34693163146727 473.16613533846754 223.80848042111322
478.9397334440324 475.5006882177953 215.07803119630785
469.12739059708395 479.2017498979552 224.50416383326444
470.34912801406585 486.14005175576494 222.12094396370537
468.5986847658069 490.7764459617667 214.94890602901563
464.8623633002945 498.1506130263511 218.99813141264534
468.3771468384575 491.210818488398 223.6018714864004
458.82131197722555 485.89576725058873 227.51963008124008
452.88862316764795 485.7375008070092 225.21721359033245
449.7052171517902 493.29004267622724 219.59411084889908
450.7127220687814 488.0960182817679 228.6589953902232
455.455865620263 484.13786948135987 221.39660384900446
459.2070365064095 478.785095879072 217.19029599110434
459.4087281191802 488.7696887877971 218.58670695161615
455.42523049381447 488.59466009850655 210.54980124737415
451.1091989804035 498.34099980732856 209.8284364936808
459.92310958403186 497.3140938727185 214.06377895409366
452.7407969564021 489.1212050031407 211.9873308316272
451.1866183543315 498.1815627208136 216.49639811675937
457.16126243133544 504.28033531753925 225.92059740633354
464.98234349456555 508.84743885911763 234.53706926440086
470.4613586560139 500.97882461539064 230.86172589429202
478.9217401821753 509.91014806760694 224.49638032296625
475.29931938437926 507.6840993486705 228.0919985463063
478.64369157848853 512.825536191734 236.88475086770882
480.0473004426912 521.0308726377441 236.38199798958036
484.978311771298 521.8926755006145 242.2529062834616
480.174844958383 527.7418770464695 238.2544824912397
489.76488217572125 526.848293930569 236.86057980957204
497.3207645905422 532.0944845711532 238.81645861240483
494.54334998257735 526.6589829433198 247.01240716305716
496.14762008790206 521.5402284788368 254.3950349062898
499.47070916056924 521.1683179254254 258.7383271742772
494.3582759076964 515.9556756986503 256.7863072718701
496.25427469073844 510.023183455347 257.934214262904
494.2636387336408 508.8695351676042 261.6683206580368
497.8138013535575 513.9035186191094 253.42097507209505
502.88090724985005 523.8600852778416 258.6022740522066
497.04002428842796 531.4014772745236 265.3759151357313
506.30067411793357 523.4598256273056 258.5653485317056
504.12724109533895 529.1554440851239 256.5365106097845
503.34508911664153 531.3846761170147 252.61560736243894
496.2337426314811 530.891778454159 245.78516697901844
493.84155536214985 530.0275966594702 252.26220934305252
497.20350564665415 531.5413450969085 251.38775452783764
488.25732251755767 540.0950262487444 257.40275145882634
484.6439846323899 531.9729989907629 262.75381060086596
491.41463686249773 523.4000166636522 263.6196450351802
493.94035540020997 518.3786562484729 269.40292506762216
498.76276546146715 523.775059082008 272.4007514760218
490.9956638485895 531.1516736492849 270.5228204069666
490.81624573939916 536.7812412379668 266.0228595778763
485.26394786126895 545.2752948448746 270.69784267846626
477.7588304004776 547.1428310561256 265.1930273653057
481.50058624588445 545.190829376918 273.9219251260218
472.6000688456938 537.4359969441305 265.5754495338683
469.6247566738625 539.4109222922829 269.9828445104407
470.167649729657 534.6925536974423 260.8832818979621
462.5973070892102 537.3973519990698 270.4220955411934
460.30870235522957 544.4511942304782 269.74062823086814
454.35805513181464 542.6397035032443 275.2722042251751
462.46342318854386 549.9465509049396 283.26667564278966
468.8926297816641 542.6591517038156 278.7009245358023
462.00186093204127 550.1023535343544 275.5578258414773
471.89496065134705 550.4480067931355 273.8530657407558
464.917934496515 546.6453656318627 278.2787543970298
465.4425125724602 540.3298323452632 287.31567017994325
455.78383495079237 536.175966139619 292.0817363755516
457.20486971354944 543.7383266140296 290.75738018547213
457.9786267744319 552.0303311737025 296.15879697130896
457.5931412922161 545.7726573362655 299.6977821600205
463.810384325586 545.0107445279504 299.0588419123777
457.1792513616149 554.296467096071 307.54807418988173
454.2169150486881 549.0370197161727 298.36367444323935
461.44848365717917 543.2602869204538 291.00024885858187
451.8875933372506 547.0357603881573 289.6297864382886
453.9018502776863 542.7025613274827 298.74388983649413
449.9028895256855 551.6430673201171 295.3208894701884
442.09742538110595 557.4990708293562 301.50372673934163
451.04471586194705 561.7628909096632 308.787637335908
455.023246317634 558.7727690962024 318.4452917359394
451.7206285102813 556.2924337398676 327.8400503257126
458.01256497343314 547.50292941142 321.40141417167706
462.7069198449006 549.1123416923042 321.2229934895851
453.8262321647129 550.9541094107074 318.99680036696526
459.4759444491167 541.5238462954482 312.51255887604714
455.65369062340017 543.5198519461723 307.90669772403436
451.6061377087291 534.2133851202227 315.7588585140202
452.9041797243527 532.340282482239 323.69436046040505
448.2850318689783 522.4880832410519 314.7437916440808
444.6969401040106 513.9721268202621 319.27658624064
450.8103624769101 520.3500544036558 309.33033482423707
456.04797452897793 526.6710598096724 303.68484790851954
449.3723264102985 533.343197175416 305.6862159312439
439.61875956544435 527.7718185017164 307.04800303614184
445.2564393296009 523.3165022906713 298.8878777621705
444.8236795414483 533.296944167567 306.69255392780997
436.85965792411537 541.3763391776127 306.966496517689
431.2542810726495 540.4796451399937 298.79847441772034
421.9402540394712 543.338323787728 300.6371731357411
421.3375391310736 540.8524050766202 304.2651664589849
421.87415957704144 547.5412919147417 296.49171797711296
429.13661072863573 545.8669274878953 293.09717295103945
422.94259849079157 551.4685069478434 285.6133035493982
423.12563553471 550.7065839214058 283.81059541197607
415.6229892776224 544.6105348452227 285.3633383476467
420.0867157933082 551.1785346751991 281.677394243226
416.7292568123153 547.8125294541187 280.2796811255437
422.2078993066331 554.062698543341 281.01887714233476
423.429357466 554.7702153458338 274.1144534146407
413.65588784154835 558.4039672671632 268.00795912054116
416.9504215396105 554.9644069569183 263.8462000571855
415.7966269930207 554.2176714351467 266.3416757546746
421.44186244777836 546.0192370903696 274.8822459603131
426.14065318997046 538.4528942493702 280.00543382965526
422.7489669302239 533.0919819512776 283.49891743664955
430.90253996659675 523.888356525204 282.9965325630323
429.37031467097887 527.5353925402035 284.52354253169165
436.660646553086 522.2867057461657 288.30632264906853
441.50052500730925 515.7973029080246 281.50297025045325
432.33717638029464 511.7969636209033 277.43014512259856
426.74886673297993 504.0506181174855 279.08188847056397
436.37079307944117 507.1712145136241 278.4303558432958
430.3915603402411 511.533578516225 272.9424890109241
423.18974433678324 517.7161780969294 281.5845416852711
432.7972208853619 508.25718137275624 276.0477595705452
425.40354334606667 501.26992442688214 279.095683430605
428.85940544705244 500.85552771285734 269.1063108591787
425.07473506399356 497.7837225252806 263.5705873578763
432.9883523395491 494.9738427127452 270.8689274012523
438.13925867829727 503.6775463369531 268.08608205366295
444.9400337889879 511.13343826103517 269.8485088781107
452.0839717347152 505.83105313648156 270.03929239140393
456.0614259557373 497.3614857037247 268.9841236965576
462.5688890526635 490.8610543809341 273.42248693770966
470.21424164662636 487.41580503037767 277.0181665392257
469.1735969072603 490.77226349390435 282.4683658434636
466.29191894953817 487.93476910381014 279.4189770340529
459.15830975808586 480.1894751608639 272.11593915928114
454.120182099031 487.6543695737625 281.23284643248144
461.21400569932814 492.8924036093917 283.559235609124
469.9923061705673 495.0201580190175 274.4483218569729
463.9128314435746 487.3096608520857 276.164590413026
473.8934502253653 488.3993512968332 281.7176393638246
474.068714876786 480.01258212818436 274.3456262204369
468.5991519714856 482.61500709736396 276.2392788072642
459.0514719355152 492.52370413723105 280.7454284777098
461.3958272665249 498.7516157397755 284.143939541458
457.5061624915412 501.43020094338 286.2701857614054
448.72282257382943 495.0188644568457 283.0720796297216
450.53769780469236 495.45762759740086 283.63671108598083
449.0438432469213 497.6435968156719 292.2005174393832
445.80065952492913 497.3163276524251 300.8248831334905
448.366656169144 493.148156234093 291.24964713429114
452.19719159958066 483.43612853138944 284.8724155966153
460.7623063246091 477.81757261139126 281.4404377084276
451.6342972218308 481.3166154953231 282.4677589195313
455.84805818020214 474.220395512716 292.28588116838756
456.5689157461268 470.79186424419237 302.15124090895307
451.4239324091558 479.17000762460935 300.01034030412245
453.0078112590988 478.77365351926045 305.9741982285593
443.792999722294 485.25064318112123 297.7071592564804
438.031707602498 490.8732865980895 289.997848090049
445.16905214703166 497.3990930162869 289.26888909937867
451.15357456222085 502.5101507430159 293.68970170056264
452.90241250878364 495.4482490368467 289.66148382526546
446.5091770500573 487.2453952937514 281.43500403995273
437.86806047673576 478.6888174133694 277.47383998182846
433.7333621137141 470.4384931867357 269.42506954849546
435.96106328816694 461.81915285375555 262.2169109117344
440.22069444968804 465.32264166678164 258.262706829873
447.44134313003843 456.8656758965877 258.86071284256127
437.9131898987368 446.8661141274385 254.60918001140286
442.54591542839023 453.20615571293655 250.2778380783549
450.6729459484476 448.7297461792609 252.02027722368305
441.3873345653691 444.84137129915007 259.85047196368043
446.78681525033596 437.7464278857101 261.1940778195544
445.47319764141486 429.764720643439 253.67815113504452
440.5788034098041 432.61189495389317 247.13096595821708
448.55815177292436 424.69365783183406 248.43966943245817
438.9329156058054 431.2292986712037 250.70678451661792
440.44331340710704 436.383727349083 252.03747293960456
439.3962049531602 438.64451522076 260.27871176925737
445.68662271297603 430.2622252762305 255.4993684453431
441.7422340852205 438.5579571665934 262.9885172614146
443.68163180708945 438.39380845699 259.2910766848242
441.1015655018504 430.91874978468917 265.8190079791383
434.1238809482724 423.13614283185643 260.63860640283735
439.5670622941887 427.70086592135834 261.1917406059102
430.08439270070227 426.39905854065813 261.35007261216157
439.7856462243972 432.9585129534019 264.8319445702347
431.78550717488076 430.6898034908236 256.2761004790245
428.17752030139826 421.80820473672986 256.06971419917306
420.81091012960957 417.45330880071725 264.09889626756285
422.40451768168253 422.54138382710664 266.1906780353326
414.1343347506478 425.7860219410888 266.98445561830624
423.27929011782 424.26268927034454 264.2267129508665
425.72662148948956 415.06249728072623 257.02819347966187
423.0585863778746 422.2103781084848 262.38307051262854
417.4693978139655 424.69224017444026 264.06643371224715
420.37331818511706 421.1522844323784 260.64110160057095
418.21814528941997 417.7382668533597 268.10762699163143
411.3453348661786 426.01701145801826 277.5667527524429
403.37630701793705 431.8471902761657 284.07363108038
408.5969510353296 431.73620787545195 279.1737577777533
418.04427736564554 424.0884372995806 282.1420772693266
415.03106338101037 420.48132350530324 286.73148875670915
415.96925982592876 429.1279526312346 290.6447039296566
409.2237006407435 435.19017156157565 285.62416583467575
416.66767300189446 429.75147594738246 283.62310276415735
424.7350706207197 430.8222891012903 292.12020330913396
420.44766819158923 429.8185740423036 287.2815947874431
418.5135977701263 429.33143573031305 291.8995443559717
416.9433117767003 429.9801729470287 284.3773628563582
421.39658009783244 424.73650037303855 287.5334869461678
412.32300052650606 420.11792521569384 288.75356744123883
411.62730153944165 423.356769954233 290.0479753042466
411.43222774130436 413.62337245280696 295.55769209664203
406.28558501747113 415.0790424667439 290.7647683999908
407.0747779471466 406.5464521563124 295.6438125133067
414.07149080113425 401.68381427633364 300.8807822769355
415.81465910552964 404.9134567948761 296.7172885733504
416.0933147774448 395.105038749603 288.3848656890501
422.0413855962913 392.3373296355582 282.61972187728514
424.9699835614014 392.01510679997955 283.52252092577857
423.41122125366496 400.4707549072065 288.4529379392707
427.46601564578 404.862071324847 287.8399264837698
431.98480640067817 396.62744409489983 283.35106600331034
423.8228965551957 404.4698821054511 289.31058341017075
427.20251331136086 398.4193127042456 297.1084637237835
426.52438972114254 407.86454288382834 291.6133465200614
436.48993294225266 416.41563452204883 298.15130164782215
427.00449699333933 412.5769522214167 289.329527573839
426.20039113031044 412.5552969901898 292.8384836388497
423.95058853219655 408.0629698944295 288.2831267033333
419.15073553445825 406.0997330332478 294.52740229998653
425.1057502762748 399.68667493250786 295.1164719032794
434.4961358098324 391.38951153578165 301.13796121015207
430.6182168722847 386.6212881068105 299.00291642646226
435.44334553853946 388.64067770879814 305.6807843475917
442.74856463323 388.9395275820337 310.80472932733795
439.8044192626645 387.95050887999946 310.37790198174025
434.4839544647496 388.10500954016595 307.2636909216279
437.3672692619731 385.83165585064097 304.83721454320454
439.8879218856535 385.31219722307605 301.5541189443623
442.9619504929721 387.6197651026823 292.1488125052693
446.80708956967896 395.24657001904257 296.48621600459137
439.3971513932672 397.80466578654125 294.86008550877415
432.0149445642024 396.0317465941409 294.58273606265004
440.2523779317513 390.58440976940113 284.65282490327195
436.1007202181324 382.6938573372782 284.9754315077636
443.20206728967736 377.43323519181536 282.1989360187211
440.72590038087264 375.79754248197 288.4224463989775
432.40076383280893 370.9812313660468 287.4342694346286
423.1961611265339 368.4486361991697 294.2051251279304
416.87957757233835 367.51372875785745 289.4577606870431
420.30784075765746 372.52841191718215 291.1981157561148
419.8427721414953 362.5944302182351 282.36369685585277
420.10957243917034 362.4034763821297 272.92737899920996
411.4247435625877 356.8178826207302 278.9194245998533
414.38775461918283 355.8111733640298 275.0584136024118
406.8945861716729 360.44196443677475 272.4059327041322
415.2699564345235 369.3666206824472 270.1817059215851
405.80435007972545 364.2569397296445 270.62586244804675
413.1779123179332 360.81050515665805 263.7751489514499
406.69041596650476 367.0626854797652 267.58309614862554
415.5321536868401 357.21730705653414 263.0500408532284
424.8460446210424 365.75243207308955 261.3374471057745
427.25990207891454 366.24323004025644 251.39786143134248
434.21671969746643 361.14759903208477 245.24784252505364
434.4568556242972 370.8091983136336 240.31156558314711
424.8336104518027 362.3306084579376 233.69257784349892
424.17557074849657 362.5406172950282 230.4499761745935
422.9359409910536 361.6661833860033 227.95091152170394
415.8831031755321 369.6142800685454 230.39795030421325
417.5907110601046 375.99825529486935 238.70431588172718
408.7105747757183 382.29246883460775 241.668143634155
409.11022242699653 378.2864994563672 249.64097744636103
403.67452064540845 370.52708579241164 242.59225171917518
408.06508821485755 364.075988860501 249.81456855692184
408.7501699841657 365.36134114454717 259.38943840877045
403.98359907504584 359.94229283608666 261.41311869822084
401.9341287602073 367.2020996322401 264.4063384958161
409.09777005108594 358.73918030419054 273.792735005111
412.94569018283534 365.7424449904443 270.01515426878296
407.87616215854234 363.4703597711412 274.3442089060653
415.2552814638957 354.3789473060768 274.8475662497649
410.09162133824924 354.1360931504953 274.41682145598395
406.5437549022492 344.3863151976184 277.10797613632644
406.44205172013073 345.7599241324165 286.32272600344993
405.80391654374915 347.77959090616594 282.7548122751859
398.76294978015227 348.70823947729554 290.4475320211316
400.13459625398707 350.16510413294395 298.78975247886444
408.0950487313987 345.5733105508847 299.0071192700037
403.26522382329154 336.8747942935422 298.3356589145685
395.65478337863544 335.1794607522586 291.37169518293103
385.83822619994675 342.59249319719817 288.87681416315934
387.0085539411775 341.1633374190203 295.7024513964388
384.70994179743514 339.5871128042777 299.114605304047
385.7517102693432 339.38671001072447 304.64128571504176
395.6291515281126 338.7999658434848 307.57397583252344
400.71054864303454 328.8129562243391 300.4883388559271
405.2549510138186 338.1574843176467 297.21990055092704
399.5689659828689 337.0641360850712 296.4664052534887
401.26557183767574 335.3232128618296 301.9328110665785
409.4216736731256 335.98123551693465 294.31240053391116
402.1994327348993 326.85437187974975 293.33525117525244
406.4960767818405 321.95391017545785 294.13502147598444
398.359247085561 327.57742481866035 290.02701011976967
388.4119112014903 336.6368281440306 298.24021486684904
384.35781284151886 330.5402391713044 308.11538296444485
390.82185797512085 333.39319651888695 304.97175916828985
383.79464407811054 331.15657374008185 306.94934577679936
393.03826568229664 336.8370836112504 316.6006287441217
398.52289227349644 344.85768453600184 313.162399023929
390.6777395743148 348.73798012397276 309.5253261443553
395.31805682205555 348.6726767107168 301.87642777470234
389.17088196587355 344.9947460507972 301.86693453527835
379.3283282545941 347.0329379358371 303.7662366173859
372.121489447635 342.7849843379569 298.0504007613609
374.58347161078666 350.77899916129877 307.21595673032266
367.849473314741 357.16821013450186 313.0428904687293
362.0746528314219 348.0043376885208 320.79052705905974
359.05360664566524 338.5946817732964 324.2998147280756
359.1762572812185 345.23367753960576 323.4653218861742
352.46606674051714 347.7664541307318 327.0878580879857
354.57531873356436 353.0365453333473 332.5125543072626
358.17486072594517 345.56409045244874 340.66360105821354
348.1791361078348 345.0390415549583 346.58997084608444
356.0557705978442 346.2307615660799 343.2713485619042
360.48325863616884 342.3767031699128 338.3531645693874
369.69887856003214 341.7425511853202 338.9204800438595
375.87129225195775 341.077170055063 334.93350093672626
369.99137876760926 337.5850904276168 332.5991221111805
370.35757392507463 334.2385629122422 332.02244191213225
366.7346701106308 333.38345569925224 329.6220277350591
371.3168434209418 325.60034828557156 333.4930366030973
377.16824267720983 318.4507717154323 326.6629796007595
367.60912811821777 310.26083858360374 334.33693880493496
366.07463713077175 315.64556874525573 342.8544520615345
371.4806228371564 312.6508368779423 346.5187546170692
362.0999594562793 303.43843230029853 337.5911433886232
355.43648525942245 312.50492460131625 337.83980222565344
357.2251380550699 316.27423635048 343.4461687162528
348.4279329364211 312.66316200500137 335.02717221422677
355.8917100245118 318.2211789555379 341.5913729865609
358.4955354039564 309.7354893061151 338.58227311102956
360.01806428873704 318.5286097015305 339.117198888282
360.0460145718631 309.6924582971865 348.0613616902693
355.09726058292244 304.32130125148325 340.7690802867397
359.6600435845417 307.1757200962267 337.53791271628603
365.05584833232837 315.912325689387 343.6181498951508
369.2504702763205 309.9141495998142 350.2819141784748
369.81394294103524 303.3212157189237 342.54932893078904
368.32713763760313 312.5267378513687 350.96614506612883
369.29776869374496 311.09505519732096 354.94782475069314
368.71806300025764 308.9127044219795 354.98229140539553
364.40053832853636 315.3549281332556 364.2604288919994
366.81580788518704 311.80810610167936 371.44293571762245
375.624541899173 303.96573089433554 379.50986684316814
369.51152234759303 308.63879179687257 387.81158624038034
369.76612541221914 300.8845462322802 380.49329020036413
375.9031363371638 293.5119145158782 374.22252535903
382.67164578313054 285.45125153660047 367.55352810597117
373.64730948861074 293.38091754215156 360.5587693681131
374.1677483260561 295.16144907448563 362.58073635216726
369.3272705117683 303.971873357958 358.5683220957265
373.43097967577563 297.9383398794 365.13258401266535
371.4950883496824 299.111458626024 369.93282440478976
379.48165038115116 291.2008799614788 361.9460613716462
371.01774081438697 288.7707213490584 356.1779218468503
378.68337040258297 283.78488042776695 346.79202475957203
377.0344639806319 274.2650075272465 355.2468581327364
384.78636753307995 269.79884977030787 356.3659171426062
374.8584380969271 263.71459766667675 365.25630636702226
380.6693144553375 260.8672787211119 372.70830253752524
378.919076629577 255.08053683150575 367.1316595388503
373.8954277846487 251.13021535083047 358.9426554457273
374.3866544810154 243.41235128651275 351.7124539279501
378.5181149744644 239.36984172856842 345.45268948903106
382.1495286016091 247.92792683147582 338.75902203198393
384.8921145767885 251.17762196388756 348.23591283975844
386.79115117391785 245.345707871413 352.2296851716628
382.90240595892345 242.7683439568837 361.96664601881037
387.4524043945221 239.70511314855946 363.06316748733724
391.6974602655922 237.45713591694275 360.56587538781463
382.11838097847647 233.1084102171328 354.7174756268218
379.7656531707422 237.26148401573496 352.05669834853745
384.13686479316107 231.74006280954745 348.1132303299128
387.22721164563063 231.64519264121225 339.9213483028271
388.8298289544884 223.48590398402115 333.9675240178812
393.7807055699131 216.94434298465387 328.42159602012697
389.76409498351046 212.40684393400772 333.30489007543855
395.286956175413 212.36105710935905 326.2576505933302
397.13177967246304 214.2949575996602 329.5628952563733
402.63701753801183 222.8957560249608 329.4495370716813
411.6816586829519 227.17089876526148 326.35804522712186
408.36938630980006 229.29759421019102 325.72453840557705
408.95958085300555 238.59069669361716 325.72146683305675
407.8535702493326 240.12328405751956 315.7365762517623
417.2401774451876 248.3551813315335 313.1885882725724
414.5111279695306 252.33833646835814 311.13155278034
423.6284749323142 251.10191779843717 302.50943254381497
431.699680846216 252.25320723571804 300.08491843539286
424.1105207399125 242.44918215952546 301.7738111293762
427.9176433248789 249.51119166521855 311.5708548962916
428.7776106415062 246.64847543950904 316.3318670497701
430.5684610240889 255.68524440073458 310.54431999129537
425.88895222527134 247.5158786854163 306.06261954237135
435.00375411235206 256.1200180359194 298.3912767815064
437.9234479771674 250.14274522274383 288.4902118996363
440.7470183614197 246.53434303708926 295.86707987724304
440.57859299335536 252.1679963605048 293.78138955887596
435.3953831464482 243.1264645127614 293.14867859117425
430.829875035172 242.1596855368764 298.14437838722205
434.0460159071843 246.439094784466 289.2371758140809
429.4029144345768 254.80428910462734 294.89050597727703
430.73955993931304 246.72055499314268 287.2876508559212
424.0300628441559 242.2151577319365 292.0220981801414
424.78073455751326 235.03967403486203 293.07272460778125
433.4367388540828 235.65647121648945 302.58963966413415
437.8871902603673 244.38537329829867 311.6839451106585
434.43868615231753 253.8217166238495 303.30130924347486
433.9074867809435 254.3099098593647 301.5606482160669
437.89599971283377 248.14687608808964 305.7107056445488
443.7316613647244 246.9954162147204 308.14037040672014
441.5856939663175 256.1872693788513 308.6248271284356
433.73389998352565 248.0129765329825 301.6970160601649
438.2466890660849 242.19442666918704 302.6355656996758
445.03931211112655 250.95960482052553 309.555349639508
436.2628113654324 260.83997118536536 315.48610319538733
440.69897079878837 255.6819317894701 319.6254683964093
446.70152846559876 257.2420544026114 323.08255142779353
447.2409984565374 253.90847648108416 316.64512872223463
448.4095912805128 247.39978391260277 318.75602086744067
453.7460832545464 247.2098757141965 316.3096044785814
458.54265560571076 240.20538831009895 317.2574972342057
458.9029169465422 233.44715824908633 312.7570892232007
460.7563902819729 231.18972359827578 310.5452503167147
465.7848192019078 234.3454257726627 310.2196519961421
467.2450012614851 243.58982831124607 313.7388772564647
467.83000799165126 245.90260308518026 310.2221370973748
469.208426902482 248.16979457869186 307.5536342207751
461.73360279672386 250.8967248248564 312.3922875444663
457.85649744706996 246.2232860534995 307.80257674874935
464.2570507052242 241.869481762079 315.33192974079725
469.45341275371675 245.90907755651037 307.40045097168326
478.24356321082644 247.55584710586515 313.2407812510334
471.10910640728383 239.82685472286926 322.91998151541196
464.8582039286192 230.10007644688355 318.5154083629758
459.89584884548407 222.90742746415458 316.648154664696
451.01523880079895 231.05943738551545 320.0773671365572
456.54067553361614 222.1708423238538 316.6946355921993
462.88563705698976 215.15245938142652 309.00930809676544
454.975927131431 219.3538437823718 308.002002106554
451.6965128348643 218.50647385357416 317.39815414996133
461.13649823867956 209.65078690503842 324.06936646347003
457.5380589924216 216.6171434557803 320.9474483628985
453.17744584922207 216.45501137994532 328.8998965746187
455.58573906587907 220.81542835178576 328.5918448689203
451.5126738685522 212.78158106350037 320.83284563477287
453.2198440795152 220.34667976270526 312.2405706039011
462.7605285036818 211.09820578475203 304.3054343840822
471.92930597290405 202.6235616517558 306.3744387097833
473.96751815571287 195.95475272736164 302.2644168802522
478.8131859301901 204.38889465294685 308.56588333540503
480.37084110635004 201.48691364394884 309.51914375362486
487.16814953926126 194.26764729734822 318.315213185075
489.09577218517853 202.70553280455164 323.44257480581234
498.68206018472273 199.48435166698454 323.777888731079
497.88462452717295 195.39773048065152 328.5533675101592
501.9040791611457 186.7615718462784 335.6426364527782
507.549584169762 179.83833399683962 338.75184578818244
504.7632946683783 182.28264416305873 338.6451565610796
495.1211662769646 187.80115402426543 340.546862740767
489.3424309584853 189.11354673541837 341.3303825485059
483.5852551988865 193.53998112887197 347.7893806516234
476.2358000416409 189.63738431330074 342.5284359373978
468.32976848367946 189.87278385860355 338.6878443479865
462.76852292150625 191.32062061345695 346.47900744935976
462.97386433255963 194.62623185336625 344.6680131890377
465.64060672249997 196.38678671798053 337.8987773779925
463.9068730937851 194.20379119646375 346.17020712071684
461.9154585905707 189.9105102785835 354.1932662939699
463.22704830641527 182.53416054322165 362.0098157084675
462.39618313908176 184.57477681977483 361.4034795164295
465.3051743997007 183.20119492968192 353.7210995574512
460.44141470999216 181.70193172784096 362.75599265289344
467.0339512825028 173.73666888863062 360.4495813616818
466.54095290872044 169.4480071510805 368.6246323373229
467.99986103659256 170.4455177306305 364.28942579432146
459.73196313720166 171.1210525264388 366.92893267859455
463.974469026556 173.65397661490798 359.12223205529506
470.03560909890615 176.66616384379986 358.5142915581014
462.7401289364821 174.36542835398737 355.8400365778211
472.48692298201956 165.76189793771206 361.0611216433971
476.4345699200595 162.28477225208684 370.0119468373171
482.6861760593171 166.5898954264263 363.16480868650586
476.3708525200682 160.99653674610528 369.3683242680718
478.20474431681936 170.2693710787809 378.327735050159
471.60686989713156 176.26465981191254 387.6238121991948
474.41270424307135 182.90772819741247 388.13302847676647
480.89210000426675 175.33654420607553 391.9655108106241
481.8753566266782 181.97032491208753 398.42772067241884
477.070840649411 173.9589814000067 400.6549680126634
481.2913467666396 168.44812673603502 405.37725259749124
486.69096879631405 176.7063393290543 415.074902053123
483.705889714558 174.41662586170025 423.04972864823645
490.55394574899356 183.8263438007437 416.8701953958092
489.6453610408835 178.97982202924598 421.2567143814998
482.0322937736565 173.02154529189357 428.0976980228076
484.35087483365817 177.62451480016014 423.12221560772974
475.7770252519632 179.32292862532262 425.8417578793001
469.23090289803264 170.26754513545322 420.10004344145017
473.0362123346365 167.34675286296164 413.9966937185065
479.993251872997 174.40707635692306 404.2969939948395
483.0765406736307 175.673554469451 411.7295518168099
475.7895684975944 171.55806723840976 413.611241728113
483.3224566394273 165.92046330047927 422.6805448022813
478.1859022666114 169.41027593813865 414.9703788536368
482.4534564466437 170.68975477339495 410.2119674688185
483.942781876426 166.84569184374755 406.20595971012744
478.10588863900824 160.62851832501224 403.32225544632075
475.2217322997379 166.83954245197185 399.5813585587017
475.7344306571378 160.55208206015644 397.4319986126937
474.8722596376886 157.30468642505323 395.0555037495925
478.6101728105285 150.5256703832857 401.4973089531354
469.4266493798532 146.92670204423342 392.5825053857746
462.8941873506083 149.09184555007744 391.26376975252384
465.6993887793145 141.9097024879424 386.8238274545002
459.4077412270625 137.76552650241356 378.33116402871866
453.5035382654449 145.52288200301618 369.8065023583071
446.8244885858128 153.844730138804 371.13502088329625
450.5111942785882 156.5156181815107 369.01522450054676
451.0765522512689 165.08668997712658 363.34845475345793
444.11718969886124 174.179460043796 357.44328509001133
452.9395873566664 174.36243341612467 364.54933460270183
460.2081442907897 170.92881208948432 370.6554044580023
460.374969413091 176.8115437138474 374.21710187462713
450.58579161703517 180.73177522320285 383.9098460092781
459.1367807826729 174.62667513666278 377.97551020085314
455.3358964239557 171.56453305400356 386.7305154829273
459.4316604773483 178.58735288924902 380.9519586425926
449.83261259022254 179.33632462816456 386.1682872852276
446.3653217624264 175.25790286395085 378.12701038955316
449.27341308915516 169.0000331800101 375.1344035977247
448.58172199313105 159.6313608467139 380.54488194563453
455.0829025943027 160.71757325293612 370.9306485449706
449.4673157909203 167.4133667629644 375.24065635749713
448.15325404645625 168.35119622775926 377.8976253776566
450.8562021373682 173.210887408952 387.84440700495986
441.34435618287216 178.09723664726894 389.4858024582761
436.69337045068704 176.67978017904966 381.60253609995664
443.8725367013881 174.5991784484253 388.323875832983
449.2637750810798 175.1562394426822 390.32288980821943
456.8374087843455 176.42248042583438 384.7645324426557
460.5956908616724 175.18001646289255 381.5836758054771
469.73326495382463 182.27995061519377 376.5326877689985
475.47970139551643 176.10280988111316 386.4445802150126
477.2088039610686 171.355236343206 382.5332979790645
485.7135965092116 172.49421072969204 372.8839968717089
491.946178299527 181.2574708369237 380.71808135163553
483.63568311620753 186.90972562082 384.07996925742054
485.73254124820824 187.08378506778104 379.41903399948535
489.1476827125733 193.47572508734092 382.2717310072941
489.67661533437274 197.9651341418376 377.0755702352556
485.3842312267619 197.17007672855328 368.6761481060022
478.5075406504206 202.40142736831365 374.78024291841524
487.262592748752 198.76649624767126 382.6833577598546
494.96199426414734 205.28880679270577 386.4983419693085
497.3282033418037 210.8589693763665 385.1521240749861
497.42173323280724 205.15053319964554 376.44274557515894
501.90168765505 214.10610921934054 379.3656732427052
500.91501736274637 223.00567447083037 385.25720675763347
509.7376356892463 223.8990505602555 392.0283826933618
514.7799677506316 230.86768349724252 387.3902727169782
522.5775185011637 224.02146895648644 382.1465418205476
525.0151783239083 229.90560421139998 375.9306063533878
517.1849951372349 234.15004336319956 382.1633230151465
523.1121552299476 232.25191237108024 388.9591579600654
527.5928502108959 231.84731334186267 381.5037701938744
537.4754126955737 223.04770522534054 375.76848101700267
532.8459653313809 232.28888588816883 369.88758581092253
530.1898561089838 234.3608782956426 365.6717011016984
534.4445745394769 231.90609846417024 365.1402732720824
529.4986284888571 225.74919318553236 364.05315204251735
536.4829105917803 233.9591389699973 360.0485188211128
527.8778843506908 240.9683399896718 366.92534999140736
526.1943029893808 250.41534473610713 375.02721427941674
519.2088710454989 254.1918213903456 382.97242680132933
519.5471454325149 258.23197996264645 386.8753983258857
512.9319813690266 252.05250458126932 381.18384059441206
520.2373546722912 252.73777746869803 372.081148693284
525.9823903950712 253.40390806619462 366.9799597514869
522.1171648315113 252.10195981695512 362.17608897704775
518.1476510361939 242.2175813279266 361.1037722623879
516.7513038950982 252.11164614771707 353.27664100229407
508.93798376804114 247.96122534509925 358.4340533178057
509.35037734015316 253.62708717472614 348.683676892667
502.1825795891563 255.72203705102157 348.2565605998131
494.70160258598185 246.56732326007443 347.59930874728417
494.0999074871285 248.69612346429852 350.0760216884338
491.89695725537973 239.37493678411946 347.84321418273686
484.12600626136333 233.274248971906 357.1803026464447
483.23420365481115 226.4244174008046 354.4452329455568
490.03612136073804 221.18054581209378 352.4436998512216
488.32209801344965 212.77937722009042 345.9932392994427
497.80174094374553 216.83360424746374 344.0930697719182
507.2320631886432 208.50430058010969 346.249765857916
501.0756023901427 209.63697471821266 336.3385096047186
502.02364572923284 213.10630212810065 334.25376099050993
505.35960127311733 214.52111652435033 340.04456507612343
495.5351191011625 212.45186096214022 344.64913567819633
498.07613162437707 202.46188907458307 353.40075460440937
488.5902394681938 205.46863986697358 343.6817678785619
497.56290856875756 200.57517062132877 339.34341189591726
504.72335801917137 206.11568414717067 335.29189869308163
500.5626429990793 198.21872211628218 328.94648577893463
508.34839984015736 202.1869217897409 327.8037025357429
500.2980135399653 207.1463761052841 336.2084113576328
496.25569242488166 203.8998102320495 343.64580186159145
495.02050917060683 207.36862702116068 342.69862133769016
502.3005815578267 198.50617062208826 337.32458654777327
507.47686970048454 194.60448006831433 330.6803811532667
507.6361216786167 203.214782186457 337.82015896859457
504.67147046235715 209.7779616424713 343.13556765454365
512.3197425921503 212.47173400808768 344.1950939618869
511.7224114955433 211.52846161899257 349.68542157515964
502.07642734904636 217.1641924411989 356.7708191753253
505.0857040010823 221.09516146191552 354.8382312296739
500.80290069518713 223.56408767029677 359.8696090256683
498.44454490509804 232.93822199538604 361.43447801349225
503.63313623727464 237.37430769233913 364.34984301344576
509.7930083153944 247.24596841021773 360.6515936832443
507.9480156151376 254.9813608083598 354.4454706005672
506.336913873905 251.31083648998367 345.97548702358847
516.291480136904 244.15862368763203 352.75929595725216
526.1459985560742 234.28694475184122 362.4747458083468
522.4928925134479 225.86889414348295 371.74018196273124
518.7308324597733 231.10557870857423 373.59937726657864
515.9099851843756 226.27115224564815 366.7327596496629
521.4001329932238 226.3747990367958 371.61625890710354
527.1895247394881 220.76183425838818 362.14080670062197
532.0419647223397 220.57208765433714 358.4435941373006
537.5032610339487 222.03707766679773 355.8812478661995
545.4475651858397 225.93194267309966 351.9855068024764
538.6229532426063 230.3356422757107 351.8007480391833
541.8476810348276 227.311056128756 359.55644107386615
533.0607634709363 223.1650455595749 364.16090903549906
542.6072412930989 220.24545800362 370.68779119372124
534.6206635544534 215.8415781887419 374.6092128209577
544.1327403434416 212.13937270075334 366.46509328925947
553.6417111194893 213.1793314110786 363.4075460969536
559.5061099157844 211.5804716375854 367.7616958782814
552.2132233377513 208.69042923082577 358.1019117535685
558.8330207072925 211.0583294254154 358.3642844013631
550.1157714073366 210.77499383143572 355.7575083970187
552.5863345741794 203.94241984828608 349.3049437478785
559.5032459793064 200.4965130921646 340.4596431516048
561.7378621623416 207.45840607388118 337.6668571329588
565.7477142043358 199.51781757312037 338.2722252898299
566.0533471369392 194.51149538168988 342.4396531527516
565.6961841893628 202.04580763052869 339.86215363182407
566.210623861095 208.45369667729884 346.7485864440873
574.4633540384306 202.1939623829054 351.1726158757982
565.9181089636293 204.9539865951318 344.0031270246162
574.4300492423137 209.9580203132618 348.7664748992678
583.4334767459544 213.06987727379624 340.2288858549537
581.0761476378054 219.720472007133 347.54763653430507
581.2553995259816 221.50108187713226 341.61130266383475
588.063746653054 220.13381164603592 332.97367130085695
597.348108594273 229.30492704063457 331.94700321679306
592.288002257873 227.98459800752784 322.3156064794091
592.8836761803343 223.5066235187895 330.6518955721145
590.0631569210228 232.17970776846352 321.94272979097576
597.0585685005288 234.84866569388356 320.05485153282854
588.3180566003424 232.7082702260271 318.5883624296698
595.0192814365764 238.89750020318607 325.878207521567
591.7496850923035 239.25781980640244 329.6070410477107
595.8640464401653 238.95240944823266 329.77079654635224
596.6774909511482 234.98921477827642 324.1953257895158
592.2119551322704 226.96232067875886 331.4341347038867
596.0280079751341 226.39747707453904 339.45862070011856
600.5268036214574 234.67610640404627 339.2854669879231
610.1171341532429 225.16851746525106 339.2363503027001
602.8720593675837 223.22116240407638 347.92065048988644
606.2820215151771 214.12384765383248 353.24870167847445
598.9146721110317 219.4138505592602 353.5105418020979
601.645046249609 216.14893979239227 357.9368765372153
608.9079621761066 225.04212741871615 359.91613557470436
614.5999476120742 216.04500725384713 363.8263744651255
623.3669939006443 221.7037569553793 364.1266569014919
630.1620846540163 230.95375863976216 357.8710518862602
624.5252037632478 232.39995151415584 363.7932211746757
624.5516545097586 230.355989366365 362.2658743350255
632.0614193043732 239.82907566037744 361.27704199048424
628.925569041791 246.8427095090318 358.3662539683758
627.2692327584756 237.24113194966867 367.8532304917555
634.5971392804761 238.66695729004246 365.85399974273395
638.4894189209801 230.45340007055353 361.84492130220895
637.537473224517 228.53627078702428 356.5643555229643
643.1634590866519 231.0544678735712 347.48711319616086
646.2734533500739 234.62220239385786 354.59034271922746
643.7626094416842 229.77931088039705 357.07549540320207
641.5739894377747 229.28350442355725 364.0833252098736
645.3208307005714 219.76743724707066 364.3402951548397
653.2753924850006 221.196719218751 365.1440082999437
644.472245857488 214.55621070930897 359.1645716984025
654.3982180554415 208.48458082982526 350.59000505509243
658.8696208117778 199.82428832377806 356.2252355014593
649.1453767913363 206.68934394603846 362.14556480882055
650.4273304707787 215.32650100121586 357.2719393503067
659.5656180620842 216.48087763490622 365.59184869975866
666.6681584126846 213.20558598327833 371.07621775288993
676.2182952958972 223.0580050802712 361.4908505333263
679.6475143002558 223.89268000747427 368.1385445199913
676.7326810119998 214.6774606015122 362.4818399230884
672.701836605126 222.9586960915114 368.7919803896383
681.8277957192679 215.99524146830922 368.77190171476474
683.0221901974749 206.5917828134658 368.60181603353715
687.4146393544365 202.58090998447892 376.01410602396925
679.440945845982 201.93905101248913 383.59708091327155
676.2710595493919 210.46178102774502 392.91162678240806
668.3026287833022 211.34825696899634 396.51495850322016
669.401042872904 218.74272536083694 393.9214536397644
669.4593901371787 228.33865674935234 398.09549566019655
671.2361361709575 232.206963355012 401.48336087937207
667.4352600784612 230.40659273668376 407.9567844594333
661.8534400021416 237.3963444681833 402.179303135152
658.6004720682323 228.04203592790049 395.3763436828505
665.8432769138575 219.65111669938577 401.8405062108656
659.3124509141846 214.97106036672233 401.19040600492394
653.7087699768269 223.44299198836427 392.091679514618
659.7677338416152 229.7537689760227 397.39549668603075
659.8031847804883 233.89370132976939 397.60382947859347
668.3369042350349 240.53396749561298 393.1123408327519
677.6943578310387 249.47190901327028 397.8437687734636
673.3844226748722 242.17375744673555 394.4769974320019
674.5787777874637 239.42468198521016 403.3743155668569
671.9918711973046 239.7241238367234 409.50622124507066
678.0753866129508 247.42910856850344 417.332978441062
670.872126899364 249.7906642486466 418.64211699100207
661.8810827288562 250.63328059914252 427.56028623069903
659.1354245879137 258.53506461474865 437.06785516363385
659.7984277226496 263.03186770745134 444.6404677796636
659.434240524277 262.252299828866 444.27436689377316
669.3942327598954 265.50012069255365 449.55559597995193
668.7550074914404 269.28199678353434 453.92663503203363
676.3992799176576 263.9975909983905 452.1625262015551
680.7555157271395 271.80554257118297 461.6628524627415
680.3081388831029 281.3780918296705 455.91678786616916
687.5719813300913 279.984485207782 460.360430672798
678.8587968849145 281.47007904454244 454.65682713480993
683.4027416725123 284.2414278032827 462.6933587815568
687.5391842910469 289.47951555519654 461.9134251725899
692.719635140268 288.4528160583782 460.84048076058974
694.6773292163555 293.4967251893799 457.1609118542128
701.326901676787 299.90386474075973 463.6265114127499
707.0854820135014 296.5290614528824 465.59439476153716
713.0237006676816 290.9834060275884 461.02332230719077
710.7736012272313 293.0924495007559 468.18056862016454
709.237927291179 302.46820037359544 460.9333968120125
709.3826746202712 298.378165531184 469.05230149191
714.1033054496046 302.1421753802461 473.1358554734251
708.718912955812 306.45652588495057 472.63146305206385
707.9836981377239 297.61121838285845 478.0847609569588
698.0281142955156 300.98372576869275 476.17558301485576
695.5936945948023 301.4391352049498 466.4516866432315
694.5437682566882 302.4191314028962 464.4458120114125
702.4300843870351 310.05597213290457 467.7384238578674
711.2458423572333 303.60468249229626 467.71133052389587
702.6401165336787 313.010723545219 471.96172082402074
694.2096172731509 315.06551422590104 478.97416591449417
699.1484353418809 311.88238458633174 475.2161077244671
697.2780781341628 310.151000388855 479.6976646365104
692.570392899579 318.50504855046677 484.5313308639788
691.1973214753544 324.8855627380431 477.76095843706315
683.543600050871 317.2943306071371 473.07681950517144
683.0398131795025 319.6064931588333 476.4904601205343
676.2848950247112 320.3294067871223 472.19331810622776
684.6717370323681 321.30899339089484 475.71988411819694
677.3786755401048 319.3575983218769 470.52170934884356
675.8159498767518 319.96128366768085 474.771535661951
668.2477686083404 325.1753191568993 471.3856467323757
663.171146724382 315.8391702915624 465.93274627919885
665.5310298563115 306.9211074549107 474.8331686780304
657.2318813549385 297.29894066893 465.98134197455926
652.4987790237909 296.9185374534344 475.83024006073407
657.0396214342218 292.2993484539595 479.2753085380725
657.0862759291455 282.5955108830391 482.49735122548714
659.3345173120779 288.2801161316259 480.4254142760488
652.7044568268946 291.46843607109446 472.3627782859795
661.5051094754264 298.8497572300713 471.36307637198223
666.5794764201678 301.01029887124076 472.98904162006835
674.5495506374747 308.409026044725 482.68830960983155
668.1498096176451 299.3446568926396 479.6444935447708
672.670822873159 300.1025623515457 483.23526525820034
682.2941090243123 305.4429396640707 475.55831840036063
677.5842098544064 300.71653481967314 479.0720874377045
683.0220777722142 300.2808689863623 473.34735670849665
680.7750317925642 304.31191885237695 482.40541243836634
682.1759644255292 294.8576116783548 485.6984373841412
679.5882011494655 297.9754195628084 488.0990539539647
680.6123850912646 299.832832815253 481.52484536444854
686.7482414474147 302.02834055655643 486.22334970115946
687.579727760445 308.3922621868061 476.8936810257858
679.0614594042373 311.45682124584323 474.1657697640249
677.8582446196647 306.2545178593605 468.0242130886485
679.7709760933625 307.00361283861633 467.4140637170831
680.009248778252 307.86897712995045 459.30440507056676
683.0146947268782 315.4565163820268 457.7473865123514
685.0833359451233 322.3169649125912 450.1350140097749
687.467454401505 322.7224056237987 444.3971344670582
691.0566112005092 314.93030092930286 437.6391707443311
692.2125796575186 322.75972872041666 436.2295893391173
693.9041175537693 324.0264296410903 430.70630477146625
702.9349065551685 314.4195805965845 425.22099777714345
697.3958313695339 314.92187503236266 419.1174315597993
706.0382129746938 305.03845378376974 410.98922895617835
702.3486368449825 296.4565445065264 404.20912017586295
700.795265392008 291.85450160486215 396.71665869724643
698.5595985443574 286.64988734725557 389.9290534173161
700.0020997405599 293.9564753518234 399.2757965357667
701.2920584558336 298.5370466663222 395.09662769036504
695.4132411956681 302.3448398166348 404.2696968948745
696.2443434323496 303.1601107181169 401.41557360127786
691.0778011301729 312.86566724880197 400.69559764396746
685.2870792563061 320.73808465904045 394.33883922688034
693.6027685781238 323.55874541346185 394.7318110389571
691.4646731438452 313.96096105298085 392.5105585541595
695.067232014443 308.9861715291325 395.75828662045234
692.9867949273107 308.8050243887572 391.2246553245203
694.5492590844636 305.42937759406004 399.82278696910845
702.8584005370204 305.29850295144485 401.96484387897806
693.7502134349038 297.74604171486635 403.79542017035277
684.4699517591773 289.75988573886684 403.97707205561437
690.3769208734983 298.9907995933154 403.79587837925686
680.4180274882002 300.75977918810514 404.51296967552366
684.4010699180965 309.2907208496779 409.3169811481375
685.1047858827357 319.23075655228246 414.04245785861104
692.9576708022807 311.2972199192768 404.32405229188436
693.6114513669447 313.15387721763625 403.18386262541964
689.46660294923 320.45400843360414 397.55256306767313
684.4011958085175 330.3526708635838 404.06538167290023
676.4776358960722 333.30953814904115 404.8363926721991
682.5107838920545 323.3521739356973 414.3993420934903
692.1821704798843 316.88703280443855 413.52908854235113
694.6768500597855 310.4767720639263 406.3770232536549
702.5549656822081 314.69932068242724 416.10887219202846
692.8297446599867 311.11672934990537 409.1241798315696
692.5104887339074 314.7667885283022 412.834039497868
684.4214817865125 307.46423714813767 409.58064315137227
675.9101582054851 300.8676836535681 407.3092910423024
678.8779529369173 307.36216914536806 411.49952131105647
675.1105858568492 303.7249596707977 414.1672570977581
675.4213434457625 305.14849443202195 417.4846289080736
684.304536998075 309.7270269502594 417.23268291068433
693.6355154583414 316.18369520096957 411.39762774983734
690.8651471446191 317.66515988440995 419.43518643020576
683.8693147168683 315.6062972523906 423.2444495966559
674.746744722857 324.39636593832876 420.5179164466566
673.8831475398873 334.36822286815595 430.43483847833596
676.9849554019665 342.07537630228944 438.7025141844987
684.6020217343194 346.38651356593766 433.22951761618793
687.6043440733102 337.17409241564565 429.13891801542053
680.5511183538347 340.0926099596621 437.16376295864325
686.4603981937206 339.0765650002406 433.9955184810737
689.5614543771053 335.80474870833456 429.61762125378743
692.3478716377817 341.6176474651272 424.2189976991437
697.9443780239025 333.30317715334644 417.4826439979746
690.2330440315419 330.87015391900877 422.826827440125
682.7535361805274 336.05506542643144 430.78340351058523
677.2283751040288 344.7577874330979 427.7019702889021
683.4349735073752 348.91636075219355 433.71663221963007
687.1648025476588 340.9884201866715 425.2413454840745
678.8867728599957 336.2992333838988 419.8676922626847
687.0429155489132 344.6314247103017 417.2967991304275
692.8662678386498 349.82937240965236 422.6645100643534
694.4141401479874 343.8160069526875 431.5984505476406
697.9527036438325 342.62994699962564 425.68209528275725
689.0774798181371 332.93903036118445 427.49483928064006
687.713972153693 329.0163309312751 431.49493470484924
696.6008618559474 323.53316699209984 440.1689017456642
693.1458849579584 319.9753296110173 446.05472294072507
702.4210789510465 310.2147719861025 440.54425616438056
700.6907852126751 317.09716480759414 441.96942521890935
692.378500868582 326.92533381079323 449.69187487087686
693.5651929486337 336.82199083192154 443.0742744954677
690.9418237432374 332.89012701047204 443.9123385346701
686.4371593304604 336.6373038804723 442.8300379887577
694.8021421680727 344.71142882656915 443.5156773395871
695.4939499950985 342.5438212483324 445.36433066784434
690.0536554387478 335.82056671475254 440.52776325392705
681.2188104806997 326.8705884301579 431.3609087160177
685.8198861323517 318.1352947109615 425.2357565282636
688.0753464412498 317.21865940336096 430.3782431670717
678.1136420240592 318.6859464028247 439.4826401891086
671.0746362314561 320.9019704988993 442.9026970323889
669.146855672812 319.12503235778576 434.10575144330573
666.7316196340563 313.5019439316648 430.85512000176374
656.7541275812515 319.36352066108236 432.7493015934586
650.8824510621579 328.18564535984024 440.50475705865165
651.8020216138427 332.7582320174135 438.84881087976714
641.9184244371818 328.8775556890021 446.0631942328727
636.3861412625579 330.90432397111505 445.73429198951237
640.2254466851974 334.0541612633062 453.895768032832
636.7250308870689 327.6123504583633 456.5330713785717
638.9258564808396 337.3623615700472 463.0386658625039
643.4785316911496 340.5829204572842 459.888954398897
641.7230406583283 333.8552608607948 465.572187088508
635.6347810063033 340.3999183316601 466.27075573462815
644.7249753201373 334.23485130122043 465.8740615454919
653.2808982158283 343.81506322588547 458.19006873511336
643.5380267445561 350.3375977821582 451.8297449714901
633.6377781255094 353.16343926381813 453.7259614617109
628.9948961595225 352.3904730139625 457.852704356896
632.8131792927555 359.7261023463875 458.94941112600196
640.5881018766578 366.0971366002744 460.2711807926372
636.5027807814423 366.41247761304516 464.1168526972157
645.473007694551 360.93847901695653 454.65244353188683
637.7690870771606 354.0016535017847 451.1199533835543
633.2294596424994 345.29810929725977 442.2584810688288
624.9869873756058 344.25959488974627 437.39527891970505
626.4660931397015 346.8950048347463 443.6522884524168
617.7756023653171 352.2230966691452 444.87875604408003
618.1931606910124 357.18761467008267 443.21529527394455
617.2131404866942 353.93256648912194 434.16164646901524
621.3343812177367 349.7788058427722 425.0438697890127
625.8121781260842 344.16894852830995 425.1412706487871
630.5903956012653 341.8596925265472 426.55271589259553
623.7092177762988 334.70079187395413 425.6728844317553
626.2041834380597 340.3142213532022 431.19752556772215
633.4274525683693 342.9113197712967 437.83009013384674
636.4219924382546 333.7126353065026 440.384932229223
644.5628196893075 336.6477334795183 440.9084446897627
40
393.32050242667424 210.30246924741724 323.76437847708667
402.7348349267196 215.2004193596706 337.1662248099677
414.397913879803 223.46218498821762 330.8615850103289
416.24397775006383 219.75305711977757 329.46376122466484
406.5789458373559 234.32564946957427 331.22781822843535
416.28235519251785 247.07212799552693 313.6424133085527
411.14108648302863 242.3077009645524 315.151110552367
412.97454520638274 255.28697831535663 313.8017764642607
424.9227712765513 252.341024136474 308.6773586143507
434.32189503528645 244.39838332678653 306.0183236454913
432.77295252637157 238.72881552272503 292.97336359021256
421.76142507103725 249.71462971632295 304.771837734376
419.95413429113876 245.35094916529232 322.71652204145516
431.7139900273813 262.7906622758875 320.25219748890555
427.27412351814803 251.52547281204832 305.5584589139703
441.84382760624635 247.33531069595765 299.13572256631994
435.7770025358636 241.51513695285868 283.63976423273556
439.5678869355821 252.48597587279446 289.2582946366034
443.22954842297935 246.9043088926713 284.331693736666
445.0050335815513 235.4448034912747 297.68898068111326
424.91054816506437 245.22082011402392 296.4488026585643
430.84897879772615 245.74196310959616 295.5184961449603
426.4002651313528 259.5923568354719 299.4560142317965
423.59901637209174 247.47265037004405 289.30990766158266
414.3531811943924 234.28611621185266 288.3737194425176
420.1841043727322 237.1805508221112 291.1213884836581
435.9881316909804 238.07515335671877 293.40525069760713
439.0224585610767 247.68792727174898 311.90758086180114
444.2244681208564 262.5514960246121 300.1162838864454
425.08410747577716 263.8592508549552 297.3134582151704
441.0899936646584 241.57802360236485 310.14245557894054
451.4123852415943 246.89635342379017 311.7052088263755
441.01346223529663 248.7856783792089 309.8234802144812
436.6081553624156 250.48463201986195 310.21342585661586
437.95567066426736 239.2922297548009 301.4351196147398
451.4833670307679 255.86428853452963 318.7777457627191
445.68805362264754 263.92536681982153 312.3358530242344
433.8119374269943 260.82161846517437 318.0828096935272
438.4937984916023 256.3543839551222 314.68606423817545
444.3362578919592 260.874038251439 321.6791240599032
