1000
266.5033075524363 478.5510007152682 432.29620227606677
256.8665038761768 482.6058529006244 423.3063348627656
266.7813602184947 473.9840394116796 428.3746314423807
268.5570599424111 481.8827208538963 437.1196702926265
266.8579071773267 480.91224307700884 434.83013875822775
257.8012500500646 487.0970896085553 442.2784258176491
251.76474728190158 486.47284011522527 447.92389612369834
246.91459580668624 488.7786455935762 444.7226721930563
246.87529258917155 485.54506820940753 442.381936859903
241.9975081447911 482.96665293107685 450.7035182383789
251.0708037329306 478.9469556622134 440.94489569560176
254.04597462965543 483.2086073949428 435.9769745544292
250.09961777268623 478.7893149526093 427.5776922512043
250.69240822827885 472.320183678145 418.8760466381994
244.95599456195288 475.41991832041026 424.3697912754409
237.6113248064323 482.961576927936 431.6777550438687
242.91515861666173 478.7940891036776 436.5102922256897
239.48425954300345 472.6309123734209 445.96207235418734
245.59850133509596 474.27856722215756 440.7855801931131
251.42242896855234 479.5175235411407 440.08804559960004
245.06645508603341 479.8269316127124 431.95648320972515
246.82059220164302 474.3037554652773 421.97790717321584
256.09004465330014 477.51635863072784 420.9520769529008
255.22152470474654 482.207991923177 419.1185652345259
252.29222421559746 481.757075597327 422.21019264366
246.31774710601852 477.1478163298711 424.90459355498734
251.27298696850082 470.25292957558656 432.0035183964092
247.72472976455987 469.65561536502264 441.57648795495896
257.1634490389219 467.43336775666074 442.41411002359723
267.14548893058225 467.0759512184618 450.9227503671642
263.5843631246879 469.62433251987 442.08680019517595
256.5952241859951 470.9315390537921 433.16453019437853
256.8737391097164 461.2544410143365 429.85963945590987
262.4682241870118 461.5563678741698 439.66593231683635
271.6951568610101 458.95626965591276 446.6528866148987
273.14000673424295 460.10362738280634 450.28496239915125
273.41366161122403 454.3643236604816 458.2530245651595
270.58341526921805 462.63618879410967 467.80770249934903
264.0677148694853 469.35238532960426 468.95043139682184
267.7557723371481 478.97327273492084 475.7326760253308
258.7192508132505 480.2519642448886 484.96195225975777
251.7750715057671 474.5081737286138 492.7840903027051
261.1682279667099 466.4985110685192 489.88828139471815
251.2401842783174 468.7896762060879 483.10944638069964
260.91944191955594 472.360000706314 480.0691493663114
259.71830775479856 474.6439203252256 471.669412410058
251.77559450654886 466.68430036309223 481.5344518059192
253.13537032306917 459.7028642246575 476.97817501546604
256.10588469386465 454.71225924320646 475.50553756253237
252.9744241509153 451.911009845993 475.9833169518278
255.22401605240904 458.45921924702134 483.01444416796676
248.75482357833727 465.8597609011274 475.48319581130136
240.59390996701353 472.6825116613728 470.94281934775967
237.86608001773416 466.3303559185914 461.61021981736434
230.08300223079436 465.8169004617204 466.1084558571462
238.3125194500948 462.02319453422655 458.65906772489905
237.0075755096721 461.87985110432345 450.96351267046674
229.74882365623955 469.0389616661224 457.94878532123465
227.40953088810232 467.10798870841654 456.1882367626023
223.61919564245045 472.2894419135482 465.21294287792415
221.55616612416978 469.7184237414863 471.8539634153572
223.5224357071845 474.45515388737806 469.2806553420534
222.6568749309105 471.4619972538984 464.47133366895326
219.08732753014226 480.1546905525161 466.70198438312514
209.71531642969862 486.03780097207033 460.40317718302254
210.32713263812195 479.5776766161945 460.366694714082
205.02617965998553 474.46770468471544 452.96259806658367
214.00271568558284 477.57031366287146 454.95304218399525
214.19220819538376 480.73180108967546 457.9161867995376
220.6321483200192 478.8823248883454 454.22905707117616
222.91228637891317 488.3264580253657 447.15796620363096
214.6650549991425 482.1959726092572 454.91934151058337
212.47774775555118 480.5549303883198 464.12700084326485
208.740003448837 477.8928214177027 454.96168278295943
212.2581180423471 472.16043783350966 453.2769913417696
221.18897243579912 473.8209611308539 455.3704400862135
226.93573732242183 474.85356672323786 454.5392102784072
220.52448867591866 468.65331203448983 445.30861850240143
224.71829930898957 476.23320834951784 453.77151856561517
223.1963358788292 470.76809334704745 463.1828023103303
227.90960663786728 475.7536059564407 455.57397581555705
219.78790058978217 467.871740052958 451.1149798675537
213.11146304290494 464.27601004221225 454.24559123798105
203.2788751517945 455.9484627421519 457.53055288872287
194.22056054833246 455.0141443222068 465.5807292958974
194.93223404155447 462.9371551595947 459.7929369458863
194.54394813795406 453.1528330354158 460.84100181205736
191.30585608926728 462.63231095582785 455.39861215047785
196.61339219665578 462.9830273208078 449.805245435098
200.3893045855067 471.25897823635626 445.1909405590549
207.39113067019747 466.09428682379223 445.07478025321944
209.67520719613012 473.51342450318896 449.81141061035896
204.80543125002515 474.30519477870723 455.65431557814225
208.63440160476176 475.41265141526736 462.736861818699
207.49576932669777 484.65801828634534 470.3470763828239
202.780675182696 484.87484340839006 471.10021210902744
196.70672893445598 477.17180682930433 467.71443325052246
204.30878599562837 477.570111255858 462.7283218700215
203.32110472600525 486.7098255243424 461.24807949490236
202.96907355312763 482.3306492504497 466.21367559046604
195.08768612064733 479.3683776493752 467.59504165029705
188.50255610648318 476.4157138007637 470.78153300274545
192.3142380935662 466.72831710061456 476.1864245484126
191.20329177857164 464.29007587750334 483.5349075475466
201.13010619068456 457.23804234533054 477.41557269347993
199.58452765741816 454.743806857638 470.0750858475125
205.862767895192 463.69663284350906 477.9690884972458
208.87094385129848 456.2455111099941 469.85808496508594
205.52672455877615 462.9760675591998 470.08986130044707
211.17310758415164 454.77994505052334 461.59491626175617
201.50439727384705 463.6787107965322 456.9111115010478
202.7780448229144 466.1873741855206 457.45186227853446
206.67454889940555 467.6174089428919 461.74675054465916
210.64881622849336 472.1165914128592 458.2064273996262
204.72293525004008 466.41626344318047 467.72127889571686
209.93106141083243 472.3987546630943 460.28856696295634
204.30710890470013 476.680259296584 462.483415670603
211.2431425993312 472.4361241261505 457.3547335090273
219.10288279247234 470.70300338415046 456.6497884790853
216.011657303169 472.9141577058995 454.74284150546214
216.90798785363944 467.3566367481776 459.0121555651062
226.3118734056563 469.55877042653105 458.4483492407411
219.00253871724894 464.632814977733 464.006111744739
225.00562882931877 458.45453647534333 459.768181381116
229.24810842409474 458.70543888709096 453.2311320359482
233.02870947811854 454.1772654307624 455.96335579272306
241.34114262379026 446.89910603750485 450.89437860325074
233.25601407582545 441.4783680913332 441.35977343511536
225.848370498011 436.9078249537023 445.7267380764816
216.38178618518168 433.2674672943785 455.65433115487696
210.45612460365658 439.2103173665537 452.69302317262736
219.8469762391266 441.8482401941844 447.68703984347627
228.12687177875665 450.84568820925654 457.2370537484401
237.86236766905793 446.778148096596 460.1970233334776
237.94439637749286 453.90194427176414 453.641634085744
231.62321154274053 445.6323919316995 458.046077778415
237.5823781057176 452.72505840477083 463.89010112794915
247.20931848409282 446.35922533020096 461.0481214591212
241.65372521510574 455.0248795423715 467.5790943964999
246.92155071529325 449.90714910494944 461.5700017134254
242.70745400271062 455.8092994256721 452.8362541023079
238.67733133692138 464.03513448470795 452.2145326085142
247.73324041063472 463.80269128671216 454.4963819802991
254.8107024266931 464.73037641310907 464.4207529836871
262.673985933673 472.5030175615139 464.05311666043167
272.4833832482202 464.77755302574514 460.53757435189044
270.8890835566058 471.7201020770379 450.82115613127485
277.07703632217715 478.7000947401879 446.57117346587006
277.6161362118909 472.7415651254469 448.41565900286406
286.0224475224776 464.0962869388945 446.22976401256597
282.5536036696708 465.4065788386893 454.5645682349335
286.3928817706136 474.6196823797191 444.65201865022016
289.8784435129592 480.8323820567402 443.0615547168289
290.55139536049154 472.48819991913257 438.97738602937983
289.83971483507736 476.2702098466763 432.1631301711783
295.7369851021091 469.60871347217176 432.73427311668735
303.4799369435484 475.7025776263049 430.55962748259157
309.61167587225935 480.07955669079104 422.7570371934457
305.01188674065884 476.86219896115983 419.482590306631
295.5074044260857 466.97910368029534 429.4303558979432
290.3215233896086 459.1748830148321 430.9398423059019
295.06142685540647 462.61698289647705 432.9230451592814
291.8876316735347 456.0989251051248 430.1013716548334
292.82513322437046 455.05964380149885 429.563561693923
290.9579493407071 464.15671034363567 433.22999968661543
295.8400858854817 472.14986619788766 426.0717904495341
299.15939000434264 466.8946171022113 418.1261554013743
294.10123505309093 461.99368924775143 420.15153921616246
290.4580347182237 465.66905755151186 426.21071962183555
293.331939528693 474.1511722373007 427.40005140087
296.3314004207589 481.90090429763177 427.4444510710904
287.58889410525194 486.94332616831974 432.4387655976514
295.30344518628914 496.181843301161 424.83684403943295
303.18807874922555 486.39551003556426 428.88271826885057
313.175954917835 486.49209494759964 424.33792589703296
311.99146545885725 492.6227830867504 428.3773769781882
314.72853299994085 491.22758078818066 437.62058209601645
307.7096180544225 482.41736301621876 438.14777214068584
301.40558600804366 490.51173935294986 444.2438426925454
300.0945588037334 498.85945905008435 447.50950286701624
304.4004101663068 495.24558321606077 440.6251743576707
303.24015888931245 500.78722859866207 444.9388324419401
305.4350411500594 504.3229107291031 453.1987283607112
308.51924256948223 495.60549625997714 445.5566022510881
305.2485438583472 500.3407081638542 448.0167575803324
297.8442160236496 500.6043038564762 441.40894102164754
297.17906314628937 491.8059926832247 442.79666341187476
305.92581999409623 496.24771172779083 434.9494504705207
311.2934521216829 500.12267605600607 442.05956551298397
314.98198131793345 508.84758658029426 439.38724725506796
308.687145989525 515.4232518485637 435.21002600645255
316.0534955903412 521.3907860542885 436.4147230294967
307.18238084774197 527.0070592509022 429.14172419879816
299.1399871296902 518.1514660603148 437.1567697417678
305.6740922011926 522.7452522192349 441.4180453906296
297.27093222194753 532.6132775188213 439.7774624337334
302.51831501242754 533.0854594843526 443.51560981508277
292.7670263218559 533.3801503981817 441.3776742823036
286.9409313509909 542.163630986947 445.12148266908684
288.44857961585575 547.3419481530882 442.40607748201256
287.75808245310867 546.2439200406646 436.95484066966077
286.78477535146675 544.2094545239187 441.87332770851543
293.4102787717113 540.1947446911497 437.4158689233953
302.6538244786873 538.6693973285721 438.81336963736004
299.255403076478 533.3962163090835 429.7579994656114
305.8856289372505 523.5512660778442 425.28226642475266
310.3625570609983 527.8360751534871 418.61563030972155
304.8726686050538 529.4486393791358 423.07748046668377
311.6858978816067 524.3899620131868 417.4455817527049
302.9330021197459 514.9295345709088 422.01820492197925
295.62752236888974 509.65217078034925 421.4873862038569
287.59341861479777 518.2250956917695 426.7033529790346
296.14522931123065 523.685566148427 431.28970600521603
286.5027680486333 532.3744253296884 430.9235749717713
295.08447040654534 536.4751420343559 434.26962863770024
290.90030121669685 537.2501605350504 431.26143156993
288.1096304853443 534.9857428708387 430.5450553069496
291.2133178142107 540.0736378400653 435.3017181008905
290.5645160471822 547.3266106558223 438.546795748539
296.22949080087835 539.8817996747587 436.4698946182701
286.5962033662523 531.0065474986059 438.6388184484594
292.0629621584566 527.4164108794799 446.85227090031464
297.1573387485796 532.5630886891568 448.7254500656647
289.35874196352955 536.463305942059 440.46413511574224
285.6171236489965 540.7041161017465 446.9605566766661
286.17482332764484 547.4788871024831 437.6861145241142
285.1898331308268 556.1585585905798 445.0187732225503
282.40251258002655 556.2006462641922 446.88389268034416
278.3409607319204 558.745935323601 442.41150826968646
283.1740658989307 554.0597021656395 451.9342991725158
282.3818590589645 563.7656172173116 460.9371821906268
288.7869906930812 557.6216881961087 453.82678247111664
296.55243141016626 554.9470203877501 451.7846705894851
303.28833349585915 560.4277551342379 444.6875425262598
298.0530263851868 553.0504040111331 451.5104585387697
291.5365064313555 558.1647622524272 443.12927696560047
281.6913681645211 558.4859275905393 448.1049969264807
287.7722895002254 553.7511009081968 447.89563751925164
278.52860847151953 550.8029341822203 441.3616992567674
288.4897790032416 546.8367439221205 445.3878935030798
297.86648758534375 551.4984869070241 450.04305540957023
302.3865061976323 553.2317461191956 450.3412399627446
305.9172466509395 559.0749138117568 444.93227721683957
314.34281825456753 555.7975728467305 445.41825182992403
314.30246239228944 551.2218315400661 443.1462054243954
322.1787434929788 559.6930803158137 442.04919276856776
321.0226063406195 555.8275269029181 443.54445052522914
315.3355101133599 563.029237919893 453.14551728064646
310.11796376353465 568.1416721458849 446.2737845824866
310.6851007190833 560.2536641327698 444.8808701013378
310.597495762801 561.7570924487987 444.2265233830091
319.29622327699235 570.8808215238043 452.094308365736
326.1162933031826 580.2144774311117 458.1507122355745
324.1860102866679 571.5035190063111 463.11379008077637
322.6627067667037 580.9933996085475 463.1275495903085
319.9906296485749 587.7899243337346 454.6153526851834
317.98431549269685 581.2575412674528 444.79539515542234
308.66374909788993 581.8388345784656 449.15260792066516
300.2905732635013 589.7428763064108 440.0406093470243
308.4696482487126 596.0389643107595 430.827068831671
314.75288036258354 596.6271732114242 423.21396967211973
322.71194643273424 604.7838616487034 430.9942324459026
326.70714113034603 609.8979630442491 437.2070093611429
327.12141668077265 611.3534383471003 442.7966309630728
329.97745088135815 607.6671718205638 433.18374744406907
335.3864439335937 609.1595412084263 436.30267224078653
344.30226736970553 608.5081782842358 435.37295638639586
338.5968208063635 612.1770344650234 434.1303816624473
332.07975306818315 607.174697090242 441.5066543272502
326.1938052849301 616.2940673015685 436.59009904754276
323.5968547439237 614.0695017974125 439.86238957893113
317.10133870601464 615.9478766548872 437.77418319238086
310.5552136768679 611.9548993248508 447.5475570140246
308.60019940987934 616.1802442175533 449.97241991500994
310.4239536076516 616.445026942078 455.0588610305269
305.10413811724885 607.9888971706434 445.5109351921829
295.6631757976785 599.0152327778895 454.43954537233725
286.66728149221456 596.3556432041062 460.9955621429349
290.5007047809324 596.2658575400608 457.7100325881196
287.84600902927303 600.8871624561256 451.85927268373825
293.28714588719004 592.033624655089 456.21373645925
283.73420114874375 594.5399086977162 456.74234904788005
284.45357598897857 597.4626872107835 452.88724009334607
275.3107018309219 602.570633733534 453.19673356138304
282.7866348965109 599.432275494946 451.9530579744135
279.0216829453763 598.9056109585274 449.0984369702461
287.1671153500129 595.4379762683146 441.72613849252843
280.92474895804395 586.4648121977625 436.9099997506132
281.8827421518267 595.3150722391148 441.7073242703471
290.2219954648045 599.0617159469049 437.5504075645824
282.73960865566795 600.0090099579513 435.30774451813795
290.3747624205452 606.9134062496537 439.2195108055764
280.5557806514996 613.4092618160557 445.4751408639443
281.8708674196202 620.1001678356 438.8304596980249
278.9312065151398 617.6348106769602 432.27249181904165
280.4968288421711 623.05381973578 436.6433388707817
281.68860912191786 621.684410917032 441.7137195132343
276.0213400384567 630.220528103877 451.63687703813747
285.12967938919246 623.2015997535764 461.0091840354768
277.3649452934869 617.3974422851475 453.99656744467944
283.7921880760845 609.2260750344254 452.849997972268
286.64168809748094 616.4731426108913 462.10536633265906
286.3597574278379 616.4470079526651 464.68558859583493
295.1806001576128 610.3512354129264 469.3986808250553
289.6153803559634 615.2532787189333 470.8008890740294
298.36569282238133 614.14892559141 466.775357665914
291.66051328284374 622.0120907890056 471.7022989933394
290.25878894833505 619.6431582503416 464.15076840784826
280.3753589680276 620.5831060304837 469.1623847264552
281.70835581356835 617.6150239443763 464.1059761996255
274.46116461849556 627.1663347652088 463.29117608568356
268.67368638800224 630.5941559535861 454.14822517719045
260.9452387096686 625.2443504934388 463.4157919468264
267.61148044547394 632.2188082282448 456.2943577897512
269.9897132428854 638.8658359368198 452.8398308941982
263.71233659970505 632.7652281191948 458.56385051438303
258.8350361786238 624.5939861384503 462.15360914835856
255.78537478787277 632.8896259572808 458.89619750947116
258.9662909982803 623.1597031452935 464.93727018791014
255.44930424139525 627.7634589058359 464.3326734696067
259.57207492605164 617.9952186641538 466.74404340149084
268.9647402784452 625.1477587635051 471.89178753314746
266.34421120308207 628.3035750773244 464.946799884638
261.82011338973166 622.7062549803314 462.9138408134703
256.6298962417212 616.1160384812724 461.713872686325
246.90254222490748 617.3339254070802 469.9129319936406
243.25354519789352 617.5914577025061 464.99203989372654
242.2391923832609 622.927728573931 459.9213692663646
252.1766613353359 627.3802872449678 453.67647697743257
248.45294117927156 629.8656774642209 444.83820892499415
246.9667143117806 630.8595319082467 450.12949507909445
252.56642107359042 625.6627374817684 459.07768809245647
250.6811654588087 627.2496599313561 464.85190828831486
250.0858368942694 628.7422333175488 473.4934155612215
247.6415225501234 627.2613380993032 478.73756726440763
255.98748900908353 636.142549474904 477.7465577407069
263.8195623918028 627.8657293924059 473.5934379702939
266.5323041774327 625.4832455028503 480.34965471981695
264.7389079983293 633.3911476630456 482.6179624842734
258.7596189506343 625.7871428533963 491.9407966990115
262.4877565374991 626.6332124390702 494.8253085239947
268.67220358125013 631.9249818379558 503.2349526392125
263.41435047894447 637.023321507418 504.8991291462518
261.2899196129453 632.2817561355839 507.90710946304904
264.2198963406651 639.103804684414 498.1963426589294
270.2237008737253 629.187312723545 505.8241776650281
261.0468143165612 619.3809251682571 506.91639993266017
260.06328687400617 611.793571390993 497.4969717099703
258.6672895699542 620.6341273936507 498.51357661538447
252.94775827117294 617.269271578497 489.7235173884101
248.32442365876946 611.5848867646038 484.99270899618597
255.82538168815475 613.9487701944382 477.3397600469876
249.6282049024216 622.9706825110148 469.4140528424612
240.0401339880558 625.5912613898014 472.35799538453654
240.8205871912957 623.9235379546766 473.42284139782635
235.29651170731455 623.7898148915565 466.5753336966128
234.58375252555376 625.0463536004156 468.7103900697326
242.46159343934295 621.69525545444 467.34947159507436
235.0411032536989 622.0304705447797 466.16714701188675
227.48336865919603 631.7995302531099 465.89632724541514
222.77468430917202 625.7968699447231 472.6441124828241
218.72310671637587 631.9470009764688 464.22697033171534
225.83029143323694 630.3279290318615 472.8059019690189
219.68986860961564 622.1143872603553 482.0771911360051
222.44454331190417 629.7131332968078 492.03653581846294
222.02712851699357 628.5277055978017 488.80181501969366
228.46962863886304 623.1739822438906 489.33654468656266
220.61310319720636 616.224391436248 486.35559872205886
224.96203556423902 610.8752145122553 491.7581941162883
230.13530907022982 601.2072713967606 492.00645073103396
235.97142664302396 604.747033159994 492.6863753598222
243.92546135517327 607.3069590558708 493.93677604014175
253.84186909951256 607.3905325494402 487.5270439618081
251.39343109481055 600.7384432025125 483.5598821545744
258.62112557799327 593.2758043170554 480.83703564607674
263.29259066389375 586.3226456820281 476.113630123254
270.3363149660131 593.919198896292 481.4397794124367
270.92542942831477 587.9485978549959 487.7290333896215
262.7926584745668 594.9781733839895 480.41471881470824
261.8626643941157 592.4877025893235 480.50712766722927
263.9142647581107 592.0006051376816 475.4898773158721
269.52560471612895 601.0817960302788 473.8968518373493
275.49898774371457 604.988634211113 481.21086622260265
275.69478694943655 611.8964732063833 485.6592332843043
273.6356807515867 613.0985185806582 491.8551200751682
280.2640773241214 620.4920257668128 497.28751909356777
279.5919899614222 613.5573509165081 499.5933427830576
274.98635793650385 621.7537447650291 493.1500122560332
270.9282370201676 618.5637517667086 490.236307295281
267.35361265509016 612.3966835737621 492.227340592439
262.8519581812583 616.3982280844423 493.94858984109266
262.53562600346095 612.2693879890476 495.36363151171906
272.350407476838 612.1223999392047 494.14156224607865
279.3446761680249 605.4444536770342 485.6250315839357
277.097751568961 613.8979588534243 485.4849102886443
274.7577646139905 619.7122150408285 491.9895034136414
274.78053162694533 618.6492731042445 498.10593939662743
280.413020316408 609.7033678036007 502.24463093972474
289.22883602905097 604.5978481058023 495.03362018602786
286.61164656512966 607.8620578117831 493.4680590843271
292.9954110282588 607.6493872315483 493.0677669362074
291.6457233618724 611.9449977238052 493.44937019986577
288.6201811769262 610.8291063789006 488.92806084580496
294.24298014567387 615.6349695703497 485.1987535449895
286.0930672174411 614.6327344592496 488.7375335364463
277.04824142833934 616.2116168124761 482.25796484752186
273.70778579811525 614.0183152455083 485.7797808418618
265.72879598089037 621.2611235833455 476.5797909623808
266.498896415204 615.768055515046 486.1580038088359
259.6810136509019 617.3356267505484 495.08938645232087
251.90264792409764 614.2036324058676 500.45891386727845
261.600073382458 622.3156063297488 491.50178406107585
261.2984579551503 615.5667462649042 489.39172318891303
262.588814898275 606.2817886397679 496.3534432368008
258.7949105821689 613.3703857475385 490.77267693209365
262.817988530347 623.2981801690524 493.81364359499463
269.6310717387986 630.3404898936506 502.28457925497474
264.1474123270249 638.8559113087491 505.0279459990352
262.8620250065296 648.005792767752 504.7793988184075
270.9154923805892 638.9903143057201 512.5688951343709
279.86967250735495 633.9379728047995 511.3329343419314
289.8694975838803 634.6261224618497 510.55650036715065
299.0106710620091 630.0520151016957 505.01701883368025
308.7880692017702 629.6409498892413 506.57946081396807
316.8316000074888 621.9802748352282 515.6089263127917
316.59564823732944 621.8833258267953 506.880093426955
313.35281152087475 623.9010487782059 509.97061183187725
307.63029087094844 620.1948531630159 511.24205213866793
315.68241044693184 614.5716394838602 506.0241908531581
313.6820050485692 614.5261601140339 514.2037127870288
319.71173484212324 609.7069492333009 510.2722909526939
319.25970966420874 608.3175946092028 503.58953843942777
323.9859359214767 603.9523124426356 505.5036218736041
330.93123224600697 605.1824055996518 507.4799321206935
322.5979954300066 612.7578909637755 503.064231435893
314.72045313012023 611.254955263277 496.3750090678279
319.09799164223546 616.9112559245103 489.53808552180647
327.1373562615746 615.9989799304165 486.709027378894
334.69756829776753 617.0206353414557 482.21846189443403
328.1998193327355 624.4624286274302 480.75563830178993
331.6325699163022 625.4108474851728 479.1757889371091
336.7156534707727 615.8328743105641 481.429639306939
337.1159673893358 619.8560583223964 485.1291736224682
327.19699120014275 620.2109970080545 484.8441321667358
327.4876350500303 615.0791191757119 482.60309464086356
337.1821702484665 622.4814760049959 492.3833851271398
333.2076026072632 626.8960190645246 498.8153998165843
339.8583669902658 632.9834625933121 505.8637778232578
331.3649567750762 634.5999525934617 514.1482661046215
322.80173458763414 641.245262316289 522.5922610088232
325.9972192466932 640.6941074409689 527.612718069862
317.2093869525561 644.9142753552518 526.9009430354391
325.4928933118071 635.9331548902742 525.6430716216872
319.8008189650229 638.1324637952135 530.5980835503655
315.68917557919383 639.4149441970293 539.0229541785635
310.9690524987438 648.4357739062183 540.3923379061586
312.25552452232125 654.488995729931 537.7850054876108
314.65939523560803 650.7131568031044 535.1508991256906
308.8977743382046 651.1798424383569 540.3224791427864
302.5070398182868 658.1440974077866 536.4822089908349
299.13157226760615 649.4320675966608 531.9641447980081
304.1568153756371 642.630117158626 532.9348522647554
301.7765916727999 645.2934504282531 534.2171054729472
305.9032785631903 640.592217211404 530.123299067034
302.40649053626964 645.7807745720727 532.8928778235834
310.8622539606374 644.8221080363794 527.1317699056837
303.87450655419804 637.6559639052266 519.1349897981444
311.5869724535759 633.0247439162955 512.0806331937313
316.87200162279044 634.9894413829813 511.9980579573491
320.8114356289494 630.1173944291139 510.1048428416097
317.3066958782411 636.6843160896378 500.27409284556404
324.25492473561036 635.4010970381865 503.8303566076856
318.3684890905013 644.8294663064416 512.6826030077285
313.54778240643566 639.7859918387476 516.3046542056702
320.2518623651673 640.1485059842971 508.98759468996803
314.9745348772977 645.7626109923591 515.9087985713035
307.904915062935 641.9880100626581 509.0215124415974
311.16450394371094 632.3613497053697 507.2755007027025
317.10068488444597 632.0241121942836 516.6857005045701
323.2924129123115 626.2483665707134 518.8061636724433
327.86057166791466 626.3407131034056 514.855618584092
333.87520810197947 631.5710141588643 507.4329736709517
325.51768027452954 636.2146653806174 498.16699029525995
321.0876621090532 632.7133001098416 502.52370975517505
313.7768920871083 636.2315175274667 498.2268008206283
311.66382570466226 639.4938932659608 493.2702211155535
308.72780038858053 630.675629241858 502.0034399902459
318.207658286037 633.3298089753853 499.23093330333523
324.986381867984 633.2111365941738 492.78226129613404
323.0139474889457 627.9936363815449 498.21371689353396
314.4169380240498 624.8007487891663 505.23656071476205
315.3709330688995 625.8611426226797 505.35955056954236
315.99775469421854 627.6218462250952 512.8209019858173
318.2551558861615 625.4105400917307 508.99918096152425
326.9388638915077 618.1310518797504 509.8486638034375
318.0804885730081 622.0064144957813 504.40010636348825
320.42438599076866 628.9542279907563 512.5586536968731
321.4844886087336 638.7289390539789 505.1323823032208
327.8084717310814 638.2505695097253 511.97973340474346
319.0800715645161 635.4044715320857 510.88335859622686
314.61841720639245 634.4244728661803 509.976407853295
318.15358912911375 637.6680717087767 510.0309382802585
322.17511934348187 644.3761127963621 519.0173045879837
332.0462369598603 639.4721429668714 528.3120360419051
328.05002261683825 642.5132276911283 538.1295889877626
330.382285729181 636.8648408755452 545.5483173803774
326.3541636755967 629.4068195044501 545.0755150972839
334.892987537114 620.5927053943777 540.6229744134117
336.83443645103426 626.0941792845663 534.2048094251933
338.80643758405785 631.410211285413 536.9792457462239
338.7083021034574 627.2872182692504 545.8563403151996
340.02759797093626 626.3797740606088 537.1068906193981
348.87824549246216 619.011429540001 532.1515424052261
354.11400117869385 620.2330543547732 529.2324567766406
356.1554317435886 617.3842329639072 529.0782113204823
356.4526199978955 616.3556718720531 538.1748484586958
352.3805047200933 611.4906087744369 537.5631705087577
354.43038059625985 602.4688611797566 545.7836644459945
359.2240929711939 606.56599651312 535.8306141398219
365.7532614726297 601.9701781266074 527.5562388238195
368.7125651124293 599.3412035451837 521.6775919561202
373.26653518431493 604.7569515222822 524.8363768668366
380.9596986789652 610.1434437674452 526.8893357931801
383.9387901363074 607.4544870573272 530.4020542586234
377.67904194380645 612.9264372609094 522.7027635694535
376.6517312816586 609.9355607124323 517.0022357825966
374.05303534785673 604.4536049982031 511.5339844519371
366.37076227309666 607.9926942679002 511.0121642059142
366.41898560124395 608.216762739056 506.65709037334153
372.20098823300805 603.0714738869439 513.617466353282
370.93458457690184 606.9844932479001 517.8321643269983
361.3177808564318 614.7054992387734 526.030846069373
361.7942110065307 609.8075433469102 525.7691237264096
370.8659706408648 601.9070701278353 519.8349519116413
376.56948516075295 609.7567133471105 526.1585477723753
381.2502748378886 610.548341156895 534.1041428675167
374.7238617673314 603.8325089324654 542.7274932886314
366.5759033078821 602.0264056294751 543.773024280872
372.7201020489076 608.8669006820304 541.9317999975902
372.82776634368025 607.1794822049225 541.9175740299592
363.4721132613471 615.5291569609069 541.7716761673948
369.07536450854815 617.9336751060063 541.3761204453699
371.99117664122474 611.7291100741799 550.1579242040781
366.7156100655607 604.3899375223249 552.0014763097962
365.8532325618607 613.7552631625372 542.630528895802
359.6571767875793 618.8064149339393 548.5981745418472
352.176143804167 618.4611579193544 541.0054050505973
362.0252360827729 625.4797947891897 547.2095959395613
356.62562311630984 619.9441590456099 551.555740814586
353.4652478450736 614.0898580004866 548.0007567716539
349.49705797682236 618.9825245063289 548.6029730007511
357.8389491450303 613.5641211554688 544.8903454205725
348.3852021552618 617.6147162257871 548.2378330398712
352.1488808865799 616.9548782480385 540.0742340002084
359.716112770781 607.0569684399399 530.3499445055788
362.16091275345633 607.5929439101534 522.9240893046467
355.90522780013004 599.6342004790042 514.0291138170661
363.4240707914503 600.1211605941988 504.7277513152902
367.7872512693229 599.803134952217 511.72413908204214
364.84676030526396 596.2136592207299 515.607039683112
374.45595208702275 586.237843327453 507.49625067555706
376.39836288807714 590.860964393032 497.6510360773683
372.824560781089 584.4649815035049 506.9065481113927
379.29950545516795 574.6235313113216 513.6226537543564
380.71716051338444 584.3585765176285 512.8859512259805
386.9795200898686 581.2033983715205 512.068815181152
389.3220162693497 577.4117124580367 502.5793269124757
395.7959048755994 573.0525139770426 509.90762073753433
392.11147235417826 577.210875144773 501.1515552925161
383.6725514247725 575.7745078716391 502.1988172525297
374.62498394325405 584.7066384095594 492.89497662743406
371.6674836268825 575.0499509565378 486.585970652364
373.54763797865957 576.848963185293 488.93298463931984
371.093126764351 576.2669187877694 483.5862126329884
380.2553058210823 585.5686727059947 479.405149813022
384.5508492653948 587.354665911493 471.81205177634956
391.60772385106634 579.443152545268 473.83503631036433
395.19537033582816 574.5009268683372 477.9744901076515
393.3753361020898 576.2201859283105 477.7232993135375
395.9939999498857 575.593010706925 471.3563366834793
393.3035757998208 581.1327284649908 475.54569134627377
398.6670202657991 575.198310394265 471.98269170893263
404.9077017296706 577.8953441697672 469.817287231722
403.8761329000663 576.5631571036527 465.76269505364746
409.75538332679787 571.1010524221517 473.68377756448507
403.96355941279893 571.0481987979916 463.8154199865881
403.7068124149152 577.9451619352257 470.1682521963793
407.6287855172976 573.0052471723895 475.8411444293821
410.6042370188862 567.5528341157775 465.97028901274274
401.905654059573 562.6427236100614 472.2291116111669
407.00597327618135 558.1373116058068 468.61929741532555
398.0527096010857 558.8814274637507 474.7616262122647
394.4364863218869 564.3649657202456 478.5421236347976
399.6095004390563 566.8692635369149 481.1193301893503
393.52986899884223 571.3757516248993 489.53779378273566
395.15965776962196 575.0143276558014 490.9970927886625
403.86900443056027 579.3248265720617 489.20142310555605
406.597103338351 584.6051269933271 489.30465129956633
407.9669483134857 578.4012880962572 491.67150855846717
399.15656738745184 568.4111253177304 492.1046161054872
395.9109703275612 576.0829932706438 501.90112784736505
401.59463511056725 568.4529462668547 492.1328354198512
404.984942137315 576.6348340595661 484.70162055356667
407.1957557833358 573.1707116002505 479.3933978966013
408.2273503563221 581.5831809481032 485.45070660903156
412.10205167166225 590.4005170169412 487.7505856351358
408.5672246456796 584.1915349479948 493.64763747858535
417.08068950777994 592.9139529364331 491.44781359895813
413.009330815265 597.7726863795275 483.4095585550771
418.91109436921374 587.99849815429 474.1643418499628
419.8287468395323 595.5760493289988 464.2710965575424
419.03193552231596 602.0789922924151 464.8809419628396
413.13562770818794 603.3897593992042 471.6441986939147
417.9118580149899 593.772980354056 472.78844082682133
415.0419724378117 588.9207604869465 467.5922517004779
407.0172139610804 583.714986722319 462.97318234361575
399.5216467957217 583.8549704115948 461.8428240886142
406.4681693695919 579.8758886696121 454.9977419880667
412.163241743021 578.8644455374169 446.9619828961391
406.302839415464 580.744238152175 452.5718588523832
407.7652727274478 575.4674944955456 457.7740245169076
407.0241278603311 582.7182658143149 465.15989264273946
399.2377418132036 586.4600393685324 472.70489816101974
407.13436674088445 585.584028281154 471.1251925532755
407.21156574112274 578.6581173977112 477.50847611779295
416.2846160745151 588.4115295657142 486.05765379075723
423.52783335936584 591.3218260249416 489.1282115436917
422.0923598529283 587.7907978657579 483.40783715822533
414.06116015277473 588.259489808835 491.394445836708
421.6981859535616 595.3984708785122 484.4443234277096
419.93822121303714 594.0549046611039 489.8550058556696
417.5588341127355 590.8297434242129 487.96156973930795
413.7622964148845 594.6235276772481 494.3523335737532
406.9067621000467 586.7777815469016 498.5014807624925
414.25416219036833 580.1748117535442 492.30749304652045
406.3800818900318 574.5068693419413 498.052863502578
409.2972343561851 568.4141982160332 501.6469156968788
415.0962557159877 558.9327987670707 499.7909245853757
421.7453859798487 550.1283176732104 498.5352312559102
422.5405598910303 545.0886036689727 492.3610128254784
425.38707322151504 550.3574147729939 486.4155095078572
420.60775484194767 555.4275260323647 477.1576953920443
419.2537588879299 557.2350410990005 469.64241911484555
428.93530571490146 565.0697156449727 461.22509374403467
429.6530574874859 558.2405423604504 457.1985439052083
425.9406354953761 553.3336679050111 453.05270951132394
425.956015235872 558.0625414163852 453.93038643746496
419.7260519477096 559.4075881903738 459.14238062333453
417.1181808756104 550.2621062892392 464.9545755719242
413.1166301086825 553.0914140610139 456.2162229115647
412.3419536684925 561.1742038883285 447.52062184628414
420.4783441323407 564.347636385723 457.31132597636736
413.45273254478894 564.1295841365418 452.076704351623
411.2927286237321 566.9336698678076 442.13850862507996
410.2536528889347 574.1341664555675 446.60820900493366
404.1551219425715 567.6720496930519 454.65541335136936
398.2495894247226 573.6953977042666 461.4369202470871
395.0090283420164 576.5950823244189 468.565304013961
393.73024085673825 585.3133504627574 458.9566972471861
386.6852723972118 587.3192467151364 457.6445311546606
387.2947274483418 577.9639897071355 459.59670769255507
389.18844297248313 585.6001320274305 467.1568064528
396.969799832768 582.2137950161106 476.8191615937326
394.3266611703018 574.1539875289153 475.55081402094123
389.2555749745842 580.4950858970326 465.8857077705626
380.34818261385595 589.8407211150463 466.10831857637913
383.5911498518069 591.3665890041826 468.8463177361602
393.55601612747114 590.8644313558106 468.8098750861711
395.18625947890706 594.4562652465347 474.4220112281601
394.1956478399967 593.0991976435838 477.5074099161275
392.1658371510799 597.2944202332155 483.8584226049842
390.12747400304085 587.6375849538662 474.0937387177603
389.90842457586695 584.3889827125092 471.65955289103323
391.04118704565695 581.6603065773918 472.7054773066428
387.92577073863106 576.5077501036642 477.1124556789471
387.31906597729153 584.4819900718154 476.08406112072856
390.5537181364533 583.770253043862 474.0735252442835
392.32402829081934 578.3559354458321 482.6425389786663
395.36304385890423 576.5284860217741 481.2598362191574
385.51816744185874 572.2208821399519 474.25678260879124
378.4690353784821 572.4501060809428 467.54842174978273
387.07074506156704 580.5546718653969 459.4691681897146
393.54602954011204 582.4904469429936 451.1775037503248
397.6850023856601 586.3833946320484 456.89894621422974
401.7885824236976 593.5627988075186 452.058960052095
400.7729985915009 585.4836915057776 460.758768529804
408.145104464018 589.4138031387636 459.42752785371584
411.94593306323264 596.6760312374142 449.66771936741
406.42553430613356 593.8274567115691 454.05736457854346
406.87671729926245 596.129598621837 445.5594379979199
404.4637503367555 592.4122946173464 447.8673059938033
405.2429382885595 596.8786379802269 454.1814372471608
403.7711660382994 590.5490528820685 455.32147467412057
399.93365831319875 594.6581336920818 451.24308373343484
401.6065609503827 590.8454745732015 448.3998748543038
394.13899750420006 588.079219295926 451.51235503224257
393.03256296986933 578.5098758536951 441.5505977289381
397.856279374794 582.2114974173783 444.38710054695684
404.03927355050905 578.5091911961397 439.77469531370673
398.2886255354877 577.8249921686319 438.3243336021061
390.4307094242804 587.4950079303005 432.4865939353404
383.62426215170785 590.9233047620993 436.5778186665638
389.1877817791767 600.5894810255844 442.84472997674294
379.5557331336436 609.4552489616282 440.69057077359184
389.2279687768406 617.4667971321478 435.97761743036034
381.82900724484387 612.0968116403479 436.41182946127594
374.419471771642 615.0695979216412 439.92653029495966
370.960663577035 617.9969588821943 441.21322422907394
373.75883772599406 614.9548812426648 434.97231421958975
372.24597213624554 622.242709418124 442.55505018698
377.92542435208645 626.1005965196947 445.12842765636316
369.79894026186713 628.5877224824791 440.671345513071
360.4958403401646 626.9237600165719 450.4465516379182
352.4823181154005 636.1469647456944 446.5239165377657
361.8951338774007 642.1805445069818 436.97582112078976
357.33935852960514 632.8747071610197 429.2182197448626
353.6925839916652 636.7762451612073 435.1795820336746
344.25195444422195 636.3213706743732 434.5808923110872
342.69662731533606 631.6840380676929 427.4195083925384
342.0610527054952 633.673499551604 425.52868524643776
347.5839001195975 630.6430562884781 427.7781046385279
352.7087187844119 640.6146736474319 418.60127038536854
359.1912373898845 643.1888522915465 424.64289428754046
353.3748058386678 647.118933483847 420.2290856355707
345.6489816066521 653.7616433160323 425.9718928096461
354.3119689041987 660.689111242453 431.7310563835463
355.6145825887474 656.4143424078484 427.62041978239887
362.15761837866046 649.0356373447758 422.966153395325
371.96935662682375 657.3569130477638 415.96542828612223
372.39919541371324 667.3412339252233 425.2068163836246
366.6424357513224 665.9341183304662 420.2485427532186
363.0365876880478 656.3123700651516 423.471707891836
367.06446666291805 655.5411754491707 416.14473242171675
366.08517421830237 661.4997264685977 416.09653933647604
359.69261317991874 653.2739919059964 417.0461767231157
358.57046987939003 652.102045147185 416.50781037332655
350.9563859585436 653.832526122922 408.32631725254134
352.31752634688047 649.8860633545321 415.8654203716502
347.2051888273759 654.4921524970673 425.6514544301123
352.40612169596244 654.974734193118 429.09542945166
349.9162505846302 653.4067851041217 427.0017214184434
354.98428882425605 659.9051283800402 420.25578137528584
345.5289189512199 651.9622028825291 411.76003343473917
351.6696569986093 649.5038069468062 418.7681622941964
352.2155595026666 651.0710054113422 416.45296341985664
356.0052912688451 658.1427969631292 415.77363409596705
350.3582417225741 652.5493045553155 411.4534456771653
349.7726927760874 652.5426945220343 407.1740953869581
348.5312965692823 651.7721379328948 402.4585314782377
348.14639146443506 655.1603356494949 397.7971330319985
348.84694663965416 645.2916834381405 389.5527290428932
345.217914228126 648.6235125174691 395.41968724542005
337.1460422671964 641.3000427229371 387.7947837584562
334.27043397113584 634.5254181877335 387.71081145656177
343.62524083366003 642.4343900502392 382.75374818888906
348.6119980710781 647.2501187164156 391.11798418300543
354.18762603655364 652.4751823729077 385.84300990918643
353.1360104694335 660.0970370418042 390.62806078862985
357.7430761344785 667.8281781358497 392.70543826846784
348.930098536212 667.0801740750992 393.2039228832593
353.8022611600468 669.2287362529539 402.9922583007787
358.4511357175303 672.1613099788437 404.99738470971397
363.5110280639674 669.2092251667987 403.62949860754105
372.742610463156 662.6355661326795 413.447969578067
372.7998563881045 663.9596066961411 418.92427756700783
378.65450844459906 657.5454029440062 428.8219921005037
383.3428219696305 652.7010306101603 421.1149218286036
378.07311146428526 650.0640302893788 426.4508982323389
371.5278312606592 654.3949518058273 431.967507886493
369.61502328582657 661.7516186070601 426.4590041802307
376.7343022204394 665.0330935049903 418.0338916050375
375.51641298682745 659.9955782247703 419.8190543892278
369.6330106208647 656.4161701079 426.0451284207932
375.10815540020707 650.3093335708679 420.33818063707247
380.04268922824986 645.8940323002166 424.52260047968423
379.556694642983 637.3455077452379 414.8033905668807
382.0250129030226 638.4587291721599 405.16111707666585
375.7739088589404 631.8802804464492 414.91970821079815
379.6784988035478 634.1673409339786 405.09419362111765
375.35714772485915 638.7205777994299 413.27224723750646
382.09885607462826 636.9192580180494 413.0219466064908
390.1203057267244 640.755590785803 412.8308640507975
380.15499890759713 635.528852017068 412.36105478655765
377.51114067333083 640.9566688265684 415.947692736773
369.2965796411788 643.8854517748882 419.32510945621505
369.9802728313901 653.5268300397832 415.77709597316505
376.71243228853683 651.0699095302659 415.67550729045394
371.3233408949222 650.8531342023399 414.8061690071337
379.68005914943956 641.8134237199102 415.5782673971807
384.72614910491825 634.0239518905337 425.1655858607769
393.1177803411801 629.8072095493559 420.8344045075967
393.01600643338725 631.0525409047186 414.5485429048073
388.0885189402481 630.7192754517409 416.56357289365553
381.62062721002303 631.6134539681984 422.84875358072054
380.45174050798676 625.6432960531222 426.24254861256526
372.1512909797035 633.0634138526327 433.15651508350527
366.18212012223086 626.1900950771209 426.6072129680145
367.66359660945807 620.8615594881725 433.81725557493917
369.1564255223072 613.2994876683393 426.34048211608194
367.2237959805022 604.3919671991924 419.2311325694965
363.9053760619976 613.7293315038798 428.55375465786585
361.01408249899083 610.1537967561767 430.0632718477421
362.9261440185141 620.0454096694897 434.95538383012064
364.8534643644031 612.1029064440378 435.49155584195523
374.6144632112309 612.6370700480741 429.7171870563603
372.17829365985773 612.9014718687772 429.4552002149175
379.34902581100545 620.3406576950227 429.8420568921836
384.23618877885843 617.7726851369061 437.9121240696607
387.6389925242918 610.0381963915079 443.0148096331399
392.629948575224 615.7137552938901 435.20965651414264
388.64180439267386 614.2074055283615 427.9860545904973
378.89311273330554 619.6937945458485 431.2967069688337
374.96060366056975 622.6823660148685 422.41029292015776
379.45444689572315 613.1615047027901 424.9652427532287
387.5770604071941 609.8203680139358 415.39764198734474
383.6654134100028 601.4606648285703 420.29835057293377
380.0266979849788 597.5072107601663 417.67273281785737
385.0581058501073 602.6004720271205 419.5684491671507
388.86257641837585 611.8207108082978 426.67293263048424
389.5830975304648 610.3217033883262 420.99318367879573
397.33147252829184 608.2172680546032 413.4152800710568
390.4604734932221 612.8526700329915 415.4470301317204
385.20112657910937 607.0591629772592 420.44106070371834
384.7570616636344 605.5132841298548 422.5471990779613
385.4863642910795 602.7348955453633 427.1144158899673
382.1305096475237 611.0995907262675 421.70039159827405
379.63870026525706 615.8272457064064 431.20560240627947
387.714219344719 612.0974293193746 431.0540350702912
377.75075728509523 619.8562355085354 435.7915425797639
381.86048575504515 623.6413158726056 440.60978707170784
379.21304802654515 621.1564182593476 444.25615984565195
384.1132497688635 620.9777199336766 444.85072720016933
389.99382913435954 617.5421585227485 438.5366945194291
386.16800106105603 608.7981703599315 445.1292768366362
390.34918641254836 599.1874642876267 453.70374441452304
391.9834706301635 593.3179519595298 454.91311228193535
383.32736399015323 597.7512413057706 462.1580419416676
376.07623500130677 591.1362333986569 466.49097552096003
379.9895538695868 588.0498642132186 460.5921492039171
381.03185621958795 578.5193426888595 455.29080875339486
383.8756421778968 580.866476668462 455.8339903683726
381.3369282026312 573.5705205092503 461.15237740606545
386.1676420099233 568.9870414795813 456.4614956858077
387.32116898102703 571.3182443651818 454.1430918994259
380.5536716501649 562.1081197132517 451.8212437313021
386.48552618062166 562.5917574562428 448.88544666224783
388.5276784589843 566.4268200207351 444.6926644759061
397.9173279644121 559.0256203174083 439.6926892194242
395.4070498515954 550.9405419633305 443.00749722168723
386.8020615739763 543.9843221468639 443.8067268950971
382.859195087295 552.554236215611 440.2830621846835
376.77743163907854 560.6791439689864 436.6451283406098
378.5703717128933 566.3936264014584 436.8509035238184
375.39493487420106 573.0399169863905 446.64681912170266
368.80119901573613 567.0990242648093 443.9085507677357
365.6756408412401 558.377039988478 449.84432665093226
371.07657018924016 556.3813466821305 458.25964603945
378.6565835546749 565.8571211645545 463.9500190122596
373.1926317699194 563.4861394708981 463.1635923027093
364.9609764793472 562.1379704109578 465.96738894370077
372.79318950219283 552.1574056855579 468.7900634266233
378.17522019454486 560.5575451750562 477.89885092118845
384.67132074623476 557.0580312284558 469.90675538978445
392.4040797869361 548.4592658458141 476.2917138154265
401.95725668672964 539.1757764032999 481.59051311375487
400.36090335024323 542.0997396731026 486.0529653069252
394.21834439038577 536.395772103239 486.6095052188719
385.34014931645083 543.7461088803938 481.37400066990875
385.9467470152427 542.4697121603044 474.68365137590143
380.8297794099808 532.5989883402077 478.7163411521885
373.75901230596435 530.9115278183986 476.6899491629048
376.466795767368 538.7692043757129 482.50601874208456
368.81411969243504 531.3157141132704 484.726665024487
369.4480151043163 535.9859822263481 477.8037952747116
376.61266486956015 527.6124893268292 485.1189308414873
382.5913203049053 520.4705297397295 484.77226738432756
386.4466335733551 525.10283154788 477.7877854572858
393.011202781327 516.9223756062515 485.8505490146117
390.69501079027 515.2603110046442 484.41092780366483
386.6393346194986 514.9111382925267 490.294647963948
379.2361880958597 508.1202589617804 485.71338351088497
374.5984220519038 509.3140248179234 475.80658659099095
383.96293212874355 512.0877923078532 468.4868265272804
381.1652110887939 510.59626811990967 470.90795360936346
374.3215979089456 500.77224155655716 463.4822683002588
372.54945716445917 509.4547564763191 462.1834866535811
373.8964088338425 514.4991675449712 462.9096001317238
378.68238114862214 506.8302315697656 460.70422328756314
373.36950010240565 504.55802705216234 466.67678511304825
380.2981085234452 506.0596980437435 461.8574561341861
383.77754482035897 512.9407901868279 471.4762260338093
375.526274020841 513.9730996261651 464.9743078111852
383.5693834848894 515.6987190364928 455.2763865564728
375.41057786890264 510.7517852864787 458.755178726012
378.55988372507966 510.062162456661 456.33010993678727
381.38691751269994 511.8984513470919 462.1116979272628
381.28430886910115 505.2248952198119 464.12722592697423
383.71446388350006 513.8096451368447 460.2954811213981
376.01328758348245 508.6753944903192 468.0733450139977
370.41206292676264 511.5965900570922 465.4679540113642
365.81582828498347 504.9903787655393 461.54006044040597
371.0463265750064 513.3465733116929 457.225379878681
367.9238453237696 511.93384197466173 449.8233985798776
372.7055677906055 519.2382313640094 448.3538005103776
373.61685618842284 525.660286174605 454.45627505509304
370.8026062568984 519.1558979915832 459.30913288648696
366.0249677219906 512.8795335086836 460.98605295100936
375.69570702376865 515.5267220834597 466.6642911311217
385.5928002812799 505.9486415380205 462.3756421784547
382.8342534667139 507.95534200838324 457.0706684479579
380.3017204522993 510.0010424401555 454.56827322512083
386.7213029773531 506.1446845021171 456.6472009277301
382.53320715327675 516.0167606891082 463.14016215673547
379.33719741792146 524.1652869090532 464.40402471709734
375.4445598233206 533.0915106601755 472.6538149038398
376.34730636122055 527.5559579310783 473.6132251266735
380.72289448693596 531.0029265899105 469.9557921572656
371.6625800616631 528.1412780560901 477.59381807028836
372.57874571032124 523.0998398024151 484.5093297287197
368.3013738736003 525.0165521617754 490.11968930481606
377.08008671620735 529.9583359400227 497.97792154687954
372.1686218675261 533.2611100091756 495.02439881892275
377.43116002677925 527.7812068175618 488.6634088183302
378.0639937144049 534.1517711531404 480.67246843074605
381.9605133157756 542.9970242535659 473.1082630312332
380.9776216656369 551.2308753493082 472.74667537057076
377.05682151510103 554.4850103958686 479.6453151436183
384.2382757419166 557.3652171753296 476.1755838571619
390.35240729287494 550.0149929774118 481.2322895273638
382.7617152733791 556.5575862347306 489.97121586023985
387.9510354309849 558.6427005655916 489.2037248255698
396.13317681504515 562.8357016273569 489.77143514186565
396.56211820603664 556.1421693197108 485.5551803005678
399.20581255886276 554.935957634231 482.0865341109596
401.44151388890526 547.2778999651459 478.05855142345507
397.8345926816974 557.2082659742144 484.7549047436762
393.239017111426 564.1718655716949 478.75130770134376
399.09759888246884 571.4757547537772 475.45803526761404
389.48871536246173 581.0140300617891 472.4816694525792
393.8179375301541 582.6789535555434 464.72410813743403
389.4793946871491 578.0138443736013 460.7248170097221
393.79917094609516 583.4623330974921 463.82716206868906
402.43572012492746 577.956246101593 467.25769065698455
408.29613509255057 568.6403445265339 461.68069764891703
398.691673273373 571.9789817517262 458.6749223743532
400.69956152019 572.3535346381789 462.1876001781725
404.05517311071065 570.7428310753957 462.3171780721366
398.16349130042215 569.0831192465081 470.9983940095728
390.87273839275906 563.0505564427287 463.1170502432597
388.97503531351174 567.7975331903275 468.17584504538286
392.8396863146153 577.2648931437443 465.562399863738
387.1881309010875 571.5253851459906 473.6650137173698
387.2367898618712 580.0299285458856 481.3683661032683
379.827120721098 585.8968201401311 476.21726784950886
377.95385965127184 586.9885821450247 486.0932595960206
386.33115036642295 581.3512206812932 486.8841192852721
387.2810312167622 577.8720005988267 484.3784142391802
377.5373972358159 570.6507101048401 483.9691503289371
374.6340798663332 562.1195805645656 487.27720957533336
384.09265705966277 566.5388819231786 481.4438003809189
390.3137685087229 572.2440196489359 486.7288284578385
396.37743514246716 576.1894636063826 494.282419488375
390.5192028509679 571.264866765974 502.9135536806258
382.27242378614187 566.4292805047978 497.9377469393822
388.2267916854053 561.7801998232203 506.2873382857884
397.37768321929286 570.3119520264137 510.75739809399107
392.95935475571196 566.8745158106896 519.3196855736704
392.74739078688 575.137752972619 519.7541606544359
392.66171232419543 574.425327715913 522.9445505667218
400.7655139848349 582.4973217293416 529.6429263590601
408.47246578016126 577.9116481436419 523.9090185211494
408.79151369468985 574.5361413510908 525.6738580265983
408.49555568902525 579.284604887754 518.9613586954536
407.9639506767304 582.3502910249418 522.5256820724211
407.43840581235247 578.4245037096683 521.4451870235856
398.7503565484013 584.9084036792337 514.8965119773914
398.5672998177021 589.5860070059389 509.1195872921275
390.16029907907733 582.6848461817577 501.0637260048215
386.91221123134795 578.9116548301184 510.05731527114517
392.085556547044 587.2981880961285 512.9577428895508
388.1331489867912 585.7899654641056 510.39769468906337
385.53584831637147 582.9006101859052 502.689604076962
391.3600785008284 581.2371530770652 495.41557475305945
398.28209842121595 590.1304980542167 495.1545442136914
391.89407109401714 582.1398170480988 501.1418444627227
389.689133393972 584.437073631505 502.6151291211549
388.5912308008593 575.1781486407484 494.89965399026204
393.0908328725674 582.0117586255516 493.0207560367794
387.18885974792926 581.7856629595486 491.83314696977743
377.8088597078301 582.202701174511 482.35566484980257
386.86095647353704 575.4671663366968 480.10707447183813
391.0673655697104 574.9374624138742 484.88681431499754
394.4469093751251 573.6955741234093 479.64342429720404
385.5409753575947 579.4037014561236 484.7629699098093
384.7593885736316 588.8431558306308 475.90050505919015
389.19925754259714 580.4774908366537 484.89529173741295
393.8714239990407 579.1985510395461 488.37037328406683
384.02460430072085 569.8282115891581 481.81711903107663
387.5089195832354 562.4678951817348 490.18725326057637
385.5174447519408 558.5731953604507 493.53287607145927
40
397.0935975780441 581.6094454681917 450.8967365675015
410.50885515134974 579.3700507132996 453.18217146252556
394.7559555751376 577.074664570411 469.3998519925672
392.00030154480123 560.9999283533286 467.74580069691865
387.25284336477995 555.7104870785322 453.3637629099279
380.35721175421656 571.8987901420251 465.8385015627172
401.77649668631574 578.6474013340452 468.5631185648306
397.0203004907469 573.3112364452567 477.4760695510858
394.8009817164764 585.6118821648912 487.05638795623554
375.56353523605594 578.6728819558055 479.1678877593717
386.2735854913947 585.0142961874583 480.5046960398147
393.8435740606797 585.5754316522706 493.98822455287797
396.8124315997853 586.1525964944362 477.7952452707845
375.904501370844 576.5722831312999 486.84645688651193
379.9500268340058 560.8425239685236 478.77922632383803
386.56072307648765 563.8040899247992 486.95784826192016
380.65880407553186 563.7958765015482 489.90389821004896
399.2855201517698 578.5217526375667 488.8768602378812
388.2447941240852 566.3182881855481 499.9133717311462
383.480961655844 561.2254682558914 504.3630918598452
394.2454410845753 560.8625973499663 504.31632869794385
403.8807521893674 573.1737001902411 512.4782107986471
402.48355032368517 575.0367312014253 527.0729406949729
398.7977468700302 565.2497169009182 512.9452536385804
384.48280787811296 570.061121109452 513.0002056684433
406.1935856950089 576.8425888090229 532.5550833703757
416.0019620700747 585.322276811511 530.1672358853879
398.94680469062575 584.0578913358545 526.5422642694608
415.68762895721966 584.7995141315464 509.4093758453533
406.71939273628414 578.0665009191647 524.1762747753635
400.1810760738328 570.5951810111521 518.986444754601
401.0150886097169 587.8752048857583 524.8777052988204
398.02194677923865 588.7204035588321 518.6265658160828
382.9260288981073 587.756394105288 497.4145631795471
378.2499727207425 571.4694122696374 519.7863111039289
397.2928332877214 585.2657975716412 504.912638471555
378.2027568425123 586.6395251858861 505.19466679809415
382.8971522691464 591.5629966551096 500.85637718339854
395.26757384551615 586.8810710245557 502.83295751113184
403.35746020524795 586.0413791763805 488.03510646047886
