1000
94.73131220329594 278.2920126195268 94.91191667294623
93.75286513056895 285.97788874633557 87.25618321203393
84.98485114468305 276.1513737752917 81.62811522208077
84.13356634945225 270.9192710556447 89.5430294515204
88.23429187644403 275.33293262450337 98.64689366233725
89.76669904126555 280.23049659006284 105.47791318881491
92.42810836924261 273.12818732127823 109.40040564882297
100.52793486144313 275.30409160601596 102.52949076622791
109.66468102651332 265.4350638028674 92.92962819599502
118.32902250087497 261.49168881166287 88.27021606375796
110.70861140215318 270.8879611051876 88.34152386976899
118.07412635566551 279.76377807568963 83.22981928986393
119.61689764357777 274.17139497141636 82.39521938144003
123.09465379106571 282.7737430999903 84.96339531905282
114.86732195386219 285.5944761478902 87.84847928722513
107.05637344212585 288.82104142828416 84.63365545886256
112.01010238463475 295.4438186589482 84.90854222091681
115.2015491224088 301.8222218787707 75.56523592560718
121.49286539389084 308.3999356498759 78.8937809502363
129.03875754230256 298.88934017223903 78.95247700721531
123.88387975451934 291.871253255681 83.26710476129716
122.80583816121778 283.4481103834085 77.07240271714544
123.65860087583714 293.2766205542025 67.5113381902948
120.98694793702951 295.2647445945076 63.15381279820064
129.43865899284472 288.3125988032601 63.7531183177843
124.84613524635003 294.85481755656934 72.2301193267051
130.30326514500118 288.200343998155 67.38794292861768
138.4934145021244 279.9243837614341 58.54206141570056
128.95230165059132 281.78599438151383 62.5469416205028
129.76146201499031 283.4963283799712 68.83229206764632
121.23865606416709 292.98845144784855 66.47304877824014
130.41093067826984 296.8354965295622 58.76165333038355
121.88191133996096 302.5546202550867 55.626216652033776
129.3427034605901 302.4551880549265 47.466576197020984
122.92788960494347 302.78486885182645 38.50884679377826
128.5528207378532 293.8235255712518 45.57436685251257
133.32257838277528 300.6344421847376 53.84776291273889
132.2145265781467 302.70228283678887 45.87440224429549
132.21270038997497 295.7106222814344 46.000305805830955
139.6858028467847 305.46728537358786 49.891069221113604
130.41786820294809 302.7637395542592 51.56484470313463
122.04517185781165 297.87239286718096 46.53606553498191
119.97914850451812 289.57675388079576 48.30847585720031
125.24407016086371 293.32145736739835 55.522552984581466
124.824495099547 286.2434945926564 51.60212109901832
125.98117494894665 279.28382681961966 59.24168463037858
125.93447791905092 277.87841447124543 60.60621454945512
117.91289312418068 270.0392631001008 56.010400873334845
114.59681009904561 269.9419643301119 55.757435938252904
113.02324998023941 268.48507753813743 51.00572092662336
104.8261711848225 263.2564623266883 59.80968781653232
94.96609992429816 259.3810779750818 60.91672575545364
100.53835800827144 267.6370956319464 55.73949841468429
91.89826299898161 262.3007657371364 52.60140770784063
89.00203149305034 271.0643660635044 47.48274398678324
96.14238403551377 265.26350775186876 40.108930001813896
100.95171884744373 258.39457766278304 47.91689489970125
93.33921742797224 256.4708652061675 46.72808224895332
102.36028975945915 257.4279008922139 55.70540087534026
99.17342532900022 248.7403639565395 52.25571196457384
95.91840050158862 251.17583440546892 62.197755725890836
92.73300536966026 257.5125037777381 71.05485274780683
92.23636546725353 265.0311034531785 80.52743508086522
89.23867610296466 255.14829166014624 81.02273644868058
86.82154589850693 251.97385390926 88.746595720474
79.49617201772804 257.1269840437499 86.65157341957043
88.20417333223992 249.91843921978705 89.85546903803328
96.16859612462908 256.8391024398853 83.82733002424084
86.58168894559107 250.34690647663933 79.62204583123713
85.15611588039306 258.18767643171896 80.44040595748827
76.51056558425685 256.94905719369746 73.23453790921137
68.65756689478677 251.78666409534782 81.10887314189472
64.57160773200427 246.44724551245423 72.38609784451423
56.877448222433195 237.82694644177502 67.64910493432427
64.8890109830413 243.1271021703284 68.20502866122222
67.85782244903473 244.46022910053836 62.06842335569994
66.44704237654454 243.71874861115168 55.279281439710914
67.92843006296886 248.048266289906 60.64086826696418
61.951051069041064 241.45518483130368 55.021364691084834
56.68697388613358 251.10864466353 50.324511816330485
57.53895047418811 241.44836647438422 41.417597390234405
62.3655802232146 234.4239559008711 40.567969290145584
63.97324846773664 229.96988692349922 32.99066034733894
54.35198314972102 220.9430296218611 36.557441523354214
46.04145209742751 214.66616310291974 42.03519673440242
42.45620362375074 221.48675416568705 50.70475327579811
49.10612011111327 217.2791681118276 48.32329622278386
46.31041687106969 216.1309576578411 38.57159951520392
38.94428036909906 224.35135495183 36.688008144946004
36.83717600152468 227.8388089836551 40.2933008747759
36.23021589462043 235.58817354661926 30.39639979496514
39.85636932262376 239.78821144163535 31.86268417884628
43.361504654132524 236.0912226040533 37.1387120912502
46.48562228342596 238.34144796281134 43.870820929454496
56.088368755975885 233.0661578435823 39.04878791076085
49.369633485032054 241.25331792244646 35.63895282111375
42.04190562222954 243.32050533422589 35.807740364570655
37.61907476728002 241.31363091036144 33.558729929693385
43.107526354513396 233.85341962025333 28.867224288767737
39.29051833879583 232.23793149595483 35.179578293230286
31.764582197724614 233.8926880677816 32.265327961202985
26.35639563631061 231.81802678035666 29.013321687618802
19.48153220208854 239.67140288007008 30.88989022402725
16.521257121403018 235.98977279748115 27.84753520904155
24.125333324054907 238.58716384494812 22.084946395138516
34.08391448568928 236.64814895143562 25.868616151873006
42.15745360081078 230.93944818403025 24.526788106083877
51.67450358194344 234.84857170167834 16.07626584981258
46.059130708077 240.80245673317015 13.500716602694922
49.60998253574076 238.52596981058485 17.736088200655615
42.06229424855578 242.36518694039452 13.453173052981418
44.751133418760254 244.943804484862 8.418393375454382
49.446529495226514 235.76516309667335 6.544119121678491
49.63291294315573 226.62166435037216 1.8573586075808945
57.75682559512197 233.65330521889825 -5.553054304072402
52.92410014619631 241.0153931323369 -6.2500095993479965
59.87328526147617 240.7434698026515 -8.747222084444847
63.964862208792894 234.8090436270539 -13.155928025291423
60.79778940059442 235.98260733321484 -16.278681864531258
52.34423553612372 226.86703975245226 -18.962454634004708
54.460775288382486 235.7174702710878 -26.616251536960444
56.69968287808985 229.1351903607264 -22.433220963714465
54.652756743946725 232.63577671253594 -17.26020453999418
62.01828595484315 229.92366902091075 -14.848589142162824
63.08142284160773 227.8508641878955 -16.823731196388316
61.06642958682892 236.6470945156945 -7.058314902502826
53.378411671843665 231.51654404755564 -12.974654234489963
56.23961202984954 227.33324994576415 -21.131715388911275
46.55328727222676 220.07527254106242 -29.356898888293102
41.76648119281134 217.37556057200248 -29.423135939630374
31.882040725803492 217.85119889642462 -36.652447447975504
41.78789613917753 212.02174099946185 -31.8577271461439
49.607726073145685 203.7260954277116 -29.255257910926012
47.80002913548794 200.49773826251658 -25.399021192829856
41.889127725861925 199.43664394165882 -23.563965067784565
47.622711862268346 206.31944873590987 -16.97188908588469
57.009788851909086 214.88008957695027 -15.459511823614971
49.51903862585487 215.14083000773257 -18.12063984000907
49.54096331982934 216.16884294832715 -26.12358151060394
55.03449901060613 210.03937026827592 -25.098022577395003
48.43185448046045 203.57387811509147 -21.203413934017277
52.36203380516739 210.78339254748582 -14.883630387922429
53.20467760048655 218.1978856616331 -12.098655754651817
49.94427679546398 223.3843014145929 -10.43023461897847
59.430848152885744 231.33587474260284 -6.774967343267244
50.359783216136485 224.07681656695235 -1.3776284205264577
44.41045725925552 215.21665854928222 5.133846803085092
45.952803256426435 217.30050455360373 11.42025177652004
36.80123577989427 217.30306293600353 1.4532953527629573
29.64812369412526 218.61664391604276 -5.9171917627624175
28.749845884452526 227.09752778264735 -8.833044593031556
22.70316675857371 230.1413332785192 0.7831895918879113
24.425800104476572 227.3152946577821 -6.015754670594531
31.28511559694988 230.98619748719878 -1.544885851221177
23.531690626578943 235.4917302342549 -7.258200374726012
17.065621516942358 231.2179306235741 -3.5551968893755523
9.852954927465895 224.90571304080956 5.932206505958896
9.313459566523917 215.12599687589756 -3.077021637689625
17.97238316729007 210.02016527501704 -9.548293295545854
21.718374795826804 205.23953195843362 -6.736419946548722
14.874079697857674 197.27653390926307 -8.592966821169192
6.847497132667609 189.79068522515848 -15.010512232276467
9.256426511483994 197.55737397248814 -23.40492994554846
9.019670693559622 199.57963950577505 -14.252471134005585
10.146517301772963 200.69387263680255 -23.258395103462526
2.6490567512457552 207.88589163052643 -33.18643974490571
0.3586716565809045 204.7965181441825 -31.27360989626211
-8.049056490066318 206.58699068309733 -24.68768977738721
-9.97381726686335 213.33839772913475 -21.130967347374593
-15.111686083496092 205.33594370153358 -12.427889012157388
-16.540911750642657 200.6236224298781 -11.135817300029228
-9.554848794946942 210.16724724642796 -4.8429018250469085
-8.93481462039076 207.40909467013603 4.417755403295285
-10.863307734815496 203.86329062562783 0.7906371063632056
-18.979824746625894 203.05594982560265 3.88497727050813
-9.08181379351196 194.61700173654125 0.8490993553765369
-3.416277307361163 200.56007260599185 -6.864885031749486
-7.255249805219513 210.42706409745588 -12.524169293592218
-9.993202435490286 210.4966586529553 -7.997164055765533
-16.34451070472796 209.59788034503066 -7.196662246705891
-19.24993961414026 215.33840617073082 -8.827206633981252
-12.854304055170514 205.72450525437145 -8.46348819747886
-3.4609560773512005 200.33294730836104 -15.662452293615779
-8.889200468317622 198.54902093130826 -24.811873311813343
-15.246834293912645 199.0096385379753 -33.93640817350159
-8.68769905944562 202.51253278104062 -30.604440121578186
-15.996725315315327 208.35361349977674 -28.404335058634512
-8.101093022910606 206.93149473440454 -33.5981814710386
-2.0460723402397036 205.0841265173728 -34.91471425007093
-1.3572375654427256 205.85771503039945 -42.397510593391345
-7.286021569999258 206.74180132344486 -46.679218500304124
-4.079039611121663 210.40560137197795 -46.96570855049351
-4.177738595159116 201.76085719929955 -44.61165972145106
-7.441879125731895 192.48903369380642 -46.979643221115815
0.020872373823391577 190.2272430951611 -40.46561408248195
-4.000378683427547 193.3124113300176 -44.166887787583015
-4.371367938480083 195.03414590231532 -35.01444618793046
-3.9076470137764066 197.98617592718992 -38.12413971890188
5.9273659039091555 201.82135959943614 -44.34592868152629
6.577191789591054 200.57964895053794 -44.048498437961065
-0.04240033484756811 210.25023573820556 -51.38483478093686
-6.336851553192534 217.84293397582852 -47.33471234003679
-12.007802433187333 220.94906991730295 -49.24029456412053
-13.322521158779171 222.0977651050652 -52.42356109066105
-8.876348917821353 215.03076132016304 -54.0790949102606
-5.424443283974458 215.96099080300812 -54.30517197850905
4.232635847892119 222.90688019458878 -61.35135827274306
2.026410675494135 218.6468763160952 -55.69198004719553
-3.309864972218849 225.4044046089966 -47.457167093937606
5.527688358649165 234.0575094321104 -38.860856728020494
0.9006350278566595 237.28899656022858 -33.80043405694639
7.795578743102835 228.57322795843487 -42.25435386876565
2.4735463710224295 237.483805556898 -47.148514651910084
-4.546475297584907 232.48782917126556 -40.80279534900086
4.882709590699962 233.6752070497472 -46.658917054580584
8.152828789492759 232.86508660466717 -41.840316794886114
16.73646488995906 228.25257543662428 -32.859921099701396
11.69092867615515 220.145134689197 -30.099561465033553
14.477104831172484 219.99608510683805 -23.279906788566798
17.33831709275146 213.3740879407559 -26.314505405509486
12.951412478005262 205.8009622155848 -19.186594735513342
8.759293687665156 207.658727162925 -22.586848429966732
8.41870449713058 217.65434399174126 -13.79140362468155
6.427521457024072 211.90220005448157 -18.78242963997419
2.9415543162438285 213.02442447805092 -16.49211574607754
-6.709764805969187 216.49830790928198 -14.257644375075614
-1.7275339787406363 215.88059962285442 -15.252693004694443
0.9945589074735017 215.77840292580498 -11.388494625957993
-4.947306686692292 213.7060002041793 -12.77201430317734
-1.8576098642276824 215.5699779554201 -7.381936751152225
4.6793980985751835 209.06021111506692 -13.80968338214435
-2.7232825988987104 203.34531905118135 -9.544228571010837
3.5105681581642383 210.58141030380972 -11.80619782968424
9.838178863911034 211.9818353240665 -6.807121907829346
9.946577488654572 203.61825032866994 -1.864942224043208
1.503363905495899 210.91515916068963 3.838214926573599
-3.6663691373001575 206.70996689985432 13.055763398156227
-6.9445308414760785 201.12976905958607 9.658533987005857
-6.615454946200888 203.78542262222706 3.8467694890994037
-9.824289643024311 213.31491819491802 -0.6165561194820102
-10.49881690097245 206.25682524197512 -6.898473291967851
-8.757017381829353 201.7399286386059 -0.7426603960738358
-2.5184587923659674 211.26026807550826 -1.6873467588004125
4.025128834240615 201.55418461252077 1.1972328721751175
-5.294720925479934 208.41963128026413 -7.458776493306491
2.9547477369248725 208.69836854896587 -6.2153764992823515
8.681889044793131 204.9188456964924 0.8560283902884667
14.155344690081163 205.6635310724517 -2.313686074215892
4.442094622398853 208.8460411775169 2.9580336060335686
1.6201698533353692 218.3343325202406 2.425293597879373
10.548571976227683 223.86821604072935 -1.347851791823901
17.618661134369216 216.92045245841544 6.68142060415448
24.17709186598698 212.3084017429436 13.946538208229784
23.84411725631329 221.27144344878428 13.625177560606424
15.927200804648448 216.21824286839052 18.260799764328336
16.7504685555245 214.90497293670052 27.9989306187805
25.181495037383833 222.4381327690245 23.962337823389426
31.924443064967136 230.33316167567995 19.82735864250855
33.240628595863654 231.60281182737737 15.164664335007288
24.772990802378235 232.30677370011708 10.567737522094506
21.547645061500845 230.69725015656692 19.929347983030276
20.09702304827503 231.55668067361782 16.895662443297056
16.28525979550116 228.48888056758875 11.981256885586115
6.455605043008937 230.0521982152578 2.562048732645682
9.936518060767073 222.33720044966563 6.258770744611713
16.532335135526875 216.8480071639652 -0.17040646457642694
7.535697802324178 216.36951295273886 -3.1482262419604634
0.42612102157294807 212.28325973151325 -10.031178611758538
-5.5338014334197 214.5738957720559 -10.949527245185902
3.79412765828883 216.09085780784957 -8.528158692935715
13.776370597831868 220.56504382328012 -1.7324234631695994
18.44639523610636 223.9258256193214 3.9398225246091485
16.191655045753148 233.42262225039352 12.978614160499816
17.23263410642726 234.45910064043156 4.985502364880425
12.809422152537035 242.75605440428777 1.2939469136883748
4.181891710618148 251.67867903327834 0.647842115927479
-0.15742542059613207 258.7716459048291 -1.749939877618421
-7.696303630393427 248.9434414658883 6.86230690899836
-10.90400096220624 249.5956168416049 16.42341761937372
-7.179489209850967 249.28357057308858 14.059554477096217
-13.246468451873868 246.26062099422683 18.180063058808678
-14.401293682021555 243.74973137427486 16.44549061549801
-21.404234798048066 241.8685193798045 7.227113629183126
-30.324670601162317 236.82256074971136 14.04188036973816
-22.136008854624386 230.8297097244558 12.066103565028572
-28.778242378246905 228.2347799347111 12.047116226015437
-20.340191963930764 220.8900744910254 21.98553575481775
-17.408960533678762 216.62162183241938 21.54948326149271
-22.220332411006428 222.8626391590936 25.66913599855448
-16.656045338319593 216.57041268835653 15.885343524365473
-26.01278931044616 223.41900694989795 11.220782853522497
-32.497924909327665 232.601727708723 15.749304083553042
-32.90905028995309 228.68661794543354 12.49618541382128
-31.41014286052757 234.805222983865 14.615236984681966
-25.851869799588325 231.5140684737302 19.528510721136847
-30.493752372827863 232.0308581218489 19.854940839322644
-22.828750028283302 232.5663680184905 29.013871357586517
-28.904231239539627 232.45677585297514 20.18367105540692
-37.4724899842494 228.97775110120944 13.152043362885951
-43.11613442279058 226.15893817697582 12.05784776288072
-42.15148945386501 229.13210120906754 6.37550095728764
-43.513573274914386 238.67047677590824 14.565673521402699
-36.480040317976254 240.80803510905062 24.435444494624186
-33.12040727171484 235.73254273764957 24.100538701532013
-38.93506019878352 232.29149803928857 32.41057957332828
-33.19460652809869 225.3505962424151 23.74175467865758
-25.301853558211622 234.82814032446385 20.254201955451546
-24.16169869857779 235.15636940604165 21.60788740101854
-22.322865627924955 240.71504577009594 27.533575919656595
-19.74946868802156 242.9090326474416 18.038354208553034
-10.4091979039165 247.80360332351515 24.650928439775466
-12.392005544251154 253.85240885155565 20.05652527608254
-7.172963412544306 250.78330007301483 29.197044802917972
2.644684262505553 259.17587495705686 22.13754289821604
-3.717600309342645 262.26294009985156 25.579594086794714
0.6770116349890944 263.5801403313654 22.096551388712147
3.7264860953795433 260.34173290666763 31.895060834325534
5.245478837650345 254.29143322414455 37.88709781131902
-0.35006192031439376 262.6854292704223 41.45260658149649
3.7316130585744025 268.52792454004947 36.211018891499926
-0.44830199644372826 267.9582168099051 43.296408055714934
6.113574493954269 264.5581706697289 34.152453633787836
0.36385277739107913 270.5145876913219 24.185138915681765
-3.873649115262989 266.49402951549587 14.793983257796722
-13.698057254415101 264.03627727612945 23.443017398132096
-21.8932267291179 264.27876116637805 30.66845919719993
-16.47527899760521 271.24868035707556 38.15552692696639
-13.881318270292155 263.61151505870924 45.540090759735385
-13.981135250221147 258.5291728871412 47.586381724977045
-19.72305452582225 248.81714120929215 54.498089865099736
-14.739687130828504 251.61244134458784 53.286247862182904
-14.338555115765791 246.29491161365647 63.07586915051106
-18.80161520171719 236.48549955283426 58.423839166153684
-13.297487082167146 234.66147162718178 65.03144247676403
-14.718982444574012 227.43867016543825 65.46400964816598
-11.365417110747645 235.85329050460558 71.64607882532793
-14.475492375636883 229.7159467832618 72.59778734074588
-12.188347481552668 235.9063584624832 71.31664402179884
-5.67437834446451 228.10251478165452 79.70605907389977
-13.24003643408096 225.737082014618 78.59314594310662
-15.123477542776902 226.90247537498178 68.77714859424576
-8.162971075726356 233.66614343266886 74.7958227693643
-0.04563338103710812 228.1782811587332 84.49364519718952
-4.673911088381827 226.01497036865064 85.2801841350465
-12.995984613426351 235.43225582059955 86.22755320882558
-12.720373447014898 230.95232276609786 91.21129985395628
-7.5188982254995125 230.2271043997962 83.67402399307434
-15.42209731593584 233.1615846380636 92.5600629423322
-21.998708898503224 230.89000913253582 88.7526826653655
-15.459443602705779 229.83852690931087 88.50528322252029
-14.099403162349137 221.49087283236474 84.14250983862956
-8.653834978434544 219.56430682564067 88.58730685545065
-2.8152028792685826 211.69339561510628 81.82268082202896
2.685035359967106 205.1558853286659 72.94543551945496
8.648176642371524 206.1460696268309 65.67939493306591
7.244520008793208 202.981965668746 59.77886600843771
-2.1802363690505384 206.65713671427983 67.35054351557889
5.897059965452671 216.51823251795676 61.57096581840493
15.190893115044453 223.15790328678153 65.98531715976695
11.341740972912898 220.75625776449832 74.05612444500983
15.086920015766664 222.48506881913696 74.5451322793914
15.29420597982602 224.95300979404277 70.78966847248594
20.11721458792843 227.60606416982344 62.63332136520663
16.210063472017268 225.20766106160883 69.29960488468912
23.260394786067366 217.0386055971446 76.71904707003041
20.542520078111284 213.08933744072814 67.02930813080664
28.932860414751453 219.05712428767592 71.27416573575688
38.54035221674521 215.89805325793571 63.46553564577084
41.04743968992406 209.8924781628745 62.30715542421245
39.93385929040512 207.58410858398304 60.496941118759736
49.08564926056754 207.51641975128626 53.575294062740326
56.85652035747397 209.10443710710047 61.41601719536995
53.53243147753432 214.1111406697558 56.41335907270418
56.044535570964 218.28532627075532 59.22946160016882
61.64519026399448 208.39816488364863 66.73156625479331
52.91452929831867 211.55475809368022 63.30174517232732
46.77418432308037 208.80175326259834 67.03473761760526
48.46767094726355 199.86106083469232 62.45709392369512
42.90738750047872 199.4780253763639 57.903896090089944
34.25840839790419 195.41343252736004 50.7828312299995
36.91246728190886 203.24373849885654 46.18828565999195
30.249414879431605 199.08152741729612 49.61566303110311
35.69815588650093 199.7226674182321 44.21817688372356
28.393137755386874 208.25899288648753 49.100102808470034
19.424121587319032 208.89999528773586 55.71754175560898
18.69909636135469 217.11794127446277 65.2291597121398
20.997616074198213 226.20914201970223 64.9249522689877
15.975376838966149 235.08493926185508 67.17618194005406
17.255733215937486 229.84960763158637 75.81134283482174
8.902276683548074 229.70306112430106 78.05007454851078
18.55158227599573 222.71211649066137 77.40890799389969
14.428965749508716 216.56239326943367 70.21697218083341
23.9954111987617 220.3466183166362 79.0598287344652
21.15460106260754 218.76672461241589 78.78437602366012
20.236709654257616 218.51413348658886 71.15526040595324
17.933866165732425 218.16093564296455 61.90301760108663
21.50110931913324 209.15082156444015 55.517389393641366
23.207944992909308 212.96778416267517 48.45492019187322
17.176567202958907 219.12868839785511 53.19682343164932
23.71011593321934 217.42988527898882 46.68189082199183
22.687865366672614 211.3201795532076 36.85576568298059
20.47081839593051 209.50448098241387 43.71686202509419
26.785358785739042 215.55758694723323 51.9320225014297
21.10973213460581 208.06580290571404 59.62285700374713
19.920712642379762 202.44510252115975 49.97741749062158
27.131244131864648 196.23599422947416 50.33978648790364
24.088221316504864 188.46179487869657 50.49969552995879
26.079989424298297 190.07031877205478 55.95012023726888
20.538268483743572 194.03953869586016 65.8400232364743
24.54487591062231 193.86031551298422 66.60034176365423
33.87666072852043 201.4774423537062 69.41422731048553
25.705781835608803 197.66168358415365 67.6902552331669
34.52649911978342 202.24078488838128 60.730938449281375
27.767703132121852 203.89843388537773 61.02945671685795
32.06616534039005 204.07542242852946 54.077087626078765
31.26420036977393 195.6685381110891 47.460146609715615
37.10406039531057 186.26760371936675 40.1426840229151
38.115091973694085 186.98948319887907 35.1828155922467
34.474255673948925 194.63550651342817 42.55164036549975
26.651777320280374 197.52799637636528 44.44586401088633
31.00802762623598 202.35576766763486 43.50646755753856
25.713804516593168 209.08102684478098 38.75525980220801
31.655760131128115 201.78106587394137 40.20007388690712
26.69285317830029 202.27261726607753 39.15300379179715
24.38958407146397 201.5434883925777 33.38205557186585
32.33301570034877 205.96874300214216 41.95038914642802
39.43603728928648 206.85056934913698 42.61208130882084
31.650115120339123 208.23404903200847 40.951422133961756
26.309714530535352 205.09733429498016 39.74181315526935
24.014887966955882 210.2151029631872 30.986183411617706
20.260043693318327 212.842500707827 37.83555552714246
11.468865339619784 209.96435159076407 44.99858063823936
13.512859033024839 215.3683264219933 40.00872370121561
10.536383010546007 215.89864482427316 43.55944063550431
3.961762609395879 224.4517981152107 34.43991598879853
-3.434140635063275 225.96368247383066 37.133111691487294
-9.026237070453941 225.132694138052 34.48893374457152
-12.829297436636706 215.73796931190867 41.31559079170238
-3.33200888744199 221.09412095342773 51.110541041744085
4.0911943005769285 215.70109481187228 43.3542656368158
-4.100598500836947 208.89660790839193 33.48391282483243
-3.511451021360607 209.55637245567405 42.44637960352165
-7.974939619752567 210.8388543394271 32.870179171218346
-7.832927933219931 203.9394979369492 41.07239586557331
-5.588434340678139 207.0629789194518 45.241388916993
-0.02089743581980308 207.27050696372922 48.67775043014702
1.6105763435449751 216.9415654137099 48.0515274615249
-4.608778446953096 218.78661868517588 56.62373825933841
-12.818602169835582 211.45937414009518 62.85156463332589
-11.195773429920104 212.5417023866313 67.27886335761622
-15.576958622606208 210.89346884078572 72.17492936715435
-11.294480065313916 206.1188088789486 77.57008532131734
-4.365790544319127 211.7573038120724 86.73667763874762
-3.051144369554092 204.70047939409778 92.38986050275167
1.7426972824255191 205.047877273634 96.43343006355278
-2.506419681196139 211.46122491539762 105.94709562884134
-1.6795453827148439 211.43353365148224 102.29646448824543
1.3343419103293934 214.07890716299812 94.7975029113049
6.134657035401865 219.24299573665846 89.39769634258133
8.636236727430608 228.78791381509114 94.37503825919866
16.381673821088228 227.02176638630348 98.22441938616734
15.561268635109018 235.1791186096692 101.31957336642712
20.751507591680856 239.44344553270238 111.23149686183466
21.558565625882878 233.49482988245364 105.49700117702193
21.719882673140162 240.61450505437 104.91445921392659
23.279908251383137 242.3194033493919 111.20325578254116
31.841612600975694 243.59906488297392 109.2248215732965
24.880074254974126 235.35247821353468 114.48933466861693
19.29174985110699 231.9490802737951 106.23116110561995
13.22668879276916 225.82838400048058 103.20990272850577
21.511107285653914 217.2092894921581 102.47118292156415
11.697217216093975 214.767971495622 103.11105449032081
8.304039043824265 211.76727650389307 108.61434146479446
5.676477373253534 215.76315823023023 112.55307337069794
2.0102221526443804 207.36913536649706 107.03017327453068
6.719517861744839 217.3509034353286 102.25034077814936
15.097274431098988 218.81601098840488 109.8510189854427
9.944974338233731 226.023542427896 107.35525807207401
7.550255959222595 228.04700815945466 103.54573527396182
4.389663000445006 228.0391005991217 108.00003217664826
10.837689237008464 225.61245209068568 99.54973791429173
10.888577666319419 226.58699446802183 93.17494308606396
8.115248531261708 234.25363652251727 92.68433484946591
16.561056275361842 242.3749942690062 100.68387455614794
19.769618094641356 243.41100260475324 92.79312730917076
13.666640062631345 239.02475453915045 92.72882653736274
15.509842671556587 239.5129529237205 98.30309963835265
6.180567037138523 232.33739858693724 90.18076359507917
10.824157893336348 222.95176493130174 83.24470483113751
7.080081611417633 223.8359252789151 92.28458282559191
7.234680183812315 230.89586827260928 93.00876833867152
9.296658856657505 230.31350222447722 96.85884270247074
8.84871207693751 238.14721167232702 87.91581621400344
16.495844660122025 242.21941005053304 96.37756303934961
10.558558632929499 251.18314927853845 95.87418852221644
15.265461347233652 254.88863701537028 92.4875716085721
11.745010710175546 245.9038188691457 86.78794441984606
18.76281470466187 239.81995670487845 76.98968772518494
24.86292442030302 238.80132763532944 78.73012831114995
16.580136483862816 247.2265748210096 83.11922075557229
21.169617751293863 255.9261207664945 76.54222615392143
28.224884567458208 253.05608062762334 69.29524042776835
31.539002794670797 260.6034689964412 63.698177632129145
32.96025541703371 263.20482148313465 70.88468886485317
30.816826873050385 271.7515288170289 70.40797560764993
27.406301575203006 266.3821418022407 72.82546811780718
31.549705417211136 265.19028654029563 81.15563593398035
39.545637406698006 269.4236048095299 75.70138842732031
33.91629277689908 263.9091509154366 79.67826780161067
34.20544327779905 264.79143796192915 72.29594203402561
43.01598695285706 272.63402373059284 72.94546479282836
34.18709460920499 262.7710622643405 75.8068997720315
27.36171544374062 257.6714466669399 79.48376322576446
21.20121707900805 258.5481863340892 85.80748774667047
25.103807054089682 249.1831403600681 93.14247341760685
28.84278733860055 256.28830536992473 89.1842548273252
20.264888463263638 254.37439716338338 79.7169688169445
12.654340830755014 258.72670926946023 79.1751431336218
11.19008834498334 266.1570100761473 78.65355141021718
6.142332705189636 271.5385622767041 87.26536039094668
7.372833088997794 270.70068798070156 79.79413070919156
8.119487464813403 272.10269965893247 77.55473890071036
9.065513713469276 281.6811378478081 83.68238966238977
2.799226672179052 285.6689526462491 78.2170525342947
12.104081038943292 294.9629799936899 78.74667583777509
11.183735116489284 298.3263115260901 72.50228102460125
2.178558617764242 299.368618351559 80.65344256442327
5.847291105722211 296.4395261521458 80.3733911214603
7.60599939810899 298.19567584058797 77.07917478071859
1.8745744936528546 289.98522650084175 85.1998707497588
4.173902056216706 282.9272744868831 81.51878370120707
0.8600723474114478 277.8218742314228 80.22512305677077
2.210828103829395 270.4929393527364 89.79990194726912
2.6557615198161875 262.0862345648798 87.20068366542924
4.282772613504074 257.35642663901194 92.73513159474051
-2.7133462497885663 256.99498052877664 89.59637684658863
-5.3599151782773795 266.3536451808114 83.31358232665784
-11.977036897323295 257.53720230131944 89.71554178125461
-20.09490787211662 259.4612225567224 81.63637726770529
-13.423973418706753 256.47097894307643 90.22188819552909
-18.86318064938422 259.7252336283791 94.3692568055466
-23.75113967192103 262.71903787428323 90.66559687516614
-25.183324967722406 253.07131291664965 84.16454544416132
-19.62646942013002 255.82632052214188 86.68475379447038
-24.483143777718908 260.2661798662222 89.69046068515749
-30.87054460725103 263.7739254791113 85.11974555432157
-35.08036861808196 261.8487269138241 84.03865759005954
-41.78737581786022 263.95203754299627 93.7643813712218
-49.85478557631335 273.3958072044015 87.20181427060818
-43.14453095302503 273.2055093876681 79.93652156068784
-44.15050473413453 264.1871707858614 83.74440508416328
-50.50094187631339 263.89906381421326 81.83095320247915
-59.1091640408393 259.3526670385499 88.57529538941158
-54.36133702820081 256.57071428518265 91.82832069402941
-63.27042384122566 259.3560435058971 87.46000180319437
-63.09972752557704 249.67336154482655 87.38233343967457
-66.10993360704029 244.36123801079978 78.19222296793426
-65.30859615504437 236.4566701542248 82.13624077696048
-71.7652936528842 227.7677943964468 87.44026958367675
-79.87131431241097 224.7159366021993 89.45872338196794
-88.75556416873157 228.94332537461707 80.26531043731379
-85.37787879055273 228.6710366929039 86.11676668849239
-78.16959884817645 220.8868706162048 76.18172170635341
-86.22995900024623 215.2079721350913 79.45312514193816
-94.78385511251905 223.25537650493544 81.75422546786933
-88.29108566734905 221.62967490400098 78.8313922567247
-82.63054048218326 226.34424877066795 77.04454293223198
-83.81714456440866 226.19815494771083 67.89344060236441
-89.72522654432397 235.80868197041755 60.115165111327215
-84.87731014871665 229.77325512331396 58.78947221961528
-77.7123747534579 231.32193870883637 53.82364134382638
-68.48284166952945 228.5461063488879 62.34327603929789
-59.71834448810595 221.9924377348714 68.08162958212279
-64.15094967611671 219.19358330397068 71.53164892970426
-67.13512025515872 210.82149782651558 77.5132134211558
-62.55837649241689 201.16214875658997 69.66269565664199
-72.16999988709993 209.73124153137218 74.5438987696048
-79.23548488971004 212.06438311188685 68.33729311466846
-79.0673784771203 212.5509771743817 69.87395449542734
-78.11242897994288 206.91473185385644 69.82912532621641
-70.556891572342 211.03857796524716 71.05905545565336
-61.22818997336183 214.23529627655773 72.54695236619492
-65.150566199361 207.13675646491504 70.99716218099762
-72.69696914983419 204.99499238918304 78.2714489898409
-72.04115095864509 196.50380959463743 85.61945979412101
-80.35376642543325 196.7820873413612 95.61242367075319
-86.87451676450124 204.9709705490527 105.3093329182613
-84.22782112617166 203.27316179735584 96.76667149633705
-86.95949990167871 195.31356715477887 103.9652398404139
-78.8980038153331 194.42698716360877 97.17988372779138
-70.34313959045636 191.14661009573712 104.09547879022118
-70.4457729490442 199.84934409873534 103.67936902745807
-63.05352906096342 194.01799970977189 101.09165865783804
-56.30369663781379 185.6287738361078 110.90717761100824
-61.76924628537824 186.88440010569192 115.98961394662308
-70.87822996002423 187.63536784087688 110.18798317736248
-76.4504883833438 187.74324774251482 101.73968739710087
-76.16594575081017 188.91724071952567 104.70571695423295
-72.71425922711275 189.3599932409096 97.24193841764948
-62.94736959374149 187.52328940645455 106.13885541264568
-67.14161718335139 187.13749919937646 115.59321365950812
-57.97119145374677 193.64299589693127 105.60229390527691
-54.144401177804355 202.79624503636052 108.38533382525713
-55.098432413854134 208.86350907282755 111.16843712707588
-64.65154552858108 203.0842400068825 115.3116770931958
-62.12633675394554 199.94976216003124 120.78261676482781
-62.15714171066695 199.0193876302637 126.10176011164626
-65.63209918858959 199.67564881263783 130.55906147000283
-56.30301432684161 196.4983758759359 138.5912816306896
-50.381813809238146 191.36902831435958 145.74113069404478
-46.495535202448906 200.78030067296402 152.29667209472407
-44.07128404912901 209.60125927076595 156.15162278599328
-37.96426113614904 217.85942424362858 149.04012480731055
-33.219234759346314 222.47054301005625 154.92790160150636
-36.33364422303719 213.62840636350043 153.4687882516667
-39.55587043326414 210.57592067940948 163.1533503822262
-34.23975982532497 202.45769622936925 170.78806434420136
-29.535177383857473 210.87571670956115 168.8781458394813
-30.533426505841433 218.00190822579395 173.89235802551585
-30.562991521756913 210.97993770823763 169.94628861050379
-31.937772054142258 201.1966938986694 173.94869468020687
-33.8628982529033 209.0059183838387 175.04567262390268
-34.32113504493966 206.25315237552687 182.9786513541619
-29.126974393210578 205.9219200320757 183.24388373675473
-29.30192452370572 204.6987296615259 176.10914300650512
-26.322690386483316 207.64856624509474 174.9647679647252
-18.49170516320987 211.46422718155506 175.44633776856153
-25.6377204595672 205.65702546234021 176.3542588716884
-22.07951070869326 205.04144110787465 179.86761506776398
-26.415131061891465 214.2007654585663 172.59301258074234
-26.340985280823308 213.22845630431237 175.93153998137043
-25.232510453896147 216.88885776695065 177.33297076031002
-27.92077713807774 220.9294683992283 177.17303946573222
-22.4464328682878 214.14773514796178 178.32386290578503
-14.903842952385137 215.68512284644603 177.1911055839957
-5.2129573901161965 208.6732424216957 186.93608007200686
-10.726246176821697 209.17692165188922 185.13235375756716
-9.55116197756051 208.08944619181733 184.50559533167765
-8.61132183012338 217.6512100142443 179.01693526134846
-8.298696066249928 224.82470911820337 177.16952699890703
-16.153087155296955 232.2056651851126 171.83101152090993
-14.97247302201026 235.93811416695664 169.1591387219322
-14.789789127205143 234.56193415475147 174.042812768005
-5.669948198327159 241.73032038528643 166.47562942679411
-15.120124673398479 238.31711931708324 167.03844654326116
-14.721643732935668 242.25899782572418 172.674507589534
-9.272751901675852 246.89950544303144 178.2453673720567
-11.227185548998902 249.74707076592858 186.47346715692058
-12.640550514509474 253.34922895350462 189.6369614136306
-13.336017233808182 252.20097570002739 193.289384144002
-10.681173720755332 243.24106034536905 201.1509444210709
-8.340061663616435 250.83339664624407 205.4763173910207
-3.1997635838671004 242.0668295860661 199.23773796768745
-4.580495083322559 239.20570044668156 193.8565711566068
-5.97175390370953 241.92816059069847 196.87282812639893
1.4022733255462674 241.85646967809564 201.1265941960062
-7.763169570567961 236.38737633372574 193.74533110878093
-2.589028476369804 239.1699959608928 186.43883715403385
-0.4988245960957065 232.69246068812743 195.222386170223
-9.51170464450958 229.8282983315589 195.5593820005775
-12.143979096160447 230.67615125364543 191.6851196469353
-21.52266935170899 237.48926919421285 192.08586561494806
-22.48803928129472 244.00789934929298 194.23183335820198
-25.675063489697905 238.61795505864606 193.0772562427749
-23.039344223569998 246.3897601077578 201.51834288163928
-25.05156422017496 255.27093133285263 205.5524386503651
-28.31863406169481 258.95963340460673 195.7479698295451
-31.694394013266688 263.99342985983714 191.46317544617003
-31.022917332657016 264.4767844897667 181.92956978902475
-34.26169983807956 268.11590730407625 175.21149255067368
-36.32106914940011 272.4912707309201 171.3547680244296
-44.2095200335001 279.2832165920976 180.53067094643743
-52.53629346821158 286.17728094261776 187.67714623277325
-48.399701548391974 289.73624866563824 195.5823810516747
-55.099084322351445 282.2157748283944 189.40557504342223
-61.65300210715386 285.6825001179025 180.36706817046885
-70.84025106778549 285.80744276600177 178.1950059831764
-66.40664102982416 285.95354813970306 178.3418580411527
-68.95591834762524 283.83509875213997 173.55851856796443
-75.04706250675419 279.4014121461563 172.6848021695979
-85.0141265498313 288.1093773068825 170.453398928133
-79.19085397786331 287.0721050985784 177.19287755496697
-79.52195689971371 283.75417482304766 186.88072133768694
-72.88012749699055 280.6316946415949 184.23484178601552
-75.96557184166757 271.26935273051873 191.555236202865
-72.95313057657388 262.01715514085373 186.91797204945917
-68.45139397273698 260.1053497252624 189.933123107606
-68.64322331715806 257.2490500003743 189.17709446304647
-70.5078506219788 262.4821928860701 191.51883584488337
-61.16613438986904 253.0150110957211 196.7022820072775
-54.783235155870514 262.7227111941094 193.0857174336973
-58.60470934927805 257.44281344040024 189.31126493008813
-63.466518362403036 253.61955986542455 192.91748249366677
-60.75537357795234 252.05958009176285 191.9666352074229
-54.41306055129539 255.07180344121159 194.88756874341527
-56.14298049804696 264.3915254737141 187.545146044989
-63.87024811404698 273.25360044063683 194.63003260497123
-65.29406694467397 276.4351755711242 191.92741103014575
-74.80618324034774 281.1612062928013 191.87328540418716
-67.56028196558853 287.98462226287256 197.5521660127823
-61.781502838480186 285.57303996405324 187.57748530727926
-67.48940544880307 281.4593800584288 179.79286231556716
-67.29319346120273 290.1635879748486 173.7359744622363
-71.19756086138946 286.1559782866919 175.5785638207811
-66.30891264358648 276.68033218341714 180.26744609234035
-74.01712077946877 285.76602290226475 174.44399608549284
-71.81661833090197 284.66299380023776 173.38337283531288
-80.52061708616776 279.12467669706876 177.9664566907523
-76.40587785933154 289.0607349246664 186.55521521544136
-74.49410452862946 292.3920696610506 187.1206814689934
-71.69261488916553 293.58687786022796 189.3584768532841
-75.82501227816968 293.6983201212062 189.37204037562626
-69.02400256039806 300.58187884654933 179.39710585514788
-64.83263850474066 300.67906559458584 189.36688271741667
-64.01382984810786 303.98423532262996 190.08311771815522
-68.37438881061176 306.6689343305764 191.69442976935215
-74.9661712134128 296.8587868194958 196.6844212069995
-71.5052731666491 298.1984338150009 202.0112138235333
-73.41736010217986 295.0968486624875 210.41397184943625
-73.58201053714107 298.514418574003 205.01437012687705
-83.15364296037978 303.4053749893559 197.25804191551427
-88.66080309664002 313.05655991801416 195.66451506891573
-94.35437903825154 310.9086209785894 201.17719957539867
-89.30730637618734 319.06181933658985 203.82953597385477
-91.39972862368339 310.01767107023284 199.50417927603354
-96.60022632268544 300.0212571176022 190.7326372657096
-92.44976890694424 308.3248298026572 192.06585161844563
-101.76688228548392 305.6839990580334 187.88191065571377
-100.58567304145505 299.6846974673521 185.68577496603885
-101.2904227646494 303.23388237756586 186.47527611764593
-105.54846648485928 308.37593467666693 177.65447284914575
-114.98586312544518 307.78008742932275 186.50321167411178
-107.2234704001984 297.89737891155477 184.8800819102389
-114.97994597980464 299.0649519720492 178.69531120371244
-106.07946664914385 298.330588383965 185.22279883721674
-109.9791495399757 298.32645146976444 189.58429621808259
-106.88342333975586 289.61524822790386 182.64289425490077
-107.20517609763421 298.85276756661705 191.844713284636
-109.09950379414211 306.87470095868156 189.43200214631528
-112.72093929337649 306.46114556465295 198.7339550851078
-104.52128634116329 308.19171159313754 195.76655695673392
-112.8386017012038 312.7007950465703 193.67692725982897
-105.69238559972139 317.7037996449706 189.90954833113355
-115.198416319187 323.44027165265646 187.05432423578594
-106.60977257263241 329.4439426139129 196.66838080081368
-109.81111627934473 324.19286142519127 199.57148644533714
-116.095763339788 326.1171912810392 200.08440267456476
-123.95211177045574 319.84307750490274 191.30819890578292
-121.29995131774544 316.304090281031 188.39855248076248
-119.3417696379415 323.7617115740611 186.64317234304062
-112.05062945578702 320.84637049937606 187.468472830277
-111.30427863240448 329.20466527683425 183.62487077448083
-106.12719499616989 321.44962860149997 183.17270695083417
-111.31587692112996 319.4096587327359 190.63919061693417
-113.8826579934473 311.0787985772096 198.6350889141111
-111.93796404090543 317.7137558621199 193.76243553405695
-103.01270467636135 311.27724568571495 184.94537850211412
-102.72524687522619 313.68031450377725 178.03154264013133
-109.40595314642722 317.98696644833495 171.89642515302938
-102.77263323074692 322.0639824710262 173.2502199656997
-101.7558541660929 317.88266462420927 164.99802025807384
-100.83098241443537 320.8002520236607 167.15331645129032
-96.55516921900123 312.39092556345656 176.29266969615355
-104.25510936456664 319.48766624865783 175.14976638625714
-114.24105090498554 312.06630949484145 183.3925033979064
-120.56477660158282 319.17528065587857 179.07447970341457
-114.50552554623886 315.61690274130416 174.21471975030516
-117.5604992570382 316.8322603878935 179.68719841657537
-115.96401817494558 315.1140965864023 178.10276988201056
-125.85624822719754 324.6588139611702 179.02897066352287
-129.5475188220293 316.29234878158314 171.30247569780303
-134.83012003860765 311.53340734500534 173.12020885613885
-132.29150177335552 319.89645726696597 180.3028143365721
-139.79710091700665 315.57084217946345 171.10607907835072
-147.94213723005612 314.0058597213759 164.34950653044598
-144.69165932097036 308.6711007633596 164.44507955640955
-136.93114703960816 311.0180720271591 164.03474158824844
-143.37527719038283 307.59819197830114 156.6815629891159
-144.64207115821029 308.4708034646738 163.22561850948767
-153.30333284439493 308.52368473354744 163.7897033013456
-159.88959886323659 313.74596019958454 160.3063333633244
-161.08958355623452 304.5239129165325 164.26729807234625
-155.8121385946409 314.41327783046967 156.0936963873118
-162.37906057876953 321.86698281187 162.0769120036806
-157.4479583047768 318.89416943067397 159.0541078476139
-156.48737973741382 328.6082070028366 158.75494509311596
-157.0002882402287 337.05793185006786 150.99744207715452
-153.8897293091198 346.7498200568301 149.14504494091005
-162.31153081765717 346.01707201516996 156.09065186710612
-155.6879208573356 338.2500182976476 160.16720060815584
-146.37843334912284 339.9339910497713 164.2552959658419
-155.4358296806692 336.6001166071355 165.42114930766996
-162.4660074811905 329.1634055832211 155.90936887055284
-160.45574273116785 333.20183738686694 151.512644023238
-163.6771244805039 342.91833186609153 147.2410348830507
-167.95105261841599 348.1711539574898 138.03628435372008
-166.1226685949063 352.44033170298195 145.37520542331848
-158.69431422736233 357.257164602241 135.60153182317873
-164.24393067281557 354.98567386671385 139.41410004961938
-169.81778906440317 350.3997228411511 138.18047158140453
-163.0641024919321 348.3359215370154 132.0665438023924
-169.5875878912163 354.1984621330092 139.17939946354517
-167.9763549338355 362.7850961279714 133.49627324809467
-159.55150912099015 361.9133856379821 132.06487568340503
-168.652201340176 359.974604473495 135.27871569221008
-159.76660262696885 356.2536558222423 135.6661604162893
-165.85121426951824 359.6637548078777 142.78344889889402
-165.37370338930222 364.5002025885422 148.5168994208034
-165.40242565182243 370.0261410691274 150.6172022661057
-157.8704754235375 364.00642398588843 144.93048592237562
-163.38248692753686 372.30951717950046 137.81695509486138
-164.66636651000456 365.99979277466923 137.34428753821308
-162.47344393846072 375.3118320947158 144.93596096112452
-157.99880478437436 376.6227461402769 154.4783616740048
-160.79155198525254 374.5575216160966 154.70409835151662
-159.32590530108178 371.7533128885084 152.90983962441783
-162.26956809675576 374.1547957588207 154.75676704845114
-168.43650460956368 366.5940009532611 162.80023025396517
-174.5445887677431 363.9225268610742 159.72674464836373
-174.73211053057133 363.35974522985697 151.6227719839607
-168.230611597859 369.03907097262487 159.64791408727345
-168.45652744277402 359.1787241542171 153.42584184834004
-174.03123715348877 358.8841513303806 160.63925630115844
-169.15943715289006 368.5607019782044 152.605595698701
-162.5334477304019 377.3106601475043 153.6641689916924
-172.48544639861555 368.7604850968932 144.2870540204093
-176.30874709854203 377.6410645330245 138.65260011292608
-168.63376677129705 374.9600164454996 131.24930983211493
-159.27762201819905 377.79760797392464 140.28865824834088
-165.84534726263763 373.5166761359704 147.57290949003996
-159.0015713935049 381.54502460842866 138.26808718779031
-167.3808768447039 382.8549675253032 141.21836386829173
-166.62792951030497 388.74136645241805 143.69110800456605
-168.8054017781658 381.8330766036157 140.9192311596837
-171.1912686608158 388.5595587783835 145.04739441269234
-180.1939984330658 393.80944170363915 139.93885241856924
-177.12969025186982 384.69455716358675 145.608115196816
-168.7126201733299 381.9734978823609 140.28729492990107
-173.21261260804093 383.6965114484515 132.89833482421878
-177.65613868125146 378.561083166219 136.64488991510368
-179.33141042742452 385.1746694475532 145.91141037939408
-171.88540358232686 385.84721248879964 148.34274795061197
-166.85621534882264 386.50523356456534 151.89403049181152
-167.15131730731633 382.43710576167854 152.9692621053856
-166.27217013164682 383.3304098852569 147.16345565509678
-172.67844433154798 392.72629188624035 149.1347252481282
-179.23890525003267 386.321227089923 148.82234101537563
-185.28674220090807 379.2266497482665 158.45487785732087
-186.26551575454076 380.4765305762964 150.98253078036228
-179.82852426120576 384.7398140966651 148.04443536220003
-180.13083270881668 393.00955324996903 149.81820555580182
-174.60108083766232 388.571660314119 157.17347828280558
-177.83792257797737 380.16634813582914 160.49809421941677
-187.68823071370176 388.07914155358696 153.78089273962254
-185.45195601798983 385.4691308425526 158.79983762352458
-189.1631969783241 386.0262368172861 164.68175493120847
-183.44293793881099 376.5333594769315 158.24040185671618
-182.44208739709194 376.296429526306 164.12354941883495
-187.65058260373624 377.8567566144941 172.69760875658076
-193.1201483692311 371.48396712845096 176.07399984672907
-197.86196170977135 367.6322418893763 182.75777944108907
-195.99295998531457 370.8990421198055 184.91571886995314
-202.4903763565786 369.81386350893024 184.5664616811529
-198.13094408293625 364.8530511097595 178.44032229216677
-201.48832864981446 370.0518842784213 170.96128838021428
-208.51150596529274 376.54543000415447 173.32452581602985
-217.41405377508386 384.6240919737577 178.45517954033636
-208.63626714950558 392.7099664834329 187.53036943558124
-208.44985092410326 384.7713295020141 195.95721870867692
-203.4249815023592 382.9081785811732 191.64388766112842
-205.8432215046628 378.4960129800761 184.84878943010892
-209.692609710605 384.1649910462017 189.49051860171755
-210.49341764843075 383.31239593309704 187.1420760970075
-200.89581858613244 377.50744121407195 182.47543317839447
-207.11750430416646 368.13961995157905 186.5550179577908
-215.05009729769912 364.42505005558814 192.24316514417325
-215.59347274543816 372.0978131013339 195.95027482776317
-216.50766765418578 364.88555073212603 195.8912885845018
-217.69683276081838 367.80970761856565 189.011387895271
-217.58275953743032 372.0021458002723 181.79039445273304
-221.93889787361374 370.36282918430766 178.12326363752638
-230.45348141042618 374.9097726302218 173.80232274743747
-240.15276289842066 384.30670696277474 170.433423056379
-244.82039903466273 390.92366458174405 169.0994690300907
-250.2272412563068 393.40387887725626 173.1895512754909
-255.7520123284666 402.4833628612929 168.4253873675131
-265.18471990588216 399.08401563886497 176.46230897186953
-274.3764158842532 397.54406919407245 182.89011414839217
-270.90093483411067 401.39688798497883 183.6544633198509
-268.9335271756359 400.584836471947 188.63397816918325
-266.0825993627394 391.5908767946228 195.92824070328004
-266.76438125187707 391.387319502675 199.5794379127955
-267.36327527571405 388.93682774581487 199.35243450673917
-268.26780937246025 380.22378309513783 193.59103060782752
-258.87436218309693 385.1060609818567 183.69603332468418
-249.95031103402815 379.04247728517834 189.397289949011
-249.50667353541678 372.0074108377056 181.60679155902733
-246.04375918341157 369.61393132138693 172.2305105589091
-242.18096465743702 367.36969364953677 173.95377731978118
-240.78649180207034 361.1958732894999 179.2623678136909
-244.07719250555422 353.08993575783984 178.30594467308237
-246.39574931261288 352.49354856315034 173.103103296604
-240.0106356096556 356.23591814672943 170.97657536003618
-238.43525196041264 349.85679683023324 163.1792031007608
-228.5818192335644 355.6391232161743 167.69672320995682
-233.29228864007914 357.67727765827334 159.0117763265218
-226.9076857760911 366.20798906222484 162.95458600043239
-228.91795618681186 370.1076363986465 160.57987662980963
-221.68676039534478 368.7515094059496 166.4526464797227
-217.8034642592112 369.70156460467194 170.9866154387824
-225.37395579774497 368.0312391365013 162.00391999541074
-231.80696632134175 374.9804118992141 155.2745653360931
-231.6088360015967 380.03707670411916 147.98317459233624
-230.45827280908716 378.01805663454354 154.36162435388277
-238.22103926007762 378.4434230851915 163.33515833620802
-233.67475535695394 383.6363312636073 162.3143142605635
-227.74413962036928 376.64859331218247 168.6307001246735
-225.35900765615844 369.10918503212827 174.3000597851056
-218.0516635434227 362.2515332773037 182.49192953880055
-209.34728979876635 353.51728978182507 178.4782863022069
-211.34275525779194 350.86676187214954 169.76625163781415
-209.1998161739041 359.4611506998584 166.49452017027767
-207.5572016945025 369.3275380074907 158.56724204193813
-217.00904815097152 374.7077196571638 158.55460558398306
-226.37804302825188 375.66412414867364 162.4784289977529
-230.6137330769637 384.5868202492569 164.7712195149727
-230.49579655837718 393.18828153903326 157.69946254183935
-221.9834666778824 389.15183048865003 154.30603851350384
-221.75345576888768 388.252521608626 157.59976286186395
-223.3635431704448 391.2352754235532 149.16980476312955
-224.4112182176328 391.5546321031268 146.39981625219514
-233.72549272688772 390.10785709873915 148.44139037998883
-225.8006877288421 385.40732577698964 148.86340551741526
-227.53986741748943 381.96929479671815 151.42197858986106
-226.14005545860746 382.8081779810884 154.75725676195074
-218.29139584025813 380.08278388680503 146.35101274921078
-212.74757053961167 374.18197179441387 138.21617461991195
-211.9231064704942 369.97971027408306 139.01228749929723
-209.95727176818997 360.78528834349027 129.1515736250114
-216.3393361447215 364.3939171979215 135.6331589807219
-219.103027933399 360.7588150955746 127.78289432565205
-210.07273356663174 361.35070284598106 130.2686535767641
-208.89953787152012 358.5539965104883 130.65574785782678
-199.40991374324224 366.06312025423006 137.48016941536827
-202.36656924867978 363.7482522303295 127.84445094634656
-210.52850154086488 368.1521239531449 135.4003697231219
-200.69969557953632 367.54660706425534 133.66989962098143
-202.35617072332155 358.94478386324977 130.34441087663083
-207.65729903113066 353.8216698253239 133.64223017196065
-212.39949326172763 352.77458345971525 131.30348451728372
-218.4722661938524 344.5579725714836 139.7567542383465
-208.88159335859567 346.48512283498496 132.00106019826927
-210.46061164835066 337.250464330074 123.84176824254244
-213.49624535006882 338.3931861545568 115.03546451942981
-211.93206231431327 329.40866482393926 108.84937981659917
-218.9081943583691 339.3033937033531 118.39506691256844
-209.0015362643329 329.7071849776862 108.74672360904212
-211.46864375529066 323.22557016690797 116.02567988678268
-218.53316268958798 317.17350586306424 111.49510473040101
-218.14743414880743 326.04712871140174 109.55024370710674
-210.87662317555768 331.88559388989796 104.62191731490502
-204.68533071854847 332.20203707336935 101.00031999618231
-208.17474927131843 340.15470891540207 102.51767429489327
-209.12433718907522 348.629427814801 97.63196888665045
-210.77605343537562 350.42448321586244 105.25568821706464
-219.30179578834475 346.62765324206134 109.19460443847757
-218.2385940024555 349.5846564020352 102.5492982620579
-227.94218536085526 348.31033726926546 97.20685330285559
-230.79525864197464 355.4073844793394 105.207650155869
-235.4513171469583 362.4748695752275 113.63007719650307
-226.01803799746705 359.3039106920847 106.19401531083398
-218.51329517595985 353.8580893568509 102.89324153298071
-226.87975640617933 359.67795555545655 112.57182788019992
-234.4535614930115 365.29251875578836 105.71036194340648
-229.09967933283644 361.76921975671036 113.26846386786998
-232.1948823311101 368.6149016103267 103.81597400885997
-239.47435713749178 361.6597148649466 105.22732784903928
-242.35085098222208 364.23617083291026 97.87259289033102
-246.59679911672538 356.7570520210389 100.74363071759896
-255.5173023169242 351.55762485693094 96.27705912387212
-256.8847384104733 354.87509250949165 91.14499563223333
-253.85261179754607 352.8996878535221 99.11332152977214
-262.04926454759607 356.1087805421766 106.63912227390921
-262.6320211814242 350.8558929968026 114.92693862235645
-260.5215047573208 352.69485986622965 105.62946279372431
-251.49042682072314 350.69733506451087 107.19763759510394
-241.6500944843931 358.2634229232302 110.72601267064182
-250.5765982766575 355.62649021537544 102.04271187374516
-251.17938117510005 360.9704504238875 92.89535093545572
-261.048668617336 368.6748906315574 83.64012003146996
-258.77418886872425 359.77334565173896 90.6749195245787
-249.74171776184596 352.0830829523102 95.66322244920723
-253.4616819335629 354.98148981683016 94.10432836607808
-261.4076296082502 346.00011561341705 91.17116394100682
-267.80272183394504 343.4272293662934 82.70770074049187
-264.16357299685154 336.598480294915 83.23212633792083
-256.3948287083954 327.82273139582435 77.067838195733
-265.5329213147483 337.5674566378866 83.1727327934911
-268.7274869056604 341.3582563814336 88.8650151610984
-267.6313221893944 342.4798227375126 86.87904081195201
40
120.56867397183878 285.37943005821865 52.375385571080855
112.80613598075867 271.7047107700987 65.57688030066011
115.38445582919563 267.96556425869505 60.93575690404005
117.0059820233212 276.9727140512244 59.1035125682437
113.43571084479986 268.4384603301744 65.05088628326908
101.75580740375545 254.59258686257047 57.026712201647506
108.75223230899081 271.3422780899666 53.07075218666042
90.53324458690355 262.66791031361623 47.30762777933313
87.873387616718 280.89812136001416 50.9723168408607
99.77210318846208 272.0435135721957 37.235733324785755
92.45346180656256 252.6390251875992 50.93197838108956
88.97712996168782 256.4163179894975 48.69811581383761
99.86958413326691 262.95113538875216 54.72279073005751
108.52954754109813 253.3282974392829 62.03816160087082
103.98176183532301 253.60282556003986 52.23908714601524
83.23265425285419 262.79677211301043 63.92260353513572
92.08248067940171 272.54580666477545 76.61655485796202
91.45319055503828 262.52774017855876 89.20587105851304
78.49534108724225 253.52866377148703 91.36000563464988
87.84991960008395 252.18081991967577 92.70805214905201
85.81294324605409 258.0305282233343 84.5034569977073
102.26295018331834 254.35572919619668 78.04622560114397
85.511853421956 253.571556432992 89.08736083469344
81.53889747531021 264.83345760510315 70.86853268206549
75.04618729608934 254.60175594547488 65.10951567379104
77.24164016420693 255.44619175482165 84.99592560716268
70.92805522705218 237.90741028359176 80.07229968003911
52.00288959550671 239.94087130782552 58.049952251784035
59.511135548004 236.67603910763083 60.53205818297504
70.1726510303461 244.88053318246136 61.970068942609515
69.97233063070477 246.36766091550263 47.45483576071596
59.95589972448907 252.99568526508642 51.442004835635984
67.49133314936826 246.3180015324537 53.82325145288025
62.55049684953742 254.91552668755034 52.48359599885238
53.090871901489066 247.21601140238357 35.876767915084486
59.88872774214262 241.78769054955026 38.25738504839842
61.097338713483296 221.37407671870824 32.9605474596719
56.19883787752852 216.92485992917037 43.46955285572653
44.90319829723972 215.51096006388653 38.248627277976944
44.84364072949939 215.09935303437072 49.0767596140617
