1000
413.8952842826909 129.63141241011323 435.5280093679528
419.08370394135636 127.04027853951006 442.7762543801402
426.5653318208616 117.37460695821007 452.1252803980846
424.21606789699763 125.72768939607873 444.85450242588394
422.23103741970516 119.38053071000886 445.7061407328278
416.15500239537516 119.0164260591178 452.1699720200921
410.18819106253176 116.04334577756835 448.0873890905917
418.88799238329335 114.6339677633454 457.2363255515371
415.0234879112683 106.55082995264479 449.131270549778
414.8379110589214 102.12052348322398 447.4758986089598
423.7602495546055 97.55160501714876 448.49625756978423
414.51586744279274 96.11533444221595 443.9603488716503
418.4209398294645 88.40419041439479 441.39549703945306
424.4985255742084 91.93573036236357 450.76716905306074
421.9292621906147 85.8702108025777 453.74583467508813
416.2309181483042 76.44696367049292 451.1543840325492
423.4227825902637 71.5307768444169 453.0219689690371
425.9738597791836 77.25803020179012 450.95842396709156
421.0704179735321 81.66116855619285 457.05231439885625
425.32894614732237 86.98119374122699 453.1931497672215
415.3408197190672 79.17518893486567 449.75495194524126
409.00909698170585 72.80253114837667 443.92126361773006
411.16923226445635 63.700030546495555 440.63640370693975
410.4697543103312 54.925513626439184 445.47872871139447
416.01709236926297 51.79803033172158 441.75529352306904
421.6814627028643 47.79089224933516 440.73437603633977
430.5533973072168 39.24906770129603 444.6926387031687
437.84254132214375 31.264072260680393 445.9076158385828
439.40804652652105 39.951922559221316 455.04454812161265
449.0377035655683 31.821735080619018 459.5012465999903
452.695463995366 41.768088973297985 452.78552272672925
443.7479769674091 41.60692986820968 452.3099080720586
436.79544911958476 50.094755504696685 460.5579164025467
429.88174209294124 55.16497921133064 455.05455057231796
439.830019860672 58.83733999785816 465.03063169247
449.43311030789 51.760700742622376 474.780877983585
454.926313592315 49.9219964567356 468.2694307457456
445.49795509263527 49.469557299823585 470.5870235823267
453.4566821023099 48.70494699173304 476.4412213846412
448.6781525053787 42.67843006008357 482.00067382119425
450.6889896105618 34.45356812697849 473.4862472041518
457.348387318874 30.821073472446233 471.29061850228913
461.3355648126549 28.930416458985274 479.90730161264185
461.11161062113314 22.35102000570568 470.78450718515234
466.1272441909697 26.358355221611454 477.3309735634019
462.67643895660666 16.613166367043632 470.78136785087753
464.73940031592895 10.615941447076791 472.45439506552026
468.7747076024967 2.6532931920140834 479.7352224194604
469.19081962448894 -4.968413857838372 482.2685562224349
475.0313201189655 -2.0451876420905024 483.5577374285488
469.8303247507631 2.830033296585499 491.9017836276643
477.2270134112977 4.485959775812263 490.7102537595537
473.89967595853517 13.24195743485934 488.86663296259445
479.32028245111087 7.0935356941635614 484.4001777064439
484.5083062150942 8.42792490762528 485.9876602946745
479.7305044270079 10.906703311949547 476.3357635503373
475.9541823388173 8.963390049381838 482.3018674751409
485.5300553967252 18.16579679126132 474.30134044139226
486.89814207429794 22.40790084583123 475.4016943367844
488.8740152265432 25.013356612968618 466.3722347705117
490.76012983075907 26.176428621130206 470.6239164570203
486.8938584233425 24.027475246552942 477.60291157271195
490.90506382977895 33.25651729139881 482.27024945190226
491.8205620637097 29.765992434844733 472.7921693657124
491.10725522035403 38.875487632228904 474.6465380391507
495.0355054278448 31.470386421084292 466.1711473171393
503.8104007600325 22.623943720660492 473.7112130550919
504.81834273000464 27.058838003312847 466.2946825622037
510.91845642753583 34.23035335404008 459.96661975472284
506.02336117523566 31.309403108502817 453.3951181718896
498.6620718557593 30.923002609323497 457.53340632842014
491.8445274347786 33.72399054685237 463.0083006081649
492.76932583511365 43.233643921480756 453.2657317669067
487.5790675950464 45.72036492053209 447.4297965283936
487.3919958359992 54.42624715641594 439.70353945412944
493.32100918767156 48.32754077814956 446.2128995797896
496.24557044793244 57.8744084904302 444.0093835816534
491.0823637679577 66.75778992140019 436.88658022701657
485.1370417478301 64.32025833003316 428.4211211282631
488.9432988443952 67.1332308868546 421.6852984228067
497.82927456631006 68.63985164116433 430.3802090718699
497.687366679051 63.85058684275831 425.0698474934181
491.2468799827066 62.958005271728965 430.74361312765893
484.574070522013 66.99621696814728 435.5891801836673
490.54975634940934 59.19310317473484 431.96787594144485
500.4663534535472 53.13810479523127 438.0676827122895
510.0434132086827 52.20753077148403 442.3864143452927
507.72191297284456 44.58080266859492 439.97442998131123
501.77596846923484 36.03139811996934 434.9517225690949
491.8987677163953 32.68789765819527 441.2197021044306
490.760528970232 38.41543377488642 438.26121418304433
495.4180260892443 30.85535512161173 435.86284965090135
496.6265215761741 33.06127908756089 436.05858794791516
500.15126217316316 34.87019635464969 443.9059807298278
509.3512710782111 43.96612321371407 452.04163200445083
499.7345397814875 46.00145729943344 451.61377808736745
508.4492084458511 49.62510618934477 450.9353566914546
516.3092591861457 59.18045933005439 458.2239921966417
514.316471588416 68.73083197668934 450.5782036460073
506.36372955166786 75.28754760235535 455.4331646779439
496.96347167961903 83.56876918724848 457.97654311213853
493.0102404199751 73.93844277378358 455.3893033443019
485.6863082744081 73.2339653852552 446.0977456956991
478.4620271574347 74.1151475222458 439.36032187523506
472.6046601894665 81.77209533069897 433.153622526561
472.07192706931755 78.9391145591231 429.0881851121102
481.53466841720524 74.12453703539443 433.5434398001444
484.4023588673408 75.69070273407314 435.86904073618365
491.7262335256132 72.56468439771957 438.0122159759514
499.96118009228036 71.05668097201934 445.0561007716339
502.77627232650923 80.86845011103551 453.72062754804034
503.0251463835626 78.15193152279274 448.9584029080053
501.04393813456204 84.9895119584298 439.0973808752351
496.2427223255133 91.99313818981565 435.5940645613415
490.5332056027256 92.90990711413166 437.86521777469034
485.8346817594098 96.54682217318076 436.121681771275
481.38563842772976 89.08264483819063 432.3807817117064
491.1946120134962 83.14137812414661 431.3986917135214
485.8927748578886 73.41801793537512 439.2304677073859
484.84689303089294 70.93692388297444 445.2375536861918
488.712057084093 64.3045368511518 454.3321293241651
496.51541087230305 54.847386273888645 458.8182172409661
488.27017792156994 63.856505592803806 459.1686294060125
494.9379308396459 73.56489900392745 456.897639080185
495.22496149725913 79.75112882250549 460.44064345948755
497.073942883974 70.85570820341009 466.973973042164
500.70104494668476 72.90350521818148 468.96726739261754
490.99635780889764 72.17821812871905 472.3254961313551
490.9699380525916 81.48224760665396 474.5503252273494
482.7318162062234 87.28393884768121 465.2075343904565
485.6114623217296 83.58223430021496 471.06626500291577
484.3950817831237 74.41427959641996 463.4118083799545
475.95138945558745 76.43205477373972 467.918795281107
485.4013567803745 78.72653536822585 472.73812792076603
475.6629553911164 87.4184797930168 468.99959973743444
483.25014106356 88.63970122520897 459.7133241654074
479.6337010292361 85.12721691083782 461.93304599054613
487.09296882805205 94.94096220310335 456.7143230794757
492.30447277862226 89.44551725280165 452.86483810205164
484.9992755235728 85.17141972685941 446.15141295310013
477.63579361904306 78.34867249877885 453.433248674754
483.1176497730354 82.39472885462985 447.74015681398384
477.58971692513495 87.51813933700662 450.49131969105355
484.48533570695645 80.78320682854188 444.48258934342795
475.3179350522504 78.18443916004253 448.55436794602485
468.8002485283626 72.61274524468777 438.6316135875795
459.25653158695127 77.67161332362006 437.6070753464238
456.5515411508326 71.28887248390473 443.3686031435883
451.28581576808983 75.68465626770359 443.936938441033
446.02174311491467 84.78984276079564 434.04228237678416
438.0701496947254 84.53856970551276 425.3025666668749
431.2399230695814 82.8522059848171 419.63027201830295
436.69596826479125 91.49995174677969 411.7657399247221
429.1837713480843 83.92618217261176 414.25495492889786
425.324958765964 86.44616706191039 417.1608757407701
423.91113995514286 78.6562892570527 408.3841397523497
430.82746852608653 75.65256996218334 415.32754552739476
439.4625616572389 79.82418425609966 409.61502722946926
434.79605802655277 80.23246005951896 413.0780505468563
441.670453576293 79.82551397102507 409.1987131486012
451.3401346029267 85.18901885333753 411.9419336540046
449.3041336451621 90.086369730792 412.18182661183425
453.83314521115796 94.27792393275722 415.58819057982004
458.2740217390032 91.8741629736815 406.33476620801963
457.69455272923966 88.0092360071575 416.14889857151104
460.7810445570936 86.99665867876678 406.4291305009629
467.91767086813394 83.79177830994398 397.04534568109085
466.3615007080451 84.16759777028064 395.5477315484594
468.78876133266044 86.4660377396411 387.0613083174537
475.0868857619329 89.84541840300463 383.14078010369883
466.61063702409945 92.40927686716071 387.40551442454233
463.39144904311524 90.89904277346997 384.00728445964614
466.49939520134154 83.82410157079062 393.86459805104187
470.92274089100806 90.69730651140425 396.22014056826276
469.1928115372118 81.84457781411206 398.90177919938975
464.6218806207769 77.49789290085673 394.74764558778776
471.3316563772361 68.21914790019319 397.60358283235945
466.46516282698315 62.36624230756841 394.75847733120554
475.7339593149912 67.83235517393325 394.4028808578255
468.87813752856357 70.57463514119746 385.9937730214412
472.3529430273524 60.759481627983334 390.0089395562243
463.3956181249166 68.62898894120121 384.2879626343274
459.0109449616039 73.63510947833193 385.0021426683847
450.12627749673385 74.17801294823902 377.7453831263792
442.08188025492774 68.77795786568066 373.45855569483194
448.454236600469 60.48475568678732 383.45345299121897
440.10158882114206 59.138061375457106 375.88914352073635
436.63858202820535 52.98516381745464 366.2726549447428
430.2976446694938 58.05581275496458 364.7350611702063
433.4452616233437 65.4913509818296 359.63561073146
442.99712600070535 72.63719269433622 361.9236035685324
439.504463891421 73.40558610601873 361.9366454077122
442.5129499447285 73.81910991490297 358.27004142295
451.5615375072997 78.26645382582946 352.68252521238196
449.2171893762555 74.83451749432564 355.01432478982747
447.15826974784005 81.752921315116 350.78284259097063
444.55754267828485 73.72425025025649 352.34222193081104
454.140679654435 68.31635410883155 352.46856186074865
456.59707408284066 61.61372613933896 357.1103406759637
464.0721550509619 60.50883749524597 365.06039392355154
459.1612789386196 54.7842837347358 366.33819394297575
456.5488516389312 54.16489910567035 369.75137736796296
450.87794152951915 64.06100360929096 373.64301248291355
447.56987151313655 56.71760391306831 369.9829558304416
445.93103127362986 55.398279741127546 376.0711781187575
453.3470601912516 55.442120509153966 384.1869347251065
445.58866993007877 63.81823470221717 386.48353476815777
447.6787215233543 70.22673831532136 380.6033242320236
444.1416465676219 79.32229761096141 371.44067975912947
448.8343614420979 70.60917152685585 371.49818025259856
442.0976417521057 70.76078345210001 368.43092728688487
450.466221487794 68.15137524500561 360.5487589043503
460.28344082374474 60.153485046845674 361.1604419290916
468.0747635207237 50.95318894644953 353.4145550882708
458.8581250589377 50.264642371098155 348.5063267557747
450.6666970329997 57.32572454962143 343.34502419498517
456.68705888557554 47.798180560415275 338.5080445307631
464.07702563338086 43.02142463205799 330.640193930158
462.4695811388082 38.95148366794005 329.4449530033227
466.4881050518325 42.07284932659877 336.7172037021343
468.3716390050364 46.976258362637786 336.04658159879443
468.44086952757175 49.02220730383424 334.7687910177802
464.7064205330936 51.096027961143996 333.9192308869971
469.6233643549357 53.14454666024659 333.0794979085051
479.46198391072835 49.03223568763784 339.0996399816695
483.6735416961111 52.96985279528495 336.6336538669026
478.8884589618807 60.202936307473124 340.8873510000999
470.5944381931925 51.37187197160342 342.00547915555177
479.1755809897852 46.473647402878896 336.1233213397635
487.83591134202186 48.08311055548182 338.8877571259738
487.98294545231994 50.83237574682914 342.46799646733785
490.3897628602618 48.589375268907446 337.4025241268323
491.8348954958691 49.064827623509046 334.26319656589277
492.5364217834602 45.711055306917906 333.78779484313736
495.2288653283665 51.75809537500737 328.03099751434235
501.03264706768397 60.766669575569836 324.55125421513753
504.3920781223326 68.3193446694835 330.15934293602015
509.35710155201804 58.400391177132455 339.9858561440143
516.2422896406862 61.384195024377476 349.296603871786
523.8050157230439 58.2947551148883 358.0547451807708
516.3170295286536 66.36076435297255 351.10997690974636
519.0556034229052 64.80364977512033 346.60340473803666
518.0410625065989 63.05035267779779 343.9400349727539
520.0271283373604 58.14333698079392 342.61054802307893
524.2461535510446 66.18205843938563 350.05680153207203
517.4447396141636 62.90491296172259 349.92056517302814
508.2047341570554 55.462825073090684 356.7605508363034
505.4197983472617 48.81042108659915 349.94907157420766
500.95293786530175 48.056085323376706 354.2486525489144
501.28400855058555 56.02915814769685 344.6673112843386
503.35407786796225 54.658788089056465 345.6810488543566
500.34105996266067 45.66097923364645 355.39419359708324
500.7204862040513 43.28242865703509 356.2647248178792
491.53556252086895 49.782614416085096 359.9454740349443
490.4941467181995 40.619653044690345 365.2144200020809
494.41927749654 44.896566392176794 373.30260498811253
499.4661594142215 53.03368774437696 381.3141646286286
496.3762160261248 50.48265665357158 376.49760823784874
496.16942325756594 48.221683071673816 370.1840438508797
486.8360864660481 50.503286507537865 361.45949709030646
496.48012840791387 42.53198056209012 351.74935556695385
488.8620016470183 51.32762985119988 358.98787723470025
492.18251823026856 41.930021213345256 356.0258089005707
489.11984158210726 47.75648955635585 349.31368750150233
480.61159781287176 55.018004754639605 341.86282055083433
479.2893875052448 54.23086801382058 339.2477036644613
476.3906528038543 58.553281847795446 329.39719421492174
482.8444287696744 58.60466949853776 339.0918372403257
478.23877132596374 64.33244735814914 330.54549603497037
484.6188022429894 54.38462482019296 339.58865360648855
494.3700599257997 50.66973909786561 340.9085433953371
503.60467031848003 50.61681300479851 333.61914276238923
504.58196522418416 59.97955888380535 338.314442378848
512.7919372487173 59.54353002056693 335.3758478010894
522.6743025726232 61.1276778514725 327.03487420302935
514.3381382937082 57.22286685468474 319.819498144411
517.6729581152886 64.1075694962041 328.4718568664972
526.3803479946523 55.57868160491185 338.34826758652343
531.2532065074598 56.75630707390099 340.3158842299227
530.1195279867849 51.44059826961137 331.4327746268082
528.3840253084312 57.53437534694753 336.47249307140777
537.4005771851695 59.15252183610888 332.9257552930591
543.24196691387 58.99838586105464 326.69460501352296
546.8083281081142 63.41547707730754 331.24120930860147
548.0655202071287 60.90934720046896 326.68591177465345
553.0883781768694 60.37151973899459 324.986330504551
561.9402245079867 65.76657616660181 320.6898740037796
567.6545618288833 56.54193423371104 319.44051144980097
567.3827757324639 50.61431453400673 319.5791773951657
569.9228840197972 48.027670916459535 310.39896999395023
573.4328252515069 49.81598516488206 319.5283078032801
580.7569911580781 57.32678589494008 313.81348453634314
586.1900176128416 53.42110547714554 318.9855595977659
593.0361896347997 62.53904746948328 317.4119795935959
586.166211945965 54.133315517460545 319.9206965680498
582.2345867999036 55.99746029027574 311.96379723870183
584.2073162600205 53.10918910498111 314.27650853132224
592.5663057782488 58.73866552758044 317.1981128787459
596.8323799285438 61.649782117679585 326.93366246006394
589.1131633761254 71.50747098476576 321.30697846631784
587.754236840739 76.09192625348676 317.14724388180986
596.7485540744146 81.29685722667963 308.3627640323247
598.5025321611414 77.69358724871805 311.4674664997896
596.2790527992277 81.61941296609011 311.23716772803135
593.3698369989776 89.63868619073396 313.7223668384177
602.4846361575617 94.618931806632 321.38725913313107
601.4795443338435 103.2376996801531 330.3615422277344
606.1642538234821 93.44722656272194 330.7325362293162
604.3265483944591 87.09638780112427 322.5130762246374
599.6832289151911 96.07626574682584 315.01453927332005
609.5337783497998 96.13326115147642 305.63289431321664
609.8465847020087 101.1435661366618 315.034387649651
600.2751729804032 91.25009520454033 313.87434218994974
606.2806110213553 96.40336999013292 306.0903716733229
614.0314510677638 106.04229824044587 296.8947650157757
612.1175591628238 98.44491399472089 300.32876701771505
618.9954048919377 99.89578778842704 297.1054142806857
615.2699184237898 103.17825708041404 302.3451864114417
622.6132562271558 111.83576453974355 311.67923486754955
613.062179112438 108.29475661877608 309.90369043147865
613.1339079598494 102.60826580758517 312.81545454562774
619.6013621608208 101.53359762016936 315.2128202056648
620.0572892694396 100.04523410287972 305.68324059231776
611.955328975902 105.97752880544891 304.90831534759786
618.0934169869189 99.22903620511445 298.7000258738792
619.8314926153338 99.48503035584352 306.74433830978467
614.0648185410311 106.91769201470376 301.47748092750834
607.2191983462056 98.12470122939393 307.306065561571
607.520225587222 107.56557032681786 305.2698826071943
610.8706544054251 110.22771836888154 313.6931442302341
616.3383988214048 109.57233084683817 308.2274059492488
611.9275176507568 99.67499905020384 318.2116757480376
621.79413681301 102.87320972472965 327.7711919710313
619.261027084932 99.1983937838133 327.77852900712713
614.4492165806952 100.2550359061249 336.0117299373839
622.4033433424158 93.69984732704245 330.1684395411261
626.8371490537903 101.38492203669423 320.26614742991785
629.0253947953596 102.43146685321793 329.5965095268436
635.7235593745495 104.60866138814077 337.86405929992844
639.0224279350695 101.6776997908612 340.5457786619983
644.8399640817574 105.89540713895894 336.67120680020656
644.6987546527868 104.31990548170407 335.44986775507107
647.0025553701996 100.20473313344077 329.18992254761764
656.2832867871936 107.72565314152959 335.9771799605871
665.7263619204837 99.8098910768442 329.72804823638666
669.274619657592 95.74904630076286 323.96658562073696
668.5352233672269 89.14371223958753 316.19080712847773
670.5947126412719 87.94340075605899 324.793008941366
668.2343894230546 86.83285514651782 331.1251151256356
666.2338609031175 94.67725833945104 322.01505727693143
660.5029115583453 97.27796486062266 324.1010955800885
668.2999904322965 101.20036387677386 318.8909801937615
661.0853901376952 98.80821135933368 325.3453757548895
651.6858828465488 106.25374404392555 333.86786256357516
648.4635494353803 115.37538285105123 338.61670518027364
646.5888374575088 106.82636855310295 346.995428190311
649.460160339914 115.5793216350134 345.1899099803737
644.6384618422007 108.97212493900953 340.58890933055505
650.7418163216313 115.33597910981631 338.8560814876316
655.7407280581664 120.08416731221166 340.45612336308415
656.5074532432633 123.7873680237539 348.39983680249185
661.6278610156425 127.3574782412729 348.61869881769485
665.6705539031425 136.7789933923432 354.7000530111231
663.0847859434277 139.39006752971392 347.97623562892244
666.9226969525076 148.88215751478927 352.354570717644
667.5426808252637 140.79119958979973 344.9887578202255
670.2783701206674 148.0846464922036 347.1935335623272
661.24797706931 151.98754977702038 337.3480739328249
671.0247320692567 160.41419208973792 340.5652465718378
668.8713323052822 167.21199108390115 333.7789268699376
666.2651108063936 163.07802367126337 326.8073884949436
663.4794052707273 169.97732870007067 323.4797858386459
658.8369834296669 162.29254764216842 314.82535369872517
651.3261227906607 162.59844128831622 314.35047196819863
645.7881819834155 169.2906270517384 316.2748748574181
646.8342992927322 173.27649198606758 306.73660433650736
656.4465673345169 167.68157110092483 311.11950757205983
661.121979980381 169.82464346062193 318.28922969992936
665.853388140261 178.5137913242362 321.3301940270035
661.6853782222419 185.782505638054 317.3935904879631
670.5286071361102 190.71042438525737 310.40894647515194
671.2508076901946 194.7411581677432 313.65415811775796
667.233494265998 189.8533475098496 319.94405504067754
663.3726197844214 189.03963603028197 325.5504808965483
656.421032045972 189.26252015303095 319.9123108817882
663.8297950733463 179.3613395859512 317.76174529587604
668.6195603967774 175.50853015424545 315.1358094097541
678.348169945521 173.71744747403253 311.4472127831634
674.0350871000694 167.11021422039343 304.764399159186
681.0833161910358 166.40520559539627 303.6572477468224
690.0740512738408 169.69909743488316 299.7003965474461
685.7202667501667 162.62678564342698 294.33065682863713
695.1408888273955 155.29084830674688 288.99142257695894
696.9656208554806 163.18162105268328 286.0802033279621
702.5289691808966 161.2940870702413 286.28046479131905
699.2631569333373 170.6792969240671 276.9763136353697
691.1778781495387 162.9763752366471 268.2906114293787
682.0029731583035 166.55569147922878 263.00716767134844
687.2865881196528 159.13830136225693 255.56522216891574
683.0607846767172 149.37870584255566 265.1586059204446
685.3940624632197 154.25109913981137 261.61586270748654
686.5706773186319 157.8795341400786 260.40387588277616
685.1374151464029 156.5983808662916 267.461492194374
688.7370451494578 153.03795308286087 271.3654604391419
685.8132632834958 145.82603640150393 264.79016125111804
683.6780917108053 154.9501015523709 270.3158064450451
691.7360761515389 161.2721196402142 267.3262783732728
695.2201815255015 160.83989097533774 260.11920315457786
695.14919138436 152.5496866514717 259.7750369306121
687.9946872079981 144.0354059029066 256.33695264007065
678.8012522618653 148.92663849675344 265.70199165323345
669.7040785130339 140.6802840987665 266.9120411991821
664.2627707919457 142.8083156222095 271.38898474350617
667.7706044739651 135.6580096413536 278.7270127617899
660.8343176013221 128.955887600705 272.2892467365902
663.932502710734 131.5969858999617 268.9018434545448
665.2350305973449 127.49759966439926 274.75447686699675
659.0543392132594 130.82960366808297 278.98179703791317
662.8923003502781 122.35607913559207 284.9976084716486
655.738061608771 123.88359293107064 287.2255596252712
647.6011741695136 126.50168544842157 288.4881082593821
644.6442439236034 118.15348092991856 297.8806518862773
653.3479261533355 123.4699624197384 292.2913232224581
658.9162713404252 119.25298762992482 296.3843370699758
664.3293380216611 121.88415138200115 295.48641651150416
669.2195898333856 122.79508722124501 302.5569073339425
668.5307133934147 127.66165799156246 295.4075959166643
661.7488246187045 133.43733122804204 290.44903333593066
661.1193114741865 141.0267156640244 283.1445032504136
652.9447843526575 147.00725130742057 278.0830051673413
658.5334884411113 154.55890260402737 270.31689781618496
655.1834173280948 155.12407734991217 261.8104171588641
661.6211833664146 164.2443740911924 265.6939729250005
664.4458189941329 156.27279855678137 273.94307955090835
659.107757639785 165.90500872500525 274.0421604487029
664.3702852372628 172.22297196494398 267.2069634672094
663.8553392489397 163.06475558174375 272.67237010374686
656.552714211591 172.066839581107 279.075252192209
663.4295635269677 174.4031363883252 269.0802436447501
657.025550478146 170.00165615015516 261.273741750688
660.2353147713867 160.33989095405803 256.0844788771731
664.6440765736348 170.1818150427961 255.3392407180683
663.7486106303915 163.15811477048476 255.8931122735871
667.8745286429399 160.56069829627396 259.7818894386
669.8589568961115 156.8846348800636 254.83779511741028
666.5226400327706 159.64907200744628 246.38678982096417
669.1975743004356 154.00954638497237 242.93928191230714
668.1187764007377 147.75199165323815 236.56902982282702
673.3359355900434 150.092241301745 230.19348537916574
680.2829365334294 148.0315642662135 234.4368286010042
678.8280056022342 142.18010834889398 231.8998008095321
671.8181879449261 146.30728525279122 237.9207796961938
674.7328956483931 154.98740484695216 241.71517612403352
675.2165771132359 146.7481857884169 235.0757010013561
665.3421685997573 153.75760482495772 231.28788302792805
664.0946736066145 149.7933755951804 229.8825913042365
662.0106894004625 141.8405317651044 228.2598526011237
663.023862030262 142.14230187378786 229.69645618800482
672.7254229394347 151.7790681192788 220.8068611411615
675.664552811029 157.27382439982475 227.4518111163
672.3348580337748 149.8310974423649 226.15924822849928
669.4824552059525 143.22589153240605 228.02871324543725
678.2669546177526 141.4028849023525 224.59279399685633
672.5304939151672 135.1972009035753 223.69010589532417
680.1488928780411 126.8757027314961 229.80294556427776
684.9273678137749 129.03412350915022 238.585072406913
692.2092999699966 125.74992481007322 242.90936645010007
700.7855847145611 132.5036221751723 248.21898479109032
694.3253801447639 123.01787181167353 242.25203543252084
690.5070911697493 127.05273709161276 238.44166530314325
685.6792227973552 136.78009228257199 236.78327308347207
679.1198115822068 131.20897501766626 237.881255075541
682.4532556827094 133.7111495198784 234.6044224312455
676.229235793936 123.74181998822814 243.39784369119533
674.6684300949614 122.10494330979944 251.68922645226198
667.6728900428203 113.64820543946773 258.38110267437474
674.141242239856 105.93973820227832 259.09446569912507
678.0696262487133 97.00143772846657 260.4152464042404
668.8460461285468 102.40472497255374 259.2802533001978
667.2746249279728 112.36492066224527 256.95070826143007
674.1396101448229 121.45290962152359 259.8116895645728
680.2632620272234 113.58430303090128 253.06729349787167
675.6077786805224 104.89449708202315 247.5095983249902
677.2505856005777 95.24039396321983 245.42695444019927
672.313711049039 96.27877150952244 241.05601735553986
668.150736754639 96.28974640225215 247.34119074213413
674.0276389832012 100.19290072093801 249.7298396107041
665.6691156099669 91.42881187537978 256.3376853782096
670.8674528288044 94.52428950397768 248.1676200917598
677.9318433143557 101.87982346581904 254.8929584551928
676.3736293161224 93.34001992039381 251.97550171960538
673.3996470577523 102.12538067311294 258.49249381051254
674.6041385423782 96.42035957910976 266.8998775701993
674.4762848278867 100.61338757281125 259.9069853528659
683.4037827479684 96.99725095075232 264.5451943403259
674.4841241488506 106.22579576167092 256.87736800308954
684.0090326166855 108.16826350935132 258.3916548663406
688.8526758926025 113.58174169795421 267.3760994129245
693.6754837146475 109.55079828492539 271.9526645491007
695.115360357809 106.56289146652665 267.93864251576423
692.398169597585 105.40086522339782 277.7611302074075
689.9106652863662 106.46368284632804 286.5963061279113
696.1783057687869 99.10055792974052 278.316780045846
689.3073587605497 89.89674041360627 269.2965230892372
681.5697768855523 83.49846226622154 266.6087770076411
681.5888944238354 79.70088221438529 269.45867042460566
682.5469497214519 83.99727486277415 278.0051892428985
684.8895059482769 80.44555161760101 283.0331285347262
690.2049774014205 78.73956589499642 283.03846906304915
691.033280291288 83.25034849028813 285.34323950450715
690.4677268990823 82.26341186558803 282.30244239998615
684.4362398701471 91.28014953593794 273.0770061614378
685.4786486651743 86.96475966244746 275.37680367496023
687.9677442291717 84.00517954531134 278.2706868819841
691.9132533773804 76.56534950529587 285.0723925423634
682.5937507990836 75.72728341662287 283.72654391328825
691.3642957618854 82.1446371566025 289.63812336470653
687.198241756338 79.31043338005851 298.9500472199927
695.9734001678478 87.18983167421837 292.10270677621844
696.3924212023375 93.09271315707196 292.43148736819137
700.5006868161139 97.78783404226307 296.5631162156802
691.267353246036 91.13987493090606 293.86542824015527
683.0750634304515 96.21560400781426 301.953957760785
692.850970135198 91.16902002355238 296.4940249542043
701.8860356247043 94.21322623122258 299.9434060209618
701.9675406706639 99.96019676878203 302.3307001718885
707.3911916631913 101.14876596030584 292.8780798395525
699.5891210752532 95.79912078393322 291.53721994485784
702.9922510521147 102.56958753816868 289.8709507099392
698.2656197395877 111.31120257022768 286.21521889574217
688.7725656241474 120.7289040260811 277.10388096756054
697.8498897148281 121.07243008046898 273.9447669296084
696.4341559275598 122.54614408227282 282.72718702632824
686.9986688917706 125.21989878472826 286.70614120049976
680.0944127058273 116.46385530582694 294.19245157157485
682.5563911694722 120.7738286664437 294.31992098238527
682.8982352926313 124.76456516241971 302.21814822135394
681.6223957838691 115.05691692165853 292.2432856014385
673.2473179161691 107.03263420805278 285.26941134197284
673.3306580576747 112.18925589628041 277.9016056959661
681.7278855638061 103.18702944253121 287.22652204003043
681.9903271906896 105.57824873688752 283.09197251783496
683.1917030155582 111.34681756426801 279.46264878877594
686.9838014414208 108.47298732004805 270.11283947789934
684.5253867328614 101.79462463551532 262.9346252877982
692.6126756703744 99.47651674224272 254.82394053897212
694.5288836202963 104.09401835669341 252.31370044483046
693.8468122873351 113.22741235095086 244.94976917230233
694.0805837811432 122.960840698957 237.1648070846431
703.7995840346537 115.90993400119588 246.04793661298575
699.6317299200718 121.58878525661235 245.53731077575992
700.0215746553946 111.6211620032211 247.1280895418686
698.4055277540056 120.8211421913697 248.38316953172662
707.8582202776886 124.11241621569019 257.3075116185239
708.4312874778761 115.83986816764424 255.544352781297
713.0407888809561 119.56286474420288 254.4927815905952
704.5749284491542 113.89558901908264 263.9706526455863
711.2180599703322 110.37903926021913 266.8603594369305
717.6531394584493 103.95124276419033 269.4577028134914
715.5686458746694 97.98925800625871 277.1797682637255
724.8375223037194 88.25167806676633 271.079346860984
728.726686026959 80.27925998514948 262.09194431516863
731.3652285145113 80.22531223180754 264.8711109695483
727.9521107966405 77.26600333226556 255.8771790064672
725.4182655168197 72.83820053532503 249.60907155103268
723.4557654264551 82.56912050248734 242.73507733642407
721.826361919296 79.51819001422098 232.8174351958329
723.0745268602832 83.88438669399734 236.49255273828356
722.6601538213013 81.70240509644097 243.6202591323177
718.9260991824503 72.03999419587385 247.67999704200056
714.3675990419683 74.99295120247359 244.99022982907576
719.4251143372917 70.43928102767855 252.36859858419132
719.654648138546 69.15299522985529 260.81544275439484
721.0627461681029 67.14765476063177 264.2351483469362
730.4252371299469 72.44414793272337 259.4118068311622
720.7325448769915 76.28690567517319 249.49759901150037
728.6035511869075 78.16106881255419 249.47083942363258
731.9716794038949 71.49902623004758 255.54532601200972
736.9191433446355 65.82284177401455 250.0688483102128
728.3945922913659 69.76589256926457 250.18016094023832
726.1805824922274 70.16952984393883 253.95943927183956
729.0006808436631 63.70226195226732 249.72684498347178
737.1584442054619 69.59498106509781 241.82450510433856
744.6131692175629 78.74079371712553 237.26258762382412
736.5854942582355 85.78877833007354 244.10796867143475
745.012513871087 95.5742158075791 252.73761277294886
747.469723494465 101.1487491858393 247.7768424362787
746.4256275694887 99.52811129383363 253.49997551920134
744.7639309858546 93.01220600159206 254.5517609963445
751.3533243952555 99.99708738429393 258.49943829374996
751.560821234165 90.1355886323163 261.2538918228633
747.8462130194055 96.97850485567598 269.3655715942944
750.9902795745501 103.35664129218446 278.688782510324
758.5596818238486 103.97226104245802 278.5179736900233
759.9521200948814 101.87690997317132 285.55826559191854
766.2838739323415 111.86172925951095 279.84397555987954
768.6007390803791 113.01444215128753 281.01302337399983
769.1394415946552 108.43326670800393 276.0813591392463
770.3487001802519 108.60223723428837 270.9938493595375
765.3472735167551 100.40665797541145 279.48310976380344
762.1469986739061 105.96648110438443 287.69326024984065
766.9882238541774 111.45411122691459 290.94174010875315
768.8939180874661 114.65641925705785 289.042415690518
767.4475545328473 108.86696221357245 290.3117633743529
765.3410870171555 107.78972928488679 293.9469423079835
760.4782705914394 104.87872906783896 294.28485613546826
770.3864411745855 114.18439725277355 301.6298989356621
777.3561539628656 110.46693318544993 297.01938457127494
769.2673473421488 110.46774767138922 301.0792456726473
772.4505430957051 116.98837976020744 304.4195625646587
777.1668711183756 112.7283562357163 306.74962379848597
768.7827839166545 107.61244579392292 309.90948843375423
772.5864800051464 116.63885121940012 315.98964230752443
776.020064894956 125.7684848943836 308.8466452271183
782.2050866955033 116.40451360549243 307.07618729772855
786.4026470685676 109.56455827637646 312.2094948573032
776.6269507439611 108.6189084818153 304.27632208907363
774.9721937443503 111.96799111839483 306.2529547796363
773.2455648610772 120.69040419459627 310.53332523285883
765.6547298629093 124.94864405364194 317.49012343375625
772.5528176341749 125.10719798076404 317.58296620560265
781.0575669337703 130.34798601624934 315.6725469171372
781.7416639955915 138.05259083538232 309.6626224209526
791.5675753243736 139.6832658158792 315.90601596782176
785.6611530303439 144.40759482511754 324.14735843613397
792.2631700259509 150.85394090452917 320.59336388153156
784.3418578583376 152.09967394188956 318.6718650459946
792.6208688567707 148.70791751593336 322.7066461124717
795.7502523697954 146.51690854117382 325.7860823870322
787.0581965320018 144.3137675080951 329.2223135240545
788.3912440466304 143.37071035523334 331.34442468128674
791.7807244796477 145.8761673326447 323.4222877141853
801.747588400805 139.8788532368362 318.1492687705982
801.5758567746097 139.35461607528399 314.39712766973815
810.9102442845556 134.33076466415116 322.3766769168691
810.0834265852342 133.34038733397676 328.0120143270017
800.4159499291042 124.56422289399954 324.6671371276191
803.4938030967188 117.39541664198879 325.89529474005553
804.9494233768556 123.69006490223387 320.9281540685859
797.2909825342716 128.33213871214102 319.0806571581828
798.7465465137648 126.86294806455282 322.83676994338305
802.9730575950932 123.20288246391966 318.2686269711368
803.7840242945405 118.96351301669081 311.2705990197395
809.9414309886253 116.35588483781248 316.1934383578363
801.8968583855358 125.15832265608277 324.82180479456656
794.0900640170171 125.60566031069565 332.57970005793544
794.6781667115711 129.35773055016162 324.42695338084866
793.496085224847 131.37635027749715 328.5311385834978
790.0476998595727 139.4711086302761 326.89497226730464
789.34943495277 136.24078213161008 331.24181141888045
793.4293745004968 143.23923787009582 331.38385446804494
800.3514614461357 147.60501106706263 332.3051062851227
791.4550506706282 154.3598443663796 336.8913890611706
797.6270026275441 147.44308932601518 335.0382605294995
794.0862970419583 153.17964759041317 344.82428568449353
787.5108770593234 147.8884121575565 350.81784837939415
797.3735002870918 148.19320753902346 352.346432235254
790.6549568456559 155.43166746201388 352.3135482581469
789.2871881324977 145.58826528119513 348.9281653720559
790.9672117453526 155.5622737806049 342.03259933630414
790.5415417304835 147.02857100148253 343.70644935348645
795.1414582675848 140.64666920307886 349.1172876620999
788.9597448445326 136.12002348622576 346.14875415448466
790.1321790359093 134.664685917586 351.6929181396041
783.83057506234 143.90939059527852 346.5795055462304
780.1868100209651 142.0905534501914 346.7818852137794
788.2397950668419 144.56682119849066 339.8802042038412
797.5165315545794 136.54357514770578 344.6026299678958
802.0885328928161 133.2669819314903 339.572295733161
800.6631879419015 133.71973131570613 339.36638611130513
790.7865371426105 126.54661037849804 349.2148719871603
781.8490678064464 130.43396066176427 349.5864364255001
783.8921338733884 121.74476079825271 348.9575805150431
782.0160791315825 118.17401765835044 339.4175632842107
789.987547977364 127.97434085583207 343.41864796100117
797.6885030650003 136.1229553052475 350.6848471862721
804.3808346015875 130.32136930773802 355.99045775432205
796.1709936499037 132.57497505604778 362.86776339471294
787.0929421316636 139.9262832943671 362.2853386433598
784.0201228617825 145.31419282257355 355.6257995164447
776.4985650976955 142.68822883962855 360.5705437283886
781.3181914954451 148.68181508082617 361.9271852294508
776.2851212017134 144.6093363438173 359.54944643144387
772.6562424581938 136.4611193615721 357.7524356238326
765.4615612236445 136.083253669694 360.1580602859612
763.1957427565405 139.99450195367427 362.19838109761446
762.2921232219189 149.22005802328502 356.289241120902
754.7946563219339 155.38691490345553 364.59662409712297
752.129401514038 157.2762767164973 354.6968570047979
751.4838139810006 156.7451815499142 351.2947870229342
754.8968458406107 158.9736694835536 353.4734534000418
752.467502276165 157.40651631884816 354.57733877194295
752.9991293687502 156.43378030726424 351.12391256209804
758.3815103961682 163.92838693736272 343.07062777554444
766.1686534453326 173.41827921831282 350.5938506644883
767.5888666421124 181.9169595084403 341.7493716134296
776.9424655009967 178.52702310644577 337.65570262700646
773.6887111425275 174.91590484677855 346.2354707653929
765.3545862460004 172.29077494638787 352.58012138298153
763.2980733435525 174.6770113009136 342.68113124157185
764.3529500044745 182.54722878287413 341.89798478962496
771.5992082447403 183.44865134817636 350.9367382035181
765.3707284317352 191.57639802377832 343.7604907314844
756.9653470145076 183.16112185307256 337.42974074208706
761.9112965359352 178.6234043419326 332.53194626738525
768.3987201145828 178.1940131667202 332.69101432584114
770.9715742600114 178.10438410091578 341.8367419560854
767.6470184243774 175.571690932948 332.9552877510073
769.1732014621391 175.81865266225066 324.2012235290748
770.1987195265019 173.0580103818041 332.6981678800087
773.8143796754595 174.30979474145812 340.77388337349043
782.0957502544288 175.46436904733235 332.0630274796739
785.7859889827455 170.4532247215975 329.2585458020472
779.8776562934588 161.31592977873132 326.5606249984194
784.0393490107199 159.15496469883362 320.9728828523148
782.7949773403623 162.30920948787576 329.7465754812787
782.812486660516 166.00422768272824 335.3614032408742
773.9854317694354 163.95642773642643 339.72010099743386
765.3903691423429 155.27742246911015 340.5117623827255
768.2493095190229 159.0426688779741 349.45291431759495
768.9008110120182 159.55500739700335 341.12304633062183
765.8085099530407 152.3771475512764 342.7203849950074
770.7036239512214 158.18716348540278 345.7636742700224
761.2205979063044 158.52831943907904 346.2526810032516
766.5967811883223 161.3460508685039 338.81342694340145
773.0928328197981 162.01085097327757 346.61909950127756
766.9874056307258 159.73627934646794 342.23692571151935
767.9049057385424 157.8856887504377 350.29501179938853
774.7455835176687 165.23131386398407 351.74696197459156
770.9845548502007 164.31926527931589 355.1840321574727
770.4304826966716 172.7738046471762 362.39578285364723
778.8674002058285 167.57030968235068 367.35672509378713
773.3321866402499 173.96043195984453 360.24656650303916
764.4373597123652 170.1967351807951 354.7144954146242
768.0863265608612 161.2867086822922 353.50803042549114
762.1215832296089 167.16101416421512 356.6420474792399
754.4924401048388 167.39130782779245 361.13895539575697
744.5042547570082 160.31280823286406 362.9705072894969
743.6316611099533 163.49865272744853 357.5392539311066
753.0001531588944 169.93092633763928 356.7769263722677
744.7769494865161 164.2206648641816 351.21341100901367
748.4408857657488 173.57916140558416 341.4904208954428
741.1177606493777 179.54419410086697 335.412375928656
733.4708286236913 175.3014713685489 337.56440076699135
738.9371376257848 174.12682100916433 334.92713240862196
732.302469071263 171.6705396331858 338.90675319205076
740.7789957970951 168.87290279285696 344.1048394865247
731.9951722912651 159.83449825749153 335.3678897746306
722.396578126991 167.66976200535342 333.85726853309535
721.285294972629 176.63798379287337 330.4807704497224
729.6802740385712 174.2258442288646 330.2557728060634
731.3559880003903 175.12583961955988 335.45084064057266
730.7141315334727 170.17178374717753 340.0815782151302
730.9934040400223 175.75502440271293 332.13282774706266
738.1347913552264 174.40051339691587 333.51289844239216
739.2451007227444 171.12322384959091 341.8623250696127
735.2669786554662 175.50179360782968 334.3154352216127
742.3098826043447 167.07676748244708 340.29082630624924
748.3415124265618 157.1456872416673 343.9806524432245
740.6576139538196 167.02622486091792 348.2241078347153
737.6573087741099 171.79290158964625 343.7446595011857
743.2893322988522 176.7364105911148 334.9217697078697
733.6091795740161 171.01747141986 326.92741843209313
735.756898724084 174.635600399184 321.61503411617946
741.9559724914444 165.9430450757877 321.50954185760224
750.7032860235537 165.93271451082572 321.5733373516529
756.1528896000453 171.4050428139584 325.81126119004796
761.374220756396 177.66763617236896 317.7360510798448
754.0622608620519 184.70915162530667 320.81183234684505
761.4079063880515 190.50469852881096 318.464172742475
766.9019833919015 182.53727916392847 323.4948882647367
771.3468922917579 182.57218669935727 320.42882787001076
778.4790062850703 183.92617697630024 314.73624825147135
781.3561946760822 174.2863075759919 306.97871636238165
771.5877834122182 175.82723211992564 302.2635301630955
773.540896169481 180.62487148758242 310.2162017991667
780.6468168001948 178.73004569193716 309.5502831792642
781.7812424352895 184.9918085093282 319.3037358070433
780.68059124675 188.57295462018936 313.73349659906285
780.6379331529885 191.88260383082064 321.6798032322923
788.4077533276924 194.8968108510399 331.3380037340122
791.281033516409 201.96746555968505 334.51228153587425
795.1684463253266 195.55251507808006 340.33460482382975
790.9728788108954 196.66485489749496 334.20696079728566
793.7413488456892 196.94449223514363 343.0582937388604
796.1534562086426 188.059994096939 333.0792974847164
798.567036778538 187.87095496621734 342.2357207280322
804.0869026932809 197.07208254801128 345.71394777480987
810.46627807777 193.67193678820226 337.9768701100467
811.4199114624178 194.66572436095748 343.40518563718854
815.9327153862114 188.36223745342986 336.7862308203254
811.7636407522589 194.85998149018124 343.5044308685417
819.8261264847762 195.67109673550888 334.21417649885205
815.698510488749 186.95996102215446 341.18816883200674
823.0479621827993 186.80768734758044 339.25921979306577
817.2518676739115 179.30223080691894 333.8718264462752
812.5830642928656 183.3789400864578 337.6124657345288
816.3497460444868 179.08777798072674 342.5054981213308
812.7704363660689 179.87518160921292 342.533125308017
821.5782077026745 185.38909529042422 348.29038316480666
813.8541000580026 181.56404488354886 355.74241900258374
820.7493611408057 178.83159318875988 350.9840509596879
825.2921713013659 170.71371958664307 347.33464594647336
825.5589239873025 177.23277839672895 344.0187143809212
833.0328847728289 177.0023807741613 337.91529757548375
827.7321793507867 183.36215799855088 339.01074480300366
822.2398077160208 178.85108686579048 345.7753758941875
826.4368655300718 187.30480867055002 350.2812255585373
833.8832759221791 183.80885110039407 345.2910188910535
830.7327796405963 187.21729179419623 341.59159706969484
831.8703429755153 193.69795790508283 343.860468287887
839.2771744930682 199.89558040975663 344.99597273924957
847.4677051225492 207.52637439141026 340.04521496708634
841.7061923067856 205.00875556539236 343.90684954586936
844.6670999871668 200.8972242599089 340.30357507630504
843.7553879062932 206.59454211777572 343.1906739861239
848.1248232302311 204.60516105308525 337.70054372684257
852.8764158053273 204.1507697649613 330.19224360465205
849.0958631208779 197.77601481687347 322.89941693319764
856.1278364297127 197.0472228094756 316.5284955844666
855.6491012673815 195.7958378005365 308.0985552787635
855.4965762906537 197.15458123890195 313.37259599627146
848.5144526217746 192.41583940271707 311.4653355101369
850.8873212354422 192.9827370708685 308.5612451424059
842.8705038171556 188.22508463651369 316.26351529966325
838.692337900828 185.21479445312613 311.40696263073835
846.6915079856872 193.35251634958678 302.5909258431969
850.8753263631584 195.9979788591769 308.6511174964614
844.4919474204924 201.18935190600868 301.1819823079089
842.3815991373566 193.83603659215598 294.8469704585738
852.0589251964063 201.38038771730783 288.98271695091995
842.7905051055894 205.81198202728095 287.637901650528
847.242506933051 198.2034195988424 290.4776220696476
853.7579971530212 206.85404900893374 294.51288291034575
859.7615560580781 215.2623933619477 286.1774175587507
849.9517656785271 220.58900354196956 289.18415319092907
851.9632665538435 224.7100718619397 284.1038270561862
848.8039916829003 217.32413858402504 285.58735176589465
845.0811789282087 214.37955500201295 292.7683692044307
849.4467472219267 212.91619021305016 286.8396828149834
853.7251000145047 207.77573519590453 294.9660535495123
850.3831598146663 214.98665433459317 300.247566168011
844.0788251383914 205.2528331859455 297.24573816171477
852.5112048596739 209.98996350370004 304.9534854324157
854.3066874485527 213.3892457646259 308.9026959621828
849.2051312775426 215.656204604844 311.8791091632506
857.1034614789256 207.09455534247317 309.8471938835838
860.6752358249231 199.83326364349475 318.2660733447828
866.5613696772959 199.49310152548122 324.26770444237155
876.496150922101 200.3693905369829 317.21306681330793
866.7012073426906 194.8833928728396 312.9133525638514
867.427822331317 194.4660443582671 303.07980485677496
862.7924839147521 184.6148037325634 299.45419999812486
865.8431490161088 184.98255069803292 292.53196277139705
861.0337305720848 176.27283150583955 298.17748185616847
864.3330245805422 176.04429848615115 301.4242936282937
873.1833696116075 170.42179558687607 298.31224774109495
871.8290795445433 166.80924289652907 293.2665151770808
876.5173303864153 160.42296046155656 298.41880503845687
880.6080040266762 153.89350374371512 300.5440277389764
877.1392712958601 154.85391936916164 293.5752648795952
884.2746507629753 145.82481918849248 302.18973684270867
882.9518330723206 142.45883704936688 311.5445205386875
882.2829869248555 142.45035536890853 321.45161529399957
874.9673415949959 133.00703211010955 328.146005567267
871.2900912271188 127.47532683277355 324.51599498485683
866.1918777562871 132.04702501249193 316.0458483594375
858.4018454043469 137.15661715600544 310.67094993305716
850.9957069015443 128.3078954702913 303.9398257321927
859.9454565357105 131.69029284105775 295.5493022538625
866.7906783204176 125.80452775945506 299.33921811930924
861.8602804372639 117.45112922892704 298.7424243396793
864.4660359184525 115.28748630594293 299.85600836136865
858.4374942142732 125.16342669601728 309.8085920407196
850.888075702836 116.04059711657025 308.5622331150775
845.6155851416121 121.40136843642478 302.0971844920362
845.8382746889907 114.67090112877922 308.8942053132989
837.76451674798 114.93822810187609 308.75216715349933
844.8553429922347 113.5436807112903 318.22382750812557
837.2576412780684 108.51374146841178 320.7599419553905
838.6827974741236 106.00751674014018 312.68250867805136
838.0922100730493 110.95367571338939 305.18759477160745
842.97693139697 117.32138741773949 305.49260666250535
844.5764283150035 113.00928358817175 303.2684936645286
845.3999792670036 113.64188781212923 300.24828228723356
836.9981213454159 104.63341427533688 302.92393705060914
835.3092237010695 101.03141932719642 302.17081163270535
839.5100638636759 107.78176733652528 309.6096099164409
829.8235393104922 109.3529075363572 312.7853966873129
824.1077413304241 115.97577431609385 304.7708166333758
816.2447520819171 109.66786107290397 302.45206773002434
824.4900294164229 118.1040100501886 298.43883731090546
818.1929889380083 124.32989104467298 294.358773926692
819.3212900904037 117.5563364514715 288.8450771357177
829.0645147780299 127.16017655885565 281.2471612177245
827.9047174904512 127.21445366927338 284.0404078632807
822.0183827272823 126.24385945306959 281.5072440525017
825.5540452344187 128.6534172852058 279.68384559453455
816.3469814266173 125.44688788827393 282.67854021166556
823.1814690096542 120.44572549524482 289.1503489103452
827.2937996237732 126.44521840680326 293.62541618547783
835.7979823328358 136.1172647314412 298.3735713836518
829.2307060743186 134.63838466366138 288.9247290195388
837.9662844307322 142.09805022493265 296.9160387384147
839.1510959126141 137.54187365752938 292.57134884690277
833.4608554267174 128.93261726952363 295.0399254402288
833.2586345361851 132.25704166115142 298.1880786017493
841.8485466046308 127.0262263779795 292.67791482117946
837.5266696668143 125.18822365186924 287.7388727470982
834.7113101482266 133.7469423703705 292.234964821219
825.9656650553686 141.9828089167294 290.8962561236205
830.9688056506022 150.93878835926654 292.8540988384984
834.2523686917831 149.43258297932337 283.68389801939634
826.6132592351357 144.20136010422934 287.51402749628437
831.986657003315 151.38662464259554 280.18063756163326
831.02852295889 156.31990542485778 281.34090583958954
828.6683027269127 154.73283395336864 280.03238804223747
832.7785802297509 146.99685513790172 280.5059185872517
825.6826475539093 143.4593816890135 276.48782870696704
831.86753906188 142.68104416895565 267.29800723481833
830.7843058756561 146.69633826962078 271.2222466836209
837.2369190142424 138.1101267282978 274.2305017687468
833.8090330291892 130.954828283003 282.22594510121
837.3358676125077 128.73266177657618 273.79279953526844
841.5964300575848 138.50709384264653 267.24419232415255
847.1418750744574 137.4063693241509 267.28049874657125
845.1376465625519 140.04623602404592 273.0379434378667
847.4007935801487 144.57956192562355 274.0592526471773
853.8000986217725 154.3458004759367 276.5833286842622
846.8882085703754 148.526616256373 277.8460807255161
851.1894686079456 155.40900451521208 286.44765943462653
854.6643296164837 152.0646717356811 292.6260919340043
855.1918276695535 145.07514643917492 298.24809558134024
861.2930690751106 153.36377458977563 292.82816574782134
866.7814945550356 149.98287810722056 300.3133094689717
868.1690610347995 144.46756179842055 292.90777759278075
874.876986997507 150.4521358319119 290.5004701225178
868.2808391808514 151.39704150897143 292.8659005728217
861.5648868393681 142.57300016847773 301.2039860495736
867.3415083226117 142.49982435894393 295.1915795387978
857.4036259634288 135.44401711816897 291.5198431874705
856.440161250575 143.61078939049918 281.54517810104795
849.1804444366807 151.841994280721 275.4442514094027
844.6395933752956 156.28712690379245 276.10223817290733
848.1603407000794 157.38151418117454 282.4894829255302
856.0360876284371 165.3783124037231 285.33398513572774
856.6003517315629 168.65197531100094 282.8998706559557
863.6024368523431 167.52594834976523 278.1016663778676
854.562300676759 173.21798382773076 275.60596525874695
848.459826057975 165.34846915097134 266.69170294216985
857.9087517489286 158.49785753411322 260.4579447448748
855.5225909740045 152.787848032349 253.44443100582802
855.3084772342639 153.460352236236 256.0428969814193
861.7230364011405 157.9776905861227 252.03700400874305
866.5999358965119 163.20616910205618 252.47146012487207
858.5719274838192 157.85928739291845 245.40622062178616
862.5695132050555 159.88131660279208 241.102082962796
861.3805935951343 168.1443279274919 244.01276092523233
869.62325258832 160.21592977503775 240.7880910988948
879.1846798032219 157.9545150379439 248.22743553428631
881.01093753046 166.42259859152 255.50416139652805
871.7333676653362 156.9063259744518 258.90725656697236
873.450660231857 162.6624146720838 250.84852073198695
872.3202272484649 154.82407304482024 247.10027427767892
872.132501493072 155.40954258566316 238.0874975571404
876.0392748328389 153.26035543576427 232.878683152242
876.5742933931999 161.98011525532922 235.5509791280386
872.9018891860898 154.0013755819124 235.76324808450912
881.3233369231394 158.44921802799243 243.84312440210684
873.6851835455647 155.73899596002332 238.49971320461313
872.249633454307 152.51867477049618 234.82879626404366
866.7213963707061 158.14380024715416 241.24926285803522
869.5408958344589 160.2349068019468 235.09755709196952
876.4648607738393 161.46931367692738 227.6522071511089
877.9088201725825 161.14514954677225 224.33757198027308
881.6164198491172 164.27412304439503 223.30734239968913
884.7933232612801 169.9749721374415 225.61112628537506
877.4379862824921 160.38846912662814 225.2779234375292
877.1521186316511 156.50777457905292 223.23585191620367
870.2407157189513 152.60116384756736 228.2994130546142
868.5369125479244 153.27049428337486 229.31873916253656
876.2070590569921 145.02119825632596 227.49352300905443
873.2408488497693 148.43309825383548 227.72823005113685
875.9660389949781 142.4550442079286 217.93869986175974
872.8291182313839 141.69921618488684 227.59319970721012
872.5954760590441 139.71136977490383 233.16501465447067
866.1563024095227 140.07151622646532 223.96068016430945
869.655066330865 144.0855483721043 214.98305720818615
874.5719722950735 153.77429641248878 212.05473377565266
884.078802497097 163.4450305438944 213.76008678978184
879.435418786873 170.03903862401813 215.6861223999675
873.7899961544335 177.377601005984 206.56974559253518
871.580878004106 182.03398225986868 201.1126841901205
881.032250194384 181.1961763937732 191.8506530037006
890.943516432185 174.13096319644194 186.2369781428497
886.6120290218641 176.5960837789351 195.89270371878828
892.3733112574164 175.61496733207795 192.47175558233945
897.1604529154331 166.31670822710672 201.45834685814214
903.4785242272403 162.37658950085947 199.0927588398403
905.4103448839227 162.1375815065595 199.46967375647662
40
730.5973879214417 167.78110490238035 349.43235667160457
725.5244319090666 179.98817219142632 324.11815030173466
746.1696846855451 165.47820593969232 343.4106037894901
739.4431360423264 173.865625257185 337.07442307097
731.6077683438825 182.96717291807784 325.62980895759335
734.8068992467638 159.12261888734184 349.55744834385047
749.0204098927034 148.27618726642498 334.27590645676065
738.4111942914323 171.22391978847952 347.6451370386834
736.7207706232018 162.71695168093868 346.6958949146436
745.3766752162237 172.9960704748283 328.63729645882734
726.3993930285047 173.81135199903102 333.2352965672746
731.8807518784554 165.19660150665186 324.93947594791643
744.9711157272021 156.67153162564776 329.87843901179144
745.4064737933705 167.3689228954483 330.1642215077011
759.9342226680789 178.86913385075835 326.942007265453
761.3405376960065 185.42429639500506 327.4633945206484
755.8235651817167 190.87914130135516 325.26528562237286
757.9113437643555 191.3785960281342 316.94851459086624
757.8217341145544 172.86895711732356 328.0418368160885
769.8936157039307 174.1484343477154 316.23054979895056
785.9146190351626 182.04629932095548 305.25836425582753
784.5015961856828 168.12787451456427 298.50255216767863
762.9480453944795 170.38587903511893 302.52445973659286
769.7722616745664 171.28141835161165 303.3161611637093
782.2436849678936 173.18912889891382 304.53400262037127
778.0349103628404 183.7196407428328 327.8487267589046
790.0352679516944 196.05070330433853 322.1800639956605
780.3670586263323 198.04854062211265 311.7776192164566
781.1206060772716 188.55150555575153 338.4995998327965
788.2600798584692 206.26457339883353 332.3463351711729
790.1528950199033 204.10303825715454 340.85445431448716
784.8093600532197 193.04083436571327 338.1856304599513
802.169962245424 194.24751528528714 349.4949233151884
804.8808998299811 194.1282522977682 337.59406416259003
804.8812854054253 182.02401901982813 340.13246019061904
812.3423486098528 204.69155927714763 352.0916393177393
810.7657881450237 196.77161964551829 342.69824330156206
801.73804852865 184.78364354308923 339.47171113890204
820.7686969413669 197.32112979453802 345.05486423892074
802.3159283766361 189.8976334926378 348.65637428500366
