1000
14.64845216384056 357.3968271119662 6.984937256539263
22.457642825616524 356.07873096475504 0.4729060177632789
31.452647826020772 348.11332328173955 3.522453237957856
24.83663675902585 344.67401336185 3.325584294771939
24.90499504182199 344.6191355479561 8.226783371596913
34.32648332697368 349.41051138951514 14.820331878377727
37.17253192892304 356.95934404797714 24.768077022500307
28.47009726556708 355.8290580863241 32.2213373246425
27.619563425048195 353.4269146186675 34.211966741535875
33.95204532042752 358.44148646889084 38.942218658001124
30.80886062279639 363.1847775563168 45.337171718826895
26.312196331061855 367.3209987007587 50.40762704905073
32.85593143645279 376.643282016269 41.2682165313722
34.92064157653216 386.32643034327026 37.12140049081114
36.00720246506975 389.73637746932735 39.38738156095544
39.97170337707207 396.3582960809399 35.52184770826139
34.3952493910286 399.46565073053677 43.60154774124807
29.48727185002805 408.465866432975 37.76734505241043
28.85364763742229 417.82068206754775 31.020320904030047
22.10415913270402 417.8055203564416 21.29327424795495
28.60409547890471 421.33005176068815 21.2405371277155
34.7914659907575 412.1153189739908 31.14498345904712
36.31450483016955 419.14213476779156 38.469233008673136
41.224438270411994 415.99105261495157 31.001063377772756
33.702038918010096 411.2282456794326 22.970776116605247
33.011682427724864 412.33103718846803 24.779146823564787
33.95593436495264 418.6864317041806 22.097351179180773
40.75435585126764 427.91780967802845 20.356698385215836
47.031572055998545 436.7545849683581 21.758204450501715
41.14848753610808 436.8522002782044 30.480664503779238
31.79206634586333 442.8955092316892 37.847389933679196
36.18024691174494 438.89196505553605 36.803914278002296
29.76303224808773 444.1824591910368 34.71535912558952
22.886809928478982 449.51771614304886 29.768799644319515
13.931858710470237 443.8147572849682 24.875408683114117
12.241531505425039 437.8532250685104 31.007050545313476
2.5399347625404136 444.8389504127897 33.55688649289811
7.807213084496679 454.5319006047383 28.710474771859285
10.170921676385701 462.69191562241986 22.775597739839817
13.947890774285348 462.11103434048965 26.91229352875466
14.31923596503669 458.12380406068127 35.239272736368925
17.1334168744711 453.1446607409594 41.23195830767466
25.103129328465002 458.99226223551466 38.20589500453096
24.537823282696923 465.2015021286388 36.44835865279739
18.8510507750635 464.49573114126537 37.818407903827676
9.097985128046094 457.27475930022325 45.03186138254772
1.2854942567062082 449.29345248861404 44.66769669913758
11.059137990143991 450.5040033877261 39.99165163318559
18.994823803698733 446.1742761815099 31.913337552563082
10.907909317252958 452.6371915080268 31.634569115944288
19.098721146512467 445.1550944906094 30.54385749631166
18.35157975270129 443.8096597191917 20.878243788629927
16.12066708556081 447.5197702375762 16.3838550933664
14.208725699318068 446.7140137192706 24.70764735672241
13.589256203608766 443.8355613540309 33.58394853496244
16.628487249094825 435.32319733097125 39.4170780841413
9.557998118526974 434.8424703815362 45.56085605204248
1.9292585289548345 429.25549138925464 55.18310603923825
-5.113238964031003 426.48686160831386 46.102548113297786
-7.693833428513596 433.3396789549612 48.761771677577926
-3.8952909587802034 442.1424468300737 46.0830831402767
-10.550987941719422 437.7010765664013 40.933026095406554
-19.833309699380976 441.0484053846134 43.40167521552808
-11.94867366767641 431.1927017549638 49.45545802291227
-12.882904925967452 423.9202868110572 53.54675671308485
-12.114580618690312 424.7497842305926 54.51372066859134
-14.930274244135935 418.13083209159646 48.70495227973673
-15.314404904952454 425.0145967454859 42.47358538875601
-6.629092220613746 416.4631401673423 36.45369698568459
-12.184239680039667 425.88581918913496 28.36163596195893
-19.584362050089126 419.27114334277917 26.61015181683614
-21.293924542619095 421.0709402405095 22.133166723134558
-22.427891951875537 423.13399646658934 17.52370342096534
-16.07454608140194 420.2439815519121 12.624019051343115
-17.221985081904023 410.8395346451979 17.302704629482744
-12.76848006970663 411.4931324111029 23.4567290961594
-11.757939711133117 404.82975623357555 28.197709871018226
-12.109793984764519 399.0682214106306 19.193855387625455
-15.79951439634356 400.4208102110083 9.219636456246482
-8.198388639547357 392.6788016518921 4.547359982307226
0.570831447177099 384.1044855107951 3.3783252638952894
-1.129167521537601 376.5366374297681 0.4716960563276391
-2.2790263065391527 383.315558653612 1.8429046743385054
0.7582570940295006 373.6992193122234 2.6654140194196803
5.176807479891641 377.0102847670183 -3.7389576073442337
7.042614534044187 372.9872440311831 -2.0628134362115995
14.308407407870957 381.87960166479803 1.3596515263848814
15.99977704077647 372.7632627722947 4.194756753056401
19.001219075168404 381.66031744055635 4.1350334979842795
17.575081230287026 374.5723266783637 10.69845948457223
16.161926059590822 368.67216013031947 6.840387897404511
11.342050090451702 360.4739571964658 -0.45586490076508923
13.964472821260127 358.11064766521764 -1.4733502170474586
20.418404978571715 348.41783507209306 3.8950497412109173
12.160702914097907 356.9494009816355 -4.019794767404774
10.307945478878722 353.13071614862855 -6.323395434356189
9.700634076189614 362.8083569490409 -2.115739077877623
12.781241198685825 358.1309610190394 1.1587021307244738
12.033904772378538 366.2322366610032 -4.787127524395401
13.362025415511775 366.9663239340438 -7.547994851752083
9.280344278397859 370.7793118864999 -0.8066177825518519
0.8303225780516215 363.33800194050366 5.005762582267813
-4.5403003390319 355.82111884494395 0.27715040406820357
-4.9562181299124735 347.1762221731397 -9.441779246156083
-0.21943827236163038 352.0907121770511 -4.679541093159127
-9.366233745735874 345.6250099066282 -8.041353097923436
-11.69228033053599 351.05120420939727 -2.4437250579889565
-11.595230083418965 348.6209757986647 6.199109623163682
-3.523788779768763 356.4598756270303 -0.22473122100062337
-7.411113304776006 346.89576133424373 -1.1143596294532108
-13.03010037420605 350.32142297825544 1.3537648719294517
-13.178195464030768 356.16344112451424 -8.167289393414542
-16.211837469476478 362.83535142754545 -7.548829719429008
-14.654828388112222 359.5622484658318 -17.13899859219723
-11.718930260838547 351.16105625783183 -22.54497991341657
-2.680210154545936 349.58811842414354 -15.005625626211488
-10.35608485810324 347.7484467135151 -9.76725891936568
-16.345524286839712 345.55840647341296 -19.05092794613789
-22.141751814987693 346.0479544294745 -13.990282941487
-14.838375465773344 336.5281060210336 -21.046714003676904
-20.323781659770134 330.4833667302465 -13.484262983458597
-11.69253188649733 321.0013448714942 -17.23784208541126
-17.633133370864766 330.8665300570634 -15.908157650939724
-16.976353350584724 334.4882735320657 -16.752511606121477
-9.976889378062275 340.212894937246 -14.16158107131998
-3.827042602936645 346.7333844401628 -21.333900425812395
2.726082166653481 342.7463832038906 -29.74647512239773
7.224717418410991 333.9706863916381 -33.762002024238356
6.778159044100036 330.6000151933616 -24.260645549388766
10.577711396501613 336.75971449638155 -25.44523175348106
3.9434948457915135 346.73009721078074 -27.404476718608564
-5.521288752531688 351.54147456835824 -26.28891548265565
-5.52562924345275 348.8723461409997 -20.752538068114188
-8.32093742875381 348.54652781080813 -16.28172184763418
-8.636741351229244 339.8496432972064 -8.004188951722659
-2.289410082357218 332.50321199533397 -11.561555142206599
3.6045160612433254 328.74328917527106 -20.78992494106001
2.222236245418478 332.669044438547 -23.803647592930922
4.159998218247504 337.1145774461725 -15.275850958361133
-2.5207761385739262 331.80978265535873 -18.414197629042214
4.572246635990983 324.14453218314793 -26.47090287365337
7.769412835701218 315.59929391291513 -24.95858885961689
4.140768667083822 306.21095674781856 -28.62499640498789
-3.694809134781929 309.6654066763332 -33.957544194229186
4.665190445262338 309.8114737367208 -42.63721965319648
13.16559901082217 315.6957288960773 -39.01965134776987
8.204721658620556 312.3778247485239 -36.58016533415134
-1.4872503863778022 316.72924606686587 -44.689515494188655
-10.81421591057251 320.00678588054365 -37.06078851339462
-7.525191764936139 322.18769993767177 -35.466760299483454
-10.230328001484432 330.0712366676928 -37.50937581629162
-13.924112544880252 331.15571291379666 -46.93154037855416
-22.079980214083285 328.72264687370034 -54.49876196710456
-14.074621059265867 332.5368905971823 -56.57478103524562
-17.842194138929777 339.40350553911037 -63.50393938770384
-10.785371039351302 338.60909244824734 -65.69610779167742
-8.001479432336762 340.4417446316479 -75.5452591088776
-7.5096027675679355 340.2883732292511 -75.29961543080785
-2.0464762752250625 342.91201750147246 -83.55271099584361
-7.86439023768823 339.3757675614262 -87.38767789754671
0.28180917188691623 349.30896636458965 -93.05451589178723
5.404983835078837 352.46328676076473 -83.6477340094365
12.545748174348944 357.7234929648302 -85.47390124130075
4.849444612460686 348.4867905942771 -79.0842417045071
-4.50808813479937 340.21164950010575 -88.87213872479312
-11.43931606927785 337.38042489864597 -87.85504610726115
-8.382003303492864 333.44025870749266 -95.60517083527463
-12.286469794005841 335.7859960027013 -103.37520085085852
-10.075742235010734 330.21634788271854 -111.02756787236311
-2.4231967720611385 322.2036079120361 -108.00813220170488
-4.23148902795878 318.61505259056645 -115.92684798866347
-14.175438214588157 319.3060354233433 -115.44941877806224
-12.837984309049574 310.34782223986196 -106.8783791671712
-11.404354638412585 308.78441907520846 -113.69719430133894
-13.233050117466192 300.995256054813 -113.74548683121367
-10.377984825247173 291.8967468694257 -104.50620177745432
-7.661704613864824 297.96686430735605 -106.09277609361587
-0.45699618222529104 293.1787024152296 -112.05832212286582
-10.133970091213401 287.61402723513726 -115.55490803827068
-3.470432985211101 296.28677870515077 -123.81059738025832
-1.3747839652976195 290.9864690153063 -120.5469883897656
-7.619836612573859 298.4322558991095 -110.56027168469996
-1.6788106775003602 293.3868407826044 -114.52325395420306
5.470161030998492 285.4086712722311 -104.88817218378404
4.1393421935705295 285.2956636846 -107.9743539213028
-1.5917399304777344 283.20486683667417 -112.12367185750543
5.281376943978639 281.31206412163664 -118.37012443714492
11.595823140728132 272.7807401305373 -108.72969721917947
8.882532488313524 278.99984160190485 -111.83479527933538
16.14785916650402 281.23580760249297 -115.25796900243722
13.289549618453945 284.2652268166206 -118.60400680289162
21.578401753782053 290.97292374870807 -119.78609323115482
25.08989847611894 289.49273886357213 -115.54656230063479
17.76274212516308 296.5578818933616 -115.48987922076684
9.419750190653172 287.14707907522984 -115.15722591400707
3.5821200298668803 289.89987816639587 -111.84009975575194
-5.189100871265504 284.46034914264465 -110.1581542256979
-13.038128580792787 288.8490705832279 -115.68368847369258
-21.08501597059191 298.79390946552763 -122.91897380710532
-16.33783502284028 292.65174266165167 -129.72502237676332
-24.266416710681316 289.11820656939705 -121.33082317565868
-24.563119570949407 279.5889017907368 -118.13100512034246
-16.557202189563156 271.6863075902737 -108.3881653601932
-14.327767052893348 274.2819627442491 -117.3999157961679
-22.712673900008717 272.6184126009708 -117.26827000740187
-28.28040403374174 282.4982223604143 -123.1868463408514
-24.70955641223066 291.67145399806327 -121.50606158343238
-30.563267549399704 301.50234799834556 -113.47362105512622
-33.5356760319216 297.1290996272404 -112.1876319329328
-31.187464065376307 306.4119943338698 -111.33437879525401
-39.32103501413816 312.58644157661263 -104.99515672927596
-47.14186037844502 310.29428577792487 -111.32603821041438
-50.92062549594015 309.01085058235094 -105.60407928973517
-47.01402928156174 315.5998667582637 -106.40039474424502
-48.480809023186936 320.65337698267194 -106.28230326567468
-43.50613017165396 321.14687967201655 -99.53050850584076
-51.62503814634239 324.3879415419086 -95.7620801826481
-45.44839350466881 325.67085705920925 -96.05825715183443
-49.71606588321825 321.1277168980619 -99.44658169582951
-49.12166980576338 326.3267790489053 -91.24866266497241
-47.87069936848285 321.8641220298334 -81.35157527985238
-41.59294950057518 325.4969934487693 -86.3655743136277
-46.583927359856816 323.36917498054044 -83.74754502613882
-37.17665255354641 326.8535821939526 -80.83852226207827
-34.68464837339206 329.6841508054224 -90.03249808262187
-27.47134470594955 332.44595167861115 -82.0961595879007
-27.17868503483846 324.4159750315675 -89.26340098554198
-35.207509696849655 324.23635793953946 -86.39344212983717
-38.425789360044604 333.8047749560282 -79.52176446228523
-36.42145485119015 336.93042099321144 -71.925590725528
-34.362095114553284 334.0475250978599 -67.82818007101551
-40.64734850998189 324.8052642478468 -67.41600111138283
-49.6802375599239 320.8070260133903 -64.62762449275297
-54.6511425416867 313.2678713792914 -60.602490034103624
-48.392835173955454 309.3369319202695 -64.87103854938434
-50.30561738687224 318.17855846935294 -69.97677547529699
-42.81552767946768 318.808095972866 -70.41123009343967
-50.87787554914476 319.3374595230363 -68.06276803497103
-47.689527907281466 326.89450945676236 -75.6774319328007
-51.46854685736299 318.49572877286846 -84.65143620636965
-54.99456099103055 322.6304583841817 -78.51586460627645
-47.449101646805374 330.38314810973884 -73.74293791068828
-47.64091938162274 330.9773356366539 -81.13289045080289
-51.63936513989631 336.3263816806376 -86.77822512874098
-59.40333667272665 335.5490653798117 -80.85579075267759
-64.63178867496462 330.7391784484008 -73.70089306107434
-67.4661129088176 337.51687504382375 -75.21785340506385
-59.52801785306737 342.6752557149658 -83.04565899067222
-53.436712784533334 335.73747935712464 -85.64508342284249
-57.25947386491998 325.9249037529185 -95.17132598706904
-57.36593871086175 320.908906852245 -99.84145030534218
-63.91773582922285 321.830992207868 -90.75137394771347
-69.94331359635643 328.5797657921014 -89.78605717065973
-71.70556052951312 332.31777248696255 -85.98432079416467
-76.53403165292494 336.6050186818386 -87.12182370095367
-82.56291480677511 339.82267341756284 -82.79041904420691
-75.07007131402285 344.9556782597079 -74.65560167398664
-72.14153504782696 341.46598536531724 -73.39403823454634
-66.7285167601573 338.9705465237159 -65.63914697097329
-64.5549605976288 339.89586706634384 -66.31447513806584
-69.7144263428186 333.0304318547875 -74.36749601367814
-66.2616293561165 323.3080102809991 -68.92442248245305
-70.66498704265118 325.92217179796836 -74.79352272374648
-78.8869594912807 321.1438190389926 -71.64403399143552
-82.66471323342756 318.6785623588473 -73.98429694084388
-84.40176256681222 326.7837600039943 -69.77125222446251
-80.62035817537686 335.4927709484758 -76.4252321570105
-81.34579122435399 333.3557531848932 -82.95370192615066
-74.45412014726409 340.10711166086526 -77.88294522898369
-65.3570783189521 335.2357783941913 -75.150491118099
-60.17177965265223 328.0602495068056 -83.06733996193269
-55.19828974217888 324.918312120041 -84.82100911396003
-46.15833950434347 327.1488288393525 -80.00310072715467
-45.09001634492296 318.18582168238765 -74.54223968783796
-47.07135561081246 320.9470219836211 -80.74318546606192
-52.91016650837348 324.71093920956355 -70.99917805119532
-52.51494250145398 320.45364063673566 -79.16347884973337
-46.149208403251855 318.1226699901423 -69.93991723469436
-47.07929460575365 314.6447659907782 -62.724760599164505
-37.28252134653442 316.00960916536144 -53.45207345561256
-39.33920616935683 320.0280195851401 -51.296466337654
-35.39212238118181 325.8972393878726 -43.38137812203759
-31.691430629109725 321.91398882683654 -49.81086873254833
-34.352396852894664 329.1443115794735 -57.637086236151724
-35.7143217400072 330.56229511359265 -61.6635330582437
-45.661374605195064 331.8187790598129 -67.47199809353194
-53.36542984204952 338.58727331369823 -61.2118152530162
-57.20777169098157 336.66620644533407 -55.20033238050499
-66.34029214462652 333.9930283054355 -60.10312106480395
-75.29454619804052 337.6602972193226 -68.44404259913115
-67.39069210002954 332.9835621776526 -75.81235910407875
-65.87753248424549 335.42017020474344 -71.25688375784178
-63.688074621273394 332.585109866857 -63.82155314543911
-57.30942326997501 323.0471153219026 -62.74940332427914
-65.3608456255627 313.6500102166341 -62.816138815895194
-60.898667924617996 322.38755013059864 -71.77073554892416
-52.38262432567866 325.5221841591763 -63.470454091228035
-59.457895873975424 326.240048891153 -64.74232855519077
-57.740223963671305 330.90721728329174 -64.34367718998074
-60.644016156809116 335.89436827409156 -56.30271649162533
-56.00829465700762 333.29992650054044 -56.25981349635198
-50.35950282630346 341.57563737336847 -48.48875511527187
-54.05164795108474 336.87303683795767 -51.00536477694814
-52.554640277767085 340.92925376566956 -53.88166903107214
-57.187504233307514 336.4288434633706 -44.13766818152162
-50.909548910794896 336.12257351772905 -36.72117960203347
-43.76096455758394 337.3931766163986 -46.25399593377191
-43.02302428100378 332.83310472787906 -50.227818148611455
-35.7921155234831 339.1765321310129 -50.00458102470565
-40.61123935618127 341.60454500837056 -59.77953629523952
-49.33234148794645 333.0813896158191 -68.22970856022133
-55.95502517605192 332.34800855613514 -60.42779024174983
-58.16164148099439 324.54660526245584 -62.756391512786124
-63.32279599001121 319.73071916957707 -53.73196140867121
-55.540118685195445 325.5220280411487 -52.83237385696945
-56.290132133288026 318.35890359346325 -60.23121566188754
-51.36601280786835 311.79539704516077 -61.43282019057882
-54.670485627166556 308.2004089118665 -63.90112803603148
-50.931055208938375 299.3609731797437 -72.80262579662903
-52.887025720170406 296.2992436887996 -70.60005357497369
-51.77818421913854 303.99334069672454 -61.456430483322805
-46.55161025093873 312.9807840312036 -67.97689572036089
-48.419681478198015 307.3559558962558 -77.62177576179717
-45.531694829783866 306.44149538210286 -87.57275238327792
-55.168952097103016 306.25545519431995 -95.9821962432583
-58.66670373771721 299.3367370742335 -101.67385590160075
-64.19930848221587 301.0049751899646 -100.86222533811906
-57.66946329029322 299.8444305956476 -105.27150911639382
-49.615318522532064 290.2635525267659 -97.32513290625107
-54.54693092242955 292.2922093796636 -99.18428548526467
-63.52771375704174 285.72351695827973 -97.32921587416212
-57.836421877027696 276.6199202833275 -89.10330277705674
-52.76071658714923 275.4408381779343 -97.20870800093437
-43.96201876451283 267.57018639674084 -93.45619550286794
-42.82996674656044 272.15790702164617 -94.84056486545175
-51.3722758019012 265.49161407273976 -90.9565310862337
-53.56476352146517 265.53523384907936 -90.23244632660106
-57.881468127147194 256.98038722708964 -94.34241498292633
-54.49601557850911 261.7859049559962 -94.45041590884892
-55.00795705735425 267.4980009932811 -103.33029640937984
-55.45534618128919 277.32144851478404 -99.72643207298339
-61.951411152992506 273.37957592410726 -99.11191158038467
-66.52147312419662 268.1472759423347 -101.24560870996685
-63.96684511696936 269.1171783892924 -99.5461879320595
-65.92784052809823 264.5087800033273 -102.68881799407245
-62.47057826112139 265.5079395850669 -102.82493699437313
-69.77994088013972 270.8833962631942 -101.74392910609488
-69.08328127945926 276.01947052881314 -94.02408818666781
-69.21581481115346 270.31613199702855 -88.22486085710996
-78.39073147714255 262.8560745653712 -90.3902555945918
-71.44632929423052 259.38175415809883 -90.33149345601218
-68.02775897818154 261.89852836474404 -86.51561438551093
-70.6326423818506 257.4215752987539 -91.19844631677817
-79.02013519540854 248.94070422508324 -92.837683773149
-72.9325460831577 251.1265271995401 -85.59903682623253
-69.16196350464467 250.458293283831 -84.49726306489036
-70.86764323057288 247.36647414167433 -88.93154385736948
-71.9527124161382 242.33880123523014 -89.48284917784127
-65.36016397512422 232.9741529660216 -81.30941130152857
-69.04247087805797 230.8159831177337 -80.46972145112501
-67.36472647432218 238.91508853369473 -72.77870141827259
-65.99394855962186 233.71444266174484 -70.53034547632448
-65.33151018666145 232.49963247789267 -79.60463405768897
-75.13912468164426 238.73089942082277 -75.11124961460584
-73.77232191205398 232.3098799778349 -78.57871270561314
-83.39458554102201 232.23513433125615 -81.21968133938546
-93.29186467575421 228.81739666038976 -89.90863372945586
-100.23469493895337 227.62162366200664 -92.79192159883478
-96.27345980428602 218.61370377699197 -90.54796627175315
-93.6675394991238 224.67049350587496 -97.13054567839124
-85.10146707778044 232.83110789950803 -91.57984630399612
-83.5364519636539 227.63014294593773 -96.60557473161381
-91.09512545905095 222.44374206226314 -88.76427997427135
-94.63858216660448 222.14701167138537 -93.2344836443006
-98.37716992891113 217.92983309930727 -90.74698100141504
-103.02394368309486 222.60675547116895 -97.59744441818711
-96.77161058922827 222.4968236600158 -97.70825714796072
-104.61049501130194 215.21603764467133 -103.35877583157641
-97.24227173362864 217.03047212702856 -102.7991229175399
-103.39443222854587 211.0407727865328 -104.47493993103997
-112.00520408576284 214.00741717281727 -99.8353543467361
-110.91022409736495 207.56948440539844 -108.4265916847277
-104.2890501345181 198.78025139105088 -116.25444342329814
-108.16849286057978 199.20237713947748 -106.55830905503424
-106.31727206253522 192.86400409038365 -97.52898546503754
-103.60981881504557 185.8905472080716 -94.53121798127734
-101.9903722533569 187.80769542792208 -85.02380766645199
-102.92775687917144 197.557524418757 -91.14316720739019
-96.22761772198236 189.29617511613102 -92.87405273528512
-102.96236370385341 187.25507614032574 -93.8130463189563
-110.92382930836554 197.0156683896584 -85.5334706799552
-110.93778707254893 188.9513857814984 -82.5348705988691
-106.67023416570855 190.93571125199452 -79.39343604750181
-115.47330168049845 184.60505815094433 -88.73987614905418
-124.89977084893395 183.37641738391292 -94.28598856039463
-116.24664427361841 192.39683888528174 -88.64424165265005
-107.9348843158437 202.20643357581798 -93.45499502913273
-107.75424360352524 197.2942838461487 -102.57629480499563
-106.44157651031307 196.39687442325013 -96.43428665156605
-106.58986216249824 194.90572939404322 -88.22877039839584
-115.43535515626715 193.9240347683053 -90.05752624362196
-118.92316951830821 194.36639042922693 -85.87177803425102
-119.69625846293708 203.07832775716417 -79.20819506359337
-117.01520025921172 201.8866957434853 -76.49547839305858
-114.74265440389307 204.51897702942293 -81.38766253142543
-124.15776567341806 195.02459452682854 -86.14774711393866
-118.5423014828531 203.16873708083992 -90.71005743342691
-115.72136547430134 200.05897834526553 -89.68423686109466
-115.7244248077471 206.84616737631814 -98.42092514062045
-116.11482286033147 214.1552739438878 -94.63470162418896
-108.90064057273841 213.18975351115122 -101.44590898621009
-102.78216190635544 207.0733609008702 -93.41839866139482
-110.76581202653239 209.36923945998026 -92.01588474128941
-111.98477829371092 205.52818700652318 -90.27217260412331
-103.82320790492093 196.91845746045502 -90.4941694639394
-95.39315197596426 205.25944137671073 -94.88879839988789
-91.99699576892979 204.19107376922335 -91.13522272628035
-91.26758546000016 204.9461630674212 -92.72917848281215
-87.1278128449168 210.12115728804963 -82.94106589869045
-81.43471098658375 201.47756410499412 -84.03434159596956
-71.65577620601731 193.48799248719305 -77.29474382679159
-73.65151375778802 201.35311733639722 -77.068775577009
-83.48238102129683 200.6724138575727 -81.91931896095333
-81.6586094516322 205.74642538409148 -78.53011589637502
-77.48709029636366 196.50189772621158 -68.54553763191433
-72.94960517697274 201.88947705692522 -66.2586074154307
-76.73376624576649 206.75207401266954 -70.48704737200762
-78.94383031697706 205.8481548551746 -70.83400297440873
-83.61574719940236 197.23050252308204 -77.8839731688765
-86.44808995917128 196.04194128037472 -84.2770839483392
-83.84479443254524 194.4388539802124 -78.23746670840427
-91.94423991327272 189.03195054902767 -71.83469544364776
-90.20243398551186 186.28197832904692 -67.7728918250783
-95.15210501594298 186.4465103776803 -69.57086843468522
-104.986791796072 184.1298618172841 -61.11003205949382
-105.1781360146047 189.6353770997844 -52.70033816024511
-109.44353495266344 187.2622874261027 -48.548529709232625
-105.72544674641561 187.51739973952485 -52.58614505037626
-104.59989551971105 195.6665717957328 -55.92579751357445
-95.67412621307888 198.4785719994103 -55.93079819713576
-99.16222469351335 199.5716455967241 -51.568345501822876
-93.08532927653137 199.84335652008764 -52.01272119017493
-86.9052190152683 202.00813768967816 -61.161314916446656
-83.09525112839312 211.41658352324595 -71.00548334285595
-80.14518842188888 212.63070917214486 -70.90805187791779
-89.62106463456108 210.6993247026719 -71.92176150213457
-82.51700414885657 215.83009576092783 -76.12564376200251
-78.60255153898342 223.34516428774785 -68.212622349812
-83.15513678530858 221.4899163020674 -62.17461181298207
-79.20156323726874 223.9118191711457 -60.68387644315543
-84.89629637391621 233.6601710718372 -53.27629788556503
-76.20507063434417 225.2381328561534 -58.88333313629851
-81.95177756313514 228.79897359347203 -62.28846025975801
-79.29200420808387 230.49247268182384 -62.43613212753123
-82.14952083367757 229.12702664081104 -58.46303342083238
-88.46391183061672 229.16272525336268 -56.59592445393634
-86.22924786771107 234.99529583311596 -50.712995760813655
-91.34905283319914 235.42784146845878 -57.32388068394947
-86.96020161607476 237.14375663977395 -48.22456323240243
-80.03096664515576 233.16142564058802 -50.56628614406352
-78.47783902731084 241.52089338521284 -58.7022730150537
-84.7674762672484 234.69023975285603 -68.4790662557336
-91.70658960876169 228.31439492065962 -78.11109091636575
-93.62776040824451 227.6658540244864 -78.55466246382197
-99.34673354674709 237.06330982286823 -71.12494099450905
-105.88791329041162 241.57641830963144 -61.25381817575682
-99.7065839171824 249.86935646052387 -68.38025356361996
-104.94066867893714 258.54217204572893 -61.57226120172996
-106.47622115059568 253.2745392992409 -54.84383289646407
-111.42578598783552 255.25460873734093 -49.347949240262174
-109.79835084996648 252.35924522489645 -39.97574121446506
-102.32701321002624 257.00247562407867 -33.378399085913514
-97.96271455945843 257.3004528874557 -31.712616911418532
-103.28724750163146 253.967487612727 -36.226687918050146
-104.92438066630575 260.96051272852696 -29.832399525923485
-108.07659019308443 268.9509926732774 -27.03207506674496
-98.39261168746967 268.5505206616251 -33.026430294845994
-93.28132700662646 275.3022965625016 -30.69976678099183
-96.4237525315818 267.0830135904104 -23.435117639717344
-100.9476736423882 269.4832679412564 -30.733308796614793
-102.91454972185397 262.9059821013817 -34.48827959928423
-98.76541373491932 272.80057004815865 -30.081398361192637
-96.69141197696531 264.14253409433223 -33.38786854799083
-98.5231319173717 267.28565923664036 -39.935284009359755
-104.67460865631351 259.30504314397183 -41.42676085687537
-99.97817336079484 251.6657885599486 -39.53790666315809
-100.17437371345929 257.97782637353794 -41.51402379526125
-94.34018714473441 263.159154537291 -38.274072344445194
-85.42085600755884 257.1782947407746 -46.74124342719168
-89.63245965599208 261.8532274284559 -47.12899244119714
-83.18626339096612 264.4541813502152 -42.4686676915566
-88.72122572627666 261.9805539920143 -49.2606684142839
-79.72113025647838 267.43999488868815 -57.72287136020777
-87.24603344717907 269.2525852147843 -51.02824976558691
-88.67079281861953 270.8593893131198 -53.02821407979016
-85.89367051244822 268.48734852407176 -44.5565421976014
-79.49249855189981 270.4164382025922 -41.74859353051763
-87.61432641438877 271.4585232985586 -49.29728776545958
-81.16572708216336 267.952081411657 -42.70581985108
-82.42183738730677 266.04276929298817 -52.1067992142238
-76.27622661773245 273.1717901838531 -42.38096694441049
-68.27844316493547 265.15488666000346 -37.093134486966164
-72.20719928197704 263.5020500004319 -37.624066618766385
-76.0246931153694 267.50362189060104 -27.949870487012085
-79.6841100290801 276.96140903504545 -30.818653815258536
-74.13297745659202 269.5411562522011 -24.406477673831485
-75.97806453406021 270.64514395842355 -21.494192179589874
-84.46377089215858 264.3229699218809 -25.28862490569462
-79.52053930403962 267.950783855061 -31.55880965252153
-84.16723767124056 271.9601233924708 -40.75779407969941
-93.7292375667618 274.16040005607533 -35.42762582480189
-97.01841859034042 274.98249053530157 -42.87225003157879
-106.91435131352439 266.5127532088263 -51.88037244472067
-105.26681576139002 257.1112836577587 -48.223334210702774
-114.85074152423616 250.47723209341746 -46.57417433801911
-117.16005917442676 244.01373711481122 -41.882837834539174
-120.60504190964737 236.03757943777453 -47.550920558160236
-124.92076164412464 233.45168771946527 -52.93387578769746
-127.5384243939101 227.99556962993523 -43.26469928463206
-125.88628120676756 232.89663447682068 -43.94014608568878
-119.71387914326918 225.33416294256156 -40.02132646793309
-117.87366633243118 223.23158916607827 -41.71178798939202
-113.61282390525142 232.21769835206658 -33.37263505122823
-105.82669103610752 229.1064450535117 -43.26039160836019
-96.30812360616673 233.86983227188674 -43.22614133173433
-95.14479693715685 228.58597416999353 -37.9494648324181
-91.27041062515421 224.70747783682654 -34.52722032137202
-82.07605819548678 230.31650179187716 -40.61405766512619
-88.6165657693498 225.6755236135041 -42.857880280929834
-96.40673286082874 231.58421266858224 -47.176340191129135
-97.60773636197663 233.51177253349027 -54.72874653999772
-96.14009717963272 224.43834645974772 -44.75271426506838
-96.9189817406586 221.0169290168614 -47.61770090264761
-101.2951977780373 220.01239551703839 -53.82726662041257
-110.287640378463 218.45192437864984 -47.3781785236121
-112.5875297355295 217.88143039050345 -52.40478687650675
-117.37560026653938 210.82113683816473 -59.8931023474924
-126.43262381424333 206.7776405880287 -61.5046247040304
-130.57794712002467 203.04380504474082 -65.50169040142512
-129.43133872640863 207.77512189953262 -67.83282176207899
-123.87444612428297 210.39314566804813 -68.19487378457384
-114.82435017131701 217.0920325380382 -64.87820065887458
-110.51677256420203 218.5663705933525 -73.42760931354032
-106.29506661156634 219.83487196761018 -67.41906682068979
-105.19198140294252 225.51054393500885 -62.22163116893831
-104.24795956783997 218.90250264129352 -53.275292160228375
-104.65747297568501 223.29508729600775 -49.92925501475794
-102.0721939440011 217.9072469491333 -48.62848384475768
-93.4009358848929 216.26266718251873 -45.46089745957369
-85.75753434138689 216.12706464226346 -54.07835365792543
-88.26007351424016 209.00981464736245 -58.57280317879444
-92.62870488076442 202.65517055149212 -60.64720841637065
-98.95709197718472 203.90305024543218 -60.692375196473435
-101.1434896644097 209.68330195835358 -56.76995906060197
-91.82633529633138 217.58731280760685 -50.227660975762255
-96.35478034539362 208.86107452716465 -56.33680528415673
-92.10232752457237 210.7568967898451 -58.69370288802402
-87.87109671988043 204.70565019224978 -48.94582534008826
-84.10991801135275 197.93806181910384 -53.09776473676705
-83.89812372935585 192.90116280224504 -47.7828339601851
-74.75504079867753 194.17674037766758 -55.557870583124554
-78.85781012595427 192.21389694775078 -49.64325088074146
-78.71904135403277 195.90644468593808 -51.12098079336152
-76.26161663041715 198.9440026783495 -44.49027573036613
-81.08956167697058 193.0415649395696 -54.4552923038607
-80.52731373771911 193.5228375728154 -49.304262196400224
-81.46188689659284 189.7132410615301 -56.040892309581025
-79.5284281780873 186.99310700180996 -55.76946594304791
-80.33986430337481 178.41764664404485 -65.1560311143838
-86.73660776888421 185.66464152732635 -58.363883450495294
-88.16245368733084 187.92049368910494 -56.55456102808649
-85.77426405655018 180.1261154843003 -46.996165136992474
-81.58785453107437 178.70142834267511 -43.96374673235825
-76.76312405590487 179.02278145890716 -46.31250802031392
-82.50755879120169 177.9642248464761 -40.299721891957006
-86.37164704327645 184.49085246362893 -36.70104661649522
-78.79762617980869 185.50516396071825 -41.61009497604365
-72.9852710388449 191.58333349673333 -50.8657396048767
-67.22249245709945 193.71894939091564 -58.067790561440155
-64.7462666336472 200.72528234737712 -54.60175369540484
-57.90786248241089 191.95499836345374 -58.3000460289137
-59.222674170668924 185.11212397402818 -65.16115033886399
-67.58433984177452 185.2525453751967 -65.12072235430803
-65.2201605332306 188.02930148592318 -71.04336145326388
-69.65174695631113 178.678707600583 -63.97458648558422
-60.991592692743495 188.27723976343754 -68.79164189189535
-54.33146488377919 180.38955387283508 -73.25752094733423
-48.20309438917167 188.26476492824827 -77.49462260428065
-49.66989791078663 192.61709473386225 -85.65987756600951
-57.39195728421694 187.27584580577005 -82.19214170277387
-49.19114532306323 196.25620644669158 -85.9673372644219
-51.97162961100697 186.39426180128174 -82.66128619167554
-52.406060828696674 177.86118680690558 -90.90224675972274
-45.2019504111162 170.84610734306065 -96.64137053529609
-45.96398826930714 171.3065521799578 -103.29981498081231
-48.68617566046523 163.40171283095697 -102.31870085350661
-49.43613839816766 165.11646564357474 -93.08395462387594
-52.44395924493006 168.48715716226724 -93.34023045061355
-45.85549793527299 164.69076176243806 -99.6929541249321
-40.24345560653592 155.68835330827895 -91.68787962705207
-42.88152150594855 155.20510060835932 -83.64424457341221
-44.00787892319245 164.67294409806277 -77.25849137926066
-34.01306734521317 162.35090256525257 -71.2470672317973
-36.35772496558837 159.08607792290786 -61.31921299842182
-29.43759862841229 160.75931161649999 -54.55426449518451
-38.7627606912087 159.90383441326526 -49.425179387148354
-43.3786130409856 159.84054121370426 -47.27530699723208
-41.32396862446137 168.11417149605813 -42.52359093219007
-43.74395308969743 163.37521308580295 -40.10989903382772
-49.640115732090884 164.69140453639451 -49.58053333826177
-47.81134348003451 173.97274408987911 -44.467224133535645
-50.24343380941599 182.36077442011833 -44.01969760373111
-54.94387225094645 179.25403846641115 -49.926969912241205
-54.414765451396995 181.07170752614547 -57.67538569442763
-57.25035021584629 185.38087307259212 -61.22620228622098
-56.27267913283221 175.54020840747245 -52.2755512711445
-46.45161033117654 182.83280624983848 -56.47543370288481
-50.30892230811191 187.3273334990291 -64.6062551810699
-45.65407563169428 180.91660757669771 -73.69879086194985
-48.46882463278635 177.85798385793476 -76.02050711606088
-45.63953078241519 181.2731302420342 -68.50488721742825
-54.59324530909408 184.76844447062268 -59.88267395072546
-57.13375652781302 183.02040524702971 -65.75945860179552
-59.48423803915365 175.13491214942903 -62.49299278268624
-65.60040565805359 177.73475659042 -56.58105624676867
-60.70414131938746 186.0145695537997 -63.181435130348774
-60.892282482987696 177.52966551167725 -58.40612366261779
-70.28079844879642 175.508759371162 -68.32926123551633
-79.64830830849007 170.4451074633717 -75.00756925496361
-77.76247744667285 165.31885976313677 -76.76970543533561
-77.81116675168502 173.208307477063 -75.06033258400342
-75.19259331036794 181.35758271178497 -65.13495756259508
-83.07910487553853 180.13777733216426 -74.17530410648416
-92.55822694696178 189.1499701276863 -65.42455395867702
-99.1355995465542 185.5394775837054 -67.649758767857
-89.60795693280836 178.87141178003347 -66.11188394586365
-96.52496901576329 179.61660259814946 -58.26914553474478
-105.14031065096793 189.2750412043128 -54.432634885634684
-112.28864513269163 194.97765258024265 -63.06357207420969
-117.25952902367533 198.23136650878968 -54.6631272715011
-119.78752490063528 191.80192315208762 -59.59811546002396
-112.00019311697005 189.05926812881486 -53.98094831299835
-114.42510726969329 190.85937446942302 -55.0858666006346
-115.89537385363174 186.1570670550373 -51.327583594231456
-122.62463891901731 180.74399114806195 -42.94642847878701
-126.23016758656479 190.57107498188236 -39.47171399110198
-118.17467342774863 186.68322525719782 -32.371206572075835
-116.76886161872488 189.09831666341825 -38.164060189817
-114.50299582414577 187.77643465503144 -45.15801314610401
-109.86430044608093 194.99384774035585 -39.24920956760688
-114.90109227960929 197.90675862840072 -48.75741135630794
-105.81149054326377 191.09834758720916 -54.476533745981826
-108.51973543844298 184.58407833012615 -55.44553115595067
-107.62557407055891 188.74641266247625 -55.66641963146428
-114.86053021711776 179.42371815976426 -65.64954197439276
-120.16604688397746 187.42743005029718 -63.80930966417999
-120.38985034413561 197.38687880126722 -56.248791228856525
-112.57926472793268 190.43961474549883 -48.336791061858406
-105.72535542769026 197.60381530581202 -56.82247306543834
-110.36042487272789 203.79345690720655 -65.20219745582332
-100.83921055762738 213.11990160290836 -57.89418557189567
-95.93703537135988 220.19833490922065 -54.33592108650356
-97.17526496429062 219.35977361557943 -51.01136769335292
-89.79600342254379 221.8759458973008 -58.64168771421167
-93.1181260543793 231.86683719270843 -53.559158841528
-85.05618218945416 227.31014530756582 -57.10513033763041
-86.71342377729357 228.59065467967534 -55.83861012851664
-86.34782744997975 236.9049820597035 -65.13930125581426
-83.29235173900436 228.87638125363898 -67.92980625199135
-81.22233797000304 237.6498745660137 -66.69149563409394
-80.48894424210269 232.8216563441387 -62.898039016278375
-77.72675257221063 241.43402330278462 -60.970254823259964
-70.44318499038205 247.8294570336112 -62.73597417602583
-74.20728783610392 242.27726542983143 -53.13468818729345
-80.04602120337924 244.2191028381042 -55.40799774855081
-72.14462217792344 248.28031114305062 -49.18458000338025
-75.11149668063034 249.51248242522936 -47.77930011379322
-84.82522970281897 240.95689951668712 -38.32426095371023
-81.31119788943845 246.06350365146236 -43.236511252711765
-72.888236840882 240.36356915070948 -49.26257148527834
-63.942454340645796 249.84694907339673 -47.21484054260811
-60.323511277879575 244.33665129408053 -52.513503974688774
-50.345913928223865 251.25296351796217 -52.15300368961264
-45.69005535026778 258.2300330010434 -60.97947177276767
-48.45860938490977 248.78773896469283 -70.820691270689
-57.54923606028126 239.19055356639035 -65.10837203934697
-61.33098067923074 244.75680024821116 -64.35528820241309
-54.5814243104401 251.41791531635707 -66.43515369360033
-59.429931398395745 248.13765494218086 -68.13078552113852
-50.165295351785744 240.04233275452208 -59.18099785877935
-42.390145338763155 249.98910694500938 -50.84190443825529
-43.52318063146692 245.9820322054135 -43.06936306060237
-48.593436931108144 238.8587649153297 -52.4636412422849
-53.333141621492786 239.62704737194449 -53.68587486933507
-57.437795001746046 234.26724008295852 -59.98916517538427
-57.82969948704987 232.77466072449775 -61.12097570552109
-50.68014487961121 229.00641647996574 -56.63638405024844
-43.441202653598 222.2922127873361 -60.08870647886484
-41.19854141494076 213.8933954890798 -63.03330371802968
-49.098776292950106 213.80317400969693 -60.053869416385005
-52.82600518870882 219.6767781852796 -58.59199023982076
-50.28526098282772 221.34544504301863 -59.056182270508025
-42.312922899102915 213.99052541458565 -66.05343289937997
-36.595200028494844 206.79417208571053 -68.12959894324786
-33.127180937089335 215.6915418267084 -73.834383652441
-34.88417971982529 223.5360556734115 -79.48231699599006
-38.72005938278048 220.12017378868285 -78.09753213782449
-43.81854291836659 229.28875356056298 -79.862807226269
-39.01400712546406 236.0491680636151 -87.17892695795283
-31.56124620840671 236.80072788197702 -87.91188239527979
-25.483521540044247 234.86254944632825 -95.63871879810048
-19.18112669373494 232.16789463804437 -88.9887606836702
-26.821450911257983 226.68757399877384 -92.83342525973448
-19.18099206889932 234.65158093870477 -97.74717523152314
-9.75155449540076 243.0141244674572 -90.77037109268873
-8.204570888771094 246.1161069346581 -82.83614891520199
-7.080373029009053 239.39733949554812 -73.94676312387321
0.5666052814254403 235.006938118748 -79.65360488895743
1.6361482329336137 241.8218101375559 -82.64115076003706
8.634964540406726 233.72161184843029 -92.18801670917978
14.985168952803196 225.86155599030255 -85.09611767727517
19.311177645398356 235.6686510889944 -87.11818951139338
22.129786552958482 236.08470478888273 -94.36373239382466
14.14119587347527 245.64059589653866 -98.34467539361367
21.14061183211713 236.87694816708722 -90.1869284222213
19.670002217691444 235.32012517821772 -86.88598024048794
27.480077225738153 236.0372360835915 -90.5908877074828
28.54872089534618 237.5583878517419 -87.85231484381022
18.904108934396675 233.24894034563764 -84.84961477078474
13.052212366732249 237.0324847329444 -83.59307412076865
10.611829641874168 236.43675463219913 -82.18723995802604
1.5807411092309582 227.0144578861203 -83.2577255711557
-0.6588645469050407 229.42391374208947 -85.38810373077393
-7.370821111988799 227.97703171358134 -94.07923410174729
-9.943484799614236 230.54317248085434 -88.86515844787846
-15.801186617364689 234.31731907201186 -95.75351946655447
-22.17134116545208 233.13074644669553 -102.81947389749448
-26.964500919015624 230.05932627718838 -110.10479694315147
-26.726291310311503 235.4556394579864 -105.38164386883237
-21.977768963459923 241.67682144494515 -107.95079125395928
-21.665412222317837 236.76609759384846 -108.94892641763433
-20.36039651390982 236.5212190748322 -117.74610923390283
-19.72325754600209 227.15762485507213 -112.47547094657533
-14.784735120593712 223.31259637815697 -109.43119718710983
-8.814615001558362 221.5248247397484 -99.69785520826721
-12.26857098332315 214.6192414204104 -108.08082217926281
-2.851852986436864 223.9858158518373 -107.67069324750615
-9.110985484740155 228.41565192148067 -110.98733154484175
-14.180864727256672 234.17440613063755 -112.50966776505722
-23.985715115596918 238.6555197057846 -107.76889769785049
-32.41058372551004 228.91158652897414 -115.53765858553898
-37.53476968515713 224.54848305746393 -115.97268301299972
-34.888427932221866 233.93736263439718 -108.06034944040182
-44.602582110899334 225.70515090035664 -101.51757830314156
-42.86369309142879 229.28865189243132 -92.76047308006929
-37.11759600052671 236.87492544522 -95.38618276743587
-44.82686272663628 228.28042355595016 -95.73614091871988
-44.99121696690345 227.2818340161622 -93.4937231654553
-52.50359877121389 236.3224241244166 -98.61522869703934
-47.47006599595179 237.66112976179488 -102.71503405039707
-45.991084881992286 233.33637196219283 -109.75424579606072
-55.07415056184523 239.90699274965047 -101.85665206752095
-61.814740242093066 242.64033179470053 -95.90277293235307
-61.954073442421965 244.9955193095724 -98.05809515717918
-63.16312081851561 243.3154218309254 -89.25716759202923
-54.96173029174416 234.6335340009283 -92.61162309443432
-62.39381794832117 231.1375469412173 -84.03354211125098
-62.69476447937886 228.36757532824248 -85.12840601144529
-60.150156506245 223.11267693474068 -83.55756784144448
-56.65113020571742 221.78894074056595 -83.49545666461931
-48.5006722734676 228.204699980274 -86.10690795322306
-46.141898348850624 225.9230619285146 -92.21179926354137
-45.078696283107185 231.52636841448128 -97.21829529130152
-50.071865551880876 234.16681084469099 -103.08772901164306
-42.50622523154419 234.7048718724698 -96.34341650562834
-36.73518927758844 226.5334689977351 -92.12903064030036
-27.85226900618039 220.1294116685608 -90.15354228500141
-20.85922357491227 229.51538864520418 -98.4279885254098
-16.31439827927023 227.98189895282388 -89.00021418753862
-24.954793760780742 223.79317972525564 -95.14150404527304
-26.10822191608645 231.31324930905194 -86.30181744116899
-31.568041183264867 238.22581182272734 -94.46557689039606
-27.866648965809773 246.82119574727886 -89.17133372635725
-23.129755367959497 247.28283251928215 -94.08477901402215
-31.97067980900951 246.05994213201853 -95.2799387874517
-25.011292665484568 255.43094807627267 -89.54409051699918
-28.1956967191177 263.25835074513117 -81.18487555004111
-25.61922446380897 254.94950805635796 -84.70769192010735
-27.457942791400235 248.4010062134689 -93.65869398173261
-26.53463684534715 239.34373663022217 -86.90913088450647
-24.663833614168706 237.0750998787438 -88.96702049781386
-19.542378826227225 232.91952843221824 -92.09099263497873
-21.786405558215634 231.2549913949446 -98.4540482083047
-15.502175317914062 229.6677059896402 -100.82626593426883
-6.808533124400432 224.5519308605304 -96.15311156951549
-5.198439789310326 216.75483096916102 -100.07626276242486
-4.803188014219726 210.8561941722895 -105.89875511692067
-0.4124455005784293 211.5159517246577 -113.17929078313179
-1.851848050036054 201.99600606064763 -122.00829356751933
-5.343270791490154 201.3268303500827 -116.33090383788175
3.9472987715285512 202.6513073607654 -122.60934901816142
-3.7729065345481105 209.2278035175372 -118.94055381605904
-13.423913354356177 202.21020479879445 -121.66119608723604
-7.813002744394909 201.36238507747365 -128.73379895510317
-0.3426520492506837 206.98851299074286 -130.3923104447826
2.0013818711448637 201.31934141155136 -139.75837563025536
7.51033666928922 201.8484084685575 -148.60358843701405
-2.010105409653761 200.4226775741138 -158.4118674050337
-9.140330232293032 205.29200408628424 -149.8341403276854
-11.05781078477247 195.45214932236084 -151.39572306000724
-6.558479093970991 190.29868121529373 -153.4495123356935
-6.280499021779992 188.66700792079908 -150.19075524870956
-1.1104940551058515 178.67732570516165 -140.20207015849928
6.145325923224647 172.9139604301783 -141.13764748413823
12.660000422868837 176.57589314379928 -150.65085188586067
6.694107452458752 177.0247329968488 -155.4924671438105
10.012188303823475 178.55541154715138 -149.98446960363364
12.712177315136797 181.3738363048648 -152.32193156430796
18.776399155494325 187.94535158542556 -152.28340401560675
18.676911095554615 190.5499382035788 -159.8778793294503
23.34099629183465 188.5048995330027 -158.19747984009715
26.432248736562812 189.60113760474644 -160.57135919402987
19.22043144627007 182.86505579884047 -160.64607822496856
17.906968422194844 178.9518823741151 -159.53994468369112
17.979018364964737 182.8263557205512 -151.5069336288073
13.326584202646567 177.3978452912803 -143.6462757927925
15.157864432933014 171.60484576004748 -145.7558054122031
10.968653194894534 175.058425671524 -152.71812118378594
1.2633492924393277 173.23662622903487 -145.07717918736324
8.887879697535492 175.09661320173706 -137.68895930734965
16.108460984258762 179.9099176536975 -138.33071560250553
15.278347177902141 189.75147641897644 -140.38373240999542
21.347986792974275 197.98671973808885 -133.21978127982788
11.709549670275486 204.39968897371438 -125.3394179475846
20.816319764186275 200.76654629888216 -132.04322630261024
16.689251847818078 192.61170380139697 -130.2055502190138
21.054720105417744 191.88610672991126 -121.41353172586778
29.96151202163464 183.4999534350237 -116.88758435196283
24.028631204372363 192.93056904255351 -111.44282142455563
23.666121477812027 198.18265577176123 -107.20025962568266
31.612515234134793 190.45543797923318 -98.8919509259901
21.714563512404677 187.7581593452398 -106.22208732162821
18.347638047488804 195.64122656905937 -101.3022021574564
21.463674710663007 205.2163258986286 -101.03420324295372
30.123026049048203 196.19189364252273 -98.35017092124686
37.23733053552942 202.30894227316034 -101.24640540823866
43.12080046546805 207.43831286728218 -91.64857867164864
37.867260080982206 200.25257322147888 -81.8565938976361
43.66786327718734 193.4661292003112 -87.18103798684065
35.26320782612156 189.39854798229211 -92.97856553744855
30.792613302914216 194.39658413519533 -86.76592357030114
27.965810634865473 191.94009329715064 -79.33857089336502
18.734912204325695 187.09792949983967 -88.79325205569585
18.8732304571037 178.41085629299045 -83.22289754115972
27.5722424556644 188.3046159452361 -85.3666024641715
37.17265946415922 191.38894538651533 -84.20381710089043
35.858638688184065 183.80474417921405 -84.9195087040821
45.543174414747895 190.41957794365632 -89.82688025419073
47.29490799277953 180.577273433024 -82.60247304207569
50.27308178925995 188.3832216601075 -83.4999997377924
41.98415084914082 185.7147965455913 -88.46624946001756
42.753999420183874 178.8687932736704 -97.41529296095285
42.94688582624343 184.6062414148474 -103.47752783002475
41.25197784219859 182.81665467844525 -112.0324336053157
34.9525432250243 182.92781056902308 -111.17197865796835
30.697221985582132 180.77558699648597 -118.28570372419517
34.83341807477536 170.89466554610334 -111.40527264988931
44.710720578498396 161.48015151406923 -102.8204538276979
47.36488814483778 163.95569822890025 -100.61534327350745
38.42268231382381 172.47190396485098 -100.61491828035517
28.630964196167113 170.31206273067508 -90.7087175184983
30.935858988986972 163.70354356510927 -93.84042369575036
38.10959412773054 165.87568461102197 -93.10644410547118
41.83557793167728 160.98402415276433 -97.78428790147862
42.70358024629903 159.241096013724 -99.80090322030921
38.2884977919473 166.25530770582364 -107.97893301096406
38.1030406304754 169.4989931727887 -109.77141719318348
43.74114884856743 177.4612800376905 -101.84639080399536
44.15480091523827 169.8517729795865 -95.07537420754704
36.542226007705715 178.73611117827127 -95.48580711931479
26.95829553774909 184.81630342876932 -87.46170909110744
35.292070653154695 194.56674388184555 -81.45340664098175
36.12007721752086 202.95367120643067 -73.24020959552124
43.79767261112776 208.4800809162486 -72.09341210785807
40.353704268701016 213.7436194712735 -79.1672126074893
48.56442854805288 212.8685531524884 -72.49803215157107
43.651252417826484 210.45196088180336 -63.220844083039594
48.526510722959905 217.36691256245223 -54.1781216084551
52.192857781059764 214.62041139483281 -46.2712067949728
53.14671022706064 211.6246882206625 -40.76804974927297
61.11551638943929 216.12116335810174 -33.943774163161436
56.54351517741675 208.72298408687683 -42.191217413847696
50.86750313032529 213.98148099939507 -38.0070379579659
52.155451100649586 218.63974485666688 -36.17605075265092
51.76854866034165 214.86454185101266 -27.436603301722876
48.29850222317998 223.29959538020486 -27.091348653770822
42.53671037470095 224.28865440722356 -17.880613777123635
47.05107023410086 230.68744336673282 -20.28245563851241
54.001138543118856 230.86558191046387 -23.812236783888
57.48007934917741 234.75377399049623 -30.370360655301305
58.50367146626382 241.22759347878377 -30.3313301945274
57.07206453243953 233.48028638624575 -22.29657428524935
60.55714622458671 229.65200077382167 -17.215528017908966
65.03467775039621 227.46179759940316 -24.062947925570672
65.22731466299253 230.44871622601923 -17.804480086956662
55.71400324512279 230.46859723906638 -25.26751294903608
47.685718856610535 221.15924631457287 -24.852336046550555
41.97198825413225 215.56940022461274 -17.626991457350044
45.037489519036455 212.2400625159017 -8.032688939987215
36.85154999995822 212.30131487926087 -12.49341763828363
34.86269048242051 220.2281926393707 -18.336986893771908
26.51430896754005 229.81852654067666 -14.623370529502203
29.84243747559549 225.51393424671315 -22.444330011161487
25.75123741756309 217.19798908062103 -24.894632717247873
34.233000117687595 217.54943204632542 -15.020267621167502
35.06838957244325 216.7953509869677 -13.173688108311765
29.76140947296406 225.77670334582223 -14.077555070507437
19.999494786149423 217.1684117599878 -7.089184522681637
16.50315426069406 221.94101256203646 1.6570153495705577
17.889026182871923 226.55641992287374 10.288807023474067
18.305594438212 223.8418823077573 9.122434404870896
9.791172912554263 223.9860126777941 4.250777042981304
3.0730403327412823 214.9382059467003 10.104385727000754
6.087282244841473 206.45964720015317 16.206305457813826
0.8907635904325097 215.99328084908404 18.80141413828189
-8.217603198624625 216.92313493818327 25.200821088712456
-7.469334314731117 212.58969639178773 30.72068465503472
-15.510220637975056 213.05968643363119 29.251628421145103
-23.848091665694604 209.65775069422904 37.87519112235438
-29.14914725238247 201.2278890038433 28.498067078915227
-25.77730482173184 198.5172866988005 33.91784053398237
-32.06022466702326 201.1022582964908 26.12757491073714
-37.87336364857358 191.51349375707701 20.9752699458419
-31.02046774352408 191.5324252139429 20.859511081378223
-26.896030797728756 200.59820829758982 26.305381671191245
-34.99469574589872 201.79157764801306 27.09205367052475
-41.18481893851014 211.0560772325203 30.58052297597561
-50.47711679610805 210.84706616200933 38.98807386697082
-58.26538018602075 201.4967692542265 35.94450743113086
-56.923516973025855 208.31415214223819 41.51683033383472
-64.81885611248134 210.37335072833446 46.9683688390751
-59.71895783896684 208.1824956049685 49.66094718760794
-53.61135320331806 199.06886801637003 46.72648969325127
-58.98701650919999 191.12454348455498 39.92484323203369
-54.1433602832436 185.08717746797433 45.83385530393541
-59.57963737503649 193.255423968694 52.387320257257755
-50.39401271995159 187.6661716241631 55.26897195524266
-60.202968101233495 195.9072540257376 48.10501928136732
-67.7584559789077 197.93823466428006 49.789012431900474
-61.05424386328628 191.47566408088122 58.950382583285005
-64.59531483689719 196.239653410313 68.10447659863516
-67.5404422300405 195.8083548032068 60.5876111131182
-60.02974873699392 193.2070290773156 51.98982521027506
-67.19259848934712 201.61624017752297 59.994000505119736
-64.88606918491575 208.99691043481036 62.36550837702692
-67.02461013319427 217.82755123332203 54.9931218622843
-69.0238447777336 211.52750676575738 55.616992510105845
-61.14058412437916 207.2761099889913 55.773995160481725
-60.32253311202945 197.3710104697606 62.5963423534175
-53.367101544426056 198.61642683163964 68.91023704607083
-55.1935302743592 195.99767325139163 65.6607873754106
-59.52108916792297 203.5635370676172 72.92901941525754
-63.09201829453047 200.00244775821074 72.11798660373026
-56.44136157045966 194.91855104348622 71.45927049725363
-53.716486244051346 195.25080164688603 71.63239990265713
-55.795519756522765 193.39662002377088 68.05322472914034
-59.76062102864363 193.93858430696406 69.95185625680203
-59.09886779296987 193.17714178859603 73.15527779568991
-67.41870869989037 199.0888735964213 73.4466321998082
-68.06632507156768 205.37654084954957 81.06598464196178
-64.82760071853707 205.6426803104279 71.50905850799359
-68.46038355746528 215.01456112989493 73.52960438713217
-68.52349195006381 218.05146100354153 75.3885476075886
-71.21363730761392 227.19461965636776 66.68581670680985
-65.6450546276438 224.0512985512155 65.84028088862622
-56.66692398236518 218.3997049189086 67.4097374283072
-63.52439957572894 213.82858867085733 72.25957307704658
-61.18952151668302 218.61859170062158 62.65899986163754
-68.52254175802462 210.21376684572652 61.71723202818065
-76.8123907039705 202.88779480675834 54.556345559628916
-80.26444501500382 200.97685669781586 61.25279454810919
-83.52986923497023 201.2230795584484 67.8897154923801
-74.52325117728249 198.2460700335516 76.91253508973152
-83.99161947145927 198.32301932998124 77.24553701867616
-80.77443072525294 206.83081519806308 82.79770472561687
-89.13496092537594 198.35741879677892 87.19448259469439
-98.84134264666967 205.04170740038737 80.94494739000207
-92.71734304933133 207.3348219828251 82.55475993776352
-101.36518040569798 206.91014400684793 73.22377388410338
-104.7438325779691 209.9473310901347 74.11472413297365
-113.05103706452192 208.28989573880943 65.27108937361544
-106.07620998880874 206.1522181924618 60.99169669579706
-108.15496598197481 211.2453686986935 57.74136949288283
-105.10493081595341 218.51014007748952 55.49053691271194
-101.07390182817483 216.34771270192041 61.75139184175589
-110.06163229009316 224.30949821275425 53.431919146107546
-115.12054217210354 233.95135675401664 47.741361526828015
-124.1218593575783 228.30764357510247 57.51948883757065
-119.46911376290676 232.6355586848786 51.354414592481945
-126.04963350602972 229.51839212991794 45.588412838796316
40
-53.088344223617476 309.3842345117455 -71.91937992415367
-42.20483033316089 322.268898814694 -68.8587269600728
-39.40575592130405 324.97950544792013 -67.24208549368073
-57.09249932097645 317.91369984816424 -63.06922497852385
-46.30308576445836 327.3108050392242 -69.32095277947299
-47.315406927489654 321.2993965997343 -89.85004838926952
-64.53130456360019 318.48791081428834 -76.88887875138954
-49.29027353892392 339.66192670876563 -71.35847780933379
-51.77350159910351 321.5502763784453 -81.84376455349648
-42.419765902911486 333.8176377618154 -77.19408914587466
-64.09296966906815 341.4302232436876 -80.50347823770595
-56.46973219772987 329.91501569523643 -73.53912854127708
-63.02126000881427 331.429482566054 -66.73853424532942
-57.61565406446277 350.54527705696097 -92.45019227149427
-57.19590260562088 345.4142117672491 -76.0770145723461
-55.93206293872025 319.6225465708962 -100.03061707479414
-60.47915546552345 327.41540198141695 -107.59237715935095
-61.66507604869088 318.90067958604766 -95.07858933228329
-78.56147589454416 335.1691966947499 -95.14885113827286
-72.11242426722877 339.9881846017181 -76.1343516589579
-79.58693767306184 344.12546587216315 -84.46651128618862
-91.8083517669879 347.66493210691107 -82.07248524369913
-84.01692021503197 351.6347526286964 -76.58253710064693
-77.02263790144623 343.8363132097397 -64.77162143100175
-59.163813931012704 337.81450414585845 -69.71251767767205
-70.44202542014021 335.68659359063247 -63.123078285089676
-67.57370685380687 337.7681620546156 -82.96325639343792
-69.7624055501958 330.0652103683202 -63.10188198661349
-67.03510381037351 322.0772123007197 -81.7148510487028
-83.77987254490232 311.60066351081866 -78.4783864535674
-89.83632778107008 314.87825420092236 -75.4982252561081
-92.031877376127 322.40782618392734 -79.39052550934424
-86.96507960992922 342.2493916969655 -81.9279352723101
-73.4619746832458 323.96729248000037 -80.00856436499144
-80.2929257330465 335.92735007870755 -71.72365628297159
-66.91250224665603 337.4896402455889 -79.96855275717412
-67.17302457289217 331.3427334163679 -92.91407161944169
-49.35946170208436 334.875527676328 -85.56187608843942
-47.49725520791815 322.30930625988566 -73.10614625149898
-39.27174333830088 320.86536602222435 -77.08996635644196
