1000
113.29997831254138 321.99272613881556 400.32216083134665
112.42867086272815 317.51423432152325 392.85492152832273
119.31425542505002 325.3244541524502 390.51370669548305
128.95752977071706 327.2377537777251 384.39077430068704
130.83014452606074 334.2123893927419 383.009460278164
121.15693813430074 342.10870735411766 392.45974238328387
115.46662851198245 338.1577358594459 383.9178258905209
114.70539237426624 347.76586410534026 380.14770442074445
113.8979564791017 339.54283013450623 372.89562107934614
119.37990327273694 340.3604883092572 373.8941864931508
113.19779363222887 337.19688262018565 371.9646158930149
104.08488921919306 333.8189391363952 364.03765630177867
113.06991623752398 337.331085136391 364.53725139675475
108.97352615225387 331.3038863217303 368.87799646608573
102.65757837390163 327.5000881598695 373.53473170285224
104.2869800456476 318.26206827943 381.90292134989096
108.91736731626462 314.27185037104744 383.9885050646462
111.43278846573601 309.2482334558341 380.81957858471645
118.52415478988597 308.11033300465755 376.006800173442
121.26258790456775 305.11707971181164 377.53036600389345
117.97620417819365 298.73157388534474 377.1256776961093
125.76305548066108 304.84827856025487 385.8023386147301
115.95139373882171 297.0517899436139 383.10861616218114
113.95661304100334 294.19804225032675 374.6873193032345
107.52760223179821 285.6215191121057 380.0636662905561
106.84173870324395 289.6035985837859 389.35333216020007
104.42591993894611 295.247054878942 394.03914396929713
114.38660699156056 292.4454465691478 403.86191654785233
111.89243073600635 284.3818035545047 403.88491094739936
118.27709546134925 293.41358591913604 405.8026554540071
113.754583401679 298.6492605033832 396.58266796497213
121.95677958515715 294.6581837027878 390.5911480228198
129.6249913470739 297.16964398250127 388.05299168438813
136.7091192719085 294.92423419835825 383.2504517152558
128.4060670098013 295.7647873541274 381.32158937867615
122.30991745631367 297.44489585396366 377.4835456825009
124.13554615362112 305.1781589586947 382.2349183225498
130.7500625215429 314.75556583558205 382.82732362394
136.9185292654011 305.70253935314923 380.54696816026967
127.21984716484171 310.7844159018795 379.329005878974
120.36639013035655 304.49491785038134 387.8293464284661
122.43742872363516 298.06469119273237 381.27957822565116
125.11155477981603 304.6169036212322 384.6231732567531
129.1123097607773 297.3755692238017 388.7918544710026
135.01229871668454 289.6780602462716 392.4918800047386
134.58749678787294 292.4451605467229 402.25652421982187
137.19257605183168 284.68058350855995 392.6005717465636
139.86397554484185 292.2595549304382 397.3123954750892
136.50344408470508 299.62917201613385 391.74302349062833
137.82176827699578 303.06389104930975 397.1795161913905
131.45692498727234 307.3995535594229 405.1598504068814
127.74961535895432 310.84260679256425 399.9981978744965
130.13491482655107 311.36755980211836 405.61678920044193
136.83271871983516 321.14103124053264 401.8944313587197
140.40938292776636 326.5189613140621 406.5639188374234
138.00782385756295 327.41574562463546 413.1420314823155
134.24783624228212 325.2764625965617 409.1566507126857
125.05368223396016 323.8048846783347 405.55048267343324
125.6822366343682 329.5660895270688 396.2392905510805
123.6229980932741 327.001966220385 397.03695799914726
123.19697107155592 328.9288500042287 399.51543176448826
130.83101471674073 325.90680168451206 399.7676075277719
132.90025030060076 335.869414197277 395.7557794889025
129.21708487590874 344.6429517746297 398.2214894117734
130.63792613428055 335.13903274040814 391.7086533398988
132.83944800897754 332.3838139808408 396.27611701937786
137.0578067191055 325.0805375728576 403.76611764949723
142.44888503236655 333.04430345231646 406.36839487544046
148.95939814094345 342.1142777444418 398.9597431066376
152.45091040429793 334.4802151076522 408.8937314151734
154.22586867954328 343.07579744615265 399.57053308139524
144.74615920380947 345.93853047192704 390.6048928704691
147.72003484801857 345.3647197968734 383.6380853554984
144.87336006819868 338.0266094402286 379.945395767587
153.5930566895939 345.87382296762803 377.96685764884353
159.16746559728387 340.16216826143494 370.2688726289492
150.54206490841807 339.82564141136316 370.70012193580897
157.4891316826804 343.37463417095455 375.8669777592736
151.01592516085148 337.03452417083776 366.838994336592
157.8235885850412 336.08135603287 362.43022531273755
149.60114427300044 332.0548026320625 359.90812518434836
147.34893477058182 338.30119962959395 363.24855318845243
147.46349034431427 332.78347398656564 353.40931611642924
140.50170671294234 340.80060700325276 351.7182813575505
145.0589324889291 338.61405358009284 348.9268744917832
142.1993512946441 334.5131106392325 353.22241169490155
136.8360927577449 325.9953150848532 354.2837726804357
134.5715729339975 330.4975365356003 359.7295686596406
131.44843950690594 338.038411305682 356.4307736947393
139.41856858610575 334.3090809701804 365.1016825401978
147.93882522344992 340.44741294976234 355.91747712238185
145.4311067590182 332.8058442952176 352.760024878971
153.82834265118098 342.69918483630164 360.68131091856264
158.6430996205483 349.55465434493334 354.29522930097323
151.22220109156163 348.74494720727097 358.38360006564204
155.5840472302754 356.5975630541676 367.86782995192834
153.18110035377993 350.24056931737385 367.8784479475154
155.3079857582698 358.28852196592936 374.0552079457795
146.83957707560305 350.49949775055416 380.1841612332366
154.71484310165576 347.27963803122657 376.46481193572396
156.46356429187983 350.10568498235614 381.7673881136177
147.9831361601393 358.10128642353106 371.98450871451996
147.98920498863322 356.96238895742067 372.04411189927697
145.37836567748855 350.68877092590617 370.18263220085885
142.43292578792347 358.2922507440515 376.2826890971783
142.6694594522122 353.08631620747434 372.45479116779455
140.11281517102367 352.28713806528515 381.9257623857637
136.82482142107278 356.19906390884535 388.27515377478073
134.400618859096 365.7922934527758 386.08058741671385
126.20137266347857 365.9267980010821 376.2693874662674
120.03033732469363 370.52971197618785 378.71686658955065
122.23133277738006 373.00618630819287 380.0563757453275
125.72698391516188 377.7264917655899 387.4194617379976
122.6289638832178 385.75297896604906 379.0267855228635
116.98441800220364 375.84031177335544 378.2656875267961
121.05090051533486 371.3260869159221 382.214533116554
121.77230483537062 379.89962323747756 383.24156427491624
112.83606912511542 385.0052775953668 380.0376912741655
109.67104469412938 391.3740868333529 381.3906064022502
103.41219164137745 392.26096429016917 382.8869099324439
96.80637946727177 382.66163294909524 388.72881440510974
95.63427252044835 386.5464757294414 397.45651811739623
86.85098277847999 377.0087996791612 399.68453239117633
82.9606499420089 370.8503763652411 402.9398745853533
89.522205606309 377.5534451364687 405.8478077813675
80.83928120777924 384.2331288149163 413.5218731849999
89.83837855301938 386.19963671361944 419.5586119534954
88.01717360400677 376.7928418419969 410.32110581266795
97.71550979307816 374.73708966993087 411.8020941355961
93.14306357320864 365.78741087707937 411.797768469687
84.37313129540004 366.8013064323175 411.8324137927248
85.9238762529634 370.5995258482189 408.58920611781537
94.6197546298015 364.86382122683995 417.1433223186308
89.00808522648377 362.414600521822 409.95783125948714
79.24479796624114 362.55051866582653 410.62005723495264
71.03017523503436 367.3808706751827 419.89513239547614
63.90111821618648 373.52739656467145 419.13710609961043
73.34302270015986 379.400608717101 423.7766837924228
66.98943159351785 371.7518346624802 420.7713934292421
59.922944151903195 379.457549263644 427.3812074729067
65.11713769226017 388.9077346029459 427.5536046266226
62.4235010735102 383.59425028602755 436.89512888472586
55.29253270893846 375.25601916424114 427.46098396185965
63.159154832670694 372.71832152073785 429.75359219797923
58.090705660927405 363.25979494539513 435.27510162029756
52.53504408758873 361.40088295844805 433.0560185137399
54.70294227846426 366.3752443859143 439.213485318596
59.49235554140331 367.20063332438957 439.46049990678097
65.23724230374751 371.42790732122774 435.02629763153334
57.514751685174176 374.41529903665867 439.2694824255231
52.3541537478665 377.32054718291135 430.08888371010573
57.30593109596154 380.717200339359 424.18471189197237
66.95459256743595 373.04113686268425 433.41516261234216
63.06034691763062 381.66920784399684 429.62415072962335
55.75400773157692 373.53576694245527 425.9962654581341
62.05936357162371 370.03622582964005 422.2349461515423
69.7534137509264 376.5089254583568 412.8494183069389
62.180173626835064 385.96825111810404 407.9639773373219
59.272239500523014 376.5497109748108 402.02469725897913
51.64161854234757 368.2791421292618 407.6936779134073
60.8971715260526 360.47216434493384 415.7090871537097
51.75430562448183 352.9644197398331 407.412686264167
46.30965452735585 356.330020376516 415.1362510207483
47.96882606320647 366.2182330672526 423.2070232999351
57.51876242230823 373.7604869721603 422.2999804436799
48.33297701506699 371.2627283264932 429.6147910050538
57.34356541946327 371.39345569637294 438.9042640585144
62.02888642059978 381.3400133321898 437.174655873972
64.76996806609523 386.1323934572098 446.3229371815252
55.55003631671628 379.69804097801006 436.5947191930752
52.28333752018737 384.6711675777177 428.41757817916283
59.648179151051814 388.90634619866694 432.5531790889513
56.387682399182026 382.15280214161 427.4302171028107
64.20164377273147 381.6615096866195 428.3040301770713
58.89797675696459 378.5345414729465 437.38378091629266
59.92937644545178 382.78784008409986 443.3751082862019
67.52105643577148 384.6776971847759 442.0610071881981
61.87621347455685 382.28539126553403 441.5487156213602
59.44235395085916 380.1040794890276 451.2773015819403
55.18067707807615 372.1689925837764 445.5488601260471
54.732284821775515 372.9676192602704 447.6169215975423
61.36191789756944 378.3130788881101 439.5467014865765
59.68904045720198 384.39479498823715 447.7180453961896
52.74422188695594 376.96105461892324 445.93610099061385
46.07406133340821 378.61405596041124 451.0325344486874
44.56694400072652 375.2734184981945 444.4089778687839
54.23380835456123 382.21431954922207 436.72704557338324
52.077824384890164 379.97953600898273 432.80302916957436
46.05476095712018 386.87082724861375 442.55915691817717
44.149713565167986 378.13314365871196 433.48819517686036
50.68141460628562 376.2759732300371 427.0300386613594
55.28235905696974 376.2113295752064 428.7135021451529
49.762330742216434 372.5086595351334 436.4240970514158
50.441587583528154 369.8127080662559 437.3202714269173
59.365032549718606 368.0752850949487 447.09869976435385
49.51275833354206 373.69102134041805 454.50167093797216
58.77433730181938 377.5695907419979 453.3732826102319
57.31583495928396 381.24860469702804 447.0088794308712
63.95298803538519 376.5835062961051 447.22937424596057
71.2033859622397 383.63930410335564 457.03449588941197
63.05858448588431 377.3911998509862 460.0784845030303
58.63951265911902 373.3139779966148 453.29016409367716
54.206142373242216 380.02127894932016 462.9659682913482
59.18957684150289 378.2711398308773 464.73639210242237
50.25601940595699 386.67515217309233 456.50562973141814
50.55961857979797 396.07368285224106 457.48239680050506
42.536257808954026 402.3283814704151 450.47903012877754
46.14899069599384 392.5252905796833 452.39509935114387
46.867228341954174 401.24219902511436 454.5612295111867
49.31448405512155 399.0342881692971 446.29043880403503
55.17175916128494 390.36227115172665 440.9255599470848
59.827975386371605 386.1909436180673 431.61254793971034
68.24670214398078 385.42646149706604 427.1695568028606
59.32736261517476 380.0810541221817 425.8094591515428
59.12996125415775 389.6425289792489 422.12544224220426
59.017464732073236 395.0305122754916 422.38050978162295
65.87549562477452 390.0804869714802 421.4608406445699
59.71355251734819 390.73688060310565 423.8912765057292
54.40634675986033 382.7656673793351 415.3334957897917
59.28048670187472 391.7814900722442 418.1068722604258
53.17513286863023 391.69309635907933 424.5573376536359
50.414943348947524 384.6555898017902 428.29039579921147
50.86022366673577 388.172817572489 436.4019318581521
42.42530163841195 383.387564208697 437.1117339156284
46.28245399632726 378.369125654694 446.8078343934018
50.95635421379671 381.5360328642139 444.6900520877101
51.93662846842874 372.95472630907415 444.2951645278796
48.69464097643315 371.67451300880236 444.26588581265133
38.98522881503677 376.5019254453516 448.8323392199454
40.38604467677659 384.93409262279613 441.20594043444066
48.58722518258631 377.3115346621935 441.67562015631603
53.683572308389984 382.1155470746688 431.84618314602454
47.056243430106676 376.20515686714145 425.56032415194795
42.36597116070113 372.9185512483072 424.35157454559055
41.298169858764965 363.6071002641738 423.1362732204785
49.42959473104155 366.3095364262453 430.36209350838027
46.99254817265889 371.354443841983 432.7411727655241
41.52297656930282 375.55418065599065 432.13655287846467
50.04783091784237 383.74966863216343 441.17193427085925
45.07873138283102 375.6148439918419 442.35670104992073
40.147076989629326 365.6158801371103 436.50551410839716
44.776795187747844 361.0522941826032 443.2389164578539
52.85567052015932 369.06583630193956 443.007286413943
49.44955483713442 366.4446625850306 442.1644769657898
49.287294954631676 364.7919510676571 432.69571074691686
57.33540888207566 368.95832530001195 430.3263429238783
65.36870000783695 373.514367873764 423.65661573924274
61.32798357591756 375.67370205808845 416.72254068640075
54.89121737896278 372.57509496013887 425.0873623315729
52.10296354369844 370.1953379594547 433.24623576536646
60.88809841767187 379.9116884215367 424.237064322652
54.56644422559879 380.37572585510225 426.6000094407985
62.04412013418106 381.07649170518516 432.37654678610113
53.332419667952344 374.65108374732864 438.766887406629
55.135691061192624 380.25172269315914 444.0974984393036
51.67084027272546 388.97534377070576 441.3259468478531
54.84133420172955 393.4012438394852 433.7697123960215
54.64664097595674 391.208785925375 428.1585779506223
50.24928388855017 391.114415319183 432.6457227648257
48.24054996700465 387.3192395545426 432.5929925017029
42.29668813804026 386.0864138730579 441.3562104746047
48.85062734730114 385.80847727253916 445.6193404487594
45.00124789134546 377.646606508199 435.7559035092297
42.272052076125995 387.0525615090992 435.76812897486155
50.25738409438091 393.7374695900717 443.1945086148014
59.769580148304655 395.4744960965161 443.72182493758856
62.33192081940517 396.9704195252346 441.32143657889543
66.1487955687116 400.7992083589425 433.59759631613076
65.11091086452635 407.0331268071149 431.5554793597326
74.64896467530886 412.1541337707251 436.9649742358582
83.43061301338494 417.6774311968734 442.5234135723417
73.8868593389304 413.4725737477505 446.72513667618506
71.3166789034434 415.8867156751962 450.5654046940648
63.63745280042407 417.3439411342637 452.6239413685324
66.33206794975109 421.54286201940084 449.8642965543833
70.22492267611187 423.5628777039552 446.570582480461
67.92792414077236 427.703595917701 438.3340177182348
64.48630409097696 421.0672266543955 440.44914547381916
62.16463234194287 413.83317944555046 439.43944248434406
54.41090422370929 413.9041342962856 435.1708378446911
59.583835037982944 409.17677073582684 436.3496017649049
56.403348759232266 400.29017128358475 436.47931476793667
48.75111921350395 392.4341747115457 439.18848002370277
54.0008514222543 389.55388931929696 430.51690729213266
58.79947275815864 387.11526405798674 426.4898089399353
66.50621680616337 393.95313077388835 430.4239680637333
67.51050439651065 402.6983872840005 424.14401512543765
69.67351248189267 404.1120190384918 416.36226069184505
61.338802988953816 394.53547385938833 407.62146090427075
59.58776382821652 404.39383760977876 405.86013771259695
62.88767389834345 395.7004736494703 399.24422475276873
71.3219528039136 400.74888637802286 391.4238229288498
65.62373021169842 398.15237413075823 388.34367107485957
65.21364884634254 406.276898221122 380.140449986137
69.36760047387457 404.06831127062173 388.5565523629022
68.31055959069016 400.1535284096841 383.6719689647289
71.04074441574481 398.12148593881744 381.0914125047687
75.61964661303797 403.21305100889236 388.66001205143095
66.74404475346876 408.4470157492729 398.188121018368
61.20888458596041 412.70765324405164 391.7196636522212
64.85105775088245 414.90610735228137 385.16941690843396
68.24150616947404 414.88785878311023 389.3114654561149
78.21413018779444 409.9920435148376 382.9247519980783
84.50221861152968 419.10566350996294 375.1219129794689
85.9019569587677 419.1966457454137 373.40950577099426
77.87441542897457 425.85206465877525 380.77922486560647
80.13436400890868 419.60265049065947 370.9958771020729
71.0513377958411 417.3282428977835 367.9496979832317
64.23401849142788 419.5474853326092 364.2642045142342
58.63277087540913 427.2645775757639 360.02596605615724
56.551159127813705 422.2389194628328 366.20668929317975
65.29814740224468 426.8038973418741 362.8501635727515
65.06333223548403 435.94907815819704 353.329444679688
71.98044601478263 436.5204488424423 358.74104846619343
75.3172973226009 427.87688660712223 358.6508370723861
78.97635957709578 430.4912600404087 367.991440790326
85.37194596466863 438.73217259781484 364.6486025513124
94.25723932285136 442.3751983041981 369.6649191756542
86.07533737704703 442.91174070137754 370.492980700449
87.63155400068399 447.26452920342473 361.1334626856411
90.7898975192664 448.1029568824062 368.5224904562174
92.61895007875249 458.0201215108002 362.80048504671447
95.66938193190204 452.2032287222733 360.0635063230089
90.08670019607506 457.57468137986325 364.72784264093355
86.06662426988723 449.7874989266313 363.9756908584136
84.84639975651359 447.8992936985547 360.03272524494264
87.87399551632542 444.7614643075058 350.75854162723266
79.28861361019833 446.1805905023226 351.3615900370239
83.8185515684598 455.4194056814162 346.6060269895785
75.7210538626297 450.5851499833425 354.6430072298099
77.06536687313643 458.93588512891967 357.553169949845
74.7826346808297 462.31281385486767 355.64325495623217
70.53589139187257 454.45050818387006 357.84131635166875
69.67855266112545 448.9133125500826 351.02345666016316
78.23553375543749 440.1790591083924 360.8505657766259
80.19893553672998 436.75265562729294 357.3814415928755
90.03821107799924 437.3589335262217 349.7013209376091
92.42911387764138 435.6980743079579 348.5516986213714
101.2380980156023 441.73580863070174 356.45295233590184
101.95928507136719 438.5858748954786 355.47832816861813
95.43470036421411 445.3359892058714 353.8260390451
104.78314884380063 455.33456061123223 358.0948047995703
104.69501320492708 459.6546287665737 363.3637169139821
114.4533647136009 466.4064492983584 371.66048851958914
110.02765698818504 469.11216682376045 371.9120561850041
118.4334391233123 476.1022668759425 380.92506615995615
127.32653181642316 475.63012078463106 387.0952151711598
120.57492997881072 473.02201363739147 387.2844825893614
113.16665470108398 480.48963103078995 382.94409694449973
121.10311547813207 485.03215817928515 381.46621778627843
125.69352575222254 484.62358195829114 388.45765915001624
134.77002926203505 476.53022579945747 387.27810356441927
125.32842394611514 474.24210212211807 378.4401939351781
117.43599407578178 479.9065273368212 372.9300834655166
107.74644622360886 484.0447831439196 376.29604756270334
110.90957754762785 493.07099041076407 377.09837864616765
101.31447231878596 497.5019173499354 367.21984525043075
105.880456807519 499.2185578082037 367.70293292674427
113.31338927388887 501.2566587779606 376.4100964399221
112.75201439677029 506.52599711133274 380.3598032732117
114.04478639745562 514.599648764499 372.01088158466183
110.78287869514374 516.2747840991345 368.52449029105645
112.84281174091451 509.3036560566641 366.4017908278209
112.63166894692661 510.45780552773965 360.4788406304707
109.21650748410008 504.09239384750236 351.90667570054796
109.87063362273537 499.2785262501818 342.969603624502
101.9723329758699 502.3643946879356 342.9008363440937
103.97792468360748 502.53795134626796 340.51938688199925
102.69257895124943 495.6854680117189 332.90672635652584
112.55586611438716 489.6883643876084 333.8460721705657
106.94580712147946 489.0403173726596 325.27952853739424
116.00305290274906 483.3666377116956 319.78887008243595
107.90290796063353 478.44436743451115 323.52436253927084
108.38138287748605 484.63349047283765 332.2403880415078
112.66365408942018 490.255845175394 340.91001933491276
120.03684362776623 485.86822200042906 350.8039713936614
120.35178723045233 489.537674205672 346.18230153898634
112.62452765992667 495.5206063039297 348.8829285966483
109.69082080663703 494.2876976490121 356.31549304174075
116.63806298823391 489.1039266428945 356.17618405071363
126.4440657558877 482.75773073855856 348.93929221276505
129.1716200099893 477.0676422626327 342.11982341031245
128.80595174306194 478.2534668777065 334.9129546160145
127.77055258854818 487.13994965351367 337.22096091965375
130.82390483428017 486.95151062789574 327.72312337646616
128.12877432889798 486.1051042373404 318.17692635898027
133.0284665958624 477.3936113638646 319.62351434969764
137.20505242041415 477.41974677407774 322.42275917535363
134.26182948401865 471.11084418592174 329.3989549618277
141.4821484543017 472.1523493712523 339.13703128956763
150.85333394887314 471.97148015274763 339.0201379541145
146.26424164763338 477.7362268765737 344.1907543887933
149.5034390440077 486.6878447099189 338.559786790247
148.071129292294 478.3031050869048 332.30102626473325
145.82341426562402 478.8730546428755 335.60194271504963
155.16415183750271 469.38553700410023 333.09752034367006
163.0493969501153 462.9030861229545 327.1690200225923
162.7451208506947 453.45168984229525 333.74439660432574
167.2905666336566 445.58526416273867 323.7588030097471
166.44602364416673 436.0963298981864 329.99623491789447
163.15544675904866 437.6332395949243 324.2268767131052
170.3921517121854 447.5291446426314 325.01265310461116
160.8848624119498 446.4873295736584 317.5803140793888
155.81581459496422 452.3206429154704 323.4408753895915
157.64081069048584 454.3625980019152 329.79611786923846
165.54369373907574 457.0915670196489 320.3690930925009
165.86432031122183 466.92157452023895 321.70762994383733
170.50002669724736 468.79967011190945 319.9630508493355
176.2440126305704 472.5372036232885 329.72796948000547
167.89738357930648 475.1529763007842 331.56039705157974
176.90943716436476 468.39392498237794 339.4933203735638
173.56824103697718 471.77488890880284 330.1014809585852
166.89001375390242 465.4626636039843 321.46144406182293
160.57452090193243 460.7891466394309 328.02839993316877
169.87917335797584 461.17810964096043 320.1895347956534
162.0567753031547 465.8549510953116 320.82136862625833
154.41479752221542 468.26258454477033 329.509486536862
159.89234267427173 465.10967655852846 324.57285302011707
158.52252901286448 469.72679568897877 325.0946038637548
162.075930846751 474.8557456836676 326.79731733382806
160.22375474437078 477.9661901277527 333.9351786733539
162.238725945812 477.20751910994153 340.71554618123116
166.66428593223515 471.55455897496154 334.87501739824313
167.21344463145576 475.5697138639546 339.8320417848946
158.96581010424413 472.7414741216065 333.0927341510066
149.90604797216037 469.86618496055286 327.1287374986677
141.2585915451721 464.9069469555194 331.45155741902016
141.3882165555928 465.19702869281616 329.2125009747039
148.3764993342424 455.3731285148125 332.3000126692225
156.71608909925868 446.79804011945606 322.3679196569342
156.92426903939892 439.8521118819084 328.19483264093776
151.8346531772024 443.5971425176686 333.56254218117715
155.6394044231716 438.56901868009055 326.08785600839656
146.49768929204703 440.44720401821013 331.5228801738405
153.46961809485927 445.9603379845106 332.9329129106815
152.72789460001638 449.3203731763644 342.3441206024232
158.52690790877855 450.54198081501903 333.8452699404777
148.76566845648557 450.447824987995 333.3029594997318
151.47362652790815 450.50181013749994 323.8357537221944
145.78453537644694 445.57025763295206 331.65792084255094
152.7346872219345 452.93769018659975 324.00783520845033
161.4853075065875 456.36800009132776 322.8697668032727
155.04296864952664 458.15348720246556 322.3282341077841
163.96248733590448 449.70662703153187 320.21967723965577
158.96976635068032 457.5467520192822 315.7182999777189
162.2563393963948 456.23765615558546 322.42501262226386
156.67559244748614 461.85398588802514 320.2777843425804
158.75351691194084 464.65673808589 315.74855535154484
152.34970121630164 470.4300103491707 319.7150734428941
151.43507658813473 469.1578268837626 325.4427156177789
153.85257429443166 461.1600775178264 331.88780651573455
152.02086670235667 462.5398819496415 331.8338421992679
158.81356385523532 465.1735889740819 328.32587703242535
168.77827010185447 456.4928155758683 324.9451454619252
161.69133762621718 462.54320329584516 334.78138213566115
171.3434711137864 463.2878793823482 339.64375773876185
165.14855714470286 462.04078544057165 344.0965419680441
158.85330428028092 452.1635753299832 337.1891195443672
155.86425366841004 459.3111140581621 335.2196342865737
151.0296279161111 453.4795501534097 345.1053620571953
157.62185952222515 454.1231628295309 341.8009304824934
155.68420896792455 456.44616187389977 350.71149998490523
149.8905773982367 452.0525730394065 345.18519718290025
147.40353828859793 455.6862362970732 335.87860683009427
139.942331315715 459.8440971167387 326.6561057354769
140.08465941158835 454.30557362671954 334.21369579595796
135.83414092486547 459.1859823232722 334.0905887805531
133.55704224517916 466.1984858264434 326.20011719555583
133.59790169466265 472.4215718811722 335.32031395523484
142.1555781157222 477.0983635311923 340.6592411936172
151.87935251606183 485.2627770168263 344.44129156865694
157.47220265918827 479.38631854991695 344.1798089130274
160.7951536104954 477.1079695167602 348.2877780903912
153.5393013142215 479.76761133951663 346.2387217062907
148.60536191556798 473.1307027817742 342.49279942576555
139.12978842548236 463.69018206017216 340.47761393917096
134.35702499610315 465.862212467703 336.0283249633047
135.0706793063882 462.4199240664768 339.6349825817915
134.6503287127427 466.12252298087196 345.00038525846014
134.07433054276177 466.380994256028 350.0655333985494
128.89161572960847 473.16831938736163 349.1595080629019
122.62207942428896 468.1426874207812 340.3078818165087
131.06177995885042 473.3712204241644 332.5670106231416
136.66241145907085 472.59503122832746 326.0418969484301
144.9161114093858 477.2007150117852 317.30403823057605
144.0092075083707 471.5534963994134 312.06725782429
152.71519600291697 480.6425737236951 322.0495916678847
146.9628461500205 487.55252513892583 328.7763592714208
142.12040453756737 489.168515971404 333.2329468185161
133.1537571182956 490.79231320754565 338.33570561463125
135.6925176777193 493.00473045112653 344.42522748264554
138.61539754620208 495.481623391434 354.1580200541373
145.4683080069982 489.7328882991913 348.44650122855325
154.0888793632587 495.4883804389303 340.4560967362646
147.95473161516057 499.3246983871333 332.165641225271
138.7841685180251 500.98868244226225 332.947154357902
140.55006439474718 498.34112823302144 331.4615636391755
131.58852533747228 505.1671229255662 327.4844479343291
127.60998043839737 506.51739898416645 323.95448903114703
133.09930364096013 506.80294977950604 324.0011885690181
135.5448702076003 497.43581933483745 315.1132313042884
128.71216542041213 506.59031773243674 318.5691337269849
133.84815109063265 511.3625490694355 316.60233179808097
129.42407961208318 513.3664495648185 319.75957098545496
121.55757139790545 521.8126970697763 327.48019729131465
122.12980260726629 513.9385331673731 333.12362560631146
121.50202895435493 504.7414254235173 327.97151343045897
124.67391288800381 498.94174746133586 320.59951107654075
123.49139819476127 495.45599804001296 324.7081654158451
126.34730432291904 503.91175857143133 314.80390510375304
124.08131647405054 508.20839697685284 311.4103351282338
133.1561828413071 508.70706264711816 318.8975272954099
136.03411694665635 516.1777385682213 311.6854615683992
129.0876120544427 520.915466751386 310.6019409577173
122.25859352297293 522.7587594113988 304.25347404336503
120.17792818788966 518.6805525719509 299.3988882471769
116.84348428938127 510.32306462282423 303.15579681897555
126.58596796256464 510.48013060767386 300.42061073908917
134.50590307301357 518.3836755917677 306.1951462680703
139.85358586784454 523.482730829463 306.9033212275405
136.97984542709085 529.3575080963144 307.0152586817656
129.23215627354065 523.2829855291244 306.1217312230179
123.97606928549966 531.7207348737944 315.29858250430044
133.87908560835228 528.2125474052287 305.9755838860887
136.00600094036727 534.6019231066787 303.5006061520478
145.73542933877647 535.8638612694989 302.2847855085547
155.66997308563327 526.7259769734031 300.49228389995636
159.33395130387882 521.7536780266372 292.79315371103206
167.4548254036525 523.4884347088222 296.5504917960896
168.26759946949005 528.5183242907578 298.48541976325754
174.2459621570455 521.6103658218921 293.3775617427538
181.37498688636504 513.9089158781401 297.95844699385674
171.52520700915812 505.87534343253657 302.81148093026826
169.57266478539134 499.0592241868924 308.95579160925365
177.44524633225942 506.23483548628184 307.7523913413428
173.53395478143204 512.3030417284226 315.270739052773
167.75854732157876 503.9794151485784 325.027441598561
172.50144296788432 498.8831042795849 333.0238310105893
172.00397227733765 491.8649488061187 329.7589880486823
180.75576712418854 499.63110877989794 324.75335759685294
182.95420773644028 497.88819766366083 324.24216914003887
180.6957369838082 506.1956042090323 319.0516963560511
182.90091862453042 508.7958502710495 314.5783066773533
178.51253872300913 504.5217964278453 312.31933518153323
169.98608072703615 510.1240310424286 306.7341872692464
178.61991047891016 500.8450254728282 300.2618434001227
184.431141259446 499.0603779798727 305.10878909762374
192.58197398882703 504.4536834611894 308.0887364763181
193.2971106597841 512.5230871447791 309.42634956166233
185.61282818755686 506.3683826476516 317.18051520232933
180.7243948940768 498.9608612456205 316.99014590166564
173.16101626323217 502.0470870522142 309.88281596294826
181.7607237794905 508.0814687308966 307.90463788191585
189.06594463652567 506.5365472484541 300.03704553337917
192.94482370188302 502.91575995047907 297.3603656963865
202.541951792936 502.06333841706714 302.49983976793834
200.2491470430637 506.97357221141294 309.0614354608822
204.0108356085384 500.5228969103301 312.28059948255066
199.3192077402312 509.33110248451584 315.4316237301789
189.74802519014338 503.5653800717088 314.1719271829406
188.0691977351691 503.18070090830366 304.70257549971683
184.7442796995136 495.9797872623021 297.40411325128247
191.89187889838118 488.15311075811354 301.24411558500714
185.9525404387371 489.00372555538235 299.3406402662772
178.05380413554337 480.28064013408647 293.932748217459
170.61383524610585 479.96978121937093 300.6877748058192
167.6639579842719 481.2118522448469 292.18002735323455
164.10958051085356 488.03382552689743 285.0372146603597
170.82620790727918 479.7072325267304 291.23456550678037
165.54495670216863 485.98096091725427 282.82544058124904
173.18420814986214 487.0957587079045 277.95151969106377
169.2953715572558 488.5437131909255 281.17827620365296
175.69885836140645 481.9418218108882 287.7009165499266
170.9695973838066 474.34310811751675 292.269562983707
171.3795699277516 464.6655841052827 299.39436896286617
174.0006073292484 456.6637913771448 302.7608964733459
171.57536430120584 465.1570323650631 301.119063435802
164.91863032858546 457.2054303028506 295.0490556035804
163.02297539742338 447.3611420840322 299.6267427517718
156.2239754709775 449.2189518013205 308.3590896062393
159.37632251103523 440.4471389787142 299.2412060378665
168.14965271824389 431.4833425312765 300.650439218826
172.22085855554744 434.8802694099009 297.4290963405855
169.31723929820367 438.7543725671082 292.24831822909215
173.7652849762794 433.33642176565985 285.2686445938517
165.71605778005622 424.08445461859407 292.59633290989694
160.4217211722206 423.03349351932667 295.1197538509498
152.92973554779667 415.11719486309266 286.2183943862199
144.04389471653758 420.7186945419959 289.8993314533097
151.52152785242978 427.26785326559735 291.0652547576228
148.69951992362346 426.78406055624237 298.0353108618852
140.8143985618346 432.4720717447723 305.5025197605802
142.87830210305313 429.6235832814342 297.36200735996516
150.8820516043493 422.8718959720151 290.38606059609475
149.60931507834542 423.63505213830047 295.6423887981569
157.67057760383028 417.50796353065243 285.937704499138
164.88944971180595 412.4164359615706 295.11964034835916
155.47400434548422 412.5245822863777 296.9808671946668
164.19074486029646 412.07427208509404 300.4982346021017
159.88782911782533 414.90356394473946 309.9246302598833
165.96395982962233 415.97404827230395 300.1926447969904
172.46915699559003 422.6109550652578 300.27151377737766
168.64409123999937 424.12798142823226 290.89004417171645
164.16978557396666 416.82566337190184 283.54952139398085
154.92075265786764 409.74967489102517 286.47956361648227
148.95432226466627 414.70316816704246 294.38217780387095
155.9574060369277 421.2089800228804 303.8598801817017
157.35287065612812 414.571246879885 308.31950161096375
151.05688264023448 414.0753090018861 304.10698504370987
156.5769497735221 406.610770043226 296.8230953627489
153.66755293451186 408.39189598280143 306.1201892929702
162.8729184042086 408.0351630061263 310.81067030705566
163.32751474716002 416.4269339547731 310.2466899450716
166.5949585110032 411.78692080876795 306.88292365546175
161.650745313735 407.54371518836246 309.87707097850557
168.17827291033234 409.8544060686378 317.8520526198861
158.30066562427314 401.3758133096925 310.5330427030168
158.08027963818648 400.6237453487044 303.75613783847325
162.47835795240584 396.7630163491929 299.7628506267848
153.54262929861147 394.960408388326 300.2461744262844
161.90893209162556 393.4794810127723 293.58149912958385
154.78375412366833 386.1341377411795 285.1148736732583
156.45163919647015 393.64902618076053 282.2120360122154
165.20874618532778 397.0368493459819 272.482369990891
162.0690606714346 406.39430365818134 264.9285158010891
155.32436175775615 399.07370760889484 259.4147710449471
155.21885135456665 389.0749562827784 264.94916952601994
154.72771529221558 384.86441944341414 273.1758531333604
162.15162226416626 390.6244896996054 276.67318562682397
166.86241020665238 389.5955297092014 285.9699805685256
171.88967597845087 382.26733680591644 285.89076142522475
162.8757474503583 373.3527611338861 281.237328123963
169.0732092645881 369.2022544101599 291.10789839592627
168.5179988246849 363.3887993280466 297.47371827510165
168.7085931881548 372.3293824039798 295.8657682247042
171.42961036209977 382.3087989467971 287.68074113277163
167.22648145857372 380.6396547534218 287.07104384670083
158.28256138084754 380.5715326466031 282.51177640205225
151.4475308065274 383.0678134465689 275.7245586145815
146.10109517046757 387.15455929130275 279.6351145342659
140.87519303541143 385.04625374991394 278.19811590263305
145.47628577352876 386.91906090190344 273.37622735192934
141.46410495623968 388.5353384017673 266.1199082271611
134.6065022305559 397.3472561995647 258.7750030722347
124.86300430094988 404.44443918231207 253.946426061574
118.7471922857884 410.2707588818812 257.860007597784
122.25778189631399 401.99503259578375 261.75183967771784
112.45419364992765 400.1113281656214 271.43054825371394
107.61160895910703 392.59302553961754 271.33248330296914
115.83850134359551 388.78573345395773 276.0077811797373
118.49497121671976 388.62224919141033 283.7877228812327
112.41576538746793 387.96396566962363 275.9957631382865
112.24170094060426 389.5701427553084 278.5258408617501
120.8163885453862 384.82547304139786 270.7126700326983
124.01399163678863 380.78315583226185 262.2987189503725
123.53694083926716 390.236918799776 258.9945270520158
117.03194663052267 399.83345571547454 252.31671964893923
125.2894232812576 393.1205628425634 261.98773455542636
131.46645724504737 388.2496042396985 264.1484242490089
134.4540222672011 380.1721180752114 264.59429376714706
142.533197199982 383.0630401140116 272.20701888107607
148.4413899967196 388.28432824101696 267.034590769998
158.29268657380499 385.61213670612517 264.366623187057
152.47765530617144 388.17903016615816 256.26871530192585
151.3951092970858 389.7682372634186 265.83021434663027
141.58924470410608 380.2476302779003 262.5841399203238
133.43049931674028 380.37287688431695 271.1243423047118
138.67782692445593 370.8273859448227 261.1303702168746
146.19540902946355 380.63979490203553 255.8345506957359
140.79121731877166 385.40064591225035 259.54856917231456
137.01285854287747 381.5156096158398 266.99483309058104
132.47548990780425 373.8480354345324 259.0236983147298
142.10599491485956 377.1085012048886 254.72786971383158
135.81988440728006 386.33814534692306 263.77090750536803
140.7057614645581 377.4205887937732 265.6100570553804
138.53628906309908 378.5679982981842 272.56651860239424
132.3854774684117 378.8895182382613 268.54533187291247
128.83538203154305 375.3383287988975 269.4240333800785
119.40164951446187 384.933019844394 259.5659265064373
125.93443803161729 390.11785192674336 269.16858907072697
135.11971821459346 397.9763110939043 272.5604079691655
128.51409551232032 404.5366434367309 270.90493735973126
119.23072545190936 394.5692669184588 267.6787308851359
126.47883448782348 390.20848612429944 270.3446191302354
126.53674597756742 396.5606430996585 270.91333511439973
120.47919941574912 395.1293560881394 276.78183105045645
112.25552704301512 392.63920491038493 272.8055393080184
105.20440482587207 396.12625615829154 278.87924394159893
112.88011529106092 397.49627542488565 286.0400177926258
115.91131455068464 398.87302308484453 282.8689599319005
109.0496630406081 392.1971130314403 277.22650362286623
106.94590311804971 397.11739183612303 271.41846481354276
113.88515935888954 394.5815812866664 274.3132622501271
104.5281144283731 401.09823492649673 279.8123472327552
97.36647177883356 404.0119637656574 270.87825781787336
93.6512764596278 407.66102821375927 264.66167997710454
100.96737275160729 413.7005598381019 264.17290948325444
98.37321097368184 423.1684363750194 267.03424089844765
92.37293267812483 415.00611491296405 264.8579666301473
92.64741427010472 424.5749009555281 262.4694662262147
96.77747926568125 434.47372872724236 267.3797432781409
104.77881731087462 429.53013128094267 258.71142385306973
108.30483573575519 426.5338434202006 265.3642452162994
106.91454249269366 421.9610636232517 270.09382852877667
105.13687529013355 426.45830286917555 266.88994420302265
110.29128415398097 436.0097068173169 268.3213242369667
117.5777372037831 426.3515534074513 275.1003079487397
118.76158858811817 429.8278953614432 275.9587522920392
112.89496377390786 425.3372850887636 284.3058315392327
103.21781014181587 435.098588982077 294.2868825053907
100.94703167073214 437.3723425673931 291.2433897445814
91.73650165676567 447.0372137438936 291.6067082353534
87.61079409311057 450.45636581084125 301.189066691106
83.44130630450434 445.258910403829 302.6566399069528
91.06037884955552 453.22426577145933 310.7220834573332
84.14425592170936 446.63543676188505 307.2119034792935
85.25342814813233 442.37972887679643 301.0737393074335
94.45493208303084 446.25849812823435 292.2728846521017
86.42324654074632 451.98151088681624 297.9668030316705
80.28509874721853 451.0502545204965 295.03728990463566
83.28772306512309 447.408984967712 300.2960474102021
84.93341168906575 439.6543997168414 290.32835132622847
94.89843267394335 448.9745653098746 291.9079887488111
93.72061108701482 450.5727464458417 287.0159356788237
98.52855450162988 448.94280406673363 278.82587285421846
102.09707737292506 441.0713751672529 275.59132777072085
102.99494704009518 449.30841401796044 284.4982844170868
102.76195556854255 446.08323517029334 284.6901649812576
96.71746448277459 450.9822970044993 283.29449468257343
90.79924648871169 450.3336493484782 283.1045205842065
90.28029653037538 449.01814001767156 275.9019170900365
88.52345252262748 454.3985808737967 285.70578299655284
97.17146124743277 450.8945069209308 288.9485161860073
93.31106155850223 451.0614464503079 292.8920769378728
94.99465194302788 454.2240517683169 284.0610714149197
102.19928041198587 447.73362508974924 275.44778109279775
105.94659803783462 448.45612742478437 281.4295218459561
107.99215730187184 440.25260616481495 279.4471747405356
107.62748481257445 434.16616405975185 275.1635179128293
99.11689433439635 443.28529652142623 266.60108874875795
90.46006905155603 437.30247419337087 268.9636032927362
92.32123805941612 428.3704966207696 270.4707808283556
94.0170654897373 423.712073425137 264.12224335965146
85.76108765602532 427.3249383612647 257.2096008569312
91.09732278545322 423.96144728411963 265.75821427028035
95.74899756717551 430.3895098589135 270.32726598892725
97.04839180049778 429.2425618111726 272.0422587859896
103.72481951661183 432.8766375359197 272.089185093372
97.03879152155974 438.89957641321274 262.75138324097753
99.03129022265776 440.09403989753315 253.16734355083457
105.11903156797415 436.7258408112443 244.58171369500658
102.09308889871218 443.34017215009084 251.98004907859385
93.43828726374667 440.60216178679343 257.90271551834184
90.82928151189877 431.80729462085 264.4414701452687
94.93539608685032 429.7011906446136 272.9548867003125
92.3696894302941 426.35222103868153 274.419376520198
92.56826024773424 423.6582512672666 274.8796035625213
87.1045020606727 418.6817949325207 283.0832935345467
89.21848104957542 413.85103471849897 285.4793145349484
91.30461850864523 415.64269841493876 286.425565841993
92.8720006433359 423.5324785545202 289.2447008318107
84.69111066276635 415.7946927222359 293.1552264617003
88.43103715338242 408.0194797448022 299.3237306073971
91.28359090998302 401.6891922910552 305.9284895833287
96.4296804994338 405.98292841427724 310.5410401653229
97.13810241918563 400.4993558765558 310.1058431750608
100.8581756619022 393.3572850951722 302.55859212591304
110.08482640545373 391.61203113081785 305.07627247430463
101.85704682692413 397.77949781213374 307.1730747230846
98.20459361702385 393.884944487155 307.3963909091642
100.97814026827268 386.36472458470536 314.728014946605
107.41552998131816 376.48114214704856 318.68008174141124
105.37989817927291 370.41536819514255 321.756931385573
102.87490473457989 375.90814510536006 326.5344001004109
100.86637805415646 376.29023517119526 333.12106200541587
96.26938574411608 374.6992070381919 330.20420431761704
88.41484858091086 383.94122255208896 323.10107990398745
93.38955306660299 382.98735167442595 328.22973103331293
83.71889458347705 385.3698343990514 336.3834849367737
87.25769677162025 378.3714779316814 328.11421911714973
77.30296923428713 379.2531093484708 334.0649816592914
74.00786003213493 373.328222565834 340.8011791763963
78.94877827303608 366.17033303767147 345.6530214827983
77.69491518260236 372.9726042418187 354.3963564459601
85.49509993557731 371.3953928579929 352.91304583605694
90.78150996703577 375.77856375270545 353.2436808365123
94.64204393568211 379.76557349999604 359.60989441416365
102.86032391244584 383.1003293873647 359.6554152422465
111.34055499534463 383.5193708675923 365.30614962013436
105.46613078780646 382.2656961533089 355.4880052794922
102.84857217645717 378.4186933105753 365.12730542558006
101.19765601981054 382.45329238791874 373.62654371447763
102.34742549329289 389.57490466724636 368.64885050468206
94.01751410784115 385.3637394447972 368.3602015171067
90.3768810462581 386.52101999555936 361.59301023314976
94.23930728714653 395.9397234148648 366.2664960026366
92.41973538092724 400.61174392450005 369.49186418320136
86.45485587127237 399.1530078212286 376.226500972073
93.06479240205213 394.8666902996817 385.33080273679184
96.09875126065626 385.0153164696506 386.7436297423888
104.68310800322057 391.9975807148294 390.38259387044127
110.21772415864616 390.95708719536464 394.2074764290271
118.17458511815057 397.23088470183745 401.06360622894323
118.02430289908682 388.15353187103375 408.71496691627664
112.85044566275826 379.1473797431496 416.630790765916
113.023855298303 384.9761372877842 410.28513566085195
115.60372238488358 388.6711392524294 411.48924174931534
115.976701203161 382.04270054574425 405.0433183870263
106.93064516363339 374.58669124068444 403.4973655212393
109.80325149743369 376.3792540750893 393.9087889962445
109.91551729494775 379.64909064160736 384.65829474966984
111.1230966129582 373.39775255433506 391.96209115244926
102.49786791012356 368.9730857076104 401.5868560906739
93.55884182320162 364.3046264952205 405.17840236511637
102.67796734838436 361.65797978886644 414.0346763810574
108.56659418734216 359.46572033497716 420.4119818306736
106.2509524309989 363.5521449378823 422.2088298950574
111.55584109203878 356.9512741837893 419.50676490743746
109.71472378138404 361.75873476464056 424.13397274969833
110.01669029669895 364.3347686427954 430.0500184090648
100.77607929008406 365.1049441443737 435.12178387503934
100.26527414908209 366.2366107189955 431.96981195914225
90.92196209358616 366.8054335049915 430.43101195287784
93.86670782201388 368.6231628003944 439.94565448690344
86.64380998409712 372.64646628420536 443.7079205346056
88.41549611636879 380.36183623706006 437.529497244283
84.98211658978887 377.7859850567 445.18520686556957
77.55045302185843 373.0627077412274 443.13856157887915
85.8128244038244 366.44895211170984 448.3421090996048
85.65354751119015 365.8279855457179 440.8023943708884
80.3329186561966 371.88165687211904 441.0881323457695
88.04394586095592 368.7530303766402 437.0056093322784
81.56645478562388 369.1253917287539 443.32926668534117
90.20207862786145 373.65518371607806 450.5511203533341
95.92213141817903 377.832289106012 453.7369898540368
95.64728931154617 373.15045470409706 461.03988395909334
95.5594409872672 381.6826961839796 465.20917484348786
89.38576462029633 382.61080356835083 466.3602140214939
90.9632626518808 386.5425903626485 467.0781388965821
94.98950894015881 394.21121866179953 465.60738815962344
85.86337086258952 401.99445691197445 460.0323868291049
80.18219957297366 404.8047140662832 463.0718729913951
74.66397643782028 409.5890331482885 458.18090886985
77.41245561367292 412.25359797064505 464.24276928443146
72.14278274535052 421.0977732339964 466.9464416571917
63.222243044342065 422.9939866283955 461.8828380765982
71.90980163596653 419.6601854016486 454.39803176553147
64.60890213312811 418.1128962422112 452.73668480181516
67.44547308625124 420.23398833962835 446.17092099368705
76.88831269362908 423.92560714364936 448.03767295577336
68.9862167689749 417.4836060091941 449.19274165371957
76.42473236709318 424.9045386428189 440.9345712373439
71.55513033039108 418.7789285069069 438.414819912529
66.91902254563706 410.8052879879834 431.5457996992465
57.212304268070454 410.74788159583323 436.1193254632209
47.627510754956084 402.5228738544544 432.3012586816958
38.03723685799228 407.82685580185824 431.0731537562149
36.936932286830825 413.9878597561468 439.9491490627392
36.37176862138463 414.5910772677458 448.90044367969904
42.34484772938849 423.4171393075744 456.41159577783526
34.27037024147526 419.38931411316725 453.040875131518
40.49747584774836 418.60599685215516 456.8289625722336
41.31685893601945 417.84335457684193 460.0153356820749
44.2086586946336 416.1451679475228 466.30662110274204
47.5640440508254 412.29918411943765 469.76708574000855
45.43198843222388 403.3702260840992 472.18775855640496
39.936849711803525 397.87233107471275 465.1818287630771
39.33927200966587 397.037426078674 474.5969997394013
41.60487064664985 392.38482465910386 477.39104064931877
40.680072811147205 390.43539698765267 475.8872697232093
39.538638347720074 381.21045422965693 465.90872411423766
30.46471011493536 390.3556982990682 475.52823722957015
38.97186019156511 382.7568275441821 481.06547459494567
38.61714337669821 392.70289302951363 474.011951323031
28.742509957870062 401.1209463479493 483.1110694492286
25.551676842370764 406.8457963458176 488.9701432788173
22.22827385806815 406.0115935595082 496.87172999945307
14.50397986894119 403.62903384215275 500.4484932656642
5.252543999322958 406.898002020193 495.7556922017012
-1.8183295769257306 401.45840663640826 501.5266870347998
2.2123461906527755 398.0555993989679 510.6703060278862
2.9173159339303014 397.62286392211246 516.8176884551432
-0.18639312145707887 406.13046981260237 518.7830637015103
2.905769770656771 408.0110147534164 511.80758411844386
5.677287843448648 415.6406519662049 517.4381271689901
10.740801645201849 411.33338456640587 510.6892430368021
4.996423806408178 405.1235224063036 509.0369329777176
9.353734069243695 395.59828965630317 504.12627442109635
11.32421346848907 401.6067065043384 512.7429434404435
15.422640332899498 405.41309641479506 510.2593992276782
6.822809510420244 411.04822940141116 518.5292752266324
1.6079854699544622 415.3804491509928 521.5445258341161
8.368796738373838 416.2055697536799 518.6357684857201
2.065593110085045 416.1677839621238 519.9822417646842
9.810272234056779 407.5849524995883 522.8826458443488
2.5188908971423896 414.0056761720018 530.6353337659243
-0.6307364637682555 415.13450942123296 528.0587588637462
8.948935306048813 421.5310521973853 524.3421688776868
-0.44879321569207953 416.2336850140473 520.1404838193141
4.578965907592169 417.9643615956662 519.8163537193072
-3.349160340966911 408.5299779087397 514.7438490682252
5.649742279796978 398.78826925255186 509.38624945403075
7.2071279539788815 399.11626622204676 501.89349696253095
5.480325889599737 404.590672712964 494.3787918227963
-2.051773052736655 407.85016907145246 499.75345137633775
-7.143962809596577 398.1774757372586 492.32320349426914
-3.5158572048382317 400.01124578050997 485.31884427944186
-9.084942285235526 406.0674681706814 486.354271095031
-2.1584488426029242 403.1039404398106 488.9165545655503
-6.156944848923553 397.6812977101243 479.35115018738156
-3.7444008761043053 404.47513567308096 478.3117653745234
3.8698238610323648 406.7337238081107 478.67643505145105
-5.613992434031512 414.02967508824196 483.0104106228595
-4.396884312678331 416.4959298994123 490.2967024119111
-3.350086607528378 411.5947464416479 487.33561693237374
-5.784785199900362 421.36126360977426 483.25869568175443
-6.6021307341695845 423.6256773003505 473.7278606598887
-7.241871826076385 419.3098869258658 481.809326467823
-8.571035609665847 412.37798296155097 485.4510814481402
-0.24445180101184327 407.02390628457783 491.1156196729346
0.836928816132291 397.75537166015704 491.5955210838301
-8.55368626669107 389.75900076536885 487.56685691154667
-14.519651189075345 386.519920561583 479.97344173757017
-23.431569710823595 383.4787662375225 481.8828113626439
-16.242902922202433 375.8057513835378 479.41721842940217
-22.65107900268564 382.8138581886497 487.62757476242984
-27.943956309415675 387.5441124542333 496.0503319745606
-26.091246914044753 390.73563121735265 499.8758644876099
-34.967486999046486 395.21706861277084 499.4131024707144
-44.33964905963276 401.57764118082906 501.5134698993656
-50.16587063942495 407.6945243590368 508.34279207961373
-43.03352275277732 399.6979346368056 507.0884317239594
-45.96291382963577 409.00682783464185 500.1225156051648
-50.81445776472906 399.1795282238431 495.50966464241714
-58.078283433649965 405.38812652689154 487.5607601982046
-56.12180003330554 398.41829648745994 488.14173437037533
-61.25392104570885 400.08954741192355 497.65441198063064
-58.40063359449148 406.63483823577116 497.26438315517686
-67.80077001793217 399.0064663266131 490.940366638688
-64.62520640224187 390.8954235839173 486.9672028010333
-69.19574196140255 395.81264148398014 478.98936808496563
-67.89356344846898 396.01417144148314 470.3445650447582
-75.44315604632122 400.10205970076765 468.4247961790903
-72.36543889905386 395.1769009444795 472.66290889253946
-73.14101817091036 390.1177997085381 480.2936063577562
-64.93794580688997 384.25093424557554 490.1401207259122
-59.5532820892542 382.70699627807875 483.5538348492129
-67.79945365869537 374.18119723261145 478.0771758404488
-77.3308355823096 375.9299826449413 474.728666422719
-70.87669226858378 377.11234113957335 482.4998236107854
-79.23754006395357 380.09257612026687 486.7624430554512
-81.76890586928207 388.69890756354204 491.0166111810543
-77.56178952309553 389.8917577103199 486.2447112551264
-73.27959413375852 381.47382705196577 493.88482597312327
-76.9921280266611 384.1408162129621 501.40063401090003
-74.17467867848067 389.3757633314824 499.6188895925088
-75.1052866252485 387.5947016273801 505.91691101664094
-67.29059525796764 393.08853796983124 496.04272183050847
-66.6139035397647 383.2341661857968 491.586440534092
-60.842487613416246 384.78336412853446 484.8812392695864
-51.32120572720959 389.2445660994923 482.2073159180863
-46.85186317910523 397.6033920521742 486.95244485625494
-46.01970996981868 392.6185247391225 484.73000592350536
-46.841781569318655 392.28647851906544 484.5909411500597
-51.51324981577276 402.04390083112156 482.43662919994335
-57.86839015982746 403.55076806956936 477.3447234303506
-59.28387254802608 406.2565172463346 472.53965319604583
-54.11903165455524 409.4438231023275 470.6558906558664
-59.80079931050474 403.6925519153578 471.8254668918231
-51.51581096825196 408.95838602248125 477.4304456589139
-51.238205775206225 418.82781005802786 478.50763251061903
-55.105038167789374 413.5752585067202 488.49445563084447
-47.80962137861985 418.57179940290285 496.90797424929815
-47.855136095667284 411.5379789028238 491.0803924023363
-49.15382140794208 410.14055011375854 489.74179817964875
-49.98688391571058 404.2398560093914 486.18665446905993
-52.709779025686906 413.44165756414037 486.9864909348885
-46.54044014629075 421.9319164740278 484.146622903074
-56.32779983360582 429.19220884122376 474.61066410386144
-59.561443339915584 432.5776507148356 471.56751475329565
-56.307941659573416 436.743127130668 463.36503187053677
-56.19158574590272 428.86681641692235 470.96232345139305
-63.536225752572854 419.7192606078963 463.67772195683114
-64.95482978218124 421.9597752163927 454.90164012106186
-72.36149468997925 413.65591768607464 450.4270660547482
-77.08889430592833 404.7631542553924 444.6140180441193
-74.30630774868874 398.48367735817675 439.4250442608713
-66.4839600318574 394.953024612956 444.47969036375747
-62.868262996622576 392.0047746757464 434.8842399057536
-54.51537473349684 400.1607490173035 428.17206485052037
-52.40517027245161 407.60324021861754 427.12756707594826
-53.51013554257126 409.79213206604436 431.7273853942793
-62.78351119392457 400.1222161395757 432.6607283039611
-68.99334177485547 403.1358547676672 430.4402019684884
-69.71763190653786 396.8076629578807 421.6327668691919
-73.05797183146558 404.8142640615846 419.3722071099272
-80.25360304150733 414.6251643066832 410.20266543037434
-72.64550126808186 406.61826326083633 413.89375077989797
-67.64183346930808 415.77873530114135 415.0136181566649
-74.43411624048376 410.07254373775015 409.31813252324906
40
112.10191781613915 384.4335184882732 416.3171427044231
116.43849298145874 386.56451669493623 410.4033895307438
106.52492786921496 381.93081128268346 417.2824014208175
110.02922392070535 378.80250068194005 400.0983607341604
105.08084198176397 370.88556399021786 403.19700368760334
104.32143465263738 380.33243929378017 400.09928482990534
114.20460325715517 386.6769907554057 388.2360335898555
111.21909054492497 383.0745394313657 392.944687145955
98.97071025319568 359.17256102370146 404.0899657025654
94.32921009542444 355.2431370005643 408.5952017904345
106.51766545153393 353.16631953097203 422.8299933467733
117.04921227772701 369.0799410220198 425.87358771220914
112.4272465090103 354.0748983515803 429.1507812467237
102.70008396150673 349.6262810697543 413.64934496460995
109.85872348233715 371.0555670266514 415.6520584380307
108.12109628576673 355.1191167837364 437.4577926083559
108.40308049144474 369.5798038926166 442.6546561757537
95.22178450002342 363.8078216467171 429.9102073088398
82.07709009849053 376.39471951111915 422.5295060475985
95.37912166660374 376.7830939673151 432.8523153381418
86.05100883264902 377.26828721069563 438.6844395450296
92.88588413308463 373.9219044176512 440.37735433197867
85.53239085598142 384.40775294236704 446.24745257546647
71.19612393564793 378.31041750621625 437.0324103594302
92.07606227406654 362.1416874058841 443.88953242706384
86.35357664687004 356.89173787810296 448.43822021988046
73.17065574484408 362.1472993444444 444.5175938609686
90.26778975800677 377.38836525393714 428.31976069610806
86.45610101724273 374.94973182311816 436.04511434011675
94.69600301192396 363.85582456789615 448.28834612630527
104.60375227723603 386.5040735332893 453.99428810246303
101.6533661737472 367.3523207764486 461.38529954990173
96.72168722981539 386.62702841844214 467.0148665685803
83.12687633136672 373.15492702505856 463.1555445711592
82.21802608164458 396.25655506541204 476.48486403267634
90.02018737896643 403.31537296662043 474.52656474208175
77.58842796089934 407.31647558735017 466.24929766206503
78.9375844923429 412.11299321237703 454.020321826845
74.94085208539727 412.3630345213992 464.51736181842296
85.98769637414583 404.3648670769144 466.0326706313637
