1000
452.24973104767105 59.03836513805106 406.69391337190285
446.15165571851185 51.00589203966458 400.5828773583415
453.2190946289047 47.24963520754275 390.92914675429665
450.235592280339 47.746422443335696 396.2347235542569
440.81099089666594 48.15212358803006 392.2991060541916
437.44813707767304 51.41924087507081 397.65107250780727
437.52609938751806 61.032913352382344 400.8405879146463
441.04321391320804 70.4613632344971 400.1527735432946
448.3149299481244 75.47766591970355 395.57745018415227
456.22050062494316 73.49764249038954 404.20559309015465
463.7227544889284 76.091678769449 408.43183942794775
455.4837264397242 80.96087320612229 410.3146036837603
457.69667734023926 82.8660685243539 406.30309728057836
449.92220905789884 76.43960099153092 415.00245837068974
450.22006966566477 71.36454770507991 424.9971128829143
445.3196995982587 76.51207279450902 433.7982191266513
437.4825930181125 75.64077504660095 425.47329243291654
445.13081606373606 73.798474844004 427.0679124331368
449.8887582636339 66.4725010560994 429.9198499411789
450.46897017553533 59.643483865189516 424.44381437641925
447.075227635969 67.32893289522742 418.31662449857873
441.41724292482405 64.32569257859461 418.38810748369553
432.7927404529885 59.575227477076936 409.27831153523215
440.286757120699 64.30701619863241 400.4706597252295
441.31485626382386 62.73330431268144 399.33523352080977
434.96588161267107 65.42031460981211 398.23428851612476
440.6604901849878 66.80153549944018 403.9227836103701
437.4427093219472 63.88828934560084 405.07014842914555
432.0918282365745 63.63962257199604 414.6046667709956
432.2000446196902 54.2080425216851 410.92728046169435
430.3806817916734 60.35547074578734 406.3923293105735
432.24230639027724 60.902989006781304 402.66575387753676
434.1794943399835 54.30862841349308 397.272183263136
440.73921347646865 56.74616202541146 389.6054004906561
445.4929240833911 53.38156866926137 398.42262004545455
454.972277023646 57.77031922926464 400.96579647093506
462.72963386548906 60.3308035004216 392.422913761172
459.8033627949836 67.16218582350717 398.9367360169448
461.4876152436224 75.67014792380938 398.5148154196878
456.38992289123877 81.25616790263905 401.53777076754676
455.7381778989483 76.3859204912604 393.88415529066305
458.07057383795535 74.70516064591405 396.76672866590593
456.6014319912112 67.76357763598674 399.99957836704004
459.10962261678173 72.21515295678392 395.0257468483883
468.92014934619294 80.17854963341249 391.2541703824522
459.6474132657829 83.35119363794105 398.53429126731487
454.7882116108158 78.46571872833573 393.47841798906336
446.6099198564497 69.4780162699659 386.3863919782324
438.90416164463215 73.76949440961678 379.40395235830323
443.91602858955554 70.88385051322662 381.9823894553009
442.72240885996575 70.87861802558655 376.02918097500816
434.2691450068814 80.30729850891706 383.85724258425785
429.62022069719524 87.3878655212016 389.75067351891465
428.4079833597904 81.005215943482 386.0244231065925
424.7909056831671 79.77759879018933 377.1150757848783
414.8096677018416 72.9391205309442 370.77079317270557
413.0555469132201 79.30184439178518 371.73943618501573
422.4156527786801 84.43266423356727 366.8146067116589
425.8128426252424 82.68865361848435 360.9699134793293
421.94017812114663 76.43830149440834 365.25428375057595
425.0363133012509 78.08152250660427 373.3112679374659
421.3391632138868 79.80738254039892 367.4829418891297
421.7849048750296 79.07406110864727 364.74693247550107
413.006747891694 83.95622852288444 367.67796398922036
420.5783082009039 88.32858122950168 375.5218740577354
421.14849227276454 96.34826918071366 375.67136289183964
411.88253834768705 100.39679533143587 382.5239006017802
410.96783354843103 96.89628343004156 374.7770618175204
414.64280034299406 106.31182993686579 380.8285647038562
411.2511992722833 113.27327968899647 390.254509446898
402.8952299444911 117.98250554123206 392.1485250442747
401.05529749564687 113.88798793392 382.75195629113085
400.6886675970788 107.32326105249834 378.2842201674035
395.6007452947223 100.7397694569814 368.51661449239606
401.3171518608225 93.18396062568088 359.5642090350574
398.45725577891886 92.83458976878217 368.9206877432076
403.3373799009947 88.11291883275537 377.1731680117457
411.74745180872185 85.98626980693767 369.090684422627
421.07542192863997 83.46181738713278 373.4028204183095
427.6271999544632 87.45055925228658 374.0880711167514
421.07428678382763 79.23705300149274 364.6182319248728
422.112862710073 81.26022113210313 365.7270596273266
420.792810314881 84.63821479059686 369.23630056212926
414.18938367602414 77.42855750438473 366.73900467224274
412.21469984174456 76.55891102916473 376.6888095777106
409.49168438454444 71.15012856070771 372.42897117433375
405.9313737967308 73.36288971115961 381.17811288653377
406.1310803237112 82.79040863639113 390.4741676743213
399.0346184218562 88.45007499994232 380.9305445595976
400.63854069538286 87.57472358403706 385.45634297946964
391.31183011354597 86.41023760256869 380.3804988887998
398.9458069399044 90.83471968380792 380.4258900194779
391.1555011401026 97.16465494940525 387.07907454998315
395.9217097013384 90.60249811733884 392.00240697568006
387.66277376652533 93.4078807011871 399.58847546762473
379.5464281608416 88.7074703088689 391.1066023781164
377.0964202942653 89.79145303358277 385.41926409977475
370.85578040083396 93.28151240898083 391.6842333142584
363.82464294618944 102.27328180134005 398.1060952071127
357.66298478996094 110.83674922429225 402.82396779434487
351.2977622880948 112.27669859400852 405.63420024495684
346.8758740247962 112.4593822595507 401.1616451779024
350.6412979277633 112.31807608673432 403.50556365936006
358.10867255670036 111.6748158461483 402.3304957598594
365.2381148013881 105.42376219176045 411.39716345363485
360.72417499396624 107.77922642398796 419.21545905314366
362.36706239713556 104.27672054737482 429.00643563003194
361.59374342153376 102.96288136526131 419.1794061167823
353.11004581300756 111.64462978206846 410.58891407817714
358.4015357109186 103.99173581942439 414.9898716108514
364.3085014591489 112.29886250812116 415.3660380297549
362.81203647024404 102.34111618332754 418.1735867360564
372.60316732682344 99.04460746862898 421.01016503510846
368.8408626071981 89.26192179190178 417.6942357197377
374.17981655837633 82.04891025857388 418.8482694776668
366.81276631844526 81.83316694736124 422.9222250236662
360.98150233727563 79.7310513301052 418.6505735927862
357.301798948184 86.53098080479496 427.6418048623441
356.2365891976646 81.83571495313898 429.70424409316524
362.675100000809 87.98351869135753 420.2727826665908
363.1399808701787 79.51565319106197 413.38204009870606
367.26932738844056 75.42207771331367 406.7784779667406
375.04314643282555 67.32657070301653 408.28026971575673
384.1283192571968 61.10188173512272 402.46136614861587
375.98342683000607 62.935522325045916 407.51279624880925
380.46733887179073 57.91576508905811 401.46207373002943
375.83817004614514 64.20048749464623 395.49624593178817
381.03121791065024 67.20580469725155 402.3590173734394
383.73980663754975 67.55373297644395 411.9946229319785
376.60375200423925 61.4793955329598 402.4152376895984
383.9421432815175 65.90417701354025 398.90371905008294
392.57964499668066 72.8029422636207 406.24366171799016
398.9963502506863 75.18906353045652 413.8261567806826
391.64811869502006 81.77669338047204 415.92458784461644
399.5254719194808 78.11994751426981 411.4532563340279
393.7372438309721 76.47760038581754 406.5707079176794
400.908363034136 68.57955244376474 407.67482873289026
394.7253334588939 71.61567098762787 400.21727316747416
394.69934688082157 73.84829530673346 396.10971305957895
384.722865205664 72.26719952899904 398.7783302424279
380.22207716851887 71.50502947443292 397.86945901257445
376.0248177932427 75.25488116637298 389.10161625243614
370.77176217740697 69.13873134323701 381.7974070079726
376.401795267316 78.58575973419491 388.64832361318804
379.3916672505644 70.62891610292313 394.60305102051854
373.82617005256503 73.7185469580681 390.3886485665917
378.4250676981641 82.17982989150849 388.7084018893032
381.5480486636373 80.44577670615175 381.251042987274
375.1112453080259 72.346492646667 381.0051076407848
369.09023063814016 79.7638949613156 374.14024876481693
368.04517694874875 76.65584256616317 372.55264415116886
358.3800187580348 79.79850579649575 369.85759492848575
366.1067334948469 70.3706380541721 374.05987039238465
371.4219163645547 74.96008485723242 372.2640947467547
365.829809740185 66.92428988023468 381.3065733539021
356.2190139589782 67.64554724178711 390.41004265163264
357.9611313923932 67.02413175663082 383.3588800799263
363.7588011710161 60.24285294356489 382.5745654784976
364.70691624965696 69.01027125542458 382.249830139362
365.78498488793565 71.40652756016316 389.9170142780054
373.2837331893256 68.24329632080705 393.57243405559933
368.6801595200795 71.14070453170014 386.00166926839466
373.2148112906167 72.87940901969037 389.0513480783559
382.59276883315346 70.809941498358 397.01505142124665
391.45605289087666 70.34462263524594 397.2997713975078
391.1468439154014 75.97903254126356 396.97937067149127
398.65965531597936 81.36738709467446 397.3823851908385
408.6298209568207 78.41742135231799 406.80191864321637
406.84021485524005 68.45714074598594 399.23469697916653
410.7207464272354 59.47064559828376 392.76555053145455
411.19797629851286 50.6877315108609 385.05041071473175
404.5183252169364 58.534027789341245 379.47508883676016
405.72646429219077 64.26072240108361 385.59156836466406
407.6907216125044 65.62373513619617 388.3231622213758
408.53289822581326 57.75288609525127 380.4381384678586
403.2451423217329 63.37614965176242 385.0277938196812
400.78898655838685 63.71357115405445 394.03918663146675
401.9574657640529 60.45833631943916 394.0803270924781
392.6401280568241 62.4434665403889 388.3082285232794
385.1210474478332 69.72255263128191 384.1350742658268
387.65905209932953 78.76614598657855 382.12253641808167
378.53264980300395 78.59913248649993 384.86384624512084
373.8082661691751 79.12871839617296 394.124610699559
368.83596040638434 81.33764988857175 392.341281065097
374.2901354211797 76.23026815660725 383.0516486577327
367.50002308563006 71.13203135909622 385.97232144404774
364.8148094848155 75.44184567301076 383.77802784824803
361.66190660343534 73.50485088568212 391.81245490477147
354.6952102515153 76.52714692309429 394.9329880337446
345.1714058373595 82.3639109533438 397.0289984186081
353.01582793152915 88.5331307021061 400.2787650581698
355.85809120597895 80.34827878550547 401.6355136812136
363.1169637959895 70.92909933455228 407.29483792650893
353.49595796452564 73.0169226265637 400.56955572620075
360.78192274343377 68.85777868202089 399.6757029007236
359.0416791397687 76.1925424747338 399.76095423613805
367.74175275058343 77.60983668727974 392.7613876213643
365.1951358972358 83.2500832262646 390.2387801715552
370.537678260695 75.24843623716563 395.98573374914065
375.7739726833664 82.1785232563956 398.08461444351366
377.2534174589763 88.11401829508722 399.9963946208533
384.7977647553059 80.39327168781169 399.94738696803046
391.9750796224754 85.95364952567064 392.0568078868251
396.3821020422244 76.63309260405128 388.5387492795503
391.19081807230407 78.58524592479262 383.3509808224805
388.1733479297048 70.38309863376705 378.9935511801113
383.0194398807235 72.20148703197964 371.0319453667412
379.64224475588713 77.9012916377136 364.6531523299561
375.6868008757512 87.34144223410743 367.5928484053726
378.3494692703061 82.4386691378168 361.2259138159821
386.8855907099057 83.11951983705174 356.42276630354655
391.5906511261056 78.1601927644377 349.21410208847345
388.9473646138836 85.18200985669216 346.9076675292801
392.7608311528606 77.12158547347579 351.6929724258468
399.9913072646419 81.25640607747978 347.64450889786207
403.3893480718139 79.65940707063511 346.38426006303627
395.6375994426514 80.00617404853065 336.44576499563885
394.117079392066 72.09279251392168 332.47642026564023
403.3188135379344 69.43842955941705 330.08837617796456
395.6690106021659 69.19527615919334 328.0800299731354
387.8697647744577 78.4546863425573 333.0230099434906
380.72006533899776 71.64742883817216 336.91964095578606
387.2480034215724 78.42411860347804 332.4833331378111
380.97054872779853 83.99803552618943 329.86483067894295
380.95380231048904 89.3039948887474 323.2639283106966
378.31074599703766 80.20331919933999 332.1414330650146
383.49213836953885 84.09174588755597 330.1021469447136
379.27658818386334 79.95662625983994 339.4524745885559
380.6170292697706 82.94471180713356 337.949816353987
387.8693889323251 76.59129003624555 345.1804068823921
392.6952925483187 81.4945409475066 353.086558873271
392.7211313956559 86.77284949142594 344.4779648134617
387.18264356774046 78.99888484966023 352.0051176224868
392.8480335957285 80.11727862063195 357.45251108327545
401.68531171611494 76.02370196533728 358.3145390772484
409.0218035987427 84.28540868363473 351.64896918992633
405.86352801076123 82.69064753163192 354.3599545877922
402.14263466184343 81.4909853520231 360.67144661248295
393.77721862749905 73.71272775782869 365.11883645364384
386.3661016808894 82.36264767830352 356.28473281335465
387.9614703043357 83.7673674461619 353.46481252429845
387.89889875973927 75.62169464019742 348.3381508227199
380.3737421296603 70.75631849472467 350.55970721909034
389.8665192665297 76.91010422237217 352.46665936822075
395.51153019365984 67.34688969681304 353.08323520510066
400.7584834562771 72.87728677490755 358.3741977718794
409.4207450658484 76.11212275310723 365.27431737704546
410.96574866539095 83.4423792105818 366.81568621658073
415.2527008090824 86.42799956375589 371.54492976890475
408.5107269246689 84.73393870352531 372.98177880209204
408.89542217711374 93.43873569189009 376.41052923751295
416.6213064593735 99.10922534633457 374.1625208735768
426.49120103230644 100.72583972758854 375.01718103126643
425.94430327489124 110.09226482886183 379.86993373391095
429.56041410213777 119.78844085007921 386.05296551491523
431.5652172933074 120.58010840043711 387.66206925562557
434.8078118635961 113.19202931436413 384.8991376230675
442.39900822600987 104.20714810164343 388.86928504665246
444.8841246018776 100.73055428132031 397.2524027785624
454.3919855670564 107.21691290908407 397.95618146410607
463.9371781767111 108.83906755744334 394.730861779144
464.74168586836703 115.95799780060118 399.75573521903715
471.98217562401385 112.95782721887663 407.83615971360956
466.6303800590117 117.30725633483604 417.42116389012153
456.67337069359263 110.64759620555822 414.6378546931107
453.69154253485095 109.89955701538884 417.88450827103765
456.7578923472761 108.79251287136735 415.708194794959
466.1983167931528 106.67746448984934 418.7394374975919
459.1287919165231 114.89286139303826 413.11694906971053
468.76477267241376 118.72245681518616 421.0850338059625
467.75901673599475 117.03861157687031 419.2261172867727
475.56332264427664 109.36189282180224 424.28088053456605
484.06007854342846 114.72064062217154 429.7192750142709
493.1964564965618 112.87099656391705 425.6036037127642
496.0368937757115 114.85403887933552 419.5832826093782
505.15840904007814 107.25308827794571 414.01197813245716
512.0661495235153 101.29813115277616 411.60837676038255
517.5890940637466 98.61733039599741 416.7789579431105
525.2523584763182 97.5197503047756 408.4491798830861
515.5595700437134 105.93091047190092 413.8518393997875
514.0666533272589 102.96940342176289 410.4966531411845
523.1583984342839 101.59066087251415 413.65392201540664
523.4719504632388 98.4500568726414 403.8509889800084
517.1869907802175 93.26486913824954 401.8269361007523
511.70607024480597 91.16154925114938 399.8464190153849
502.1598704235609 84.36524026519292 390.7406328565378
499.5501973572585 77.873237847427 399.2723414441195
502.91328616346397 85.52891163778536 401.9517157252225
498.6505467085639 81.20680727454865 394.6997643755005
499.32079024436223 79.06618065081624 386.7769982699608
508.4301750238185 86.27825115723425 395.35535283414526
509.1332482855858 81.0461199874387 397.97688370031153
510.4453632542129 89.20350282604382 405.0899801845537
514.3015323129642 91.40839341138897 407.4702113393869
511.9434652304489 84.21078358828593 410.28562327669783
518.4769039854992 76.37901286748854 417.6471581951144
528.1333691898301 84.18157187015592 413.28478942515136
522.1135534627177 82.8778021913998 413.05624109000325
531.0240240346147 80.32701850670784 417.7596025495574
537.7079872375369 81.14647183012504 411.69500845715135
541.5105402682328 77.6950584271255 412.32794021967834
544.9862755012616 80.28232762008471 415.80737546418135
545.982509418971 81.8991762151757 419.7966509760029
541.3158320181964 91.12143868141648 419.0596111271684
542.8554356465829 90.90322229667751 411.8905868617516
540.1859150486212 81.03590257517867 415.91421215813983
539.8333697934664 85.71711991500656 423.4860614097167
532.1814377295864 81.67467037914983 413.8430388940491
532.9210027083416 87.6195057936052 404.3892916693953
529.929747246442 97.05539096996769 399.6630272874325
524.7461865663619 105.66327216623486 402.78389627634726
526.4515061869134 100.29895543632323 405.93177312792835
535.4648880578281 95.64412931403116 400.6706278595597
530.1785261910225 89.9771474964751 403.40740598550565
533.0335610892603 96.99702952451393 412.88253447137964
525.1345651329767 95.78556492963004 413.60147965398113
528.2957761198957 86.99003704362804 423.14112788721616
536.7963263318117 88.03290712631849 428.4489252150349
531.7839065855685 81.97593954091151 427.50184778640795
527.4428006373729 82.16388389706859 432.1880326827238
520.4186018506455 85.15807782860304 427.3458007138839
528.6312674230495 79.75016376160653 432.80113635238536
520.4010716047566 72.90188341338445 430.92360170761077
527.7789559791298 82.7137105793218 439.2297144256286
530.3991035000911 89.82551162117932 430.6278715381159
533.2018681723674 93.24540503277427 430.5023789032551
523.7443178799298 100.17932173809798 422.70590059970044
531.982487887577 94.3644324827526 421.47049987360185
528.8235068070666 93.82892131856103 425.39568672791137
536.8142951038009 93.77389972908261 424.4715019992132
530.6142615745299 83.84742239085452 418.4955289668626
535.3406908766573 74.6943544076225 410.7826721475968
533.049957882559 74.61020740400268 412.25655702650056
529.6109694479574 81.35287243322776 406.1107347685933
522.854491134683 77.31630554148558 415.78508684352715
518.7860122258618 84.0404778524451 411.7702394483712
521.173999384904 84.54188495660249 415.0873014979312
516.8996594290217 93.86616135569535 418.9724156056766
511.9864967645058 90.33294125393999 417.61633466147384
506.96291432782755 96.80022669444453 408.5230396163507
512.6380105016353 101.24603384317396 408.70722127192687
514.6664892730226 93.77083347504328 415.50750797898496
524.3938585378618 86.35228444306806 420.20492139084223
529.6831725725507 92.60479878012067 419.3493852252144
524.2836826796099 93.51464227914433 424.2633053326219
526.2956961928437 85.08185401684514 417.28588806434215
534.6817443111968 91.88035535187045 414.5174429617286
525.0301015622841 90.19044237095352 420.9711027998504
518.0884354901875 89.36418874752336 425.5535464138569
518.7933978938808 84.10844620733594 416.4027881784522
512.1389959504784 91.84314141042053 424.02324437730414
519.5810177108632 92.79147561060176 416.60592064713836
517.1495352401686 89.16374604743982 408.0140124173118
522.6701484344813 80.00125401620458 415.0409473660423
526.7539291004041 84.63140068417091 410.7361991205884
535.8949734486283 88.23608730108634 409.2414145183554
531.6724481336325 85.83181651661351 401.69752588503576
529.6252411709679 92.02061337039372 393.663050920906
527.5279590327783 82.19543610998923 385.0460757978675
529.2570033973177 88.96836104489917 394.6598235812512
525.2165437162403 79.49194442270297 401.6608052451793
522.9250179556485 69.95025448291426 407.0102429376266
517.3887498151438 64.40392014399333 407.39872204978104
513.3981927420457 63.802265604144914 403.95824445218744
507.29625765124183 61.46794016249234 399.5259802465431
507.5902801617785 62.899559627895954 402.14304749122164
510.2447291267382 56.72792281031344 408.396855551674
518.0253341862712 59.6638206429755 411.95854686039627
511.32621119898033 66.279845801474 409.90657640563825
513.9883228175148 58.502101166949004 417.8292396800751
514.1514384120462 50.21013269263112 408.68923150142416
521.3361992310337 49.62638164469109 405.0267118263665
517.5556857849954 44.77806868094304 402.5066173620162
524.1064371809709 51.25158056604661 401.4582193762991
519.4718087834636 52.804630859048586 403.09520547129995
527.6607770856161 47.91677331965836 401.059817855925
533.6705382117921 39.93646831368426 398.83297285467034
526.7130171152369 35.90239918607626 405.285231636167
517.1520818894052 38.75026057879588 400.4074362520182
511.6156639797496 29.404311129876813 405.0669603588551
509.1953077974886 25.26513824691394 415.05368095375724
508.56752001223225 22.1100057770096 423.4786873449142
515.8559602277567 27.05702065573639 430.5057763582642
519.6424339217633 20.277813650803214 432.9904653444465
526.7095956650776 16.02505822207344 435.28372439976425
530.4693100550968 21.97086158787407 431.86117636988564
537.2646436174792 16.250840141177203 433.4130641290193
534.7984236656667 23.89334849596591 439.830418842393
533.8792535838335 27.377768724666293 430.636098286821
534.2741193270998 19.991783093098498 426.9680507324803
530.6514545922578 21.93216250378243 433.81241769262857
539.8282981347594 11.979965604554108 437.6452621536985
545.7630961143636 18.80114471666329 443.65753387561693
538.8545725277571 22.48975695761584 452.34793778906015
544.0922006482259 19.846519925954397 453.5138038559122
534.4404935149968 20.411603747766133 458.60569090338896
529.8324600251862 27.777037414304086 454.8881073900195
528.4855599571744 22.604357239321736 464.69700676028583
529.8253562402032 25.805321801520684 461.29911233414634
524.431132828957 32.971079686964096 470.6474182096719
516.2451901420665 28.17751519328843 464.15938354649757
513.1836441838979 20.136426980522586 454.74115263969605
512.3780970448836 25.659374497550026 455.3983350277479
509.2761333443096 24.654453752314545 463.94266673269783
499.5583190735911 29.407316918557733 457.44388884417367
496.8166236922343 33.45253988663875 463.92086824787106
493.091174747376 38.02954871280198 461.85113187649864
485.9949361904926 41.836956293534485 461.6804809702856
483.9437770054311 36.84632254171163 454.8787232018863
492.5942704906891 40.360388669239796 451.8658451419603
491.6597327369315 38.14825543272534 448.7584300574029
488.58552003132235 45.80513864717878 456.70405931254317
479.0854060018052 44.031239871024674 464.642056485449
474.92682664397904 53.8863112898762 465.4612421203537
483.57471073427433 47.17188897859402 455.7458460281555
487.107762114326 38.867029363015504 460.2805317610406
481.90159477772113 38.71042289146763 450.33570603997015
484.39230401404734 41.66895514012353 447.334155215225
476.4230878666829 40.63097984145783 449.24560092126
474.4541131958451 47.17999479134778 444.01165632426387
470.28643207825894 47.028785946601026 451.8632248917615
472.7461907590026 37.28633394617495 459.5021942842403
476.6000058850068 30.37356638099442 450.201508765103
483.79153132962375 23.090004197490277 441.4928946295359
481.68455207991275 13.807502844960597 443.31255032013104
484.58601778072943 22.880205166548656 437.94614700138607
494.2435478068958 28.974794863141696 437.705564689133
486.7679496913188 38.71199529994472 443.7784504088101
477.1803676935655 35.2313389273581 452.12913222602674
474.4281359743502 45.039032155998726 442.74496983051426
479.777080935377 46.59040039633353 435.7719078709257
472.51094290593164 37.73069679902572 435.0273468114856
469.6703261601635 36.326799522307006 443.93787088067467
461.63901375258934 28.09667818615851 436.5566321386509
455.410137447934 22.60361958761577 439.73555232545476
464.1035543414629 25.041231802578327 439.2609006833785
465.8942060679283 15.605119406628823 445.8847947257555
463.36044094696297 10.547276740589416 448.41717341970104
464.4611679270196 2.3172948733718126 455.29672810464774
469.3173383482168 -7.055368206861592 457.84107280655144
466.2512094173207 -1.1560096768597354 454.7447937980532
456.669587274679 -8.684397095986105 460.9553245125945
465.16236826882124 -15.730700446025947 470.24966001993613
463.067598034345 -7.263704241476351 463.17750163504115
465.88893512093665 -7.50080864434414 455.4375649913499
468.0024858445411 -0.2594476637816676 464.5970768261844
472.95711199932225 -2.1276566428694275 461.96217767997916
467.9425064608152 -4.180116778548404 456.4142241755676
466.61787308942337 0.272830403112005 450.6853443015886
458.50672038658064 5.517918720896382 444.0995754257589
466.61320605584154 9.479929160320916 439.42003737253344
474.0123970301757 5.834771362786599 444.20989762934556
469.3779035997175 14.011857903298575 443.0567459041757
465.9323809223344 7.54821777181883 442.90038416044933
468.2527737336947 4.912232900606421 449.1235569439448
464.23575136864775 11.374368604960463 448.283174577961
461.8447947315135 5.190419961468875 453.13319851136663
467.47667746381603 1.7560266817529997 462.95074844682847
471.53714934619046 4.75209728510027 456.87749910412623
476.82282931316087 9.300812155552013 446.9022661596294
478.1038581485089 15.679965352915945 453.7501804046443
481.23061321245507 24.86045965626261 454.949877988695
473.9939641221659 24.85320571199661 459.8023285795408
469.59669810119124 22.78516612695504 452.3512597472741
462.69880920755486 31.122078169018263 457.5562633057901
467.38696763367585 23.718533666508133 467.5520558219792
474.5926600741147 27.456689113053187 467.66975256921717
484.55475092631997 35.99968950876707 464.3003785105347
484.7147794013775 42.1489297448315 468.8148019347114
493.4949998611498 42.99596022254489 472.14183172905365
502.79777175894003 50.22164746867749 481.1310694188321
498.24860505154174 42.253430754703786 489.73242765142993
507.14645219445504 49.969170063552475 486.29362576910825
513.0532630882623 40.71022208218908 491.69076846150585
509.3391236976779 44.10098643261053 481.6967116706655
507.3640016121226 34.586445952260824 478.6089209836629
502.67212373977526 36.18799471342272 472.84804041959336
499.3896090561099 36.756922062131686 471.8641218987571
489.82211099566115 46.49961491836375 475.67378559166184
481.9503783983565 48.773870932030505 476.09524772312074
481.072888930018 54.71750163219602 480.74190194297876
476.64753972937154 51.80323916482168 473.46021252579413
470.75955512162545 46.58199271725367 467.410967878862
463.0483679412509 38.81923496681563 470.92106236677256
454.14838336178485 47.81888251198256 468.9208479345391
447.10941452669397 56.041914268797264 460.66679248148955
450.8407853884904 52.80146006016389 456.0061853275356
460.2888546325604 46.23250283873954 465.47896433565194
465.04625432160043 55.23404805290917 464.32726841398005
462.9580567026574 64.23685198503581 470.0180149778725
461.2695456817496 62.40624253746174 474.06932899693834
457.58247690098494 62.57247810117483 479.4765341137078
449.3772590107912 56.54177708854705 489.26645018686986
452.52964527533044 58.10717536595299 482.84809422059476
460.7413146884699 55.788220896173115 479.5061511212929
456.21164449251444 62.886119562304074 478.4382632839865
448.9888458938786 56.71122293433986 485.8178447905964
440.79480491151213 60.18752393256612 486.0563489695111
444.605271365214 55.19277222990943 485.4726684849043
439.013745389536 50.6960083071722 494.6645151677155
435.4337330992214 52.405341544122564 489.3522801433777
431.2213552968904 45.68170753477638 489.20027385342837
432.4402126804135 36.17305974064374 479.21144294564925
438.88300604160395 27.436423974238025 484.2285412544678
432.2803893118658 27.050287337835385 493.2947904242333
425.893137957492 31.000737084319894 493.6856505925625
426.28907974054414 32.75348652979791 486.3191757125062
425.82974682708266 23.55001890641809 492.16550157058526
427.97055565805925 18.197120326647603 483.23441856219216
435.4060903298546 17.513059032883824 491.2371455865684
443.63459980590125 24.392549273176634 499.6748848252388
449.4575659425452 29.474556011663825 507.91323982045674
457.7382645445166 35.179214307463596 512.0739429751549
450.46083186013186 33.155756291502186 517.4246437726578
441.8655418880446 27.715936440296904 522.4794981424228
435.97633814474887 23.755087473533 516.1652403052803
428.0892191273434 27.644122457071468 512.8628305170382
437.3304389636747 33.274013534220266 514.3263343130741
439.558398364422 42.04541413279763 521.3154939672958
448.4865860295175 35.30639251300544 517.0461765407894
445.49518541396566 28.316675228286275 521.6640375696074
452.241778037794 35.23061250666671 519.2760321468319
453.31248889591956 26.479006355421504 512.0988642741873
459.4833254970777 36.1048467098702 506.5678041326854
466.92385205745325 26.18166104549978 506.1918840079907
471.2328154914464 20.140620991690774 509.37883852286535
476.5197656425452 25.287806479646058 502.2523991687693
473.19904664784144 15.816434320068733 502.7075797729408
474.36892329608196 7.6094065806853255 503.0586973402879
481.81814204236105 11.87867249930912 505.55631662084386
485.4288992884639 19.11488821698067 496.13666085191863
495.3075904473042 23.103469353224693 490.944820864616
494.4355063962768 31.26640761963081 488.4254260832614
494.68895711887126 31.92844035705368 497.69272870697694
501.86150361793136 37.04565959988999 495.3261709705802
498.5497116603149 29.504016413868868 499.2430396759757
500.4638422226285 36.68456536382805 502.9108876404761
502.65492833207543 35.40648831774766 502.41272242516806
495.5841098107235 32.93558583478128 497.70751864459834
489.3941280359163 42.640269515428585 493.9793727389782
495.4887039564978 37.553546916207104 502.2742769983338
496.34866866674315 41.44574170636636 503.71611120806466
497.3347859052287 47.55371544071801 497.382028150738
489.68653454480483 55.31305859146466 504.1238991563515
498.6757289248792 50.6646931800262 504.3487112592945
502.6006446053039 60.39574158164396 495.96578967758023
508.0822797647566 63.971606967093386 494.2393148448968
498.20716702006223 55.961660525937404 503.3443066842969
507.80835757772996 49.94489661793804 507.6129623116527
499.9904599108666 54.073954737826895 516.167153834257
503.2677296258386 61.74151511579063 512.1932205455844
496.0075331661203 63.82416950290994 508.0098863038955
494.3027764758386 59.289204414014904 516.6329361825117
490.25648984946775 65.92817871740252 520.1425711775508
483.90658365060784 57.8496077472107 518.4407277383561
490.9586136528903 51.14059321428212 527.2954462525176
495.3753325569798 51.66436366841627 530.6853800125199
488.3130739984117 56.261542953617806 539.1936091893822
495.4674313974889 65.55318993767452 533.8735514318031
490.60988740612953 74.49110654215085 527.1483146296969
497.84010059412486 67.18869983411979 519.0048133212687
497.3548922200669 75.88036671902141 517.9614629639299
503.18513470669353 68.50620528076044 518.9936292167303
493.81790836832164 71.14690771265622 512.2756612640653
495.37236391176 80.90999577762295 504.3786343259538
504.00935852588987 78.12448510060362 503.68870756871956
505.39804580491796 68.16937433225331 501.61018903552315
503.37998775042064 64.70583360977061 508.287137880195
504.681867819808 54.94876634940455 513.3151097011358
513.542799890444 64.86978076816712 522.1107389077627
503.54526704875354 65.83995425194195 526.343198226557
500.19284161839335 69.19157370246225 517.5687342197615
494.032001615496 70.48114051716769 517.1306645827439
501.9460405912156 65.34810557546078 513.0893039413282
494.0813092663362 61.36379807462275 509.6458458394797
485.6480955585632 64.42928381589567 511.9616381601173
495.6374098101227 62.144292349378766 511.76035698515545
489.20530157978084 56.412518665436885 503.07993777796065
485.83097149985355 56.85287595596903 493.8128406427557
493.4841465033507 49.69460442006186 489.32113570149994
494.64816552310555 58.52596774133106 495.6310388955921
491.71861007794195 52.07237024427283 489.55248091900273
482.48645408102334 54.156933362989896 480.0973601723667
486.19659224914915 60.92052395400254 480.15133839415427
482.8116629126344 66.14874123347226 482.2672373905916
478.3154853200908 67.84153137034951 487.66270433350223
484.2127209478355 65.57283804650949 487.2008515035754
481.4183887996572 63.46201738203424 492.07581915533245
478.39402461408963 59.89625615495484 482.2517451877985
479.8450479336057 50.82033545103699 472.50377175800486
475.6264806707382 54.19120264858051 468.00295159209105
480.8259151583638 56.14665807781785 469.4866350382639
490.80316193501096 62.15607124852682 465.0692879623633
488.5118193236894 63.900445856764186 466.9010209909458
479.9267334925132 64.91486173406386 457.04518201039525
473.9013118933668 60.046043317121246 456.3108717916011
480.85736411347676 65.99247871043893 463.50043177775905
484.27698947775923 71.76929337151073 458.43076169392094
478.5452348237674 61.80926085157927 458.9838870933527
468.8288760722423 68.74735562958926 457.36155140214834
460.3415579153912 68.0476586615665 463.2342387753537
469.6062256668517 61.30521056661355 468.5412838370913
472.225682501563 62.77111432199937 471.1536785753982
471.88346336379306 61.59839565797912 476.4698247156176
471.158420788504 52.83204692468185 478.63035393120686
463.7167668239074 60.236626631519975 475.9631347813877
460.8188150572725 60.33465316328759 481.6412852889696
455.46383758941306 68.82646856872472 484.8262243791376
456.12676603900104 58.84895921536756 488.372497419655
456.40101563972485 67.94665719792278 485.92198466707026
450.2418372933906 70.92101979462464 486.78376112465367
440.247103488813 66.29202110121106 486.7174334094423
440.9782704256601 60.78559830488264 480.6303083111039
433.53157169730144 69.69622115149059 479.97403056123034
424.72004507923646 65.09450026403552 471.3210419418748
430.8529517771775 61.04410923997239 475.337175401666
437.56097634724745 58.87790870906904 484.64591224321583
442.8947982074003 64.20743458244777 475.1703668116994
433.75409515594964 73.78871130893523 475.9503460334939
438.99313713712206 76.38469625510947 472.58210974044016
435.2974966190216 72.47937929915257 470.6940218879307
436.0866775183139 75.55515034447072 466.0927663874268
427.699012429365 84.31421928458587 469.12485317786457
433.00323158379194 83.63002163335801 472.907633544364
430.50442896317605 77.08486251652296 479.7596020226416
424.2948707068583 78.73570702234431 487.042220840601
422.2038384222075 79.68421026641984 477.08466795704805
423.5991189650224 84.23750820540467 474.0401639054883
415.8936227364438 78.70999994213128 465.90994168540414
406.8807162123362 77.8918838742024 471.8788290104518
406.35381932258196 77.46960047034821 480.6863620024907
415.8195439067656 78.03579985204485 488.7662805018589
407.4971471680842 79.8877013235007 487.0647082162552
403.22039948432905 70.77154312838618 481.98021618478344
394.9617477361944 61.95144277649238 485.2610279040711
389.8284998916604 66.12118228978879 483.6497246590178
392.60513218025926 62.42000410701293 492.33317466818784
388.8341579382923 60.12615786633373 482.4483561760793
383.31863263609625 62.86971169056902 476.21748429005544
378.3719109054539 61.032948018419546 469.64397222766235
371.6277522015503 65.67931772758118 462.9174263197354
374.33714492688966 68.97292993335874 458.6308742481282
373.81652336589735 67.2964282925895 449.42189582982144
377.4767929972017 70.43993236203349 452.42160725242684
377.63885282363356 78.97902392428836 448.2406707161905
377.23213703525334 88.61724348513314 450.31010072182886
384.95297411795787 88.43716526190194 445.5471890361566
381.88984855338464 98.32765221108842 447.43185375590804
385.0306142253927 94.71119484841856 437.9795371878712
388.5566358038568 100.8850713280976 434.4029784351067
395.57399053520203 108.00525349316885 434.9790958444496
398.21506721915927 107.43614975781995 425.3780257826728
401.6928341660212 101.06203437845105 422.4238105068884
399.55838469233385 103.63842933179738 413.12792213930743
391.1662406689987 113.2203669975776 417.3112545202092
396.39150538431613 112.74545014824231 409.6816891766715
390.3908920364945 108.53899159719106 409.77608936387884
389.87640081389884 103.50669773232336 401.9157555654865
385.9663008201041 94.47782006787844 400.91079542020464
381.52964832224654 95.88786467200057 393.51049107694007
380.0090397036843 96.34476807582112 389.4989775458873
373.8338710308571 88.39655155392964 386.7722037017586
374.3765503638715 93.55705524461108 377.38974414655644
368.2520128431581 84.40612271353656 379.22573686016847
361.37105908659566 78.00376479088575 372.57854041482017
364.7258985550064 77.63941563364757 364.5000229285297
359.76767037318155 75.2323804042877 356.2970479175291
356.02891256013055 75.44683366135146 347.69578918415044
357.7167458632786 74.43866679880236 350.47758825070895
364.27042514933567 76.28047080960782 355.9216054568016
368.9123934086325 76.93421916287474 352.1344243075582
370.1870227710092 80.6696349049527 354.57254099049874
373.1429000727616 73.94473309659293 358.40522455458745
371.8986431165566 80.06100341371987 360.0176918459557
372.9655610752967 78.24487932967364 367.7693091031982
374.3933564367201 72.05719664366873 365.5523073701866
373.3096798524773 75.00793309174468 358.88759137589807
363.46103760509476 67.87570503273876 355.04269905067093
355.34429729330077 74.0848706086078 352.03163094399804
350.4192315684969 70.36125882506177 342.5337617773092
353.48943636371445 76.18339235262482 338.5704820784583
359.0537918697397 85.39669756854718 336.98253284912954
368.2591455598874 89.31886457551298 344.4046418824746
367.40113604449 83.22303059797838 342.4032300966573
376.46811558106026 86.62820097505589 340.2106722119641
369.91977052996856 78.9237473182136 349.6200799191189
365.01244941707523 70.40950860973942 356.8289683640905
368.6857813577704 70.1783904088763 365.33499540266627
364.920473140066 67.78046143842762 370.50477757250457
372.06727488534204 69.41158923794701 364.1185562686408
375.7291412625678 70.29704113005968 362.4490341344739
374.7792112133804 72.13884890081822 369.57114055771314
368.53664876141835 80.24932835638515 364.8107856201137
366.3733985819002 76.61319214342001 362.5716712248781
360.23081592061965 70.14641254462249 363.3185286751689
363.05457800875297 71.5034141930409 367.6547918000561
357.274248084107 80.92593308008571 367.34459067250685
361.813873694825 84.9179783943557 370.6855419258116
363.3105736625426 83.28145761146642 361.3037492371617
356.72341686344606 91.78524158600706 368.55831725743013
348.35156786418577 100.78027898767668 364.4112669803196
346.6700782616339 94.12234696830033 360.3174632238867
345.49215295651015 90.40395104672095 369.619248698807
341.9232096196403 80.80593402047963 359.8034684583555
331.9986376811559 76.59271969011071 361.81895845426476
335.5376139028025 85.18135102971544 366.911001449882
340.48427065991245 84.30577965962254 368.1390713313899
337.1501892664791 75.02075115652613 372.49150103138385
331.49189400779125 72.07592843884763 373.6379504487311
341.0261898118321 66.28736234388948 374.62138910226884
338.6176701080813 67.83351272648228 373.2459575126489
332.09840019011 66.83683080140567 380.25046213706895
334.88593253200304 76.05701053874012 381.6343483384855
335.76752559607155 84.34188815012085 387.9227330159238
336.09819054793405 80.3526395233468 397.73071082172027
330.8919215036748 76.84959299823761 394.98669387741637
340.13526268464466 80.29828035096267 393.86446955773704
336.05222607408876 90.07333531827818 403.11868462740637
343.61812852128435 91.97721098367276 406.957525713129
340.3607423908154 100.05297882347602 398.4347190011006
340.42452149301675 98.08528183492376 389.9582646061642
348.6217694155302 106.03885207418645 396.75446127801393
353.67730134672934 100.676251257059 390.09944102079226
361.13388272176593 95.12953925088405 388.6417021988471
358.3791281743173 89.88497810089213 398.50160516259626
351.8664356825638 82.53870782694523 397.0326042716356
353.2055189708058 90.08481356855492 391.896677499123
350.4714071240162 83.74864588213302 396.2129594420947
356.6139612252721 88.5818568815506 391.71226394252346
359.0462859689449 94.51932664064844 387.581697123404
353.82323772024796 97.67790012759103 395.99524585002126
348.6136312319719 98.21256030394503 391.001400048222
351.83028077078626 102.85759652147705 399.33013386108854
349.2745873991863 110.91735896923001 398.1220695176414
348.9548013471649 102.85491392556263 394.6252974332335
354.445807557197 107.00871668489793 390.952970537731
348.86974141241063 105.2930791288099 400.3980730560494
343.09915810021255 101.48132777876316 393.80348159747876
340.50025278549106 93.40223587002708 400.0130124596478
338.33215007343983 99.61780362159993 392.0379704333691
340.0826927492686 89.82041475907391 387.6788901512808
339.4659534947559 81.74502285942394 382.4821256391869
330.19164266002235 83.20845166215804 373.27847898483054
332.05370979783214 87.72458584421562 380.1204893989529
329.2129594746338 79.62559847874357 388.90174193724414
338.828759110097 73.46232776434631 388.0954414410953
339.77096965334175 69.15066086155 385.3213723252679
330.96645221479685 69.60050116201941 379.3250019059523
334.3429204587883 63.13653871720351 371.2033447243931
335.7434970835038 56.187575600939596 378.9237946842398
334.91892688629474 61.85122847538766 379.99522808665085
335.9835917402758 69.52549562380047 380.12106190483007
342.31360075166657 70.86546167730242 375.18550113811517
342.65664811238736 66.3134511816275 382.95389525357524
333.23893099490607 70.35367598771963 388.5560065242281
336.197161496332 69.67603048636636 380.2814862551558
344.28321374431715 67.55025324684533 383.94444435254997
341.83083691227733 75.76954003106866 379.338732283018
336.38852179916984 76.73717655131978 379.3204355930697
343.49126858455435 83.90252858865168 373.2840348133535
335.69396359233633 83.43574467360624 377.8982241054461
338.7677130501796 79.67004544452023 378.1772757158743
342.3079719136199 81.11606955610927 378.08380332569936
339.7584800841182 86.23763400520282 370.5341079842164
334.1603147161152 76.28310148205686 379.61551386885196
324.332616454225 72.44347541460185 377.14703161453843
319.62341549594686 80.83732311049572 370.09568576334533
324.1140838341897 75.3566372382213 378.6702343771015
324.7220605656043 77.70157470344655 374.04969255793657
317.8377977150342 77.89937918855207 373.0626054019823
315.8151561321258 75.30383167789371 378.94934836386886
307.72592648330794 72.42312635977862 383.0165191359182
312.7931767540569 76.39571751602352 383.25663622721754
305.41610729174675 86.36234377525379 388.60825172490746
315.3306642202175 86.92627008717386 379.7576830763183
312.8935291324503 96.5247395896101 379.8906041371991
308.7917492855398 101.67966998897508 387.21667056030856
302.7479821017914 109.46042813123563 378.7401551141361
305.43535655514376 105.43641484482735 381.0746240283974
306.76856524660434 97.32349607059672 378.1416217050825
306.7792150993517 92.23074761990979 369.1748987072564
300.77688564010657 85.32880158598503 373.71289136831854
295.70453676177965 78.4999971279161 366.41672354993176
298.86504206917834 78.85761479631626 374.3285486418627
289.4433779454884 88.26982035756194 364.8168589510257
288.35818226529125 82.99284016789733 369.42283210093
285.34949847225715 88.44074503019183 377.61320702913457
285.19069499705955 96.19060321617394 379.52715518118845
283.4056253973066 103.43139569990926 383.8727263769082
274.04593890050904 95.90820766674128 383.60340738822794
270.9569234388388 102.79604621896137 384.7880827411708
274.91648951483285 108.1340721728147 385.83759596879406
273.9856256859992 106.96506260671 394.56758366773244
278.4161733359966 109.50178789681878 398.0680911139126
281.12015777087856 108.53036628844065 400.29218428349367
283.5511735805988 100.72266184777394 404.8573455365061
279.9739626495758 92.92773013819115 400.67809787956105
271.7132083493934 97.68546911769843 405.7648481150405
274.9660201617921 98.14479062842778 410.83759194711877
280.2683919163172 91.28639632581573 413.1740493890054
287.9968431650832 92.61792387086159 409.5343709194291
297.222684449282 83.98677919350878 414.59561065034814
290.954107607807 75.1802772207306 408.9233518855887
299.83028612081216 74.23408485783206 405.0816367743996
297.67242309061385 73.11552745955407 403.1814212912031
299.10015300096484 81.71726222859306 397.82874545735865
301.89225751523117 87.04352543811666 405.0602874109842
294.7909515516261 89.60409138447075 414.78910467265524
294.5291669937076 88.80501716537853 422.26834839046523
298.762758340289 92.2117973077216 427.3177303148534
293.26475786884316 91.11850507869423 426.1237076697772
292.17956768203504 84.2857551233875 422.7293923861264
288.0911912529615 92.32775623848251 421.2181361376956
283.2408795303023 96.56846877448577 429.94622089124744
280.54540685141814 89.87652199908575 423.41291874238266
288.7360979366378 95.44324271821316 416.65405569418687
281.93124175144163 86.34502282354889 411.5749959090124
274.35039772908215 79.1559907862094 406.10566488871586
269.79027458422604 87.87468821783438 406.78294936802723
274.3339972563214 97.45340780076916 397.7402177732685
270.20682293325183 101.48372824154677 398.41822169709764
270.5786850319403 110.54430974692245 406.8897365166827
273.30245323760613 102.91319702815163 409.83610970486535
264.40348569936964 111.93806628733635 410.5667509798826
258.3594093953563 118.80548852363933 409.7960291870029
261.98907718763087 128.57202343810275 402.83091656203874
258.6968951620571 121.62305336753684 407.9966014606756
253.10976171683222 116.16828369395701 404.8544639960535
252.37113587867128 107.31069756036703 396.01469664868154
260.58303203785306 102.31380055668575 404.8087141297511
258.494577933816 100.48592393618699 407.9354660994174
258.5573750457374 94.04008260060715 407.1125365256404
263.9336633199562 90.96415413959433 412.25005224000853
257.6109897688155 98.43037345973264 407.80586932701635
255.1948799547444 108.37215010315667 415.2888109001139
263.1295719579898 108.66358738307108 412.76741819063756
272.3218512857944 108.2745906545704 419.346677512331
280.1832508628286 105.72794447356038 411.1113830850277
285.7943913217368 103.56013473016553 420.0165620457373
288.27196832524356 103.12150059081326 419.86601420406487
289.7840708069289 100.83804945288712 429.20974642983043
298.0742312139758 107.81183973434482 426.5681438047231
298.92979096935875 112.90023703621357 433.9927023500897
303.53010750700923 112.99141009797249 437.381892524897
308.9570707209908 107.20507235729525 439.6243382205973
300.74194114129705 100.71133839502528 448.2940659665526
303.6363846873974 99.2792021131673 443.1047862046421
309.2425248832976 92.01109533218576 439.5835309966016
303.30794666357656 100.66092545850128 432.45617116011573
298.9845131810696 107.14579016503255 437.94623312441763
293.56222159058575 101.11535328736764 441.6520370722316
293.84076796760326 95.91613570362274 448.581555354344
296.5978320034588 90.30442053218508 446.6271702324631
301.8928933995431 91.1324547556118 446.16321790667433
305.77881060856004 85.34024910962827 440.01727416941486
314.4799462674402 77.47687491107203 441.1022564249406
321.16187159895316 82.12237189479035 433.3894915891934
327.06975904754626 85.79959182481788 431.71695107224093
318.4107892374836 80.83402577202597 426.38710579897617
308.591443169443 88.41579075511532 429.1380457791238
316.6469831063715 78.4948108972584 434.2599878073702
321.84985529227333 73.13985701752696 439.6331242155814
329.2389711404665 71.65675896168231 444.28125831136146
328.6305816137734 74.29673249046131 442.29063694488445
337.48401839434166 66.57491727654839 451.4072659398823
332.95943765287177 74.14290047769236 454.3693996635598
339.9333313976189 75.85618709214121 453.6805166564398
332.96716427122686 69.5659407647226 451.57372781037765
323.3431236489838 72.86395851460662 453.68714769858315
319.1851779484077 67.3866407768557 456.0826862941571
326.7432709401657 66.38329440456265 448.27180341897207
322.22915133952876 75.42147375974078 455.1559885266799
321.5923178334383 72.8581942614987 447.9940986794962
314.58093731741894 69.1340308254432 454.62996582303145
311.5261539280853 59.274692272061344 456.03229424576494
303.7518943976468 62.57550257120689 456.45509970008953
308.91788468279447 54.47111995681688 466.44912756145766
310.1645437303813 58.76801686897991 469.3832045126679
315.1997859872138 49.487133345557794 477.4393381339504
319.8873293833353 56.537627104318496 468.53648567048276
314.3836451564732 54.15084310667566 473.6431050513145
320.0559550573652 55.89074461393318 471.36397969531896
315.1400545641273 59.367708092659164 475.2987502600018
311.5643976537991 49.73331205389076 482.08961536240577
308.1329861880967 44.59881468813418 479.5040575310966
309.25705196766063 52.05915374440452 485.6692391341474
305.1846513906931 57.14447293449987 480.834238103912
314.15891312609824 47.73079371002757 484.2996785987283
312.1131170971894 47.13912086071037 490.2957126556397
318.3245666679306 44.2973718671998 494.3845430100236
326.85346462318614 52.42982929464161 487.72697882544605
330.8474892566249 49.06912639515957 491.6828343971528
326.0637587335894 40.98751670476167 489.0499423188658
323.6591767003527 42.74399110628527 487.2912436161332
318.3255098040235 37.39614648540057 492.0061799130824
317.9175077269516 42.21969287013329 501.6352686497361
319.40524787662486 47.849240841691554 497.1555983074226
314.7847316041614 47.11708873345667 488.5540665290199
308.792484778154 38.87912411232162 487.8384300138885
318.2139256988359 39.02683603911429 479.3870630807635
313.0094181290772 34.03107768720224 477.7855774006132
310.53445395781154 36.667924509834556 470.03756064926176
309.37103614313367 34.149948401007734 462.38257125622306
305.5658497428417 36.0747402898943 462.4175948321916
299.6574450218285 42.34276600626279 463.2118105949749
296.95388473893695 38.595812903986825 468.6235561515348
300.2283694586259 38.93634460656956 475.4846318621623
293.4805566042405 40.04272486837546 476.65758228686656
295.72552394289113 48.95879100162431 477.3460231301585
286.2612296352615 41.18040730346206 473.8695848154029
280.7250887970064 46.8419673129623 469.4541493070867
289.511221994508 49.77308566479286 465.9877252842784
294.13407323385434 53.22370779301725 458.2752407173183
292.32435556382694 45.16773797065827 457.8912511333523
294.5513348921598 52.750893226737006 463.18555932449624
300.46082686029945 54.330491219130465 472.599157526315
299.3891301279919 59.155970997063434 470.32177097721546
303.59237066874476 67.80843284279828 468.8114234366152
310.8848476515967 72.48430312568198 476.38259216117774
300.97019987337825 63.94587647620161 483.1811783814991
302.54882756250424 62.0123723309428 491.1576766718425
303.00225143966924 53.65434927219237 493.6162952408193
309.7291881982312 62.09637965952081 501.45388004361797
305.33062848842155 63.26494746569661 494.50987774807334
304.31402499752727 68.07338180584546 499.23718021959274
297.91847989790654 77.13200772226358 494.27434591167577
303.0883817968921 71.44018362578632 501.25125242913947
299.882371837907 67.78138556511414 504.64660027085125
302.1069889510272 61.833928155044816 513.7064240932456
299.49396510033023 52.978431589587544 508.57262195787223
291.0176817564458 50.63798779821073 516.6418831157465
287.1049172696325 59.55518031898475 511.7810051540471
280.0732289797452 53.076429016669316 502.4047129597002
288.8083354488577 43.96736682506665 502.4180703729354
295.5219503442383 47.705359901240364 502.2105548717308
286.68570574036085 43.32322606429598 510.728477334067
280.45346016540145 35.130234251728844 502.77960590787495
280.22833012311077 34.680071287598935 498.0101118777062
285.5628035661152 28.504565717497453 498.5827932810306
283.30158330824037 38.22091539268213 489.875853000016
292.6122544638082 38.5459777696853 496.9782259612191
286.17478021669643 42.50045276551329 503.4656859432571
292.6894994903611 35.917130658905535 494.37813286002125
283.6477841158299 29.10812576489434 488.3090846817673
289.4795306910931 19.879236712120374 494.0877951731685
288.65678772728774 12.987357356768792 488.10920775529587
293.36285871285554 20.798535343097384 497.70530751269604
284.3617651698904 25.345225863095113 495.28211886584995
287.04233173940406 31.47111761415144 497.48067588673587
291.06147970885667 33.81446702460163 491.94532091340665
284.4174941813528 31.636311864695468 486.79645555418745
287.28037368636734 28.320238848767183 495.47014432533155
277.88296381740423 36.420821287934416 497.0419626282935
287.7795380524575 29.597620906578854 504.2414036817554
296.93235277984684 37.06073966357427 496.40406477259324
296.3250956270898 33.69439756851714 502.2976910198302
292.0925397540215 26.821627159242976 509.5890497510943
295.1393141766074 31.68490105028867 500.18720034328567
303.096360846728 40.72607043732198 495.701802259433
293.9267585933129 31.620373737791745 498.2089075300947
293.3150734946782 40.13844837252092 490.5931693245378
301.65390927703925 40.628420875298566 480.85152277504693
293.19060777328343 31.41440595427339 483.957285930761
289.5951211486091 40.921724595043855 475.65730163846683
282.4284282765865 40.08815221317082 481.464719152192
287.22265299698324 33.15446707600971 488.83624235179144
284.20086752843713 26.677763751642306 484.52082583556296
290.35400602500454 20.342780038110156 475.11135259974367
284.9423955629425 22.853631294710567 468.16292986475594
289.42617169240975 17.37238863862131 463.2580198215351
298.4968526463236 21.078006671413654 460.78310981660775
301.0691310172593 13.102816886330418 467.40419461922403
303.81899480147587 7.45451662491147 471.4755946088087
311.06480181185145 0.8840977408826198 477.8176141450988
318.07685553928445 -3.880665049313624 482.7210670474232
324.18127994149967 2.644980055175191 485.1461140642083
330.0379650209422 2.159675932807342 487.6577207097543
322.32183256561586 -7.629689600686316 487.350841730656
328.5815274963746 -4.509129999430838 494.6096263439938
321.62786238459876 -7.580287841862846 486.5433962465365
316.8527462266063 -4.905995223865508 489.95913764390815
320.4858507450594 -3.255378566377808 495.57921083194947
324.8508373210199 -9.78493645073781 496.86096886156565
332.33922623217376 -18.26568674275156 495.7505776104423
325.33175649481007 -11.606085261661882 499.1832401095829
333.4397798487514 -8.733224323429312 507.7958294671132
326.6124494354776 -9.045149035808205 504.1991739884523
320.90183166469035 -8.050403319039372 508.2285181117411
329.09494727971077 -8.05932737949978 514.0010695871842
337.6788953508633 -5.95786783860482 507.9973503866547
342.5384184697508 3.0320043912958905 499.33784272939334
338.60579992507627 5.9766915798507725 492.79083860975004
343.3490215688729 12.778687027742318 492.7731396168914
348.68219475598926 22.4136708350153 491.0930177502781
356.49860802281324 26.95695409622567 500.81520258587034
365.58286369456766 18.56195534094452 506.944346985368
361.3151036669482 11.199739197859387 514.1702527253343
368.27764961317945 18.01168633043471 519.1955495758554
367.96834445852414 26.208730875865015 520.044962061949
370.2693808645229 33.79334669447981 512.5887317544691
40
475.8979178948049 42.83349829762877 453.1133088617286
479.83317838310376 38.734888881081694 461.60719953657565
485.31985244050423 38.84391295550032 441.6522968868619
484.8372473494356 38.37421901491325 457.30714987949784
482.7035812209816 41.016708878264836 456.6183275141276
482.3075069881221 55.244189463257555 437.94207600567205
475.93393289270455 52.49103019450086 456.01839711534564
472.8119476255353 36.64411411718933 458.174653217756
468.27499736881083 33.72472404363434 440.75953341962173
477.0836381853857 14.479016284872497 450.15046637676113
477.62480838523334 14.123078795608343 445.5221244194347
482.9294431400623 15.27363537984854 429.1852187622175
491.73995706697696 28.509815483536695 430.7363031100383
488.79078285425794 32.98118204479433 450.8047261623169
477.9143433890318 33.750181283971024 451.2489964308091
483.49160403161056 47.62420458394321 442.69065065066644
483.8737819548219 51.056555115588225 430.9735951599879
465.06945895313686 33.398948778274864 439.561558333875
464.5745822776604 43.931767903168506 440.15927237304294
463.0129307600182 19.968960613741835 438.3839192760477
459.46527232339827 18.394579894586975 439.072892410181
455.34609858659144 21.413487530755354 448.93706399441714
463.80745180564753 17.609415602734032 444.91695013535565
468.60204224860024 17.786442541799868 457.9725215075843
458.15321160954926 3.3677776771034953 457.21182351526807
468.55163251036186 1.4348949323767304 460.27495567271995
471.3937978481722 -8.348702192439275 463.64554336650565
450.68090833511195 -10.40148780063544 470.1977908136455
465.3433080409681 -14.063464480637156 471.68615399357
453.7650790855033 -15.459447735936198 456.94372221745266
459.80331440477516 -13.432597360871204 451.1480732310426
458.0620704117549 -8.142282002788072 471.8070059480101
480.50909904038116 6.5012949746047095 468.10786453490385
459.5426333873074 -7.156944550761375 451.692895779127
456.8338211447812 0.39737807523940694 452.62665916587855
449.59953923445215 7.597624071858402 446.90040183732896
468.9947238636953 15.272514901770046 445.0797802865215
480.4757268411682 8.211461367002938 453.96355120305225
460.64744800050136 15.638578029453017 452.4370675855966
470.3589005113062 2.8486442244677646 437.60406395722305
