1000
194.4482713541206 58.59830414922647 433.02895836919214
198.43121064093737 60.70237718899767 428.6044806769817
192.0973461768754 63.02271560020251 424.1834634290718
192.52974613051214 58.163234070661986 430.002853740262
196.80280569094037 59.182883210850285 428.2194863568563
205.68234180119904 56.125564132016464 435.98757492455695
204.01238112083692 58.6421640664229 431.5902913881354
211.6209731901951 60.08117760826239 425.7508121414298
206.0252593967093 66.49939288981508 431.99518310573563
201.3537792295075 57.39229321722211 430.0286593058837
197.36066348642777 52.63515047548973 425.1092996036363
192.4803914201837 49.121166605349906 431.67282249531297
202.1091174930482 40.74041279526077 424.8594991920087
203.2129709106386 43.22479254600551 430.72171927194603
196.20823026534578 43.416433461351566 424.7453609056634
201.69627310474166 36.4658851767392 423.9999430622265
197.52829920244295 43.354168450103614 431.267158201107
205.0922164885397 37.31528811182922 429.26191668822486
201.65357873108076 41.01022494322529 422.447336548904
197.69011850172333 35.31139472951397 422.29261795369325
195.39213107247602 30.373609236889063 428.7568584940662
201.17415072922705 27.51491748671905 430.2390454014189
211.15437957379496 25.13556041185814 432.3672203332997
217.786305204884 26.736622747335222 436.5509289850374
217.86255318580183 26.054709617607504 431.87844892613873
208.82679234123466 21.243694013958077 441.4556704977551
204.22843469512895 12.021435244370958 443.38589460164786
199.47120456963947 12.74026775618371 438.09848912428345
207.67519422688076 10.41345642605447 432.0838054743114
207.83387676334854 16.947402258156238 438.92928837177385
206.9062878062037 19.141080623515222 439.6846276978965
209.49250066408686 28.292134198448153 444.86063347982775
207.73882188988622 30.921238078977144 436.7135521333804
212.46447914763613 34.998771063340854 435.46366010184886
212.72022218395233 42.726785762602894 442.7558580812277
208.29785887996687 50.536012598217724 436.6430852484989
213.3134611899788 40.7366280834203 436.1342936101722
221.53530727830412 38.517301450648034 432.85614547570566
220.31172642431304 31.199275177235734 439.7076424757439
218.26466875954708 31.499754879893356 449.00370145714095
220.95852996573333 30.006697888476186 445.82104255948104
211.97699993194615 26.116730411874734 455.2718962709529
205.70621055160566 31.309733614478592 446.9635686666523
215.29924941840983 39.13063181076687 451.22950456263567
213.8279079471014 36.702580103119764 449.70110735838995
223.32873249871398 33.50494896987463 454.86661596588016
219.48096654256884 23.638447625164403 446.6671560453831
214.13105176627124 26.222345192986758 454.977959407399
208.00617262550912 31.400786962494937 452.279698697091
199.08244697076628 40.44181246599174 458.38094540546507
207.6326496608226 33.93545033806621 458.66019402199197
206.81908036913282 26.74982742065965 462.073426368134
214.2809202834976 30.94984454256294 466.2231753457494
221.64443694949182 24.013664392369428 458.03872499904094
222.24861275095017 20.24674780209097 454.1465027796731
221.9175107110658 23.930541349353774 446.2930358218474
229.99553611549217 29.31652356338006 446.44432693866753
223.35292809939992 23.606816253986857 454.9389326174468
226.82345634479702 27.533193128715308 454.20908330608927
236.72407567388996 31.883852214113148 452.4963923401193
242.89431887689153 35.097699887117884 442.7426235083972
251.4845540768079 36.01073448734271 447.7326397092657
249.20986212690158 29.436199581319197 445.6537310769694
240.50260689434552 28.35660876125556 450.51849531392486
233.9718285886019 19.28437980551459 459.69484683766706
242.93483831311565 13.33642914080534 465.07435369433307
250.46891028513747 11.254625447959118 459.882004709969
241.83522274861195 16.393128456422282 466.2283702976764
238.0542248627807 13.393183086658105 474.46753800623804
228.0589846457995 12.842017594071203 478.92927960216997
226.58894988687345 20.285838655727233 479.5973462077965
234.07434054295612 15.13034164860366 476.8762355886265
227.63727848128042 17.279971880646315 485.3948421025338
218.46638470574874 26.00790151886327 487.66722683717575
214.7725440617451 29.539536129360577 482.90700748343056
214.1505189997995 20.670919239832585 475.3417970767209
221.25752178652894 22.8912431041949 470.9754170092914
224.67925571357566 31.168690776226292 470.1361798474229
219.55872412359747 28.85257366275252 470.823387645554
225.50233415661336 19.679157943070166 465.1092549777348
216.8640393260236 18.913898847169452 470.22318387543476
222.13842286806562 23.640702213491167 473.60706000033065
214.89214883459235 33.23117796973678 463.9872624223212
212.79073032091839 30.006518492584956 473.1981373847364
210.90853562669557 35.41929930223236 478.00060134068076
219.3414778948794 27.70559267996422 479.5408164596735
222.9347692929369 27.926058758980513 479.57619602570753
225.16356090918913 25.19472436463969 470.36529163752687
215.73260100663964 34.33140186631 476.8522465575578
216.338789160891 27.23098315792828 477.2492347471787
213.48090768741216 23.062741403178123 470.93767466565936
210.01105683469822 29.303363154355583 472.89513701781203
215.54447492776382 28.159387529209763 465.46819883759116
223.5437892168299 33.11081210296313 459.4527312088258
229.5404357886916 28.024931593964105 461.4966184176484
219.91281439503763 33.85806968449964 458.5250732426795
215.2512863113456 35.891464988868854 460.2711247451447
210.61104208014225 30.095693723117492 461.5072197662076
211.3285831867696 25.95763646741065 467.47326836488816
203.0548508793475 27.01195484338938 459.82688027030366
200.76650308249026 30.391788126764737 469.7356330555531
195.4182009396343 38.747565476014174 476.20778251374156
186.1938233641631 38.11337686891195 485.8707946204986
189.20535103016098 29.326765060136715 492.4135301299467
182.9754963132874 27.988897719521187 495.91362079879184
182.7695398033488 29.402381201852293 501.465286389875
173.65130570223747 32.56548707369126 508.24527432455983
181.03951018061818 41.53498251670651 513.7222677321889
176.7214049371753 35.34259506311426 517.2528605560747
186.03807330641476 38.70122785976832 522.4340707885043
195.2418031938519 35.75190065992675 528.4165974123209
191.82290744478735 31.438742260816277 535.2329600619651
188.97220462394185 30.47770692424188 535.3272484161884
188.32771836766298 36.12001578142859 536.8054241468959
181.89971265756546 39.71315795268756 538.8700386341401
188.25797779880912 36.433831449291525 534.3478405065875
191.92862238617818 42.50971399673008 534.8052167325493
187.3651637376118 37.253561508610474 526.94454552491
177.43293595540774 38.1744057103649 527.2473678794188
168.93593629079822 36.32049541143323 532.2871669347116
167.84577922230278 36.33407953189268 537.9028930708887
177.46766848359525 27.393235725469417 541.0563113162833
184.33835552454255 30.169576887626363 534.3647183988485
192.73473117594241 29.059861456357652 542.7172654444898
192.344653487897 24.386887474650745 543.6587793431579
200.6639413828937 19.20407534887819 537.5961742038543
202.6806372233949 19.072852610990772 543.2562134672404
200.48338408564808 27.34581306742993 548.0834593139998
204.8912548744331 32.6265644936105 546.6615145042125
200.70404976864063 36.08003961434656 551.288985071057
197.3860276510151 37.94298827389292 548.3572874937105
190.28844846067858 29.517555053703994 541.0137229719131
198.9599409895935 31.358796984218166 547.2365827663541
199.73173032258094 40.455289776838576 542.7558695351578
197.25988850028432 38.71837913925349 547.1905080456066
196.1655815090006 40.344642982135404 555.2166519122873
195.07743119487154 37.2725113603286 546.4176687246235
200.80654248037797 41.133438562848 552.9258634163463
196.06399873711945 36.79893030562627 562.287993169933
201.01308672442067 30.369883811938564 552.9410526044592
193.5772402147132 40.115107724326606 549.0669007788955
191.74077039473892 49.26034794561045 545.3935373545316
188.22924838905155 47.81512788598314 553.9072059133034
184.53975004420192 46.092895572364604 558.9032316912107
192.72909373390934 38.51684845394506 566.1572316173181
187.5200054727733 28.858302571945813 568.7072927889919
188.72325406651092 22.29249404010785 569.6895809581944
182.78069349647723 25.499548167733995 569.4031760498982
176.90071525890463 16.9670970498411 570.2664990110717
171.92106522515527 8.897982465422599 561.5519211569195
173.19158084257467 0.14232744061698632 554.5382422096127
177.45807050324902 -5.354353161448076 548.3529753507644
173.29761519575212 3.640379563072546 550.7601124179284
174.79577448327714 3.0375997702122888 543.5101058453105
181.14125853053227 11.415756570850942 551.4216905546461
171.71943095091297 19.735385237287502 546.1898542462899
162.19446672039078 23.87775614546433 549.6801623830154
159.82607168160322 22.721529125201744 544.2740616345121
157.51589036173843 27.959410089421013 538.1961314716132
156.42436511803444 27.048801214679138 536.521450484304
160.56486521169737 22.945871782448265 530.9626676037059
169.21974568055728 23.550031538096654 534.0359622310345
176.71723848231824 29.247044695387054 530.1290901711996
176.38199688136902 20.039864951770973 539.5268300888123
172.9073162840788 27.160794020403877 537.9562222978833
165.27835693530028 17.476154031797016 541.2118441453613
162.1508713354553 12.737378601367853 539.0412238245614
168.31478061060432 2.985892849788737 536.5444805340563
159.33141412551316 2.8239296470212403 542.365934063558
155.89113357063027 1.8720919114478893 533.8705018490133
161.00946238577936 -5.510443123999261 535.9377937473897
151.99120967067384 -9.467279000280579 533.5427089110675
143.04689592956825 -11.747810454864117 533.6751593111486
139.97802819586084 -19.55589714580443 527.3230514664076
148.0183830469593 -10.286054993713002 523.934295150528
155.21110436999584 -9.539710134707647 523.0802371234221
147.9515811905757 -11.60489426214673 522.5425985825327
143.18515989401251 -19.275667548336088 530.8870475442136
145.1974230482075 -12.020534391590703 522.7185995323212
148.45890906067777 -13.496327176660479 522.1182561902765
142.3939359922294 -21.408590620963615 519.2652356686074
149.63586728882004 -16.272976827653515 528.5742501169613
152.5225980833518 -6.546480845197921 524.3095547852256
156.9993785213689 -13.12201303071756 520.0062404714025
162.65358293876469 -7.6357621600192065 512.1095689845552
158.71153197494527 -17.561245158902004 517.4931929012329
154.6556885682862 -23.832870911036455 519.8865768905272
151.07162524500956 -17.223516383497852 513.3153187731675
159.43566664435966 -12.92870517262849 504.9831921611818
162.83607265909353 -15.359284864620289 506.4257356728659
153.18100951853103 -15.119113619300236 497.32587330149966
156.94939226697915 -9.852488883505291 496.1530772418215
158.81002594450246 -6.814432804278162 502.91323274726227
168.29215298104853 -0.49205775986514055 508.67926331536984
172.126110681795 -0.24776225796087692 502.5163050875098
172.91684221355482 -2.702302698313219 498.87944732760513
172.89829279510928 4.6766626240637486 499.16681603691575
180.99264239558624 3.761973161143982 497.4112115623334
186.97139036726804 11.385057954176304 494.7708077446096
193.68681306902172 7.845107911138916 491.43045248707284
191.06592621818498 17.322088968950663 489.71803012276325
195.46033038450994 9.80892549937891 498.41484810126104
204.82694829791734 2.7330939079554053 496.96620767143577
198.9758035323186 7.110171446423971 493.733591722817
207.33877766387144 -2.143262535109093 494.3028765229766
216.1615369506865 7.5185495515434315 496.12716545701903
212.9580420366385 15.964204468019016 503.612843630534
218.9411925579014 16.97607164511934 502.7692124763352
221.73453384100554 16.305514798315677 508.68571071508717
230.21790670497018 18.746254941962032 505.8428513441981
227.25118602525762 16.587300454046257 504.4589732617123
236.3038150275614 14.34932464672113 501.8581731999902
245.24853433061475 4.503945258984885 496.1419318497377
237.74608186214195 12.57845937508475 505.5380472783116
230.90768493234845 16.884325934748247 505.73858209883025
239.1648966288309 21.869638896877117 495.8365469747936
245.50406458094417 28.40091751289826 494.16535812716234
238.771136648634 26.83752195355464 485.4744695087663
244.48566744126433 23.96192537728784 483.4360552732667
239.0023057378905 21.817715705723202 484.2698898719871
240.81566805650107 30.561501040690672 477.7549541569621
243.75127037502 34.105363611303574 480.7863376786389
243.92915297230405 28.86362394259598 482.6873106825099
243.93901797889302 37.330789577410826 487.3074729259953
239.55553295750548 28.931065353826163 492.3015988212239
234.61254758013695 36.910493373983556 490.5978925190869
240.13307312515929 29.951154477537166 480.6432855325384
233.08274243548507 37.41877035479495 483.7253549031051
225.7328076206089 41.713659504993515 486.6578025540908
225.5572316091125 39.65036633388684 479.8889640560906
226.75004118159706 38.47060219804896 481.94950582168747
228.11914078123073 43.80482664929039 488.96436636846806
231.51088263272985 43.04079922446984 483.3136870528794
228.50650501278108 47.07418105626716 491.34419665549984
221.50826043443516 56.87109606751865 501.0896198095606
225.63572918824144 62.509472858362734 502.7231986469935
225.9182797484736 64.89289605715808 497.68713934483293
222.99876706973512 68.3415599423422 494.3535491709179
229.26414455485843 74.35308235783182 503.6488670800126
231.60301760472285 76.60031290968499 509.9251751361658
234.406298498664 74.7141199606657 507.19396683111944
240.12131822049156 69.48864506371221 504.82863882302723
240.40737141482126 77.61178886308926 511.5940325474423
249.68421984472704 82.51699447202702 509.04875042889404
242.67961829739974 81.97796308015789 517.949390489488
247.3926099976737 74.32987479830861 523.0933044050868
240.0542703192007 72.61993058553377 520.725269788102
240.52316632514749 66.24804341263055 529.1293163173254
249.34800761088434 70.85749845069031 527.1116369148948
251.53582146504235 76.49560280012379 522.2073048698196
258.05258748983925 80.74948501810414 512.9434369775571
262.95459270644443 85.96850231633032 518.7209357709197
254.8457656386104 95.63916921055873 523.8099891779641
254.7847961575464 97.65243457123492 520.3618097734053
264.4978155359794 103.83759928343392 527.5135692328053
260.95952521931247 104.13593478004368 529.1468011557507
255.72278112109515 104.0628113435773 524.3327570766406
249.3626111615081 102.09482318121611 534.0750137242046
249.86653123809108 101.69533626115151 535.0080370887993
239.91140094891284 100.44746819949422 535.6809846158335
241.0130532753222 109.35667521686909 543.9824461130006
244.04283582093217 118.54051484301026 553.7666388189105
249.60106682873752 112.15681856267004 547.2213504847639
252.6811345851168 122.15149917378457 548.1469525421239
243.44412777951558 129.16429031404914 549.2754204356381
237.7309249563738 134.81751570523176 548.208928809315
234.61146631956936 130.2127315474326 551.8778821961492
241.17905630531845 137.89839572888826 557.4732889164402
248.3307948317428 129.40281898657096 566.6919920900366
249.34621876416992 130.94582700167132 558.6544186004078
256.06115319382087 122.16203563843307 563.0028979559856
259.99869412264934 116.70923161506742 566.0338797669539
267.559324529915 117.23402143056128 574.5786439467932
269.2470925836139 110.47798552354858 575.4074392287355
267.2584854638088 119.94520087492899 579.8641572390734
264.4801345572383 125.22713065136057 581.3019437111733
273.8761204250299 131.72836860640817 590.9854539552662
278.71171072265736 141.55500832833022 585.762829100877
279.58906794076444 145.79793684331983 579.201390914753
270.59238522474146 137.77496996141284 572.6090230300587
261.49232328398307 143.46279116258708 573.9123127185297
258.66574366881486 151.19572645237236 582.8470684528413
264.6630251606761 156.44472500202608 580.2407187559336
263.4822325351903 157.53341470996685 589.7227218064405
265.0469301208978 153.23625814103917 598.6933837694506
271.2806627791629 156.3571669348388 592.3644598102769
272.5932308414821 153.62397988747347 594.6700339806708
274.744724871893 146.25842559725803 603.3438264130277
276.7757833024181 150.50447124069896 604.5962790284232
281.9353009319107 155.41633768473517 605.0826096842334
286.38445429146975 151.29954079820723 610.3435926505429
286.6251906094061 154.57183683509413 610.7537155627895
295.5379481188015 152.64545864182216 606.7926401482879
299.9802532330267 144.74144387907842 599.0150523620692
308.5736524168073 148.97189968918647 591.3247313572446
303.5873537113044 153.709975661847 583.5610881143955
309.82528947458565 144.9928168492722 574.483284213264
300.1238682701168 147.9853962521268 567.2990999163259
296.07194856268916 149.19023240240622 559.6907143742156
287.79560664830257 146.50648354809957 557.3869451329571
287.8200181876432 150.94964037915108 560.1163551472961
289.0031242100733 151.06240782533257 568.7878619574072
283.8212428877418 158.01891387715756 565.0881129884827
286.8038486864993 166.9218494140215 568.0685668923832
289.2849119752952 162.69895342767217 561.4617504021164
282.9618324566548 156.79175640377397 557.0339461156174
281.9293386817105 149.5769084224421 554.2189614366475
273.6608193481217 158.4209052135353 550.4160496134406
283.5522627034094 149.30136630749251 541.0960319076532
291.3836985306177 152.96245739804024 538.0674694750682
300.0709702761741 144.36569179107744 540.8139496666266
307.5972261726677 139.7673141872808 541.8839061005498
302.0463561911678 148.66751092111699 543.4602656778605
308.3240159808611 143.32618262186864 543.5180740244801
313.26854166222944 141.58856102594012 543.6665132473883
307.12612752193434 137.75200311545257 542.100044277679
307.46151752719805 135.44089257646692 543.1146236435618
307.01484566802657 140.96793891796437 548.4060589570458
316.5897687626533 133.19850382224618 548.2628409580731
319.1658463839764 131.8451694190058 539.3498612924839
312.09106029566686 135.49537493240794 536.3072306886409
319.79002563870966 143.20836733697016 544.0625825225374
310.88447607927714 138.70206046170853 546.1001950470406
303.314699447051 130.77901031230667 537.4709432887162
296.1152623728089 139.47773933174764 529.9446215406392
297.0612411445676 135.5346049319926 539.6873388190506
297.41840409190905 140.5826268008855 536.0652148010574
287.47585847273234 134.27932363249488 543.6127261066537
294.51021409280776 131.10581880957625 545.3094298916042
294.220626776536 131.02533469920726 542.8331721609244
294.89037493472404 131.66814686785992 543.6620449016528
289.6910235262113 128.23754791615846 544.5239373914876
297.30285192003396 135.59792846645533 546.4623017947754
304.99361805988605 134.4044808203887 540.1348884830834
298.27125489549496 127.95635664129568 546.54334502938
293.0868563325173 119.18966465394874 543.4870743176641
288.6471534858323 125.19424890136904 547.4350551005072
286.1635992910999 119.74669161054729 545.6283243793441
287.2968515666451 129.28366470579454 545.9771249871442
277.71410563980584 132.38628855112074 540.080780479687
284.3242185220943 134.87492321669552 539.7399963805939
276.511876372524 130.76432626472354 545.3248699258577
266.6052774121825 132.77617329691964 539.9302339516995
267.78569949328113 135.3361551816324 537.6596418397809
262.6476531633655 135.85321671388797 529.6002443642521
271.1166583598076 133.97302753676638 527.8148087826034
262.75169261488173 141.40625025590282 525.9807516684509
272.3363427611243 143.31728487190213 522.658608450146
262.45446778859554 147.67709447054668 521.75150182415
260.53288823183516 139.35768446566053 521.4640844821462
268.38854733745035 133.20780661354678 530.6605611543347
260.96988252934204 139.10789924057917 525.1028694414032
269.999256938279 140.82848098717935 517.071868610245
265.6466007176437 143.7777558546856 520.6523774142051
270.9550433998893 152.33623188907941 518.734852218073
261.3480720668236 145.27280918964448 509.3680817644877
260.8510490731575 139.24055723203406 516.7755586351055
252.2737748997549 129.7271188098657 512.3297085673539
249.3900980146277 135.15970799912597 515.1598192354387
248.4178956896528 141.5344136942469 510.90814124695413
248.31532072878144 149.99149278527165 516.6144418422464
256.05447372717833 144.1208153671397 513.2771340287128
257.13441082818014 145.8720159770755 518.7428025284389
257.86442119062616 151.63986381864632 518.6507180481186
257.1619496431483 150.97327524229127 527.7509032107694
256.7954686858331 157.8864556877018 525.5814688921168
249.49033246172954 167.7296828061904 528.7723208638184
245.18987754777712 162.20228827531503 522.1183027756371
247.01551089395002 156.83942013518293 522.2536645301853
247.17322320812843 160.84065093811802 529.8648230655966
251.65134469119968 162.06113626363094 528.8773483814704
246.5248117584165 161.7768580678104 535.519484188903
251.87798476276174 167.53855698018648 532.4077523675398
252.114060534122 166.96537635209714 532.6516384567017
249.84365544318766 160.24092315257434 536.664734081962
247.95498371625587 168.8096046980554 530.6523924620708
242.8775082585607 165.59958637328504 530.3347352064704
237.32787961789202 168.3061364312829 523.0475688361689
234.55415533247168 171.62364091269504 515.341921100933
233.524574974084 162.95965711716767 505.45792396715945
231.5992140450817 162.20605495256262 508.8829307723365
229.6093917182935 170.0615426375012 504.8215064642034
221.55585628096003 170.7309047168119 500.94216007898393
213.82583250655256 180.2832059675292 490.9601012337876
208.2939537837165 171.9589937625078 483.7294610951018
209.93645953444369 164.73916937346266 487.7448250401804
208.81859095824055 158.5913700700078 491.3568313544764
199.11845404588487 159.716080653654 487.1618534893613
198.03663827429912 158.6539411096399 481.734785827451
189.02428552437868 163.26166095323137 482.74779036093173
179.59331472981285 168.27558587659416 484.81858315033816
172.89388316878728 164.93865682261563 485.8327234879052
168.35336395681188 158.01564941102814 481.26985014496665
159.12667463577952 156.4074100401776 484.751284193982
165.62513684626452 160.96243912885058 481.2822830437229
168.78987666682514 153.64292520088105 489.8045219150224
168.05481721908458 148.57712282152133 494.8823394292599
167.99211698393393 143.50562278488403 503.37848978932624
161.0275479022003 147.61190469060517 503.6302474318182
164.75418179246185 146.55273626563715 498.3607282173099
159.13973258639794 146.2928266920125 496.99596433870005
162.29731919378614 138.48784135495552 495.0924867038707
169.70362182323603 147.97483101912064 493.7074067986513
177.99739679875722 148.1769686699099 498.47040596871994
182.6143941408822 152.67142596788227 492.3991527741179
174.85262352930934 146.885862978777 498.6292207531639
167.98227180996142 149.7570890266109 497.42295460479573
159.79466486331012 145.19243116232172 487.5935861468454
155.72623329703868 142.94942825978364 478.96139195389117
163.46824920522516 149.1285034374984 474.6875667629597
171.69559201836827 153.3815771983518 473.9167548974995
179.0090547750192 160.2038941778459 477.3261506456803
180.0498878202415 154.35909366330904 469.11437491242157
172.02048534602804 163.15803691750145 467.8396306140325
163.24419769290193 172.15742519355513 475.0012045771414
162.9908896847563 169.15074560530803 474.6683030014257
160.9957518740881 165.09254282722057 473.1151115106942
167.5384597474101 173.64070949899605 464.01392216701265
175.6817781525555 179.17331721153604 463.00473043597873
177.14414425790036 169.3707792034991 467.56760264896695
170.16759871016689 159.94289143203238 458.4003393288726
176.62952068536796 154.27148774490144 451.62386917006177
181.5077422628568 149.68038836496595 448.5273351399344
186.1184812203018 148.32464566724443 455.6269228188095
189.75076945540735 154.95239515306145 447.3045393640249
195.9337984393545 159.10483250442314 455.6988358081365
185.9737872292554 157.8507375035447 445.86325824379804
180.1259186347018 154.57019149385167 441.2305566227678
186.44166101999218 164.09344380528378 436.35862983544223
184.75693274821253 172.28148237782116 428.430821448154
184.3730610522892 169.0648517272672 424.36549192015775
187.65298224239902 169.6206006368875 418.67765421283974
181.52336438248037 164.9418154490022 416.99057383131856
188.85501118147715 163.6223998152827 423.77867683609617
187.819027343726 160.64591875811314 432.8777131337005
188.13094111890715 153.6612933650922 423.3686100104099
180.12993337115932 150.04063490292472 428.3139903117545
183.85943698320642 148.2260403568637 436.20648218425526
182.87078220340535 151.77456045837465 438.74982875315806
185.93834211216932 158.61351479147973 443.12316130542416
188.87208645135456 161.77285244440077 451.69201575655495
183.76615185232822 157.14513003981716 444.95022874328197
181.99951435186665 158.28249619036174 449.42406553065837
178.23613652345477 163.04502862761933 451.06067574844076
181.542731518037 170.73206726388617 455.53975856214544
189.9105227828277 168.95192061654924 464.8013719086973
196.55233986472413 176.7858462597504 456.90308255730804
186.59264911536116 178.73681426395305 457.5408863821142
186.19646608552458 170.78146892215295 465.50128444101335
186.44296087551427 162.76910762450228 474.81537892648885
182.76564273936665 167.8551317636003 466.07876852202094
183.65311710104803 171.84944234100098 468.5484134869982
193.42046640284443 180.1759524825559 460.93299964157643
193.1920034775195 183.13436813916476 466.16657071063446
183.67909082701502 193.09877614926955 474.556222350174
178.77748156427947 202.28920861066507 475.34717909484993
183.68592459739247 205.7860662604333 470.4577301029679
185.3987999564502 206.13708890285372 474.64260737552513
189.7761109080041 208.78533262819533 468.92978297442227
187.30455696566594 213.09709629131544 459.012573978575
177.3638469084493 214.57665032785638 453.62564847558025
183.77876977518392 214.9775313174143 450.0027686961757
182.91324266893974 205.44890493035325 444.11933704294484
173.8262332395237 209.03516113908873 451.62665752445145
177.9727217216228 209.45103697755636 457.80389535974336
177.8764922913867 204.53666617718247 467.2938642192967
185.3952218965108 209.83470133578226 458.0046262326647
175.88065917678 213.3276630584297 450.56590952301025
172.21698042128074 209.32121590223716 457.1021369592613
166.436789066958 203.57243441347484 454.1597304003187
174.3314186503769 199.75117644760144 459.1572364126295
183.11581615583972 192.8817649278575 459.4100402988601
185.04086343322393 199.55805082672305 464.85669662645324
191.0856610187467 208.2482067194383 460.54433446179195
195.99524951091456 205.30511458352527 465.13252861437775
191.8534152438021 213.84438517259125 470.83927011885686
190.6084930351575 210.97323451008882 467.0245621464536
187.68453087670204 201.8987406208979 473.2653731619207
194.55861040326081 194.15070980220153 473.3276917878755
184.86369609210524 186.11847917446914 474.6720697292862
179.48716091332423 192.33967095504485 479.6463655424568
174.49826413394132 185.282828764675 474.8544273443583
171.72836496711156 179.04974903637407 473.8484005062313
166.10784642422095 187.40511780022356 470.2746088713319
175.68664391903732 180.10933027055214 461.64261309382323
168.318893807542 186.45875789828187 457.2633582840673
174.97925197338478 191.87703638180017 467.0636133277118
182.39231395364058 186.05094634595832 458.6571091133528
183.55016973077042 183.87347148450112 459.224584800586
193.21993694649694 184.6802238431113 449.25034748153536
184.52407982546848 187.2764138876765 457.01445146759164
177.6361787918027 181.2465361934396 447.52144776205336
185.61399307276832 182.37268706433542 441.5608915493226
179.18399167624824 177.70689774426006 447.52388320686805
171.4711942159702 168.19317330684595 453.2371984270946
169.21049672554412 172.92477335791457 456.86273183852165
165.7381294827874 162.98068044178152 465.66028396054026
173.24563438959987 165.10168781558247 461.040890028538
177.58959047179394 161.3372979882906 468.8987323642293
177.54752730634908 163.62171708382857 478.0089984865758
172.78427410996085 159.91962216643338 477.0156739950019
175.07770883827473 168.0699169164569 476.7842626079075
178.05535053853623 176.33603064562706 471.8850707679009
169.11138026940577 168.23286785758327 481.7223259591015
174.98355919767712 177.7133038844187 488.74620034188507
170.65409297519753 185.40006397011567 489.31486498453575
162.97029615911907 181.7686626021085 496.54781772694224
162.6399798367808 172.7646156157248 488.16968843109635
161.31865942125862 174.50460943620917 490.9244924691169
154.65725256962935 165.40664696540676 482.2075481494433
158.72678844770317 160.10861141519115 477.786902205399
160.93235099432755 153.8333934256975 475.46527563474484
158.26467429234722 153.20176858049655 484.54270750934256
163.34342488116226 161.02539005850792 482.1518856117488
155.01713054504236 152.4426287770774 484.60084446241416
148.28177061153858 149.73865611140997 487.95452790464276
149.4518365705822 149.23275483139605 489.91519912079383
149.40555834676042 144.15075402340918 495.7122355810708
150.98733543171977 134.61044638322758 494.76310937298564
149.23553994159772 141.63467921361115 489.4637373681924
144.02238335002346 134.84329146278768 483.78123437240583
148.62401237544836 140.69785552638166 476.81697903486
139.38911419689506 133.1902833708584 481.062457559741
145.42991163754365 141.16163131801045 483.66747867662696
141.72021455373982 139.596528138635 475.8551627685808
138.37275141171745 143.66408824950994 466.6491345974453
142.6199508787361 153.36303166567996 470.2747909735254
140.8722044303405 144.84191730173413 479.90017146030453
148.2467548711743 145.08196859941103 486.3812027360589
143.68907377066645 144.50270526776092 488.8433415653771
147.02927515521313 144.2012312670413 492.877638936255
154.5075670874186 136.89069644481 484.21155126819804
149.71448187563527 144.6657714860344 491.14486638397557
149.15848900292602 137.17952469236795 481.37775493710546
143.77587314000402 133.97798478834085 490.6538064175477
147.19181523407622 129.82230102734042 486.5120720989833
149.99118338061209 126.3537328796665 485.95199848251974
159.25754730827288 119.69722157776802 480.55081865549784
164.20664337781872 129.5420475351104 484.87819124456894
159.98871694096525 138.02004659639297 489.94781316329704
162.42340733804565 132.7556373306672 482.82132223440516
160.98695151047556 137.88974900007284 475.3943048710142
151.9809339551293 130.90842441429487 471.81081422140613
158.42035584471455 139.31186961332804 472.29863977568164
165.49903110556693 133.5688223290298 467.7429767260794
172.6812172560195 129.8342228905235 477.5536177758741
177.4800490042913 137.39484952623502 478.7383024951384
172.2597871137644 135.14057924055825 471.51800324287063
179.86574535018093 144.8273530572037 472.8564925197682
181.27472641999526 143.73037728475407 467.29630355096225
183.16785745520636 139.0116084579746 460.6313717814399
182.40015306156312 138.97996791110032 454.73464471893953
174.3601468596906 145.74753624858948 449.89709640713386
175.33980659536434 152.330559040427 445.80787177313135
165.57886496350605 144.7079631588595 442.9883604311474
161.75269516599852 152.2856548318904 436.6332769630765
163.54333591026383 153.77054420090244 433.36010566373835
173.1425592227629 160.4792194935236 437.986915989731
165.88743095747225 164.28005522270956 444.76796299499966
161.27229862351527 171.0232940881347 439.97239836999256
151.97753110495606 179.87120380762036 435.8446026320447
152.2985007458138 175.51412044755023 428.8375930692886
151.93332540531756 184.05365974707138 430.9387143448037
160.18911043766443 190.39316075419765 422.3504344942436
151.7496841557074 183.2671128792896 419.16673333336655
144.19099278216908 174.7582390582195 413.26412822473105
144.54173312146713 179.6253633364708 423.23356714916406
145.4889997503135 185.16083274909877 428.0642267472374
136.53218582166835 183.15640535441997 427.4185772276088
141.91241291400678 186.51441452646634 424.1664974583226
148.2080504750901 177.1794467721876 434.06947783157227
143.5834049148346 176.27446023828122 430.13816720615125
150.33211519508924 178.81505294742863 438.5141164527238
142.58099576484682 171.06622169938672 439.409653312951
138.9767331088841 177.03061577573845 434.7434106304759
137.85920974840636 167.19027179235317 440.6473203121566
141.3235558146697 168.59730347206673 442.40919357459546
137.09862709857413 165.96978903198766 445.225162969676
145.7823114159466 171.0924420773122 440.94778174522816
155.6259654207886 180.9267368210408 444.9004065515852
160.41092181459442 177.27964859326312 449.39080880260224
154.75263773027135 170.84145960510554 442.91321434627906
157.30692663927434 170.79501510546086 444.6238645094528
155.89098486651636 167.88813795200286 438.732075064939
161.91263720761572 164.0416308861639 434.5350723447029
166.73633804959826 164.12501340944343 442.7317459480222
161.72171282039014 174.09328609634755 448.2155809244345
159.68694481384665 170.10819889858834 448.7009637300956
164.72429061659068 163.97755105522143 453.7456375031174
157.25050089251167 160.01025776385006 448.46172927211177
159.89713727046856 160.15891738664607 443.54941892910176
159.5906468541909 167.48746240412598 446.20178343874807
155.6962526164023 169.232087914658 452.9568331853726
165.03080549549162 176.5491361083785 456.2140601981725
156.6083122231199 178.97776368715338 448.2508944133105
152.5471527519424 188.7967555008899 455.21233371475853
158.22216759223582 189.73825349523395 464.348567038781
158.07682547137657 181.49317075529999 456.2233041607495
148.86832060197008 175.15010515095187 463.9650644082804
142.964093779732 170.15636589725034 469.533251138662
147.7609756322987 161.00837051671633 474.5636982887105
140.2501859921715 170.7111280409779 467.16091210628133
146.77495645622977 178.01792242467457 475.662746468152
153.51200198148587 187.8330637224351 475.072715640009
158.2922931930005 182.11890208969464 472.64719603271544
158.9667496505751 191.54079733218845 478.814753078577
156.95637484053887 195.60494165965235 478.0223366646189
165.44497986351612 201.21078004338335 484.67154079729073
165.6597027323035 194.83858013500495 485.6249358324071
172.9535776365616 200.93185788368498 491.78289251589075
171.14025029540136 197.071749086411 488.4588244394849
166.19499477486698 204.1557682046514 497.78507479784827
172.277226813825 206.0317109388228 502.58236194263696
181.788928531321 201.9664114346235 494.6345951040515
172.83201923956966 200.21218536983363 496.2438446105126
163.2317690646419 191.69063212709017 492.9722791486175
154.66426955607113 186.4560051097432 495.71511617871437
164.23558286909827 182.1448878514621 496.8099973522241
163.10063548564383 172.90808357673725 491.62265960689814
161.33033064416315 167.53448303110846 483.12821068242135
151.5760846188599 162.43903236691878 492.27707612918056
160.39652447549193 155.69328136050424 492.8781738464686
154.6818119043328 147.57165759400723 485.6343978003958
145.83981199532803 152.99597464394515 478.0844582033716
139.641753885101 153.08983420202142 472.37615925439405
146.75882613311487 143.7414038027993 466.39573778010066
142.4356492262283 150.3987324499937 471.47401236326937
133.1573457903103 142.63610206048077 462.6667410744487
136.1533429474289 140.89993604772567 453.30421151301624
128.7855576705913 136.71645213894124 447.7482441496787
130.9473656380014 137.81314443875115 456.24359234530095
132.15797975407276 145.90852094194938 454.57403214322085
140.42467232216103 138.56330375456358 456.402908818309
131.3133107475378 145.48015520041645 450.9130791340652
123.00776064838651 146.8685051436209 444.1291245526368
128.70599537641385 141.43173898343943 447.7643344761331
124.4112688373833 134.407124551752 449.35782915804083
120.39792442403997 136.29815993855928 459.2340911303862
128.1373911692455 137.9940445051958 453.7019423586862
119.60543279583379 143.50209717915698 460.24797137974383
119.94746490394414 134.082172536613 466.97015997070685
122.80124279826157 141.0268908232114 471.86116179578806
119.33179141201049 143.8878901753466 464.0338346440509
110.83857182790169 138.64935628298628 454.2315314857474
112.24169271327071 142.84367930252824 460.89568195176054
122.16478016780658 147.7416423995003 457.0362598565094
115.91784682514725 155.39234925015708 460.6423329125599
114.29223834891015 160.6683523917368 459.2984924202169
108.9825780451499 152.26545818072134 456.1186739361945
109.13055443094882 161.5383015815981 465.035830091204
114.9959700757881 165.86978186931117 467.0516483519026
111.18077582565789 174.60957564430706 476.3828367246428
107.79946220970004 166.71948462506754 482.0341690751221
105.37433598606164 165.53776183905575 479.71693791194537
114.07145373662487 165.83268922633152 483.02601766130783
123.8098200951892 166.47013962049454 487.93162220182364
133.20493167264218 158.92265434109942 485.1984272556848
132.780749797638 166.2513173573982 481.8950768433212
135.89380079721968 163.72849040192537 484.9195378200617
136.18833773899587 172.77703783265645 480.6856245333029
138.11205151785083 166.79761673408188 483.34126573788126
133.89934105894713 167.78816358041573 480.90050045496923
131.6521715099109 172.78929449332495 480.65139523860717
130.2393231546319 167.1140417799401 478.6499143162709
123.96197341192051 173.6832402608191 471.4721400552957
128.4228198596649 173.87437554319138 470.00904009121956
136.4553776940451 172.57169090053037 473.9130376469785
141.6750505496983 175.15655724916888 479.86492653100913
141.50931767714277 165.5214274266222 489.34067626714
134.71253854626687 162.84405702956997 497.28116341252445
134.81212014820568 163.52253376031527 506.9711636768483
142.59907636492005 155.95607949288683 511.6182952346628
152.4866589630641 151.01005477651478 503.57922586969045
149.37476398738426 145.8826665199246 506.8560126909669
147.39112021661523 151.3668962935894 496.99760150957366
154.0632586927131 141.59136278691645 502.59216078848283
163.82907215807563 133.1866021467037 508.4441593599986
169.6024449062186 136.96174504967658 499.75822118621073
179.55700871293598 140.1379327650767 492.4373229344991
175.62646603544022 135.75418118497745 486.7646706406796
183.00394205471864 135.49079158344588 487.5202091491978
188.6068253985127 137.84295986762015 488.31202829237975
184.50382604393772 146.17867179544328 484.4456285556564
187.78689011219433 155.33856551351835 490.71916626779307
195.46787945811346 165.17160159920934 489.9519080817968
190.32900136303476 171.7470109404931 484.28378619019225
191.47067377618856 172.15414573442214 476.8869504637289
191.35552006189724 170.34404055231005 486.5691954417152
185.15251726525506 169.37740953534038 483.0851785879698
185.2783998259488 170.56127687076835 492.2189265991924
192.65950618687373 173.39504828559788 485.89900015385444
195.50017090869727 181.5003754655037 493.024712895003
192.03268274407404 184.97991898006393 499.59838280113723
187.19228621538267 193.83480157809112 492.7104093400769
177.75591311309955 193.9764851429986 491.14737751001724
177.73089565305756 203.1675119185075 496.4920726537559
180.23340710459064 210.2295730185272 494.2255347415614
171.5118328433267 220.0088378408161 486.6793303249681
179.76352419747283 222.59188448950636 495.2482141966858
171.6395435208752 215.36686663367 492.8520008259154
177.96364063467323 206.7611470174407 498.6750363738279
175.8563327657813 197.51377700652796 489.4701608480563
167.58144246840874 200.64373282111532 498.2470884578099
165.35695132742768 202.4610255359666 499.934063271535
164.88954252038312 201.06992923651168 493.39105116663006
159.3696355003886 193.6539106229095 498.89339697748125
162.1202675939598 188.66985785648373 499.7767280469855
164.72291838107648 187.54844925600923 495.39321897954915
168.49752405546124 184.73081386054588 491.143462637884
164.86851411680286 187.4238763388781 499.48128897311796
159.74427862381398 196.11855762302565 490.19818128644124
167.61392346773104 197.7601543699539 496.08021989686466
166.6005502423001 195.76066658983035 488.9398229498423
159.85634368554247 186.91773949943078 480.6451152272068
152.95915307058007 190.52052174053114 488.278930810928
148.81366803817698 181.47328773509543 488.27210719379264
139.93671341742007 179.4275624710749 489.73450038840963
133.6114857332767 179.99773142284172 488.7612515752244
133.3270024512242 183.88964869358634 494.1543409270985
123.62633910765581 181.26484071825288 490.01596829876416
130.78787534475362 182.6783998775272 494.4428211495316
125.27472666034396 182.55276367808543 486.28061103597156
116.71042276070202 188.1777831229798 491.6903777739573
126.04042883131078 184.97705887313992 489.6739603622477
129.70208566351863 192.72457199087322 497.1179591295269
138.72798411958433 201.2675270122313 503.8020860987
131.83110653372475 202.68669072397188 496.55109839805647
123.84061050447349 207.7194197546799 501.8187419243636
125.25087059577817 201.75921935347586 510.92305667729397
126.8416284567707 195.34246686622808 506.69431659347737
131.94345895721858 187.29046344923094 510.1230121707167
126.2126719346879 187.76972231538565 501.2587512220065
135.22103784167405 180.41488483101574 501.24838987002136
143.14169285662533 172.25622960994193 500.49068218967983
133.53886834418233 181.66004013717608 510.20164239539594
142.8739269515591 182.19147479702664 502.3382429819194
149.03051142106793 173.99655516459495 505.39959983245495
139.2363014130601 178.37881732609537 510.21102777158967
133.80031771416753 170.87686530503854 500.71862706837476
124.0864862467722 175.667244847697 501.5702485420987
115.09013983465249 178.01470981711645 502.5024379610279
117.55644190498651 168.84826563302033 493.4101472577927
107.55751316542819 159.74420156486113 501.7143204216606
101.23915524510414 164.49210782355883 508.56083810199624
104.87132130018693 170.98938879097412 514.4555059388866
100.77363159509002 165.89458767479442 518.1016105665589
102.19271964938287 161.00427887339893 515.2088842924492
97.1713133413151 166.20126048005775 524.3193237546608
106.39291506381818 170.51342165407573 524.0518050607349
102.35636333505482 168.5277475659928 525.6911545022933
99.08972837048161 167.78968548776973 518.6934086569353
105.31681744772058 168.6812431433653 514.1112664551767
108.36075705248155 162.03329179015634 511.51566883218715
102.21346524559121 152.64999970351488 504.0981535809358
105.6885388760386 159.34430959653474 501.1302969098954
98.50065962137383 165.8839456724741 505.370273591157
97.45048774504814 175.620595244324 513.5369204960299
99.77517690592055 184.7159752387852 518.2241586996704
93.68606404629672 192.19450750906944 510.47873543724995
90.67672766177374 184.76995533236686 503.8121731695301
94.30644206563493 188.79590022325442 501.8788727722041
102.17898604108237 183.82349277584663 503.46138700620645
94.96195455870794 179.4469002961509 509.7754043940196
94.94625788994645 178.27840868346772 506.9086528910435
87.59408708649731 169.8749366475304 498.9358525979756
96.87712827870328 176.32816674215235 500.08315887394474
97.62001710314975 175.6258209055996 497.07683531607876
89.1793800228939 182.09149671604706 497.27188851826224
96.70010882105464 173.86249669174072 506.6198478851024
106.07093267851923 173.88472842835188 510.85952788287494
109.85153138866352 164.94519279275946 516.2152913186039
118.77166202304701 168.46662577694823 511.03531285491977
111.47837835213731 178.0011925173708 511.2500474250757
118.49144469363941 169.39967815398887 520.4786781871496
125.3415072437 161.0427733692236 512.5026170396695
130.47839795322642 166.6736198968428 510.8275825570431
128.78555758744915 168.76938227322435 519.8346437774051
133.8259793931076 166.1445814223316 524.241404254927
124.96490458983068 160.3073540785413 527.977777030618
133.00807826190632 168.60244509658548 532.3035017030957
131.33844821167304 177.97446912222307 528.4720423932531
122.33905597537127 176.36190208605345 532.0180245050794
119.16036998558823 170.16818059478248 522.4488952094638
128.204321176973 165.22743052068765 520.8270946643705
133.1556146667888 167.28371258917653 526.0149295088781
126.71297412656119 159.07929466825124 529.4596420586566
132.52826516133635 153.9944215234234 530.6286661158047
138.04452467644134 152.95387324570015 524.8067171621453
141.7515363619136 150.49531510513486 526.0241485763016
149.6339563708554 156.39339124150322 521.1136063773888
152.78030878659547 156.11325769633424 511.45404195016533
146.70994595219037 146.82524718147963 503.8329225859265
146.90430156302884 143.55996271139873 509.189082468618
141.83287288972352 148.13161020056796 506.2704084248107
142.74009057883117 154.48051397874778 504.3873440778536
137.64440142105798 162.92151420590469 512.1082720916584
142.00136507037817 169.31484230722947 517.362950417934
134.87114536044936 174.40991053571213 522.3543300754285
130.13173319262785 182.11991253327437 517.7401814344684
120.63011796280966 191.53264816441626 509.82753288010997
117.64156342246808 199.67904163074684 516.744200593046
115.40005005137829 196.15132767031454 517.053413856131
116.98346385037533 192.28390686802427 526.4214753628478
107.35210753755284 199.9332208566269 530.2887457948231
107.61109721890114 203.62614653235795 523.037470226168
104.99175607779071 210.67340774373668 518.3501684754744
97.16741183722735 213.88214514936783 508.7677256472456
87.64887222593578 216.97338193097752 513.7617861400205
96.1941690516837 209.05862203113006 518.2241452511115
89.23229191819519 204.08747087228403 519.2212570281188
82.85402554985902 201.23297044276256 521.440549212585
78.52115929321326 198.57749194848503 524.0594096004893
69.77043036296297 205.33420081747954 534.0464188097694
76.30980678701846 203.26575015373155 541.2504543330002
74.89656889686674 203.02918667164656 541.4643934554625
71.6374181899598 203.4173773105848 542.3889351951933
74.02771462753253 196.41135092532204 535.3018432899698
82.38824848382164 198.95271628816036 544.129330289512
81.6073364749595 204.69685449253984 551.2681416329971
71.7212141198706 202.81048970546692 560.2865181778503
68.68300417289178 204.35972256637604 553.6437104630049
59.70318985562071 199.71670703040374 555.605219244206
60.729493949742476 194.9166833155573 556.0885723027725
51.8193917450576 191.68244873535613 565.889445191632
61.77845025998852 188.3116380147446 569.3304310149922
57.30246537509298 179.28065255285995 578.1947377661587
66.39779110193238 180.82947512187795 574.9395934146592
67.53560049072023 180.5314541657415 570.3165712807105
60.4791452098093 185.3627793225453 574.0075539411896
57.08047148001898 181.5228120457053 581.4991146696976
55.672938944488344 185.94472857974304 574.1426772327083
58.798256089939144 185.84522312795573 567.4533230040387
66.37354519637314 181.35693918405775 573.1083425862467
74.08280060472107 175.8325153546354 567.9768383470794
83.05225406450553 170.24202799614002 572.6625388130655
87.72453175520643 164.58745966900025 575.3856389758586
80.56517147713996 171.46777698141835 573.4185386233802
89.76438511918677 167.86338916966946 577.023337418241
93.77755551898977 161.5128351345831 580.2274142790322
94.78663956899156 169.7637996822993 582.3584738711907
87.92386146772972 168.44462007452208 582.2361470145948
79.00085614106077 165.25147513165433 583.6591400320968
85.20893893673887 157.07855926223033 589.8542570100084
89.06164272714439 152.1784880937273 586.7237689197268
92.67873165115331 161.85151256146483 595.2715291330953
88.05336811495437 166.3050884649206 592.9921205187593
92.67749531078118 171.90704938102508 596.762073386639
86.05449532232136 163.40246330123864 589.5857719032963
83.582271722275 157.27517310589454 580.7653664595382
88.8073882824565 160.1242992228636 583.8996783863968
92.95399185006762 163.95935546192305 577.7592918087681
92.65410333994969 171.74108331828702 568.6751426946242
84.46994860487665 163.24854258268007 576.4576088600592
74.54973849936712 158.68577088029372 575.9040482862799
69.98849112364874 167.12719404532513 566.0419808813596
67.17948676593 163.3148220967235 575.1837832367457
64.4693136402546 166.03049580031922 577.4502059695668
55.6727380669805 173.41110913061848 573.2327325028474
53.07103175682223 167.6833096549011 567.4940724096659
49.08887929362306 162.65856049097437 557.8919657782087
56.88531958737307 161.41985268860327 548.0709056873667
50.50514541469968 160.97076784846968 550.0095963790523
58.13035409241661 154.9350020687216 551.1589802392036
50.551351896734374 149.4954747431395 553.6209259471595
56.98160222887296 144.83097728057925 550.6845174675083
49.08635196071916 151.49325265223703 548.9337811608311
47.77122366443939 149.79013758841253 542.0655432219105
45.13481497107934 153.94067612448757 537.5431672347885
43.67826734200022 152.0344528952103 546.5022008169876
36.11078494707475 159.2571652671562 556.1424241628873
26.609694925783604 155.03902313243387 551.0913000128954
34.55223983045653 162.46739004017635 560.6828644981407
43.9134444058596 155.1005421220907 560.2012665809893
41.559512354685594 147.60140616168303 550.3025044301224
46.282015120671105 148.76314077328712 540.4534763709972
49.28895897381868 150.73578032726573 539.0892402540408
42.87418933481456 155.33098298949216 535.9227607669808
50.51676001260998 159.20998475325106 530.1716096608814
55.64692110255224 161.08339983502367 532.5641381723442
58.03769324493466 152.50738640464263 541.283852597229
65.56328057773864 156.38809879979274 545.220770631401
62.744269202706654 165.56710367308457 541.7929644217774
65.86060779112837 167.49347969380955 544.6668100563639
73.36836668913752 165.13942107386302 548.9456095159695
82.99356577562244 161.04732754304555 557.4892002890373
79.86325990358327 154.8038364001506 563.2717633768499
69.98858775281255 163.67455019738796 572.9214747085716
67.73005844945662 167.2136922370806 578.5753442694046
71.0752609552095 170.16558927503414 585.4462259646377
79.75654919943133 178.2539994443516 587.0346472108588
81.92465219719445 175.35545146633248 584.3626380291408
75.14727705842989 170.7194993205657 585.0016120576307
68.94896020392885 175.57523574550032 592.2671387009035
64.75522513532272 177.11976714344323 589.7715953009027
65.9701226646144 170.1778937732217 590.0363087214702
60.172523769696575 171.78902029945266 590.659116809754
61.64758370046935 166.23815971216462 595.9187703401458
68.55407289920433 173.98748279313298 603.2760837951894
63.39970541686547 177.2332298845323 605.6724831440168
63.3366539486131 177.3619197378749 610.2209706961874
72.7373188201039 179.75717416607543 610.6184746147505
80.89041964942699 173.04780387125666 601.6405111715865
87.92309463707025 170.29056325021614 596.4873829511062
78.33757451762816 167.9562967158318 598.8423737378155
83.67225861963391 170.77421613581737 608.0191807560736
84.40620087953974 161.99935143480374 617.6998837598638
78.97095131928967 170.02935020692627 622.6620713856389
77.5467371694025 166.64466439693481 618.5934339658329
82.76289602839843 165.99029609807744 614.040787701976
81.6776300890486 156.46241457811013 607.3903478366705
76.31066102948351 158.96837319897455 600.9332421689036
70.03157415330078 158.8719730107837 603.6778517898883
66.20395712457827 153.17267720520312 599.819684706917
75.21938825554031 162.3717897442668 607.7691579852292
72.75891680891282 156.43167619717073 609.5484220904141
73.2042647517454 162.31503915060418 615.5991428289652
72.22924965724361 169.22927353068684 609.374716353478
62.322792469826965 162.5285261452498 602.3879942163749
61.818295268309726 160.3478525953702 597.8989174405831
58.963108948790996 162.590646794682 591.8652439405415
62.955146387406884 153.87481184101858 586.4773283696492
71.71144317114867 150.03713204341844 580.0047426455003
70.5047935204701 148.5652140427541 577.3571985479456
78.48332089221641 155.33141120726117 583.0333276885278
81.2391393240264 165.01862057798638 576.6987468244992
79.95312850237985 165.4372394613662 576.7091129867437
76.62497188876527 170.0042909129626 577.0078803232536
68.3307626724752 165.00171109502642 571.2413849560097
68.89934566183283 173.02339374100416 570.4375896553596
73.38994896895942 166.2656670421157 564.6125350402046
80.76300443616702 174.07304976628697 564.1486966001956
77.41488844401074 174.68805058000584 569.2997886161031
74.33303117474479 178.17669530885658 560.8652582836967
70.1175910760692 179.51226161934832 560.5167369318464
65.83771192004517 170.32463895877913 559.8782762677299
62.252168910967484 163.81166851665338 561.4235301860801
58.58929167615426 165.3633102971956 551.4749786582884
65.12406531947195 159.71931757381822 550.5816631601404
73.75861120073337 168.43028470333348 541.7973799239332
73.03923957469318 164.39825941450624 545.4405155605327
72.40161433230335 164.17044059840376 546.7845766388168
66.64146546656887 168.3963647193884 540.1548008573416
57.02033298070181 173.11483393786463 545.7137758747633
66.00682834180934 177.85160414241008 550.318409714069
58.31466784285672 180.85787928039397 548.4461868436533
56.01584559567113 176.8693506086115 557.7807355358686
57.82224446399969 169.19913113313154 561.4494253028246
66.02629867531499 176.6122461654441 562.5165331283358
63.983781904975324 178.28331019961064 563.1101685289314
62.311044755826636 182.85294196559042 562.6665087269615
54.51567185879118 176.72981534799055 568.1263288772814
55.434252798472826 170.2360701815021 567.5258035012168
53.45244009530385 169.39551632381816 570.9853054296789
60.12135717015657 174.03637002992548 567.9157554716311
66.84799770796732 179.84397046731507 560.7822716445048
76.5283890274508 184.259411498589 558.3524556571974
85.32671462951282 191.75215756150882 558.2472152604101
80.78666529661416 200.2028933785692 567.7001788455924
77.03278197976721 197.89410940373088 567.2948811842772
80.66964304727667 189.5586615573776 568.0315927387439
78.27491047316596 190.08090567011573 573.310614283636
70.66031284692008 183.55500885641828 578.2019764163355
64.27263477398104 185.61955675207727 577.275669122933
66.20817001179235 188.53602057314498 587.0943587558737
63.104265425964705 180.92796925134678 587.6515328092049
69.77941575632256 176.58204303561894 584.9146409956467
75.63132665066719 171.45963339023155 580.6161580632676
77.43698970309936 179.35250636731928 587.4024383860999
82.44166630185872 182.21919711679192 577.9557471906369
83.52077718235606 175.3080089298849 568.6196842768642
81.05029347126906 180.35885873209781 575.3532155197033
74.57251897180008 178.13998264897737 575.8703035267621
69.41499171381325 174.85767745238175 566.1679218835575
77.28328182305256 174.05387018449795 559.6569836835799
67.40234690455416 178.7746166026938 567.6571602326942
71.40703833330038 176.08876654899996 560.9421741650233
78.19994736804591 173.34971198779846 551.0569884692108
73.43486069951352 167.4952596314684 545.6151813449412
64.76481098775413 162.3996979187824 541.5857782522743
59.817946904179855 171.92097946978694 537.3672023054777
54.641884059535975 172.27925256449424 542.9502099005233
51.35643371592832 178.69839455478626 546.2335669769262
42.79573141248245 187.15552776369051 537.328114258604
32.92452502135919 190.16510321109112 542.9007614985394
26.60734263257654 181.09082300231535 551.4779421477504
23.300262077265526 173.27171699842026 550.6168155380554
32.35456061564385 166.8476477630566 541.737588474262
35.19679978732205 159.0186973988086 550.4091386506235
31.070371172175587 160.4774312826671 555.3951531908017
24.731028521062896 157.71573738734313 562.0292131550673
31.393044070645736 151.79809838491983 562.7589017646277
28.68010665296744 151.5541142314931 563.4132733844843
19.24357616854389 143.20094426570208 561.7883536655605
26.074523604001406 144.09708516593295 562.0708853498886
17.785783233562782 153.06497795097837 568.8794182794246
19.501780112674314 160.54034285639952 559.4008651711499
25.657601801062164 170.30615748245702 565.4998637944705
18.341635354258003 171.66342919799817 568.3601559831513
18.063577427795284 163.32822873493512 572.6444993810575
24.06087425973966 162.88357605819363 570.2031126834856
40
147.45564242643238 160.2429972169855 477.8810804015447
137.95582588911662 142.65864496053726 468.5570098799868
142.72375433350143 147.8376315787956 463.8909604337544
130.56259585010116 143.11964023013732 467.1253594082711
126.61519451773887 143.08782146396237 461.848465760762
125.97390733670969 141.04005912645414 444.4957687769965
139.9739557544071 136.70638601299143 458.6748317868788
133.95341355283398 155.595786238431 457.38502239386975
134.00048488928388 141.85129149282025 457.09525320440224
123.94132465001182 155.0268370837783 455.27681867006805
114.98810038943569 147.0658474501969 439.88894818152664
123.47658222605959 132.87446985885157 440.66248054567984
130.87108945285 129.20383092051847 445.6634807105569
112.52949723345074 146.10942071383707 464.14138830210607
132.08531564375727 135.14758823904774 456.1437032199728
111.66690817544199 141.62807562857284 460.1944819573253
127.87776748877033 133.5799201078265 475.69253310189293
128.59012923736557 137.68370731822526 479.9993383351843
128.9918779988971 147.13194118977776 473.53454791275306
108.83732703435315 137.97892987267545 463.57533844131666
118.20881269950145 132.97378720828462 458.1863108255269
131.06220046842074 146.34544127591917 455.40538431576147
116.02014985588737 157.6105674423267 465.69318400843866
120.24875473302444 170.39354504959775 468.64879960702785
101.05106194372631 156.05361200230485 453.5665443412601
103.21435938421305 160.05382454556792 463.20372821064933
118.29482237070073 166.38291573255913 474.72802914139413
118.67441201592109 169.53502977230212 484.6533479632064
106.59229748527049 174.42762422484049 473.0083402221231
112.37115726878014 163.44203726536367 484.3417021433605
106.85039838228883 164.38213555613783 487.4134046101213
129.23539866552997 174.24328918072732 487.72355782924285
128.0839954684452 162.91198701183228 483.54918787006056
139.62125047098428 161.0202349710211 473.30303199971314
134.49070693904306 156.6350013245621 476.7456566135762
141.70521531058677 178.96194623448048 482.19605634284784
137.96930037395097 162.7689368117112 483.119590715172
135.15544872843975 172.16763945244375 483.1955092706051
131.32853252682065 170.66761216662385 485.9701541789993
133.99943357622308 159.57665424175147 473.01243306310386
