1000
422.6278473017267 414.58693888930037 198.2610461154109
426.6274226442181 417.66686775725225 199.27392893473476
423.9164076451714 413.72585760461214 207.05507529600473
431.9809101421909 407.4186020914285 212.34374501735704
435.2397835447052 404.0527452039008 215.77016532701157
442.61156434491755 407.1274400137923 217.33701435481146
434.3816196092106 415.8059629063986 223.25403500317518
431.51961128736366 413.6027999469757 215.00661571181314
428.39870051712103 414.3658134386301 208.7389389791008
421.57066814123834 410.01781828870776 209.65047274551725
423.8526977395718 404.96159374505453 206.96539194459388
425.04158316567157 403.40958346787886 212.06477126008033
423.3081389917432 411.63804349898226 202.27065090342637
429.70106006615737 401.88464293891775 203.35890602963462
430.3944620384556 408.31050101116665 198.8821157236861
434.2244403553421 406.697957967731 198.0109103994054
438.488069750099 410.514146916741 204.0531515747849
432.1425758115344 404.1003391072205 206.88003980642165
440.10346552330947 400.70541956431293 197.55000496739507
438.4456644319099 406.34503614187827 191.89467733299693
447.1665761944248 402.4032441690472 192.32658244470466
452.80049126752596 403.069691608124 183.28921684280837
443.6649318773593 394.58238579042904 179.81256391643606
453.2766824450151 402.50571795278546 183.73543506789105
460.91735917477985 392.6363424171667 186.72532021502386
466.12413622459326 400.45841988360894 194.15010976929256
462.2101978758869 404.03264892193937 200.52122632571445
462.823831151336 403.91454368658344 209.7935996021302
465.9172567194309 408.3255700717503 213.10228268969425
466.2600907121584 402.03595205350865 206.06386879234273
458.0687168196498 395.3223162462917 196.161701429831
463.1754587036319 404.1223212764607 199.06832783138776
463.2107931136944 412.5709074829439 195.75990863479404
455.2839636147912 404.35410910904847 190.28226965485987
452.17475056200476 409.2411402605852 188.4248323077595
451.5523979953486 407.8857769620423 187.07721658672753
443.36749748145735 411.6262716165391 192.21692543353265
436.5648032246449 421.10545276308983 201.170906287784
428.48612477015894 427.2638861570031 210.20689727087074
431.98571597968817 421.527809304113 207.6804052900327
426.4382052537422 427.3431232263253 216.39352392292264
423.2673101670002 424.38489114809863 211.49099818314676
430.6907397768001 427.8687418467115 208.32597504317397
428.1401373266189 425.83460221378937 209.74631772315803
432.8842013271066 427.61591043644563 210.48485196462426
428.7855025357993 429.0571560325263 205.36186381053423
428.2047043644277 422.91299817738366 211.99950628316577
434.5075300263176 412.9383041457524 207.064879390187
430.47163769419785 404.4724957745131 213.91925764013646
434.60137109783375 410.52172209654026 221.1496372905135
437.2226002963716 415.4721721564608 215.87471363956132
430.94535921963006 422.46529850114393 213.46867611078966
437.01137943226917 430.92735064561236 212.15744971277644
440.4460623747116 428.8614668894245 215.23071003157384
440.52043654898597 431.08492693664886 213.9838303163353
437.8042106731264 421.51022503559915 204.6163145364197
428.568104590845 429.7045729521492 210.23689865088514
433.2704231485195 422.1285730647024 202.97837973222158
433.61047992881504 423.62189081767536 206.21920655395735
427.9026555022382 430.32610055089066 201.9699746693421
418.3404743127388 437.7160560891114 194.04766903990839
410.0399760131539 438.67733010089245 200.34494569260852
400.8451048703943 438.74375626926116 205.75472252639528
392.49517773170777 434.66949360700283 199.04939408438167
398.9912049059874 440.7013070161605 204.25039837689877
392.97704280102056 434.4667563230779 196.68078363042537
383.1179993678798 427.4987420104675 189.67086353248038
385.63756854363623 432.17080211691297 192.90794052147277
385.1507765056328 433.9387526470105 199.2238671452389
388.6094825600087 429.438594578909 200.40102698988122
388.2151831364277 426.7377623740622 201.53586074699228
379.7715019900577 429.0089979048725 211.26345783967835
374.09142905130904 431.88128542967434 215.64558076674396
373.3355924678055 430.00832145816923 215.0620768960606
371.86417145996717 429.73268333962454 220.1543568519832
361.97199870045563 423.15008740342273 214.1713858985733
355.41877540066486 415.29632129945696 223.9844371740802
357.3535386348274 423.16362572464277 216.81729649114908
356.54415007577666 424.8508812353662 216.70273148319123
362.31870142817 428.555451879442 224.93011523071894
369.4527678925135 433.3587916557983 223.7577949005806
367.29035210036443 435.8401349552415 215.27255275354847
371.8674850346773 442.31330741498874 210.41349503998947
362.63890872828614 447.22697866287274 203.84758999795602
358.34151720459505 441.1929762136584 204.34567447500564
368.3127026610492 448.9482166579599 205.09969875875572
369.3064872809844 439.5346614938882 201.29200975373993
362.3810614820242 435.16132613311163 193.3078615354737
365.1192772729222 436.79775643582747 186.8188637614362
370.8859811617986 427.1393486084857 186.03413483323584
379.6327167602261 428.934866487405 189.69938979373413
382.7488890405352 431.3586855121918 191.1432772069175
391.2546767063988 437.9574238910501 193.85103962936066
401.11178496410844 442.5585567029337 199.32153112731086
404.86762289022244 448.43162648225206 191.83213380045527
412.2358438629712 452.92947076997444 191.7669374540718
404.2109362525771 457.1085712456163 182.6323644950618
399.70561625896363 452.68780660356606 172.93996705893758
400.7883020743257 452.4004724389711 163.07256946494653
394.17179863095043 446.85989912657055 173.04195274173082
399.48920306512184 445.3316653935602 177.50340954326444
395.729316066554 442.75347022787656 175.11899124737872
404.99699714021665 447.04054231765576 168.36381105784426
402.7986097831717 455.9897573098501 166.13362906815112
402.1658551357268 458.02268485108175 170.04147656177776
400.8410066164031 461.9002369485694 174.7020983804816
402.88804051888707 458.2739241431869 175.35991302911486
402.42844319297797 453.6474378178607 177.42318756197378
401.64101945409186 454.1498331338703 172.24310561171077
398.92222499801517 448.2451791986479 171.74836384294156
400.2635332632463 457.00559648488496 175.90896322567932
397.11761080525326 456.2016045293707 175.02389738321014
391.42987126879973 463.95506270861654 178.7050065377876
382.43978181306306 453.96251359092935 184.06188022809985
381.8979086372739 458.9503947522917 185.59013408640058
377.6011865538773 459.6252739744224 183.1160112235019
380.7681982002295 467.344155838914 180.67767051277895
379.35596190431323 465.8804830851183 173.19499948675696
379.95286911472476 475.2061775241939 167.0673578272846
382.54174146818985 485.1177844788215 163.1647333794104
374.00574306320647 494.7543945623511 167.0117016024723
373.82160228217026 496.80909252078584 165.9814847062203
373.3392072674333 505.2448188904711 168.76211634637053
379.11075914900493 501.4322036524154 172.6600942130436
379.9133837205061 497.9469244996571 174.3487683670357
372.8022014359963 490.2524776917688 166.7106731320923
373.6809081978142 486.6956589877336 175.65822559845256
373.06457242828054 489.3704406610937 177.8744894839206
374.34478280674824 482.67666215011576 171.62687430315492
375.47357406077214 475.73096935339476 162.08986497246667
365.6604714122288 473.5479882617232 164.10462576739155
372.7461290931404 481.5688395766942 159.47588290854054
366.7627478496078 484.0790673178265 152.86616928363637
375.20892577144576 475.88815416965616 155.0081401090925
381.8880827311621 469.0673589819356 149.66955978489764
376.58307582652463 477.8867301146563 159.03271341264488
370.8772292328369 470.6951479797541 157.27719502565947
371.16611638766904 478.2516214052864 149.5955366431529
378.1502032042478 475.2426900712534 157.0717181203213
375.2137035560606 479.08066902031806 155.04384279349608
377.79519117298014 486.6131908443942 152.79020310144745
378.67667479213065 477.23631704911605 145.88158973508473
386.0824456207104 469.51216789797 149.41767084155856
382.3956295447634 460.24759939876094 151.65441833837033
373.3515519397012 465.47174345586467 158.3832462107513
367.2952539586712 456.50694031393687 166.45302154846146
358.9353827271091 446.9967569550529 166.63785665077725
366.75763542385465 443.62454488620136 172.6764623485598
375.3797969095291 435.9578418998163 178.99175484209874
376.4146398923352 433.09313946760506 172.6462371305478
379.8112522000373 438.34189583302964 181.66387244908563
375.78631370039693 448.1494029853422 189.99100548829023
373.67665286002676 446.0521409480619 187.84388765938272
381.7104995901021 449.34900153808553 186.47911261564818
380.9999552084763 443.65347316284823 184.19868124802326
379.66581542177676 440.8846678475886 179.15588159491014
387.0424468687515 441.8310943309387 187.92742647936876
378.2321725647208 432.6609228510022 180.0394781687368
386.5794571413261 433.23825684046557 174.49464033607694
391.5368574180842 431.51922833004187 179.96608241347764
394.6283877942502 425.07706685728357 178.98446708935106
388.76092918308126 426.7162916248902 181.1269822446331
393.690721852457 418.008015207558 174.2910429736391
385.45414139447684 417.96512866492066 167.2036645023465
388.9216272806034 411.30133245800636 165.96635533821572
381.6431624555323 416.9005680805555 161.63777487322517
381.8408134599945 419.40893807458906 151.75064883982887
378.8019626665803 414.98752960307405 150.64319873223923
371.54924529813763 416.2664887845452 158.8864433103654
369.44215330708056 421.91740988324926 168.721977901062
375.22931558538517 427.4078691822531 162.22530857159646
370.3648968313406 420.04999737776865 159.8819342224068
369.39787887466656 412.6853870707125 150.0486980440766
364.31397592478584 414.26401773293577 154.27152658094283
361.77488978454335 420.7805943118052 158.41129076832433
360.05375401849557 411.5788740017342 165.82239502017381
366.244624421719 415.2907274433615 157.09219898077026
374.07584485526036 417.7992812947227 164.37639406132905
368.28353454700795 423.6816913884287 169.76205295596915
376.4880258655168 415.0080869152917 160.73918535969693
377.4449001142226 407.0834733236147 157.05795090937434
373.6554714211009 407.93787786945103 150.42651586930808
379.7803113017875 404.7663458070826 140.6864806474817
377.6837077043708 413.6977297708958 150.3969789421735
376.1858341535981 404.6612255006068 156.7804872860307
372.7952089376515 409.0541415115124 152.01437150298233
365.50895912645393 417.5022044053685 145.1859819438514
364.3436924800736 423.8657765974431 135.52903023842504
361.38517610743827 417.3403810613338 137.98501163920196
355.14935400195236 419.3029831722824 134.41803257603902
350.466941542186 425.38219285494756 125.52567574152424
345.9253622955534 434.13194991102694 127.93893194006081
342.37841314895496 426.2291287840217 118.81181466392819
343.2521080467846 417.0994712156714 125.23520039019702
337.63347205189615 422.8537509427849 128.65184914298004
331.52246728972784 427.8487496116077 134.49519672373003
328.7474396132566 421.99533613511795 128.1609530690211
324.0210864950507 429.95659323996045 137.6432510976259
323.8884076403377 432.25421307254703 134.6633914300927
326.05082852131125 431.5398647209497 134.39496164803748
333.031814961702 431.8164532922708 135.36698074241912
324.69605931285514 441.35213202935154 141.55623615797393
326.4108826437898 433.8188872185724 144.19240497010236
318.465447767662 426.49094275466643 137.93227519100932
310.52646557263597 418.6885568560695 143.6801433011932
318.0432494948669 409.99033972721514 149.48637267991296
309.0464944125555 405.7225071983231 148.8278425470464
309.52275894758526 415.06025717012295 140.98623167144723
315.2014891570079 408.382363413836 132.0452308500115
313.3289483462113 416.69774924500103 126.39745514915366
319.5278743725913 420.03596165765464 121.73563227792397
319.70275631484833 415.8472355482063 120.44592158963565
324.88518824841907 421.3659941303141 119.0432966593307
320.61384649940106 415.71700167245325 120.76920403455776
326.02226423173636 424.59754193001856 117.37689777373322
321.3810273472213 415.589873837159 121.73473841400472
315.950797570434 419.71988201507384 124.94619424530742
306.7544869351006 423.00566774713263 124.05527927978692
316.26491788249285 421.01959535824363 120.80438806222989
323.045583535705 413.5039049146102 116.29256248947303
322.9470417186911 411.46626360808693 122.86234051317845
331.1902503040564 412.2923489163298 126.32364113304922
329.76364854451407 419.5204826928423 118.84433064665103
336.90896349256394 429.44053626505683 117.20626838967492
345.5246709760889 430.4215984848746 107.35056178394333
338.26672904417256 431.6222963710752 109.75674014006026
341.7394636338648 426.61787419384706 108.36229635289011
350.89833029718625 429.89185266871647 112.35002929062598
342.4442182146147 427.4114049943154 102.67030428595523
340.4055432039408 426.6761384626787 103.00569035006706
347.2845752664032 427.0704846033789 100.14288971977518
346.45647372438157 427.88108589552587 104.31429410770889
346.86663179991 437.33706439976567 101.51721996021737
354.7337870482629 436.37751318867436 98.26571407644502
356.276245931782 445.58463336337644 101.22739266678445
360.08102582174763 447.78294967629375 101.22299967692102
354.5715724122292 452.53290496809376 94.63909154117604
355.8228624075874 456.7052418806896 85.8302379437736
353.43854051134343 463.4753105916751 85.98202114916617
355.1670485911938 457.73864718367133 78.80407416664613
354.9175756530887 465.0235053858815 77.82391865767475
364.32715779061584 472.5137611449787 74.6311474592992
366.3664263405093 472.13890410336865 84.54373906638065
359.82522019455035 468.1816392827678 77.86211795062908
365.62526294984383 473.9644415304207 69.7578923821557
358.75297126666936 479.52582698256464 69.65535371419479
358.4676163071738 484.9233292299328 64.73488650476534
358.85161312764734 476.21657556682624 72.23909704885511
365.05497421927066 467.2363765673664 71.14518227261708
355.1715238774344 460.9144130079841 62.381674052076164
354.1943082073424 466.107236835808 68.5044214995871
355.67604214717716 474.4137047612684 62.87571978405709
363.7319194458937 480.08463761763625 58.72028621853063
369.3571223478189 479.1075655002006 51.436999235411086
376.0118080444354 479.00848517318246 59.43458488167276
370.1007576323607 475.1063929918921 66.60970358020153
374.330271164101 480.01689304884457 64.65354898655758
378.5563887102639 476.77927661776175 71.1321682519765
373.2345002790739 476.16000178795406 73.97008413983711
374.7174636106639 473.42105811822137 74.9332074642524
365.8837535584418 474.1323463665471 73.57178123704553
373.84940900266514 478.6880901848104 77.40704941480723
374.6450672120711 479.02538697904356 71.86388962623876
369.33735389937556 475.30840056052756 65.06025964508777
376.5098745402536 475.68847805947485 63.846526505081385
381.88491097804274 478.16470020599974 53.87450550721682
377.21104512041995 486.3873088925637 58.665369053235494
372.507079222519 489.12086245655 67.8722964569601
374.5075667544533 495.96236194422465 75.62600201147919
375.37074602888725 489.9565023673048 78.98429155775077
365.8570601142265 484.87658641497586 88.4258766834959
364.8403544268297 476.48873667863137 79.98251284996117
363.0856833271805 469.5708155379524 87.24147991140471
355.00020280689796 472.3353949329768 82.33502118548546
348.2423785526479 477.6279199453564 82.89616329086022
346.4159564567817 470.8326968506087 80.38656630960052
354.71461848316073 461.4629574043168 79.53222539787367
361.23689783764746 462.0414657096129 71.1670929826132
360.9417812574011 459.74392642628 77.90305131938867
364.5301008002115 465.38127724950874 77.37150949549978
371.82067139951016 474.22522096659975 85.72087197411194
369.5611084864341 473.86766212650815 94.32654178187303
366.6721023243457 474.3930459570862 98.54378642485347
357.1676660419529 471.1939790580384 97.60146213203225
348.43713315996814 474.9773520665662 104.46418733870524
341.86099198475443 465.39886146742725 104.87016237428234
343.2216397300162 467.9020541310332 96.90146994521488
341.10370509934404 477.75687117380403 95.20510081035042
332.9082927312419 479.9635898510872 101.50020350479758
325.5695185912876 473.8664556887813 104.45363937061924
325.23618685121096 471.82213168775655 110.06865054555094
324.6542672879851 464.91687146509264 112.13472847346053
327.555422448869 469.8175505400392 109.23280103264352
327.3371164553648 462.10432991721194 105.56325796030612
334.2751678000105 453.66053486659405 105.44612443999492
325.34184403439275 448.9700722742246 112.00626860775807
315.65811415353426 441.0575705379124 104.81624899728921
319.7832352597106 437.6009916837806 103.75988506860857
315.7210385164358 439.808150047918 96.38573514427608
306.6972780947781 434.7699664373538 102.93015724274694
309.2147495072731 432.7413550978161 96.87817135918169
308.67905609919524 431.9280217017302 100.3557199184765
315.27514216925323 428.34847822044986 101.87543686817803
311.13151716554864 433.34164627968596 105.71664623073328
312.3526745921895 429.15609545841824 97.09782483649302
316.2091977632453 433.5465221161559 90.30360642845531
306.9723877579708 427.39526446192656 98.4882051707025
315.1255623437164 432.15421960248494 107.95051627748876
306.39682783911167 424.5005754044321 112.63027385975202
298.3627777837805 419.7415365202605 108.21937932398117
298.9007390919108 416.35266043283235 109.43772625347678
297.561700589506 414.1033224999385 101.6664034916009
290.33469589134603 405.6811169438202 97.94193986951235
300.1410876569309 407.8614929070537 104.90967126670161
301.2738191312555 407.1670766903643 108.34300102945569
306.5828125158589 411.19757128982565 104.80210960520762
309.87095179606604 415.017604786766 102.24067799964223
311.192254147164 417.6523336230537 93.98876406697326
307.7701479379919 426.6383888127 91.47269809446337
310.1738272603134 417.4318569138766 100.87786645095925
301.20831726743626 414.30145800164206 108.98233906678612
304.1483225435907 408.6860313909015 99.52460600210459
300.4024199878652 418.0239885001207 96.52552407066683
310.3810108731575 414.56622179002915 95.91997269830021
311.19998036833965 423.82803909999586 86.61848372624434
304.314250014256 424.3619351090119 92.85239280788248
306.20751457981635 426.57352396281306 88.44875414701626
311.11410700068814 428.557722343363 81.29566519936719
311.91622143214425 428.83203840917383 91.2164786627241
306.62454102569154 438.2871757268309 94.71481648417954
297.6833060378471 447.2333308392694 88.23269309243872
300.6226362379543 445.3914095136383 79.06084200548864
292.46973694020437 439.4044798704134 83.33115447881698
297.49404670189733 446.8732747967594 78.34081815819445
298.8747890419347 445.5526060660611 82.41678107049134
306.369097708285 440.77936534410486 84.27114377270256
315.6050434631787 446.1949238342939 92.83627476310804
311.0434094836044 450.3250130598482 88.11742370515846
312.4142321509043 444.2096904979032 92.01330763373754
303.906933081797 439.9915370113463 99.79698313997643
298.80568383655225 437.43913991177004 103.61164389492983
303.96582785125463 445.169905926963 100.95424253832782
308.5311807962098 440.3234019749307 96.66087476190832
309.4657407355435 430.6300178391755 91.75420697396734
306.8354026591261 440.3345955128016 83.9248447965713
301.09695057567706 447.52035746057317 83.0924822663568
296.8276891912551 438.96740978668436 89.57644587852845
292.12994959406166 438.58909301764584 93.54433340232615
298.1733070819906 446.7522181507893 96.48022389470769
292.30514176779013 437.32289185203547 105.53313956563602
282.67199554765165 443.86298137989957 99.56074586258406
278.05157194398225 435.9181288264622 104.25488812438215
284.4891797541317 431.2480998146676 96.13588768786333
277.48777294488053 431.5363742549156 87.77839959317748
283.8252970385809 428.38846462167214 80.7811737976949
292.77948167401405 432.53252848411836 75.85642123819974
294.66527964603983 432.8879096189602 81.58924201653483
298.0583917735721 428.36120985784896 81.49961218273963
303.60428569660604 432.1894802218565 86.33428246611423
300.91960289258736 431.95296575708153 95.73671520264094
305.3177025911644 424.59125752802186 98.61374510815007
309.1523948885409 422.2415146017622 100.92101753001515
304.946679013996 430.9780273394856 98.84588419816245
303.73358206307466 434.49243414656627 92.38460004799775
302.7398048602951 442.1214255260358 100.29115842520062
312.2919205861778 446.24585186496284 108.65437462090104
306.5692014229514 452.39480240336354 100.17009348918478
296.80635739849833 461.84455164974185 105.63427571617535
297.18594024102555 463.275863809533 107.72523627882099
299.49412525279934 473.13529286260587 104.78449073524887
303.0580582274316 480.1427200237934 112.32238103456511
299.3186673395804 482.33953528807103 121.43949155662355
296.3332301563668 483.79528369712835 122.36085314757572
300.0965513272653 480.08110255105606 124.61676035621583
302.87295370805515 477.83214494060695 115.28956608451618
304.67545496103537 485.98928278787565 117.22846098144693
310.47362761807267 492.57648504454374 124.26513719220347
318.4498132842339 495.4499396897539 125.09195291968545
317.8297201118951 496.24934543982823 133.79201119366024
317.6808225031893 502.62220585468987 141.7068700821202
314.3226393587514 512.5333720427795 145.08351349690278
311.0063759248877 515.744606032116 140.67781495546163
302.9780882681381 517.5553809429109 140.68639371205245
308.278312502227 516.164027821332 142.89901872798117
311.26017834718766 517.0053384748775 146.74671519322905
316.742709184284 511.19793137173326 145.18745026097386
320.2197075690151 505.9331973324405 148.88933249017947
329.4838156187892 502.60091192360744 150.43891502962867
322.4610124814223 503.9152425760784 147.60096710113285
329.3855476479107 495.7830415296377 152.32494444473994
337.49019914093464 493.06614633878536 158.58699187815296
344.0961164454181 493.9450798991615 163.896515935099
351.5654096331271 488.0679677168948 154.46772231880993
345.58128024161726 484.6901075271047 157.78698446313578
342.6465843246232 485.95049762660017 155.66812268682895
338.0438044305262 480.65835835114825 161.52394597662357
343.53828208247205 479.1274917045843 161.70844366719476
336.1110029260394 475.45496063307075 166.65869091090607
337.9934926817223 483.96771890240683 158.24253285172634
331.7315250008411 485.2398996319727 156.67766462213794
341.0099723043297 486.33322777739795 154.8025807020343
337.947432790508 482.5073022853252 150.46832228549712
344.01403102889753 485.8874808633182 141.4217052919732
345.2204308468121 494.15017881482544 137.9418231872037
339.83162839614744 485.3818817560931 135.20998022584416
347.39436631582026 476.4046038556659 138.8505715677658
354.23484796164485 479.497012797144 137.27276440788688
359.70538622715054 479.4191691580337 130.7777205678478
367.1122727868388 479.9893695966352 131.47091820929063
367.86568111211153 480.03496509407717 124.39558086387292
377.56211138281105 480.56752374244167 134.22256730372416
385.5404059644479 472.5005545457999 133.3219482992647
388.80470799649186 478.2729858150349 138.75527445999407
388.58253515329284 488.049832277009 132.87083144037996
383.6185545203571 489.3009327151918 135.00250649640003
384.5147679771108 480.8583525348263 137.37237800420087
393.33984686564975 490.81116797783835 138.51780777534367
398.54798835818883 492.9800097933451 144.6227320734576
403.77455899906556 488.1342738546633 136.54279422355773
400.61466016397236 487.6324117140021 142.39194379130407
402.257599540777 479.6727647519017 148.9183400224737
407.303465470561 480.913593512514 157.49149478016344
399.6579898214364 489.6056820468009 152.5974031745851
408.2914454232665 486.4576827781433 161.22351828245172
401.47903156171196 482.08868540123876 151.67664898959222
394.17106527678834 481.8677647128916 149.53187025251933
394.76678652887995 474.3565433886489 143.53201703763938
393.1017098429644 477.43490888229553 134.2185008690351
400.3540209230863 479.550972703953 124.34080242053702
405.66236866932206 485.055714050812 117.99816624056484
401.13087670770983 480.93623914951064 108.12370381551082
396.76813956627166 477.0372543378042 114.97279464018501
396.3054460296264 474.7872808826187 107.98073276424992
399.49790094497354 479.82780772428885 108.29712491619313
407.642532589833 481.6755277592723 98.51254585518278
414.03612005269736 485.8215392932427 107.12669079556365
405.7620114973367 484.3589966001729 114.59492072928336
403.70955097092974 482.64299183283924 106.81582977120289
405.9741404538294 480.37285001586315 98.00339178567705
415.0305522462761 476.75333450530024 92.03929093666618
410.5955431502091 482.99733492717877 86.68733164151867
412.786511407872 485.1653148751177 78.18660526582653
414.608512003543 492.1612291697918 83.16922635026519
412.150194710491 494.72369651405296 84.94839672759112
418.3392342892731 497.4216922430827 79.45500683856679
421.4596937022422 505.4316120572531 82.49702734673718
420.3479405127049 504.66724474073396 80.55538662090277
423.05136803485794 510.4344479806256 74.81622742374626
418.96745000492547 502.2909811438697 74.32949823166703
416.48349585816146 493.39632454374737 75.19677590512293
419.6636044791375 499.79066107456634 65.49071572649767
410.39900995191556 499.9564918230434 67.19004410671694
401.29838789140894 499.7000530588643 67.12857997211654
396.84999279907663 502.5667380243955 59.60016509347383
388.590019993148 504.5372329572522 61.20286507147134
390.10266988495863 505.6124711606968 53.051366573413624
385.86276522773136 514.7530231057432 55.0530909277385
377.0255244284471 513.7661812277995 51.81740018837266
370.4322939751796 505.56996202745046 56.5649501644913
375.73290024786 512.218443272488 57.18672454913666
382.0080404692136 516.0856961838234 59.23714021997532
389.7105874852995 507.23624601701687 67.18535546271002
384.5101823188569 508.44500616554825 58.60266699483346
375.52702772772454 499.33645913801905 53.840692198205005
374.87757111023785 500.7746672065496 45.46436946488598
382.4010467710657 503.37523077686984 53.583432377566055
378.0239534358538 498.125015056308 63.472436144600934
374.6695983858994 501.8827523650917 68.55187875813967
372.3667795348012 508.14861798907907 62.74959833588495
369.0719362837055 503.2721069379556 64.41818911103107
369.4282308845412 505.22708280488587 54.54741446594298
370.0001598365282 501.8441606741566 45.690865889798324
375.16559615781847 505.42439426784296 50.211161059089065
377.25877888786306 512.4707848428268 53.223700242871224
382.3069689293158 503.4703271178345 62.80946418048421
381.78034305200555 493.95821412499697 68.59577644164668
380.8554873515851 499.9326529192113 59.198396349466776
375.4220925761227 494.98531074703965 52.163809467916955
370.83669988959684 494.0662188603367 43.841699632494176
365.87467885324736 484.2390190295176 43.47058806869077
368.39449362441786 478.1441626747412 47.901368878442405
376.0474035987508 478.8645437120837 40.57444474311786
373.20573280558614 478.59511928223156 39.710703352552464
372.50440375640983 469.0065477035706 36.03191550676497
378.33353876753335 470.38095840802623 36.48793754645316
385.3403350050339 476.93466803327163 28.98101933474035
380.6748782687889 484.9905463496989 23.282587922758175
380.959094309652 488.90792552320573 26.77237413256441
380.9790795390997 486.37080501180964 18.41623702541355
383.48047766135045 481.9761432235723 22.83049318329179
381.6528942554515 473.71630643498065 30.71153724719599
384.54403212824354 478.3487377212969 37.679067465513576
388.27378859236205 471.42018353492415 33.74822760558672
392.8646257875553 472.7172025674124 26.108903697961217
399.70422733421384 481.9389648888185 16.921073609018443
401.94325127798163 473.17266018095535 7.875346835782862
401.6594143343659 465.0110903923119 15.087272657399991
406.8197341395859 469.5440618122839 18.007965418995877
403.4144670216091 479.5191073552527 22.545497881946517
411.44522061483957 478.8804983030665 20.921928542288747
403.49801445585837 469.0504026619297 11.159124265638809
403.39138862565096 459.36757783979573 7.948759001964416
408.00568086050885 463.5019025307409 15.370799320457593
398.773442355669 466.62990768671597 25.359370558471277
391.82421869569265 467.9997238055985 33.38745141810806
393.6864419930348 458.60337281898734 40.11289085648073
385.885704949405 457.1736355505625 41.818439401040514
389.41141513370474 453.62135095159533 43.486571500608086
386.6571249401545 461.31389519793345 40.5381183916765
382.45127439220676 460.96354634983174 35.60500210301113
391.1792198788455 463.7096331071732 30.287459165487128
399.16151171604827 467.5906023864338 32.07045753179432
391.81630723784014 471.18283055881517 36.841676431944336
392.25740442512176 464.943446663632 42.921900221061925
392.8259281374357 459.39884949353046 41.61678886367953
385.3070368506086 455.4081565131882 35.19115282852888
388.3437293727637 455.77581360406725 25.306420642926902
397.8666465558543 461.21425364022446 31.50885483743823
400.5285043232703 463.87700078926366 37.27070570359343
398.4255739015644 466.6515137860173 35.117442338241126
396.6866535535011 472.1254635683633 30.991725426616366
403.99715143562406 465.3891811586889 22.19219149391773
405.1655542507138 463.2006885341379 18.598065080551216
400.70176416361136 457.2083799187301 26.987059717719912
390.8852304164116 450.54867837528093 31.5208453592006
398.60445877793904 454.5738631015073 36.50812499660212
403.98624160821356 455.1725555284543 39.91769858046818
402.08706730773815 449.95878482629143 35.29634326352911
402.2548630139385 442.6524134939369 34.01111340674308
412.1535479169846 450.8788037585818 30.04619306365499
417.35484158300216 448.18194855051894 37.43841574974108
410.1070268356255 443.89593752046756 44.17095741092662
411.41670057285125 437.37954727638845 34.64302083290411
418.0331960751257 435.1116619167231 30.754911140113986
421.27721420649397 432.50858634981853 30.25427322263051
414.5824675262341 427.49543119196954 38.84222339518902
415.9301513912854 428.36640200155387 36.05697500924046
425.9030249776471 428.13012152044325 46.04993985698459
427.44156491979993 433.5652364557651 53.46197253122996
427.22416403337553 442.53203794940976 47.17197092851022
436.14969502314597 433.04596711013977 39.28645238786104
444.22639612115694 437.7105022506722 34.143082881643984
452.9162504615539 429.74251476226254 27.08871004707757
452.84014849225827 438.5059434340291 31.433115057262675
446.33752707300204 428.67527101825897 24.24223334404821
441.00418745506676 437.66481364171193 15.553514254570434
450.5611525323892 442.00894166551336 7.416119317783037
445.2313224560338 434.9138111407563 -0.4770571142205373
439.51012724924357 426.1574079752127 -5.070577134425801
431.4572066518682 418.5668783673201 0.44870523418757724
428.15327745010023 412.91678540046126 1.232909822157676
428.7181980600413 420.10160163397506 -0.9010903158713637
430.22184023904975 428.36659950265835 -4.603832298924468
435.16911542109904 427.46844646557776 -9.663335249698079
433.72669312703675 428.79644516768155 -1.6768529172961584
433.47147835456985 438.524671660996 5.478409821573625
429.56505289012136 443.2357471698684 13.118871619181906
437.99171328886285 436.0525570980957 17.385076953719064
431.8935518315362 438.166879116425 12.334589851030433
433.11321964824685 443.32171732830113 7.618075998749456
439.2397642549699 441.08190545231895 -0.7272996889705485
436.9193310270099 443.06804824004104 3.3651701879112306
441.27408190645525 434.8633068399065 -1.2740535716848633
446.88814340828156 431.7250420901078 1.3560799736359885
442.3529706721244 436.2157757997648 4.9325593572936866
449.06150481851256 434.62063940311214 0.29777575954356816
440.9489886236887 426.34484619330317 -8.56377905936094
444.30559893816616 416.84304227659715 -10.008284572506078
448.43881748395626 408.6734671471468 -8.879007107371796
438.656610782464 408.5157588769714 -9.339654911569209
448.29799318062686 409.91468106033125 -15.882909550021713
451.9110174547296 403.2949773181049 -21.252620432225875
450.43099806099826 404.4503315168505 -27.241622793430466
446.4758889220803 409.7113101862082 -21.4676632668597
437.84998447861284 404.3888940895231 -19.57538187157574
444.87815846673044 413.0955633671791 -11.264196098924213
435.08422538065724 403.7565046173831 -16.728195721076823
439.0880260392827 399.65325228527536 -20.84650088116544
431.42041401650465 397.1204410432589 -17.110123199368466
425.7165264009313 402.5942694428475 -18.01624779072251
431.360615285552 398.84466154242307 -19.97807155996173
435.7211124722243 404.054970423361 -21.52465435625593
441.6789329907917 397.8708577156649 -25.398203465520673
440.5333903153931 404.9645829293647 -32.6228623142599
438.05177524106153 408.6196007475656 -24.90367877312575
436.4171030767195 417.6516061172058 -20.961058560905272
444.73710940892505 408.58542260410724 -13.120459003803584
450.614344411601 403.99945392919204 -4.96221647689929
454.0927166035579 410.24394587297377 -10.21780002741241
445.92727227986217 418.4956564808942 -1.958183225563106
442.5252862152688 411.7017469254481 -3.468150714045062
442.23908954847195 407.5812469030576 -11.577682742171802
433.5359225131041 410.26024252039423 -2.940675490123553
430.21873920841256 401.7354245047814 -6.296907623623811
428.4369984683967 392.52308341486037 2.619143751791805
425.3391072021637 388.14702389158674 -0.911128206274546
429.32985422754024 378.6568943520384 8.162538373092223
436.3063107892134 385.7113107831896 12.987758944099857
437.2675453473582 388.3660185215118 21.10120145718319
437.74660670875767 397.10053279039334 19.90854597893425
433.7480602622401 393.6502484645003 23.2507868521883
430.81441145909315 389.9061493134817 24.884619414141063
433.2914084510938 389.2255185198909 21.230259788953756
432.6914891338735 380.63931865811895 15.64253852801427
440.97250823156656 376.0163500174356 25.157620863871365
439.7674167477434 373.96201599844164 29.708837544376642
440.4419177762954 376.4746786666209 21.138119065852393
443.4475444125521 370.35134423428826 13.741742533343896
437.0596702604576 369.55908843990403 14.368986454205471
429.02304897351195 360.3981904816376 18.128105418944994
431.8488561939283 367.0294156082326 10.017596501521489
436.08479414405656 365.73428380372263 14.155538745254841
445.88237916888096 358.3029707404471 22.570287334519165
448.2158787221897 349.9050121012051 27.280550256238236
449.1426295874678 351.57349139127615 29.879513392464197
453.7758958098444 347.38462570628167 25.181707168526437
444.2438987658238 337.95413387992994 34.4729465970883
442.777788064351 333.9490444747545 33.45458775225904
433.5795526071558 330.1666027832536 37.2262697328178
426.2698014649018 332.7073663107492 36.06499408266219
419.5297198254591 324.63405440486616 38.29534111447267
418.97115712701225 326.521951986297 29.87894224565523
412.2376186865233 328.72137240380914 26.06282370021206
420.9839903211658 321.5840984410783 30.861911338404376
412.47320446316235 314.89934930878474 24.862577815282062
413.0336846857827 305.0101470099272 24.416940587288618
412.45456345161443 302.7726715532187 27.128996222183698
410.777015424428 295.1897589616594 21.64314152332649
416.9016902063291 289.0934541748106 29.783910253596396
412.80533227513894 296.02044617191825 33.349532277086496
417.4729266998146 296.6222654014326 40.80171442609743
417.5787716540002 288.36557244816953 46.59358858219565
413.218050830552 285.5297444003041 39.59669670444872
422.31503485435445 291.46640503251655 37.84127533514515
431.3390009664721 299.93352497144593 43.07495523971641
428.6708160134991 304.73334559472835 40.863918162588334
425.4435557294645 303.0401292816256 39.121424398845306
423.6507023128061 303.7357755898443 39.35532957440238
423.1446860314253 303.3460408725215 29.607512776987495
419.74447788918326 296.1633765335208 31.473029438774272
422.36948982613325 290.57357328976775 40.074960493660576
430.26396602728386 299.89447649503836 48.83758463833825
438.830217356352 301.066261973841 50.61733072040044
434.19096094632016 303.41854984062365 52.54665147340793
437.01162297723164 307.37578699789685 56.10187522806368
431.3829826235152 310.3956390244498 65.08245992646579
422.57708009837273 305.2836727249213 66.24470966544928
422.65445637546924 307.52582782974656 62.84408355238684
421.8885176363862 302.5214228602871 66.66589695077082
429.2916126989197 311.3469273781057 68.2445088973727
438.7895705708874 307.9775825900019 60.573190982928935
431.2220811266848 303.07189143574516 63.3313963784948
423.37103307718456 296.33120453553806 72.34580928725288
431.64401345120007 293.22380151537567 70.25340579793932
424.36530645845204 290.1574759445368 70.2871301157865
415.0508652955002 292.55333816226585 70.67133548511572
418.1275690224219 292.7855872766436 78.67986684578051
408.66968015370384 283.21606654664924 73.60023543177026
415.00333660613904 282.2099704967257 70.93884324578295
422.01961761701597 281.16557212666356 66.96771475134622
417.1674351961406 272.58987465830864 64.8416555772906
410.9053371652376 275.9906089998645 61.79124546236712
405.2457139097006 267.1559531626456 55.44108295222794
413.11972909457575 263.3475157936967 55.228660949723746
413.18248035360455 271.537124430189 59.78266374970035
422.9785355513188 265.30105977339446 65.92310101266227
432.3010191021747 270.8223484394186 75.20315304440622
430.2771122756254 263.4591895106474 70.25067791156899
435.9049659541283 270.44271711598344 69.02890303045652
444.66620062136684 275.78417019028404 67.02588709414202
452.9360292299106 279.97814073940987 74.25924561342643
446.9741356822593 287.4012365365899 67.4022163799399
452.96783483697817 293.86786066252466 66.17645708355046
449.95909304119226 298.15838815688943 58.50188878339029
444.9586449181425 294.06317319806715 49.712643107076474
441.4571799079936 285.34847902789994 46.05787385515848
431.9050701324437 290.7730628873533 54.7654976085073
437.4086457989042 292.10303271593517 55.76891430415519
427.578984873 289.9812788053237 50.26842195397412
424.7283616062607 281.1624679705797 56.753297126599705
420.47040721419796 272.62929294474606 54.18649661232469
425.1319029556612 268.9990255467228 52.74330672581766
419.60044663732594 259.3874665690398 48.923176794442824
422.94380468368627 259.39488613545325 53.07189051641677
419.2968537157057 256.12233862187264 45.68121327986745
427.81929783203924 253.20924323158616 50.59856090977922
428.32351298663286 260.11430994780983 43.7095914156766
432.0251984134846 257.2025142029037 45.0672537158425
435.4440817067616 265.23490581559264 42.96354305559982
429.09478643324627 263.73722466737854 34.89313980687537
425.49582683745314 261.9517542404812 35.47049817081808
415.77870211511225 256.54561816137567 39.68880858562906
414.38003875120864 257.2763007135586 30.339888958184538
410.85878233280636 262.50838303403214 27.191693131837734
404.69270830328776 258.36203593692136 35.309329219237455
414.06879069389777 254.0986218409113 26.725591413936378
413.41284331369553 247.08636091115005 17.498862823906464
421.6190707828124 239.4327389307997 18.08845978229771
416.2892448638406 239.62310677723758 25.811437228008003
422.64248812051665 230.59009108491918 33.05814784899147
418.95552360979195 238.81428422444216 37.35993244533463
417.5094729615323 247.4993171674202 37.05529320450564
419.91798955223794 242.71987975807048 38.89910435547435
414.92177563525354 249.70282374281942 44.23506998002479
408.874792419062 257.36286137572546 44.90513372337264
402.5835490774853 260.22553038348667 38.792932737082765
397.28803073002916 256.34556336184 36.902795995568646
401.35175491930374 255.89299157932422 36.78949217719748
395.7738937164959 249.5881687180984 30.88468510396128
388.52277781411937 251.55163960098923 33.733021237661006
388.402531266264 253.17024517261723 35.89898980686815
384.7380168790825 261.26932592474725 38.53759806889782
382.6102021945622 260.47761827191374 45.174730908589595
378.59943406941073 260.94548524015954 48.91898947452443
375.3183045823526 263.0283366567231 57.6184977427348
383.2485274990671 258.09799441952515 59.57188719827542
379.4107563050141 261.2515228692924 63.607769538210746
371.8231526143021 253.7640197546908 61.35524981245295
376.64195132378916 245.11662676415943 55.8351006988338
378.28766845209174 252.2218406727696 59.2190926170094
382.7042726607493 251.70355784105584 56.13668955786798
376.83488764685 255.33965006667168 47.79393252373916
382.399516226422 246.58515563161606 46.892032376909626
377.10346883768307 238.26951327954123 56.11433044135242
374.83270973339455 242.49810125528464 59.72685515591105
380.50152110337257 242.6237943035714 59.88277154857312
376.9408224813315 240.03877165377074 64.09326469478592
379.3820171434676 232.29498972891176 59.49573682771764
382.2731460472457 234.31313805950293 62.47125699561768
383.7655987282867 229.6242475492075 66.97755719722294
382.74164821736076 232.10003736638689 58.265016049240906
387.2422360566849 228.61074822918005 48.91553333326327
387.9229486087372 234.54012209134004 47.58625516782401
395.24978482220604 233.9677850108114 47.18931958975363
403.41512699768236 240.47498359535766 48.291780428812125
402.15903181618097 235.17675556887272 42.63936690616558
408.6830383069251 226.26241634648457 46.894179712784734
399.2407859970129 232.15937780454175 41.645835187491215
398.41854171464473 229.73756802654233 39.44800378806884
390.3819444831125 239.32802559783406 36.030599070256116
392.34612038765107 246.243831186103 39.243722227543074
393.3141192385006 240.18131608079 46.37960203157776
402.9098308803785 241.49508490599618 39.5332693976774
401.68570435436624 250.17531552812562 35.756456384519446
402.44854997628266 242.19806898334582 42.3658102834905
404.6653421717094 248.1721989976553 49.71621071357961
404.2439717289452 253.07147301973453 51.71795929424115
402.5056670787003 257.9476289409002 42.11515509717358
403.5202279585982 262.0492403887236 34.05923626858166
394.3409609737719 254.2631314092206 25.154493358063892
391.3092189768681 255.60661840078555 21.810848594880095
386.3612260231649 252.4756417472725 19.666423704859017
390.882165021914 256.6214768541709 29.109003413435428
395.79433064630865 251.75041032330637 37.492731496541126
396.2082980220077 261.62126061257106 29.542675937998062
404.4537694116013 252.76106157142772 25.9573687596194
406.7169106932738 254.26162010075382 26.958126564900958
410.59492562516897 259.51223824060196 18.145993508133756
406.98383937285837 263.60790263821355 9.22393765216032
403.74994729962845 261.4906335718671 4.341119263217847
402.0083591701236 259.0603945821293 13.90458192193619
394.1494578873702 258.6141843059007 10.92357776236685
395.5646750032641 262.836702174147 11.46490967010663
392.5377648002654 264.57669532023243 13.890436056065074
385.54884836939067 267.5767045035884 4.897645644183781
393.17565277460375 258.3591117600083 10.16106188825107
395.4040146960575 257.07279191578226 19.93795354938655
388.5521840753425 262.67413318106986 18.429343578780685
386.1950349954851 260.71194779646714 17.794226933315628
390.66234716697136 266.8305277444697 15.73466561492555
383.3367168763491 256.90908680376884 19.36099658000073
373.91168123849945 252.90923024436952 12.036095531840648
381.99093122830175 261.2547044192807 19.75827013440974
377.94506513265634 266.12538656513226 16.62123121401513
385.2746660770309 266.4939486085994 13.01100382691187
388.5406412566025 261.4231710472669 7.207603755244554
382.69653417052444 252.31425594608294 5.410343892566085
374.46562257877775 248.69118994802443 11.05907314806954
376.75250961358927 244.86036311633208 15.139350706633635
384.8315357976 250.2878512678756 10.481278738499803
389.48778024458545 244.4439248910561 13.85953395947493
391.85668506819593 234.88462851472937 7.3645896451720905
384.6746520071637 232.2859261745813 11.515199476217031
381.3899150016837 232.4646068386564 5.626674884137538
375.15674129162613 241.5547659310137 5.674695806675097
381.93095014614636 233.80246456332833 9.365488479752871
378.1445966529306 226.16850996308847 18.214703216114497
381.14368533997146 234.31306838687928 9.738664656408243
377.9200978743254 239.75413798923276 7.505957953327627
384.39349767788866 237.52897074203344 1.552390429986442
389.6874453945825 235.5098399688702 6.3483317899813105
381.535491782252 237.93149496582393 -2.4515033452246247
375.99263382413056 240.51491252823308 6.928725674524438
367.75721340142667 232.1807010283363 -1.0145569452539265
373.98924630979786 237.3656078061886 -4.047573465131494
365.1875975598108 244.07970558564045 5.72559573583761
367.179086965126 250.51581899844797 9.399315234564241
365.60340693257905 241.32238663506655 13.91346961959836
363.8764018472085 248.50923137044987 19.73501278070641
367.9225045992611 242.5067211507122 25.58205457111635
369.30816853401456 239.62932103045534 16.79482252054501
369.24197157387835 237.214319034277 26.541614686932334
375.2483808023295 236.60908932017693 35.07492905899535
381.1472731811554 235.93926062707627 32.041710209558026
371.52821113459885 242.11106583454807 33.346845175914716
374.84147888184253 249.2381089720476 40.859738660204286
382.89341667930495 244.79564169040214 36.58140636388073
384.23412165154485 238.28651625784664 44.181337759539915
388.119699623491 237.25824440768514 43.656128414498696
397.09010790869775 242.43394983370345 46.834167339614595
396.3443484264515 236.60417206753795 52.708795631866295
386.70115635431074 235.01456784877647 51.19778949659757
386.6166634542199 236.55890435181993 52.08844594381957
393.1091745301915 234.29968395437268 56.4936807298789
386.59586902060136 232.1000945178001 52.91140382281761
387.63731535062607 229.49347635636855 55.765472337337506
388.13979667187687 238.67210493332053 64.83659860048397
392.61871962458827 231.7763066300377 74.40800370975542
390.4401688996695 225.42756549532368 67.48433178251591
396.90142198967243 229.28738250298767 69.87501709205915
404.8225839172372 229.88691895124379 69.95671016734369
405.1645171488858 235.6995160722792 78.54604880135162
395.33252763604156 225.9125729767942 79.26031282994401
387.0207307372827 222.1701531926927 83.77893685808539
396.56159368689134 212.7604043579735 75.9738700620252
393.8063647079684 219.56165263472528 67.01691404289977
393.8551591232243 216.21230379777344 68.81197171167521
393.12778998833824 225.63115494181756 73.22609152629222
394.65949292478336 227.3540928713518 67.25247255682226
398.7063823703679 229.76673757252738 71.14842924947993
402.30886434455743 231.53500196683518 72.53837900709033
409.7155463780494 222.8874943867783 78.46578929919065
412.1434685914668 232.01225179071037 69.26602278977396
403.55851849957367 234.44744861909638 68.79795711414887
409.3324321692039 234.5880560696818 59.29827516550721
419.11378836335047 239.51602959532866 68.34363503165913
420.7331530546261 232.81417594804495 59.93234287904015
418.504246426435 236.21406405154866 51.50467268288395
417.6278209054494 242.45301944771276 50.84740705380868
419.9278100033587 248.26618458092298 46.308302123757954
426.5421437171002 240.43066218987178 43.24732419170772
435.7855918106397 240.0861101591419 51.32381558212277
432.7938749764403 249.52421449745157 43.9503352587863
434.78482490537436 251.46119195699498 40.80303077508534
440.2314073177888 253.86343550716566 45.37972689352726
441.03998784508155 263.0055177505594 46.1858574755249
449.7738644690271 272.04576549435296 51.59324859889074
459.76922987702767 281.67821870992054 45.25605423249798
465.15547266844203 279.1905189943266 35.86707335482462
467.8204177773096 278.14873447761676 34.91649525417299
465.85508391585824 284.79137707588893 40.09087515778615
465.075120609917 291.3115822053271 35.77010298231772
461.78753571788394 287.229882958012 33.55871957156578
469.2978508158538 288.3201108010197 36.612559723029776
459.96626161922853 286.683495494067 45.68907820180158
467.92114500096955 294.1614850443598 37.938349632356186
460.8228018162159 293.356881475935 41.46372219724048
463.7114172995988 300.193992756884 50.5886920242598
457.7253441452768 293.60040710030086 42.86877617127915
451.7219716895282 300.515642331833 45.9628573487046
442.8931098001364 290.84873020953194 51.711540111340774
451.46146611583646 293.62936046392053 47.50938886283861
454.978909110496 290.0792652702103 39.744986213442026
457.4698058995171 287.32447706432924 46.79400088636226
462.5874659437856 284.330555367276 40.282061580974954
463.6379586692682 287.2211598169817 33.61878429828938
468.6861947991257 291.9100513683183 26.66615094875624
471.059914496336 293.27901657149107 23.000372275371543
475.0632905545633 296.465051514276 27.163158276015324
475.52233949636593 289.40769489301573 31.614157854348
484.0014410338551 280.22590011976604 29.36415658125794
490.5527998311349 280.99069807214744 22.94774709794761
481.0085348653265 272.17039110904955 19.34956342665999
484.7202243852433 275.8922431419496 20.798500856027086
493.5816145542726 276.3231318813578 16.54556750710437
497.2095042613444 275.52443121228873 6.623582663467749
505.39463542980906 274.6086686525271 -1.921274046816528
514.8785348106506 269.38225137612164 -8.69159311172364
520.6766579977968 263.0793286996066 -2.6089886196775396
511.1762402461773 254.8217607924222 -4.744981619879974
512.3186420633234 253.79022242290986 -14.493599608055131
519.2537426012841 254.909302020658 -19.166809687037322
528.1743888553053 249.61206982077664 -13.112977667188193
523.2970765728438 240.14241023357332 -22.722787743289558
529.7278096117477 246.80289279534458 -14.18352209911324
524.8423707139387 244.81898175207147 -22.64281079105148
521.953927311582 238.91579309617234 -26.221334384231
518.019925423098 238.4304950389705 -30.772795137523616
515.4311446920988 234.05206102901366 -32.08568715045442
507.05213190452935 231.42252759943835 -23.750587050683876
497.05750015490577 222.8613108010527 -14.254739301419404
489.7006706594842 214.89277257812302 -20.473833460922044
490.57229873748156 222.87159522597045 -11.85695634966881
487.180652183193 216.8571126352291 -15.054203299549576
482.33860375317704 215.7216303364936 -13.353435377485214
480.18058558409183 213.58688477236745 -18.450852632345256
485.9155094232621 220.88578836086376 -13.026028472503395
480.69901594928905 218.9238224995732 -21.124635242035378
476.95103968773685 209.23155116363336 -17.06314044880654
475.7028746520899 206.69490429653015 -12.903965694618472
470.14253436732906 210.72039474332882 -12.204435520511854
472.1528276323409 215.6979904486024 -13.485563364029874
475.8405616901156 224.93053242184615 -20.934076483615424
475.59044349133296 215.91088897781535 -11.365298071986578
484.1949957371788 207.42885006391072 -13.75988686659718
481.14822325873627 198.2597867557376 -12.226814881303362
476.3770018658186 190.7955143617994 -5.753046063835608
475.12638455874634 198.36782952708808 2.2303262522861065
476.93861312096107 198.89367455886014 -6.165706967669424
474.5561284524976 206.099465416203 2.7853094195706536
484.29810769463165 211.89710762089862 9.449160678286685
483.5404316262862 215.99108371684645 8.619224579391412
481.91982743136805 225.17785925642812 6.35463780605275
483.24888024141904 216.2820694969168 9.919925532544651
479.25000165046475 210.3642900034231 1.3422724498878509
470.36057833239107 220.01540707673365 1.7316894649200494
461.4554961845673 217.67122465540686 7.803180681632411
466.015802475663 220.8255491332058 -1.5931450220251557
470.772348419314 223.0734515047957 -7.18981523274606
475.30224038076597 231.6648616928838 -5.228923614306174
468.4681960343092 224.3227773867195 -11.803602358714867
462.22817640105853 223.76991458532038 -8.56701222548465
470.43588627785545 225.69009367147157 -8.258952696145737
465.1921133211418 228.55792312928585 -16.804998393900295
461.85762541203644 222.61088742824887 -26.30962376545896
466.84894900400366 221.33993666625528 -21.866771423671494
458.3275165734552 220.77183860346875 -22.820596239015195
455.5190218846941 212.15375675612756 -31.213419804386973
452.8594683773794 214.86592502972417 -30.1063142386629
446.7023762625703 220.96146003347573 -36.47077934558334
444.9677247267285 212.37561033373254 -26.666488245196568
447.2191390747104 213.8123431997291 -26.45605388643971
437.99946413512527 216.48631004975482 -30.293593508091586
442.8318433640967 221.4826690933063 -22.64391134124832
434.87252507977195 230.1019760612698 -24.563721692975463
437.48539027521684 220.7284934316532 -15.804252877883329
442.5770299701332 224.83540016131153 -6.398336952462998
447.2870628418661 227.07555897765283 -0.23048335377353446
451.88524128224634 231.2202387190403 5.105317249727008
455.2149944589359 231.95977899297606 -3.5644761226073243
448.8189213830061 234.18147259984184 -5.680222949121225
458.06043651597713 224.58019286407074 -0.5911837712044683
450.56907652710777 222.06064686445052 2.8928224637024673
447.9458083214831 227.7517362314926 -7.033446407432445
449.9617628954883 225.92858596938615 -7.437063739286618
453.1333157625396 216.3746602096531 -15.11457556860676
446.07873806383265 221.11633904651254 -23.209672090204446
454.81411975988516 218.65823876989495 -23.813511898433493
455.3947377603403 225.72610333143038 -16.738684729434645
452.82352992259706 229.3741997047134 -22.215002300324006
452.42043808318044 236.77232795982127 -30.405057958872717
457.326131224137 233.7264994992041 -31.148299287929575
452.0488688844922 232.17235289668676 -37.031683202180275
454.5981190092758 226.5719178955514 -27.252087499803935
463.10711405645947 222.15932426253144 -24.838875115291557
466.5966305713566 224.62853058095644 -29.661284477413027
462.4966850915213 228.14808240642293 -20.920553737895904
453.95442809132044 224.44909104989364 -19.847521073471253
459.6944603901513 225.37424019659886 -10.9124400164417
461.162479882683 215.64006923700688 -11.72913721124516
463.3719815376698 219.72367577095466 -6.687231795919246
454.33903061488036 225.832569045356 -7.382431712099497
462.1340339508498 233.73878484761622 -2.280016299957081
459.2085076568201 242.63513816507347 4.3046943365184225
462.6106073566136 247.48539294243758 6.94370866273083
464.4920083208389 257.19910885508324 16.694677674135054
468.8236091594739 261.96654162524766 15.98956688866404
477.3748899167476 270.76929178563677 16.41365206995536
483.2543907646381 265.5022822235522 9.020376518332856
478.7192632558159 259.62917299880365 17.997039378506347
472.7064932826999 259.99169706648667 23.59363844984698
480.61133231049047 254.9843459310005 30.972355084341487
478.4437292010532 245.2675119833168 40.22669611979757
484.7364073308044 239.1844910324009 30.93510828450307
483.2102228787473 234.67733112039835 38.32990879698183
480.09513350140946 234.39934640437735 33.76461316632093
473.5560627741426 229.06995266763965 33.50405764005429
480.3280914289875 228.92821487345418 34.31727045907064
483.88184895755586 238.6382757107785 34.654798884939076
489.3893031958212 230.34624425458327 44.39849589219029
488.04320254651174 234.3899218781606 47.71057325872614
496.32292627094427 226.4735105876328 55.46635515746606
487.27277114377733 218.40031961625206 48.010839475805334
484.45440961323914 220.6666176307053 44.3910727195371
483.3383190048269 224.7550958165907 45.28527109623746
492.70744642873683 227.34073074568045 36.523325447122765
492.99214811482193 217.52419495402896 28.62465999532226
497.9108512329528 216.92823875909153 19.146802261570862
506.22082054397504 216.14418866840907 12.532156611952429
499.3437745751085 224.84321420736052 7.723530623058398
494.91276299662024 230.40265502821657 11.994613116106054
501.2783305563433 224.5341639641278 7.71346879508018
496.9508385263353 226.29666407515194 13.815847521987834
501.7112158239517 223.0178547195154 12.331771451146146
499.70882858654977 223.191040002611 5.356358648900171
493.71049436636315 221.73114829816237 9.008911314876013
490.1010687857469 216.79925415826253 4.235475438289823
491.05456104905994 223.5494142692814 7.023868454396721
492.86820097904854 220.73327667819845 2.1879176608461144
501.7424362468978 217.71932494879445 -3.314006642825909
40
432.4732200362339 405.0858978171326 209.10104090825496
436.67807750778417 405.67166822680605 205.80947256963609
451.0666955909985 398.44491420441113 216.4002110873974
424.50573813913104 410.30031390568575 222.61164069883375
426.89329564686403 422.10141619371484 209.34172955243648
435.3760455521286 420.3871647997743 213.56003507459857
411.69570573334926 413.80686330950465 207.44232634091043
431.6018473014453 395.18542272786135 215.11849672621034
424.90400809871244 401.12623871643274 208.54778704747102
418.5157863087621 401.8601459183086 210.25698013762485
423.77623934719605 401.40455577009163 202.02696930527594
439.66618709042604 400.80042962253975 205.12666448699576
431.9472891900033 397.45575075013255 193.5341383936563
444.5668298280077 401.5044158055118 202.29622159104488
435.3034808806506 402.4309530983772 205.00382505741143
446.7143019767097 394.59693833334126 207.26799729296084
429.78822949067643 408.1902497832927 186.90696092494267
440.24054615236184 407.93340160413493 193.701741745519
447.52392289389707 406.10764997287754 189.05204147982934
436.4610852931076 398.38016498697954 171.96636852772176
450.22884669264823 400.04069192321356 178.24094412217377
469.6824561816432 393.19512553113515 189.47793318983406
466.6536844092332 401.0255818712866 186.59272043462255
465.60658913590055 404.62070769243843 193.15367662866547
471.84386801159474 404.5823160392457 218.3739214717772
459.5483241990582 416.0232594381964 210.29180200063837
457.5336244385989 393.8172607359489 214.8957401876525
459.0799703339919 402.92127405870673 192.0146605721524
470.84322812669734 412.552900918704 192.01135130959426
459.05415922960145 408.4826807990994 199.07656260714626
451.9803087263412 409.92731450831695 196.1277353790529
450.2329595254642 405.4197862218571 186.35887659814992
452.3636337207006 410.479236380099 179.503145665058
447.1828767095141 404.06707134059167 182.79849559691033
443.1506024806421 417.60626095184915 196.15537893106006
437.0178580059848 429.80211385394784 211.92154044368831
440.66779960664144 421.86603950667495 210.11617451084302
434.8061880109005 425.72254888692737 211.1702680472687
413.2729131945934 424.30912580733053 215.58100872590987
438.1839373808171 426.43795171360466 216.20296574057886
