1000
216.58225024011273 412.96006838308324 116.21822826228227
225.9560428312757 405.396478876616 112.38861996192296
230.96520046113525 410.99803320464514 114.41900899087865
229.6357357086053 418.32361840591915 118.98139359437378
231.07170757717432 424.0695331134839 126.79097993019407
222.07514966128116 426.70130777288097 132.3700834019276
226.51970991779035 434.3860037809417 126.8868263204694
231.8790169606552 429.1442374467619 135.29559412174132
233.61456997138802 433.2335371741864 137.66746671810347
225.5860426776339 435.7150137458543 143.86966552873517
229.1429557592915 431.52472226622643 142.65465746224947
224.72176020718285 427.8331158906093 134.67449942562067
234.42365144082942 423.22689152471946 128.7133365164086
240.4115318810033 419.7252147625386 131.22196331001575
244.81397233101595 414.0345951687109 140.7096641259135
236.59410408160954 421.2718556973061 143.40896823913172
239.4867834949656 421.0907574263116 147.96192571673726
239.26060688342946 415.2127319940967 138.53989785964447
230.72289085292047 415.43269437258317 139.0799029881802
224.93576752373752 416.1726547817418 132.45119132564233
224.76301398161277 409.4536005920887 138.58873294544836
218.23126432203443 399.8959241774676 133.082445097042
222.26819037511382 394.150431898933 130.61255392779532
228.85124675159287 401.0346069605392 138.82928441306072
225.75476390241909 406.8361234055874 140.6121716192889
235.00053094844435 399.26802959757975 147.62569792834552
235.98591332861136 392.4788663220036 142.64743400832296
231.95366840799682 397.40075565064757 146.08033541364725
239.50906420631142 405.19685143588146 136.59205955577744
231.90020167840817 397.05126635263844 134.9107587634286
224.18678823188392 401.64900525529595 125.27726621697795
215.26600453184474 406.7887375282956 117.16863342566502
217.53149152529747 402.30632926347204 109.97982816582302
218.0132513946758 397.69104568974655 117.14802246884533
219.22194322887287 389.3902546150544 120.12065295721844
221.09743246230553 394.6441306576199 111.81962358975258
216.66099621030835 397.50204802660653 105.4299648155114
209.74503790845046 397.28549127457995 105.45421836597608
202.39483108737477 393.44729221884995 101.72403311632053
204.85810477123394 384.8496837274305 98.14664590920077
209.94393868504355 386.6991942234951 88.29954018290866
215.72158261948033 380.5365920956391 88.22199029838731
218.1752988247325 378.1627113138146 84.30921938185304
219.31917811613738 377.70840655463996 79.53317686426746
210.7227333392347 381.5151020338633 82.4424921869252
205.04992262651444 374.24390580840804 91.31556790940449
197.09499133189425 379.6590696230223 92.06612136406625
191.98586597974062 373.54641458191185 84.58122096710723
193.5008372365703 382.3165738040091 78.33016018407366
190.83368393380883 380.99084502682695 84.34332205160158
193.38673914294037 376.4435294011866 84.16379707190252
190.04574978645743 372.0602489363437 77.78618821014496
194.161262014492 365.25797692504534 76.38194714513456
186.41378939340237 374.8659443769501 75.762972740869
189.46054539437313 368.11589713364486 68.66642234038437
191.9408927590614 370.234571875821 68.55374591325543
184.1088826771927 372.1359913115472 70.21316520264338
192.76243084516435 377.73214328298087 67.4169990222331
193.91028810394596 370.1471525226883 57.60176950233998
195.4991003788726 377.4714312061818 47.9510486984381
189.44570287541578 377.68081893823995 48.67163631500859
190.15884951164213 369.34155304950696 51.68102961141455
198.91228587242233 359.90259161188203 55.81549719829151
199.56544904840467 357.7265092239447 54.26967356259954
193.43752656844072 353.77089799901484 50.52492398884939
189.082233703938 349.99799687541616 54.28393728219309
186.4945094114366 343.15896047604167 45.338363330421714
190.94917102236462 351.60886657136604 39.746409334705326
188.9936713123148 344.19437305382 33.14982772463005
195.05059794079233 349.9619952979521 36.571842243048025
186.22112542551662 357.6593361950801 40.00813582583892
187.22062943986617 351.42505550979905 48.48102489939187
193.7890329783798 343.2408578980591 50.50550199361394
190.63876081010875 338.94298174012033 44.27941879335956
185.39488846297021 338.53368399215157 43.48396592427796
186.81806645022496 341.420556242999 42.29144228029581
188.97532665551822 339.9090302639784 49.309527476333386
183.454678442091 349.27246379088103 50.93375887308324
180.7598343277276 355.2664379485853 44.295429739882124
184.58661473681786 353.4567637123125 53.26072762678325
186.70036721030138 349.67551077442937 45.28902766973566
178.31374349053414 354.2075447447687 41.977985962844876
168.99042935771809 351.09559817959104 48.57833740545646
161.5604920395423 357.74771341147033 44.11276189806262
154.78024871937902 360.3168292861826 35.264767012546955
164.37644397230326 350.9076779665049 28.488025309919188
156.96033773736153 344.64564328328913 20.14245449354981
164.24839015166495 345.2787301211724 25.294419267918073
159.54810221079484 351.6666535893761 18.772808527057975
154.07191982248486 357.77580872780635 18.115921380911686
156.83417171279845 361.00536032884986 23.13430467549332
161.09213207016714 365.16939908559203 18.597265756464566
170.76739182594352 370.0000138627614 10.029203715246442
171.44834013379975 362.0483971206645 18.05237136068895
167.72473174545888 362.4197754069886 20.394159416067367
169.70090624037556 362.1850714146244 10.476489487500446
178.80714374289744 364.41497105310486 7.498626460147617
172.2669443031044 355.80209526180704 7.768752979612778
180.52427767973353 362.0236009037597 4.219609403832231
189.1411455748628 365.5427173505585 8.431368261955296
185.2657045521486 362.0004120829434 7.175350878074952
194.8204686233978 365.27360148129486 -2.7204542995139596
193.84943121086073 370.04204296875866 -5.1587215688483505
189.69006122630907 372.8794853451647 -0.983665065794944
198.066856288886 366.7356018845801 -2.537082134259142
205.59468751954796 357.66890802337315 -10.962160071912106
211.32955008743312 360.7048297378803 -2.3479216304344064
210.6552409572767 354.99630697017994 -9.107507186251587
205.53222820607232 353.357784600321 -5.789249670041057
199.43056328678747 362.0362832127583 -9.813952706709715
206.13032136946163 368.8539148360087 -2.2521650910910305
211.71411407379338 368.3229168791354 1.8272296030529835
202.4070058748733 358.7231474661782 10.091536493083183
208.39189675109594 357.79937027451325 4.483923563126146
209.06807952717799 362.36361682223986 13.693947783768927
206.2555547119522 359.30458798655053 8.011158806261928
203.66960396479135 360.1485445011105 -0.6985722211340146
200.28916233575626 358.0988614561412 -10.070755728981958
205.85418382426465 350.90549465579613 -9.694273807646388
202.32865745102245 341.92079196712217 -19.447165038390587
202.11009415693977 336.7565819115239 -11.562371118402115
201.00395823307434 331.1099299605081 -13.371812989503825
206.47024656569107 323.4811423319928 -17.05254105774623
206.79430872704162 316.4368345284556 -20.331976693966915
204.08701487681503 313.1196886044045 -19.227501325619933
200.1667165100743 314.51973310338144 -15.765860237294174
191.17746728138818 324.0478497803399 -22.386189892734556
190.86711699381593 328.62170542183577 -15.381790143987903
188.06627656158 331.0790199540441 -18.366871692366583
183.4421006572333 322.3647385721771 -9.123225559380376
179.28255100636446 315.90859805220526 -12.374671548988147
174.40246225823844 315.19236105352917 -11.176030747991101
164.4130821133186 323.66483842662973 -6.424471120832273
161.7031504108223 332.1263754417727 -10.668447958061186
167.53148461831057 339.7220255935221 -11.295585225978325
169.2830261598883 349.5382853386009 -11.567562580907975
177.06851736474334 340.4246094765383 -4.179838686644777
186.06534187829533 334.3980116059103 4.709157878022008
176.34967464993386 325.75138765655976 5.148742027878317
169.28869246428872 330.3279595519774 -0.11353873760577393
164.87725110737122 336.9131973304891 -9.564912972342809
163.02834858405865 343.13704536404225 -13.046012761652543
159.69971546405847 349.9728498769269 -14.73492671025542
153.65027110734005 355.00442861675293 -9.675716301855262
162.79437214126546 356.2172706594266 -7.709294498524516
165.26660361668837 360.2332142578924 -7.735238174255882
170.2230254251733 368.138448134604 -7.832926395684149
179.54138296462483 366.93073522438215 -4.081238113040882
179.7900314298841 367.2472481131775 -6.574528484409537
183.84184630061114 364.47536360415427 -8.127732168365501
190.22817227216615 356.95377231206487 -5.140074701101463
192.85733849557528 348.02439239233155 -3.9343394850465017
197.6612205112514 344.8955030485845 -4.230873796836679
203.98065582783022 336.6235470203333 1.4313201466760201
202.89809326748858 337.25868514020704 7.004645039916259
202.46180906420977 344.35518949872124 13.057183458622884
203.21356778255725 335.22678763749104 21.915793221748498
197.4965745634541 344.8874864604168 28.6326874337924
196.80162765571546 339.5744142013607 22.73097874711629
195.87933528320568 340.854750997994 27.484828146265833
197.6948609434106 340.0990852144697 29.44864569003434
188.65268348625196 341.92820671529483 37.01271252427823
183.9373222391896 337.42016713505893 29.063605834326182
191.14339862764587 338.1906475361334 23.174771840272367
192.9810772496466 340.88527915720647 21.51698313057446
194.12357196564736 344.97941156193156 18.604846939445228
203.57224772777943 340.8148250929152 9.242426041668217
206.51752122588806 337.40791072582306 4.683348555958423
212.40442165365613 335.30673438656646 7.631243076557085
203.8121071308704 332.56797315646486 1.379570083748761
206.59552039201438 340.31222115923345 -2.19839565469263
198.7718492328998 341.667591321981 -3.6725391684993083
204.0491073953696 333.38864010540124 -6.440624944722215
206.05869477267424 335.7156923826516 -6.472011564880821
197.83179636561925 341.94495742208136 -11.37389116952333
204.39776183815593 346.06479441333744 -15.16826735904338
205.9962833782451 352.1844140964476 -6.512989603619932
201.68612887637428 348.46968499274317 2.6693575937553966
211.3434574510254 350.3358326457206 8.391928743373306
208.66437435319398 341.4692755277151 1.2854132811046384
198.93090658446823 334.22787957839125 4.033681901382836
196.4120155926798 325.0705478206389 10.677182947188655
198.69037706649408 321.95765608400677 4.911034062277193
202.5888031460775 315.5683851815752 9.891184531538787
211.24686289150983 324.7529403070001 6.475698587815914
212.63485118564978 332.2632445775362 12.203575787022235
203.8287101686163 340.07487625467616 4.066112964462114
204.8090639775153 343.22779326330703 -1.566110391694158
197.20750710534026 339.9135516151858 1.4129914838909015
197.85686805405246 337.8460327140926 7.97435405620694
190.37296234975307 328.3063586501641 5.333689366009282
195.15141148421725 326.0745022089028 5.733903234871686
203.63037578774328 331.9298531691859 3.5264913499697754
198.8952460893748 330.038169446346 -4.8245532442289125
199.36081054748507 333.91032230264454 -5.3284918434057715
192.8774189154805 335.1042283290966 0.2915641849457433
196.98681855092173 340.5306748847907 1.4012661436163558
192.3994745145572 335.6557697228105 -2.437615757311857
200.0563988257936 334.79714565049346 1.1288324513410335
207.86367671718787 331.5028581869513 10.589387273512894
210.56194030376997 334.53599498041586 11.941168669486158
219.12504647028823 342.77546896643184 8.848290098239758
228.58450351161056 346.32622482508026 14.109121078511443
228.56272650674197 349.2873007484703 17.86562805649436
230.82394010356063 340.90539870134694 18.54949337354935
238.61560993665157 346.8626855260418 23.669864014270118
242.21125372085496 353.607628033017 25.060567296979887
233.55595970982193 343.6687134355703 17.131728440964224
238.43714894425608 340.81145973235226 23.157317424334707
237.42009290202137 333.76765434619466 17.696718881369506
244.47130038006642 337.82537306092104 27.291153752687617
239.78069769114182 334.506670882577 36.07392704735151
245.17289368003026 342.71973682614595 43.70251749228554
250.84423335456776 344.0195628451881 47.5170397690754
251.77886662781103 346.721413341118 37.584944068058796
255.12134560558246 340.9499829302986 41.90461159454536
252.0499166389396 343.40950168047567 42.19222058909454
255.14264459450197 341.2788197259681 36.49756293330608
261.84867280447844 350.76049758635264 44.47475865399895
264.5653970704128 341.39466444059025 46.870202671550054
266.529279062086 345.5843585703434 38.70527227399198
275.46774805474286 348.3098155058032 41.39787430195075
273.35588719414625 346.6833504625505 46.083691103682305
266.15040513386924 336.8382088957515 53.15657767654657
264.72674524491225 336.0584026808694 55.54878320531347
264.7701093481794 329.60099639827155 47.42054092972237
257.26769155992173 328.8937009776948 57.024394325339706
265.4291445018661 325.1566709748905 61.71240535090409
267.0513024422734 334.0861079192272 64.82517996657802
275.784616349412 330.3804155449808 64.11067726260129
271.96168059010085 321.80076195437954 73.00313522663197
271.3638879714769 328.223113337752 66.26430656225514
278.0204364930383 331.4626006472051 74.9452638225298
282.7878261318129 324.8059465948748 74.05236796399339
292.2327621674435 333.8968713979161 83.811495488177
287.759284495376 328.08331132419045 80.72307145330075
279.09725519856954 326.7266689336905 86.59586772117608
270.3875098686697 319.1167090546923 87.716208183761
265.1160472056636 328.7983589692221 91.8493931251491
256.6717531907452 326.54976021524675 86.03980058117406
258.07556541941835 317.4568865553207 79.2013408247663
253.00689731986031 324.78952958093356 73.89470770677761
250.437716434648 317.8694412058671 69.60814546410302
241.8937159847117 320.4034563993171 75.26056891426389
245.9492113598858 311.8785284623355 65.57897611403926
248.10078156385595 315.8337491481605 63.093815566178336
239.5111094711072 306.1435122667579 63.691937932006155
234.19310979200318 301.7246315981675 65.96583000378588
233.57445459900012 299.9749204581419 68.39329167527436
226.5151103014943 309.2299750460221 65.57517785544034
234.35539244431385 302.3737146623643 59.35918272884257
231.45997250455497 295.93213752635864 69.35239605477065
228.70988522839266 295.70439657654475 76.41579523455562
224.86778514963135 289.4294059460811 77.95140708218796
231.12113338232774 286.8207166013469 86.46805377088262
232.26270148984185 288.5353409453128 91.7723032040612
227.23369973031754 288.9414480357975 89.73840851011741
229.15610511450527 291.44542279866573 99.00761266238416
235.55926144580013 298.464739785485 99.05662188810325
239.84139763395504 302.650555134203 92.67171506914457
240.70523903811932 298.3662815581498 101.35289455410147
243.0042248446091 307.41800694380555 108.02588900654582
248.5262040807819 303.65783035981235 102.1540682700418
249.83540152597328 307.2949291158059 93.7977202468759
246.35571636871805 309.17673152981007 89.28707961337274
247.5748949212096 304.07167926498676 97.52975022217667
252.9200408732436 307.3905390122486 98.07230122196329
262.66415169481405 309.6997307123171 90.08392115191077
259.5479143262349 313.0222442143105 80.69139018971363
261.83856994665035 314.3408094028108 79.12412954427518
256.225362977324 324.21038853739066 75.68546762480536
253.2638613690919 330.3479223241113 67.36837283061953
263.1994557877572 322.6283321988327 71.33549555282963
258.78425760359727 332.05254767089093 68.28434579597736
253.69705956202893 329.8024538727072 73.79183950957524
244.2869444090827 321.6340180984731 81.70761311492197
242.44806821977983 326.28431216155786 73.79515205051283
232.57974455602982 319.2054672393185 67.93636128696443
235.42779247774592 326.5269998333463 60.964284179653426
234.96279730408392 335.0191797711642 55.581938497446494
240.08611590812322 340.5723217953824 61.02801038999835
231.72294033561994 341.53321892881263 59.977279059716025
227.38266214323548 349.09680568924796 62.54395059186446
230.69328149821226 344.30625999877554 54.4642615042737
228.29156901977484 344.5761151270799 63.22612071967236
236.5919319219803 348.8245702784423 56.95939757237933
239.50844160523098 350.09828113190554 54.782944119383416
234.58553328839602 343.8842979154343 48.4315057583902
235.8814498786314 353.2497139306215 50.741954781284946
230.9477632159977 349.06196318552196 42.247233952178576
238.91516193483653 348.1898084433797 37.85605576922278
240.31254891537148 338.4843365824558 32.07903179505489
238.1135897476776 330.47209759626554 39.53536015626993
237.14425514360636 329.1415632294734 42.147173328366904
236.134462911391 333.21259906480475 34.950231853663944
235.0244938606509 342.2917586349353 40.98683515421911
227.21085464178316 348.33185334154206 33.15933008240301
221.9855290671697 349.73191047645236 36.18016843156378
227.31876047205802 351.9678436296005 43.448595006324766
223.0289866974905 346.57739447502496 45.13125095938611
214.82520197602057 345.19583153158175 42.063369178277135
217.1963961906301 353.78623386909516 45.28355171977042
212.4389202865601 358.5537685254235 55.03638227859973
211.5790766206216 349.051328715662 63.33737267428599
218.16564136393401 341.86255255658693 67.5571315850856
227.500621248832 339.6721963174582 65.30765819894293
230.94787838601212 346.18329411980943 71.89690595621492
228.54732896752355 336.36784468073984 62.499088164012846
221.25642444674097 335.10270075467355 66.7977264559653
222.7228472285744 325.84859262179685 63.59491008999867
219.7311409146358 327.3256984777557 65.08892249558599
217.3908357796339 333.448824266944 66.39314215337384
213.3939316320383 326.2443745296255 70.20000835688447
212.32204600695957 317.8668866694631 75.67660279748965
206.65820809511345 311.8691067011005 66.94391378457158
200.28989491343876 311.2587532450492 73.28469978995642
209.4005028588425 301.38095679852773 79.67007015717773
217.5557696333651 303.98072602939277 88.25117509167931
217.14228977360455 296.710166457279 82.55115371888589
211.00752045004083 290.7111439249996 86.84080246653083
212.91013365926565 282.5388657694669 78.49749861251283
206.42033811231403 273.2805530848954 85.68480395469966
199.8437560541451 272.5736486526282 88.19371769176686
202.89658276524548 264.98715053963 80.31881012677661
202.52320087101813 257.9295985691546 73.00536235608115
197.7015385834329 264.16133291595645 77.18382951320525
189.13550198253526 265.59974846751 81.19895455918211
186.5289366111257 260.64767757773853 74.28615671915247
182.06591525177274 261.40708645558254 75.96183440367486
175.07405503395668 269.1762735425812 75.14204060987518
179.23560500852238 276.02796739045164 83.0960937595244
180.7591848904373 271.5789393583106 74.17370528786138
181.87564339647906 275.736481702626 69.52949574831399
187.656022547468 274.35989170772814 60.28493956640486
184.22370696110568 283.39810489053934 51.350727687449236
187.6687323726005 281.9366663261318 60.99294744738187
189.0357385688654 274.50635055065493 52.117477560190935
189.88610384829616 278.23183112526294 42.305300263632446
195.1859345969932 282.32244926066556 36.35894513436713
185.8037461823489 282.1067067088518 32.17275833902339
186.07540120512175 275.19080403065414 23.85554988119076
192.4624631021613 273.87473008820314 14.130696709231113
189.9971322776395 276.6315942995676 15.746475977191555
193.35403188938986 281.18463694430807 17.210024654731328
196.4497028295453 289.15526126394377 15.46328166703938
203.91137026277582 296.9274301304404 18.66798875832268
196.83285678124554 298.14297314605983 22.215812810596525
194.93175823221395 302.9399738167862 29.591792385735587
203.0007373707046 304.45838719667637 22.31735950861328
197.3979057710007 310.4245305305273 17.00660628231299
189.11354961147345 313.9554941958558 15.748577937031168
182.8086083471079 309.18971917170427 15.94904570458787
176.2487583273943 310.747014857984 21.82508406482887
179.64924030208678 308.5652604979085 21.500109345962073
181.0625332536379 307.5855983212406 31.08536787755578
190.8524298629518 302.84707660073025 22.897901664740186
192.64503748866326 293.7416639509987 13.570945072632428
184.48717933498173 284.16819171157323 19.997947949986177
193.1431929784705 278.31072226588486 23.1996079360839
183.79287339100398 270.4472832434881 29.35567553960916
188.38640334403226 272.0863969543194 31.71737456241718
189.83174127858575 278.74599622775554 31.06537309435309
189.12176420517918 282.6439936023333 28.506483442739224
198.3008699227194 284.9068913024355 20.29141827496613
188.63569226299276 275.0883163732763 23.10552538998388
187.79000737137386 269.1053638931051 27.36545973793651
188.59733088569936 259.81924502997987 37.222032056240444
185.27895322563802 269.00753111999677 29.025830443400412
195.25177190091034 271.5874588360816 26.18809562766318
186.6035234015086 271.377103363838 20.374623188647888
195.73230886284387 266.04050720339967 24.25349737874237
195.63903576633325 259.08768951672363 28.366817920751465
192.7036875359528 256.71811943515036 35.90830261130509
185.12051974214657 255.39822938647345 36.19661388066664
191.56031190400992 252.8926612994933 45.61538155864814
196.87135810664793 247.65553238233545 42.94167331784265
200.91102714195728 255.8826646501814 43.52138973726846
200.27672301002949 246.19096346622254 38.747705848555654
199.51866264544142 248.63172470641533 40.23958632510365
207.06478048559435 250.83434802408874 45.43708077357834
198.26899837838357 256.43468279796343 53.19839826140682
188.63948149984998 253.4917747290502 51.642308468424304
184.85399873691912 249.43957336550187 55.77669515337625
189.81346494691684 239.65352978554083 48.95765868407831
184.02993313493545 238.88824706433198 41.32644853748283
177.22329890550267 247.74346397886302 44.34278772811662
169.90386650177982 248.14133545810267 35.79873439590432
173.0529822345592 240.6192208146733 37.759128064312954
170.00885111970513 232.06552596267244 33.61506835789036
178.19947191039137 225.69056102641298 39.480149882850206
178.09443866124695 233.1602245010796 33.04723268944997
183.75739792507113 232.2872347271844 31.434664827062278
188.22027109858854 236.00215961584226 21.686010210544822
179.42249750664277 232.00777170347607 27.622785996290332
187.84442194735422 229.18517940983065 34.11491298113357
183.91494073159691 234.92166372212063 32.66748594880183
181.24495042514422 236.68991485102114 32.49585705877963
185.7985385458814 229.08787979937927 26.909977751173713
187.4481388182698 237.49660066543584 19.489449284583323
190.19679440159172 228.67572520452066 14.722902995246097
188.5939239103551 233.17191048974445 18.74920351868313
186.06960751199415 235.8364934522946 9.679282536821109
186.3091608142871 229.1712562642103 18.164454229338517
191.67857539250718 238.04980356400296 17.57752272557415
198.08693969883876 228.27050009483665 22.02017982214783
207.64966787264038 224.08669935078183 31.49607092071139
214.91351645875054 226.3539828528029 28.541635593319096
216.32109378515767 218.26403058017408 27.765248489430718
210.37806438848975 213.76433695017934 20.643958916216523
205.16168819069097 218.28684840534288 26.07620700976465
195.31201119720254 210.58480262050702 35.13423946439392
201.14993089497997 208.9011720768768 38.15825051823509
197.5288172320171 203.31873591714128 40.855886427873685
198.77327812450113 203.10112998604367 43.63212431895477
206.16085409373937 194.00464879200933 44.79950806909253
210.72696418276462 186.7269169903536 45.96774293799186
210.0694464453527 183.62803027878445 41.54367564016552
220.05959846366756 187.79332584631257 32.647902895097126
211.52384725573157 194.4698941495967 24.17299387556409
204.25748923528351 203.8507216246456 21.56812582653985
204.7548062348277 207.56752582079616 14.632538921510896
204.24070494726828 216.6524271418859 18.006781757319843
213.6697227552435 207.23617286478532 27.59980241275162
208.08943026876128 215.9724890585061 27.876679121896863
205.74038474827378 223.9816286800904 33.21895255220553
209.69242391420127 214.7401686450913 37.37833188704178
201.3966322790632 215.63539639126088 39.70874890901431
198.8185891267577 224.6684141512984 43.65157096966412
192.9460723451615 230.02220992252293 49.38081250429772
185.80983289070983 231.33666265495737 47.17411041050349
183.4487135035754 235.85300980434658 54.93191393943918
175.04611540112083 237.39435316561702 63.46622188915726
176.65328747498233 241.93131391579678 55.4327130035292
179.37937196188912 233.204187654875 56.953361927493035
183.6324705039741 226.33053595257692 48.31834779487251
186.58490637884242 223.1314166110945 46.14736844470006
180.73767908202024 229.98344384407062 38.29706700089487
174.0296939786986 235.05096857867832 39.12369821000356
165.72107380798792 234.08360554030372 38.2091272161975
157.80650821672114 234.5765938826765 38.54331988184313
161.60640986940896 237.67945815110713 35.9107863560527
157.95903812658912 233.02830360606342 28.285852205010293
161.557986463303 235.13598234024985 27.767668837374845
164.0804624987686 235.0593440017748 18.92077694404157
156.66419887222946 232.28888122878251 12.821839615838163
158.1776161504595 222.80482996186066 16.102693061906006
166.64536445864854 221.3216987277555 19.238539852794535
173.19772445465014 229.75403751640062 23.132156894797394
169.43334886778342 220.58668648460838 32.26405637130777
165.33797009400024 221.70765790766052 26.592754387458974
167.12633889979392 218.44470699122837 30.605045367281505
167.737404335039 222.1361911150576 34.293286555658725
163.69500858556148 217.0554448556514 25.596006493594935
164.98713169686454 213.5186599321979 27.123421283947962
169.31765197386426 215.91495921498918 19.90038810494034
171.42507884711338 220.49136332734363 29.360453663286343
166.20180812274862 212.55646617433433 38.16001547864332
171.1727236653142 209.3640108201754 35.90611431514708
163.20342306107474 201.48488025321018 35.407464485655034
162.72982504750112 195.20666084182034 35.921166026855474
170.6133748852979 197.664814160781 32.01929637921456
163.89454165539578 194.92294655641172 40.90944788425563
163.90051721997543 188.83640572005123 33.897438767237695
154.26306651253054 185.9136987735151 30.698694413418654
159.2665971549913 189.0628264231741 29.596217341543543
164.80673279340098 194.48203014024415 35.6359126071758
172.24554016229598 191.1421661468092 29.784389452603378
179.63545502455162 196.43413028079968 23.221560691058656
178.42312764337277 192.19418807886305 21.149083823076143
187.11513619343174 197.83696093033203 27.33382839668321
180.78590085187716 189.31228166947668 17.355607944206373
190.06569571528445 197.06988376763172 19.12402072609227
188.23612602278405 188.84354078009235 21.39167526859047
189.91198820876554 190.30348464718878 28.397084126994095
196.6513030070283 185.31686699043698 36.37497721891185
201.90654114946665 194.27832047741379 31.892963854131125
193.57131541727372 188.964032029492 30.920303793806973
185.88930254937867 184.16045142311583 36.73771796719389
176.10504038202998 189.5445843125328 38.50431756438595
166.40001681015283 191.54246167065088 31.945854278476343
172.87267978355425 184.25634216601262 33.00121448046797
181.81536188908987 181.8703590528286 37.58156630056984
177.82089978645467 176.96337021257926 40.2007037462108
171.56766632090455 183.30837868475336 31.012392426912072
174.15373846852438 174.20793795786437 25.029253215020027
167.74341109575374 164.980093412348 20.822122958707475
157.74857246350132 173.19854354171858 18.73184654970667
158.1001033843996 171.76090330508998 14.30987910250623
167.15962441732563 173.85760967411298 12.849260738095433
169.2481539032962 164.2366961405818 10.020686862204283
177.7159488878594 172.0447813054966 9.527081141810314
167.79369453724206 181.81929449336457 17.441996638865948
176.7216528873323 188.18877048786857 21.629239713265996
173.26741363677385 187.6961489597424 25.617684579152474
164.75996050869327 197.0317381148064 24.98886195385485
168.6450377625642 191.68787635218624 18.554993293242752
163.06219097160704 191.14322384491797 15.212771042753603
158.81052824089798 189.3947981667951 7.273634755479668
158.16908062301005 195.94473943981959 -0.2245959526249024
153.04754626870667 200.2600003094195 -5.3585070688043706
162.83836631955216 191.2037798890438 -11.631597452682364
164.76545645070618 197.19587076339437 -12.731043546518285
167.13294220670528 192.39910814655792 -16.409134489412253
164.35797528892644 191.1211362709721 -18.764422822969898
159.74019380253782 183.0019659153947 -26.061932075604098
168.28962996454914 185.0459026464152 -27.163543223772198
165.71368014495945 182.68273651678226 -24.01415854343783
175.23045382614117 187.39527498793007 -24.863805253374363
182.02467041012082 191.81968493948187 -17.396695459578936
178.99212843269348 192.39591842386292 -19.870657834621937
183.13283416567862 191.15935059051245 -24.756169416378278
190.4349298858495 188.55751786166013 -22.35616750506155
199.67483408867534 192.3218210706957 -24.324328170383833
190.0103181034 201.99231062719437 -33.521582917037115
182.76149239740963 207.68312338201957 -29.71671124203727
188.6652021184785 215.25249035016682 -25.12388960635726
196.78186541747692 214.3931274955424 -31.926775831908948
188.75826994908874 214.24954642387718 -25.468681005602917
182.93111958857332 219.0343355845332 -32.3203146857394
175.62269542182977 219.1493435072074 -28.252580143705828
175.78032320859046 221.37716859051247 -29.383818090446468
171.36391522050724 213.0978690857925 -19.564112434859787
166.21552362062647 220.37759805145782 -25.205917535857633
164.07947255570568 221.82072564024264 -23.289958956770985
171.65486759870407 212.64627233293606 -23.68001196306627
166.5520891865994 219.7112711217808 -14.937901632311887
170.54093084204732 219.57092317338322 -23.77667255029683
167.5097428173145 214.38661346915688 -21.901029782404276
173.6478334454163 217.39697922585768 -14.749206354287763
178.6756311735995 216.98344990498506 -16.0542180696912
175.4444167941454 219.72457990441418 -19.425458040662804
181.93134509138017 227.9439110956554 -13.639184539831499
176.39279466692088 218.7085517441538 -8.08470649599047
181.67656198265402 224.51994527951976 -4.901606177855287
186.53336902363696 225.3153375016119 -10.678009814635853
182.9193331511545 226.5349774964207 -10.925734727292316
192.08975614502788 224.13200324159425 -13.774942749758685
197.2496758465005 224.81827972101374 -15.357949353015638
190.4160257269943 231.31533226426433 -12.12049463638729
183.23174097431905 241.0798777845756 -11.524549403230107
175.4668443655151 231.6575074469671 -21.13924300758674
176.0466462758166 236.28835753205274 -26.67875132929911
178.9290427298239 242.3830358601192 -19.105131274468746
169.33341379102504 234.96057404021477 -18.611196241427272
160.85619630855885 232.20980240420337 -20.857412184147517
155.64308600293438 229.24174997589932 -16.801198847415854
159.4009124239643 225.85047308702974 -20.468591042981892
155.61259402171967 226.8240734382532 -10.656372298783234
155.86810224001027 226.7592283034268 -3.241476157088538
148.7057882211798 223.60432390396562 -7.948982309622723
154.4411462170345 227.69391162411515 -12.957431636452695
153.6308458037894 236.40990712348201 -21.476858395781356
151.03486389631115 236.53209537919346 -23.432844947906492
154.34859237431124 229.8764277732656 -31.34288631029888
159.6939386337356 235.1528030526305 -33.41660002906352
167.4762265743448 230.50353166314719 -40.521251186758164
175.4720088039937 235.11961891232534 -35.65168834658269
165.54972244891064 225.16897783364527 -44.882154868750746
167.34839904867334 235.14327207515825 -46.89729797566041
165.0608307756764 231.1828892782761 -44.1813146134431
168.7277310308081 224.1158014348521 -41.757397859452524
162.0450032960589 223.3559484598608 -35.650573954539205
159.60182475047225 214.04454472239078 -45.28695808713813
165.5646398565048 221.45466121902533 -41.927529599462346
155.6272186978322 211.54110421386036 -51.717696791168045
163.02328426481404 218.47521167549255 -49.60319220477557
170.43426248847774 221.48467685830062 -58.04328881825091
179.00528521566565 212.58673629819754 -51.30975612657111
178.63277557785185 210.99711269103437 -46.39206316524525
171.8246870096559 217.68580265258234 -36.8529526536953
169.08598259614791 220.700720150994 -30.550279430301195
178.3566953107829 225.92165265080018 -34.24582280841189
182.89203188607334 221.93473224568876 -35.63114453330736
192.38770006536728 222.94900814976833 -38.81065666471085
195.49851817088643 227.32627117222444 -31.754942449870818
205.25137450852932 221.59921388809693 -37.40204612875185
199.09817120454014 221.82493651312578 -45.34047120534037
205.35473371674794 224.54801049054498 -39.33833739706276
208.21075232590402 215.95133529088616 -33.165754316730464
202.73728908997856 219.209060965857 -25.87403125583821
208.00850958079442 217.30930717407296 -30.120654576944663
214.51382831659288 221.2070881350991 -24.33499652065987
218.8737647030957 220.27105807745278 -29.2552204439239
210.17896136161656 216.04256908195575 -19.492080466506646
209.46996135770107 207.34145472021487 -17.140188913074805
217.9524703990502 213.88955838468647 -26.70490583975876
223.7386257760743 204.248013696497 -35.2924375153656
218.84007955641465 213.53780890200622 -37.919605260862
226.8299657322104 222.29528892397227 -39.17199184986245
229.83296353393183 218.38527847161922 -44.104778308512245
220.9732227725156 221.8982255266766 -40.42877751160975
213.64377978351237 229.28808586044562 -36.08328541082449
220.0577077932041 232.94126103256133 -26.122524571843144
224.80168004343668 231.07927107270248 -28.796248393212757
216.20796101912552 239.606517117836 -38.26522458199344
222.03025595274443 232.89820131721376 -46.24785409932976
218.5808811436426 229.33836092747666 -55.380289748763595
225.95498975617926 224.57310323943148 -52.863640464699
216.72874586318198 218.171432886859 -49.52764291451656
225.0554194859869 219.88233926240662 -43.02305897714013
232.41230551472427 219.32993534683314 -38.430538564035054
231.06737721432222 212.17757550409146 -47.442841802312444
235.32658045806318 202.33490282286945 -42.2345764725025
240.79494044226126 211.8351775998578 -41.86883670444455
233.7877942323303 205.84383793467356 -47.377955166344634
240.15662877774486 202.80379986768645 -43.16598723416406
244.3072839381494 194.86048618497546 -34.96220536036559
243.15595009451025 189.11021063508306 -35.48675846905202
234.85786336140325 190.23834512164757 -40.2513403913601
228.78408924343998 199.64951965756202 -37.57556950566485
231.65816826700416 203.8876492276319 -28.250160667322284
235.6394250364166 196.94923115702338 -28.400641341541704
233.97992287865446 195.39467850320807 -18.722294840409337
235.11323440636832 187.07059340368895 -25.526882321369328
241.4423060313101 188.9814818919659 -28.645834121092605
239.3459445900025 195.86721782272062 -22.696294065298325
246.08443328182878 203.93990464600049 -16.429509313443575
237.2560702097625 198.04205454273978 -20.376790033461113
229.94973994918763 204.41012669187393 -22.79555153006272
234.39986912129336 199.7426581317692 -26.960705479616824
235.8267031987529 201.19798841788176 -19.90613771706269
244.60624636269264 202.99202694058897 -21.891695066856087
237.9394776490752 206.73221665144422 -23.102044195672626
234.703902109194 201.42935071595502 -27.00749796421544
244.53172365617746 194.65645819539503 -34.62811970726939
254.45050289312167 188.48088324571464 -39.21058851589969
262.3703194693073 192.03853914926552 -48.41776214118378
265.5072569049487 185.21277401861119 -45.902599147466844
273.92322585476353 194.38335297935916 -39.79369650602558
269.8774117412023 185.5429456021539 -39.48449395334862
261.5128408082263 175.8164102354189 -48.55686673952774
257.498359745371 171.56832643876714 -52.38520882600977
255.37696462414502 176.991128977858 -57.34472278418654
254.58743447100088 178.02029930744416 -57.794285746242934
247.9700013840387 180.89067224627644 -65.22977929789066
250.25368974217645 176.72286056313828 -64.8832210435599
257.8551549650702 179.88120409326652 -55.56754503992905
257.7838351139957 175.08672930074863 -58.626555462406046
264.57637456253553 184.4640937976776 -64.87998162480656
255.08651508490317 187.1525297884416 -62.72608791949353
257.8136432358735 188.5338617542068 -70.00973021627124
259.7680195601703 186.03669986910677 -64.37100046476601
257.78157271137513 183.74132568387398 -68.09571654629639
267.6015264588627 177.12521666404695 -66.66251677712862
269.17188920733275 181.81923440679668 -65.86047286503779
269.4742986877135 191.767735932446 -71.0778770918027
268.66456291981666 200.6544142652314 -62.377425243956246
263.9921868963983 190.93326415067835 -57.30628577863938
266.1130948290754 194.83816668148418 -65.61003439442412
260.286808985038 196.25846034622876 -60.6059119340726
263.05909244315916 187.4616183781171 -69.1240110189988
254.6247100801831 178.78917556218485 -75.71948470130837
252.99254549389173 173.5996161980734 -85.0348309248997
261.5219818956315 180.83034694250517 -82.03882390769182
268.16377961115404 190.66125751248777 -78.89520812452253
258.7007558209598 183.90500037278858 -87.30654811361855
252.47194563538667 187.65157824750904 -83.1542863280999
255.62201349354268 184.62005198919087 -89.1012931306902
259.4245316521156 175.3053913892391 -81.20251985553736
258.86363296458796 169.39697900502557 -81.55672708460406
250.6206806384424 168.4516645636126 -78.42306210901685
254.42812761471916 158.62387985080616 -87.2872294737557
245.51661876682599 166.50655874937237 -79.56873297044567
246.22147380165424 160.74130213892957 -76.157898813329
243.80786086950636 158.96661696579758 -67.8121768961564
244.59809557483047 151.6725227472492 -62.07279632993885
246.3996606350215 161.5144455410617 -65.3485082330063
240.21527761896857 159.32251066994561 -65.27013276127445
243.6176265119324 154.52240381595405 -65.44277167947418
238.55291603518697 144.66109165892416 -61.17159752155003
229.8660877617597 145.816176051394 -62.55813916896945
235.69071481547337 137.84600263251707 -56.68884589401324
238.83599390455754 130.71239450645587 -64.9616302983803
241.33284836184703 136.02304032238368 -74.44810999685858
248.09861418017098 134.18889943600377 -78.65161145283633
250.57860445079083 144.086065577282 -74.69538009765964
252.64401633516357 140.57206163894844 -77.6365088750282
259.6670580403652 133.20821316819277 -71.63955372891144
264.5675668502959 127.36152848939057 -77.22959820396049
274.432486637963 132.07696074305463 -82.00786622038537
267.2390024201555 141.11189992324563 -74.5959344664484
266.1776964091859 138.65199849932816 -82.55569275860246
261.7539153260088 138.07429816747072 -81.2539868763152
264.32026811179884 134.1042606461338 -82.42567291310002
260.70546232614265 142.8705088442002 -78.16580103282101
262.47690593043603 151.24263761270427 -81.0507757884591
265.05127455234424 158.98504236053074 -89.52199020462638
256.61989123834854 151.37891424469436 -81.375791106822
250.09069571341888 151.86408481809997 -86.06282452987092
254.1063347654301 142.5461024972617 -91.3095304949109
248.3094641910118 149.5205531447802 -92.91806036816897
247.8327254548279 144.25037430195565 -87.0052230819477
242.26794441540426 152.73389973920348 -81.69547821825965
251.76741359772362 153.24361518623815 -83.51044900340418
250.66201528594135 159.59879916080416 -82.40005657028193
252.8051408143451 164.02588872882492 -78.42722202136994
248.67273822544053 171.98695157216028 -73.33773186817706
246.95689846360258 171.62848638475538 -71.05730624696152
247.52991470900596 162.403128116925 -71.21141331984965
249.07224335340484 170.2271753962749 -71.19696902427096
252.66672919441126 179.76976877176295 -79.14620863493619
260.4155002463151 182.6539258870155 -74.99763000071881
264.54065742994305 180.28551047250858 -68.46109267220939
264.11832473377854 171.29657547575317 -63.69442167403303
272.73518037068624 166.67150191334287 -61.18373706420837
267.04814807058426 166.19330774324405 -56.26864569158613
257.26722976475514 166.84794877310583 -55.716022641651335
253.57336225631587 169.41241527885083 -50.56824070189855
249.10191722999343 169.8393061031673 -57.34997115979977
242.5807379281675 177.92186948582196 -57.03154348049145
238.18345122342564 173.38738864618855 -50.77780426382212
231.32690777004444 177.04007047245838 -53.43707774459629
232.7896242982906 175.2683326814701 -43.836012973748325
234.9940478015174 175.59856577995276 -42.238622220217735
228.63474751037978 174.87559322979615 -33.29454075791931
234.45955936365215 168.92684436717775 -42.259780219977884
236.98432911206973 172.02303154659648 -50.89515842147348
240.48995164523734 170.12884153018462 -41.515079068359796
238.20734491505107 166.85539949144936 -38.534673237946656
243.08992045437898 174.18956226519884 -34.605573490464785
250.5967689191335 183.20631069985862 -42.26026255977034
251.18123266037094 192.9399321496922 -41.23430595520977
245.25946932767144 187.6683895194643 -39.08230692946308
243.4699847034293 195.97167463325476 -36.65396048264812
253.18495295652033 199.90813440769398 -31.987484150945278
247.05117197673567 201.24998421484054 -22.44676508184867
255.13195370535655 197.04980339747735 -12.78508440571301
249.07628995879605 196.66991961207114 -3.5955905149515246
252.83009141974387 195.9680111561828 -2.01416557758657
245.74950719530895 188.48171233278728 -10.649629849886963
249.1361896399646 188.2385823922924 -11.545328571368094
240.03774102026227 196.5308223644075 -12.947024325165279
244.6330395173584 190.60900904148264 -10.853474500961479
238.11744318223512 186.52815055257935 -17.648354644760314
229.71256567985213 193.43401536202109 -22.36436825444666
230.29147964066925 199.49723665422303 -26.649299847783603
236.12577214168314 191.70375123363598 -32.58084444947606
242.67320165967263 199.74397914890673 -29.45276688396113
246.81350920775756 190.92182065329737 -28.80764943358471
236.993921953289 185.2148550561267 -20.769415044384324
245.54156066951523 189.15289745723422 -11.280964755453628
240.3902720084113 197.789221607619 -4.209544927504055
240.58574034904427 193.29833282381077 -8.339980898173575
248.49434437363402 190.36963708622795 -10.740394998200635
246.2456491490781 196.0568934000619 -16.354580469694817
242.90040013069958 203.48926498206208 -11.518543848304763
244.30261161261473 200.33795798129 -3.3875587605198874
247.81012430604025 203.3552712099551 -2.1012407650361418
253.54484036900828 212.15027449740364 4.491127210948861
260.59146419838123 216.4378648712769 9.021482881391785
261.38570097389436 221.48449494410684 8.910575850335892
262.97836309523495 213.80401864715665 4.046583695696498
261.7514926460745 212.0184209046613 6.618137889245952
267.91621839780754 221.1801941690833 -2.5504398664200796
274.25852826763054 220.62910736556776 2.01257913338198
265.52926636240676 219.1537180435436 2.3870353078817774
255.7531109416554 209.9433005916319 -1.8370892424952818
257.8228199424438 211.38925320695364 -7.201079130193106
257.1072188598215 201.39637044916057 -14.761890904486913
256.95846603826504 198.45209748277887 -8.889271149774462
255.68246925649285 200.6342570728983 -18.03858242429923
264.4927323038968 207.49055179070086 -16.56845755793369
266.89636189455734 209.00453097277438 -17.277070636943034
276.02532515316636 199.58325585680709 -15.468068944827625
270.63006104745216 200.15784041036395 -21.800787701646428
275.04353035967364 205.17119230376528 -19.94271772318624
273.00515482158903 213.6162905831525 -26.428836386555844
264.9630234318132 220.7830664651778 -30.551863711275253
257.5682678227627 223.29154213039027 -34.475993364111574
257.9455934890636 218.57017594048452 -30.706011555104432
264.6985667764328 213.48876102021853 -40.38601851575747
270.451426646644 208.31833763157329 -43.25934485251273
263.2980979485636 210.7879761696841 -35.86295517384405
254.84886916534492 219.97919138467006 -26.163023603589757
261.6780742155191 221.67776536702655 -30.38446120776858
261.0695500769948 231.4800379993191 -20.76540843398299
265.42835668630005 228.08692482104007 -13.772108144994176
274.23772110251235 221.57175144824853 -15.734536787433425
279.4198699171852 221.67356530525367 -23.643847514970226
274.2633111605173 228.67998354869025 -27.139935230456484
271.4405634224456 218.96838429990535 -32.09105600666641
273.57269275127 216.19867592530534 -40.28926756567739
276.2819334653909 212.2543411916526 -33.77380393765338
272.2735882224162 204.04078700562815 -33.918710083396135
276.72830894785096 212.74962580266427 -41.44606616111969
283.54757258085243 207.36172886457837 -48.923329096588844
283.1767040371759 215.13717481044253 -52.156570301923715
288.66831532509644 213.70810016443633 -53.016827369486414
285.9484149018018 222.26673254444273 -46.43140636156211
279.51254351784536 231.27807565670014 -40.647303486384985
282.41694458198646 239.5037460772916 -46.60856789160425
280.40061103063687 248.99865488082162 -47.815560684787826
276.15056721772766 243.9533097791463 -49.14182964532568
273.28664110793045 236.73865648309442 -52.616678009668455
280.851146031056 238.2433009631987 -55.22864835158857
286.26517139363887 247.38624051021398 -45.92696839726514
289.6741279346441 242.31444831846198 -50.14659799641577
291.49465564264347 240.61627210952818 -49.322878899254064
299.0844137540715 239.51424438091718 -51.38766966451444
307.6422148572995 238.7002797990439 -52.700951940417234
303.14679785851865 247.37241946640398 -59.90400558876844
296.1700610199982 248.09505836869673 -61.74369911737161
290.76207014860114 239.22851334515923 -65.61727900876275
294.8962258304091 248.16767035062273 -70.25594499746221
290.6054973444897 254.81802990992185 -76.62022520789655
288.40225550861845 255.64440084362096 -77.26067897616113
284.03430082232296 250.39114350743586 -74.3979202061755
290.9799522093976 260.3543042646651 -74.33581139092655
284.0399868776773 250.41548448763695 -81.22514423255929
279.079134996405 241.51255239377474 -72.69534496410645
286.76247006910296 238.00138668142225 -78.0218832043605
295.93164796234225 228.4369468907742 -68.12015219805618
296.0091893141477 225.61238661623725 -64.37226140011875
302.9899290334281 224.70696154794172 -69.3929379680929
296.9082516694899 230.001500136136 -63.770128508614164
301.4463964931964 237.7718653865467 -55.01202472119194
310.20861389152753 240.9434164419771 -64.94629995182915
310.63208529996837 235.63699932195743 -55.903666680803134
314.5464242064744 242.52964177877797 -56.719943479017374
307.2249444804866 249.08110587628397 -59.65414306177495
310.40750611175724 258.84505878470304 -51.977821532325194
307.5298153882307 259.2492915777726 -54.067996116388635
302.55940008618234 265.3519497213778 -55.97873621111809
308.25486401279204 262.020332210683 -51.250877611356486
300.19544905147353 256.54158550542115 -48.736917770658955
305.6795887307264 250.52950130023257 -42.71153459688986
309.0238380565886 255.88777475438252 -33.417098773612196
314.5826257443954 251.1379636582869 -38.36734265796578
319.0679430068854 252.2181838473347 -38.86827417581261
324.9151585765376 243.5392255144293 -35.711414487285786
318.8655962556168 248.55088727054766 -40.02786390764657
318.29249804765124 248.70794439370778 -49.616225729470344
326.2570744021946 246.76154479752842 -57.66873398817328
322.4031923234778 254.06285926690103 -62.86872642506431
329.55669396638297 255.47252861658703 -61.30785575839379
333.3261796004288 254.71116222352452 -52.92974658554543
342.49931816076275 262.56120099868633 -59.148545803393276
336.347415517049 258.0879083419748 -65.97030880821218
328.30868914148255 256.67018236030407 -57.26781879841712
335.2588675516036 251.6739437598731 -58.424665161946656
344.06289966935014 254.113264398658 -58.19504972604563
344.4066214543258 246.12753101095242 -58.94994322648287
341.72455510963607 243.81837049666325 -61.04244518936075
336.31069817125285 236.07197721294523 -68.49885373383114
344.6882492775087 242.39383057200206 -67.49515963105587
345.1037116376019 234.63804709111474 -70.42195780795235
337.5762535380639 237.4723823803339 -75.5866106527665
341.16447866835165 242.8847388570372 -84.77258527245746
351.10141868350036 236.23431947103813 -86.62367314312924
343.94028336561274 227.05827861091723 -85.97766946650128
345.1205538502346 222.39323529615012 -76.33708308287274
335.54807573740146 220.64292096512932 -67.2903652658969
332.49965373857947 214.07228674237413 -57.50013483254327
329.75644212546916 210.27442681742264 -61.672018939219114
330.1342318853922 205.7149121064267 -58.96229066829916
336.9295218765829 203.09744638237655 -53.24384485413427
339.901047518378 194.6606732426753 -56.14716457185513
342.18849541502937 198.157479097606 -57.341536340994004
345.5403704741527 190.0511222101264 -49.061028354710444
349.2462658385695 182.7872540661512 -45.50937410905626
344.95116012086527 181.93523356660165 -45.596504923386846
341.1051899972313 183.47436174535997 -36.232036425569206
331.435033885876 188.33714845414826 -27.0692563522461
341.3871456822988 191.81586000826613 -18.613340232498643
340.9456301156367 192.9488552886241 -22.65319150312716
342.44864116377147 192.26716898810048 -23.661546185618896
345.4644240699087 201.73584350915246 -30.67916133391202
354.06793192594074 208.65336403825305 -32.807929234985046
363.97569936004703 217.50115930668701 -40.38532380812149
371.58766377132633 212.7660326387268 -31.884812056910288
363.31156363177007 205.5480771953025 -34.60258801005983
370.2206132264879 208.06459115185032 -32.573951177462256
364.9213697300877 204.51945045432794 -23.6076299556956
355.77658315955387 200.953920302936 -30.86860291297831
364.17544025192853 206.5997924166031 -36.09327835391681
357.2927384618494 204.54101176832765 -39.85568341962831
358.9234668852979 200.9651392207045 -38.31793365013039
367.41749115531695 195.13097715281822 -41.127661238125896
361.3595106011753 199.58044967394716 -37.75141033435215
369.81563897336076 198.01592865247682 -42.373526869730775
363.0243176688356 194.6065591499166 -51.88476152992017
359.35560143372373 201.1110164476795 -57.733814629073976
355.84176817976777 195.83336310734808 -64.62204739898453
363.66708812439083 201.62833731552547 -67.01348783015526
368.7083992449058 202.14546576745084 -65.63517204101197
360.0569048212686 211.2464468913521 -75.56556022029895
363.3993761402174 210.76163007789256 -83.76527582889376
362.13846780170826 214.2364571232414 -81.82320107602165
363.29262170549833 223.44872264477112 -91.5935459074968
356.43121611319265 225.98200031639124 -92.11345490609976
353.70857975340465 234.46024793210523 -84.98003667946298
349.07745624141114 236.03569600041934 -78.09951999001974
347.7799664406818 229.5874676770844 -76.96135138685776
356.81171346581243 221.7862493126501 -68.94186734818507
363.2732875125481 229.61200777481855 -61.553692307363114
371.71538292900163 226.85219471340386 -54.33208042155577
371.80593136777105 227.46029683089984 -55.421590001688706
364.60005401561875 231.18899615664137 -52.346426170015725
361.17254139829316 229.71750055264212 -50.565391420928066
362.11634515010303 237.82172656675291 -45.57375963592962
356.8670231673693 242.42730977157325 -40.22837512150643
354.5061448520993 247.39033379978554 -49.08949608045383
355.0040531381646 238.89013397412535 -42.6319198181002
356.2015049493142 242.6559684571471 -40.06615389591871
352.8584984183439 236.4887049821274 -46.951549931725545
356.356640569362 243.64896131052782 -37.190883601432645
364.5472527111733 240.49240868551783 -29.109411001871237
362.8032215015211 233.6853384300406 -28.812473581188378
368.5247329753784 236.95828056616574 -26.752335236789154
369.60124707667273 237.27993750434112 -30.252121591228374
360.71644506273964 235.07129901548993 -26.728325998108108
364.28617138716396 230.20329199898708 -20.94639172152931
369.0172202479112 233.48920242150402 -24.841854945381098
377.03649030176086 238.33004482777395 -30.62125698803054
383.7499376812376 245.33326040150195 -33.22177603004697
374.8082334037189 240.02471286169708 -37.293634649581
381.6248814405857 237.43551909859485 -31.462377853985934
376.94926624549197 239.53542855411413 -36.09431823329517
377.0726835254125 231.41472454023642 -44.25027065164041
381.1427915559021 226.32534503262661 -45.00132947778739
381.9086854415731 233.96726717603767 -41.134636573648095
372.5510870213977 231.41062633124457 -39.995386896958074
370.9793889812159 231.25216460654954 -39.24874325167171
376.4921287750368 222.06540557119507 -43.73218914337328
368.58483225481433 228.72422523968103 -37.090995920350295
360.13227905507625 232.3035556726462 -45.68600249127055
364.5228028299468 240.46512156413354 -52.16170395319415
359.54584322425507 236.4555082250316 -55.950115004189634
366.6041647023299 245.01658239746848 -64.94209630344092
359.37849208724435 252.055114827111 -67.72553902426488
355.1521555637841 245.92412442197838 -77.33181621736304
360.5712108236646 240.3279114237113 -80.03491343575604
354.7484170473091 241.8998116960925 -88.29501504629077
353.26618842390036 240.64984955066134 -82.53461187383921
358.48564725732723 243.15473630938945 -87.44491710252997
365.12168156809065 242.27231946819873 -91.78169191514593
364.44958822400537 239.97716446006174 -95.35392522839732
359.50205280389525 247.49255731047884 -90.59838228385817
365.81612595843535 256.03167829139 -87.76807959516563
359.1547921255011 265.5752045955088 -78.62007696007855
353.5554806262009 267.07865707517493 -87.66585403041411
343.80197820839794 274.87509081053264 -91.12471319494769
347.7203282511665 276.50967557710123 -82.70916755469361
343.9051221844992 284.0208292611971 -74.39208357285416
347.10433895491786 277.2692162195933 -70.05185343194215
349.2567464613776 275.135202652214 -79.89434869518499
352.1550694302429 272.9992192341635 -85.83201415824445
347.97412947896805 278.7070812317228 -93.21450629050686
351.3122840610788 278.4561115886263 -95.89637412537148
345.6583720342067 269.7362643313853 -94.55116222300737
342.830567517495 276.14386383047304 -99.41728926686491
351.8874202485908 275.1282006565611 -102.23371432729955
357.0808082166121 277.57073459790786 -105.54073435705949
348.6718704373635 276.5081811632326 -107.85906182754071
352.45296926338847 280.6173607430172 -114.81586495043766
354.15891113397515 279.5693815544953 -123.14364925248138
355.53597076298377 286.141816790779 -113.47005066134525
363.3963743489618 283.1253445527182 -122.7609321605059
359.9886382321482 273.39102340364224 -124.03060438810121
358.0616693531251 272.58173189519084 -118.63313166203811
358.72318316114087 272.1734254188241 -128.62887696490233
352.51352341846064 264.13609917363993 -124.84359552980867
359.07896144666427 261.77266094264724 -118.06379987414836
353.5055997871655 261.5966440641048 -110.02107406182334
358.55637077384694 260.0094543669564 -106.68758416028565
357.22610272512645 252.08419232447622 -102.24449800450168
363.502827814353 260.11921402814306 -104.32363214874349
365.3395787701769 261.48834139621295 -98.32831001368484
356.6607172337553 259.52659581512444 -95.06813543121942
358.3108566273622 253.3593872191434 -90.64023893713994
363.5162858538563 260.6959947271532 -87.69088072558812
359.8231844662049 268.4396420257968 -79.19414286745214
364.40997687271766 265.0491447208286 -76.95447744413569
358.6098792143447 265.9974364949835 -72.5650806971565
364.3773775839632 265.8065488171065 -81.37542967964485
371.92366243351916 266.9589454328185 -71.79982347227454
369.9111928426094 275.28858295624417 -62.48939252813076
364.7075389131619 274.56591038903525 -71.76522377968132
354.78576601316604 278.5414388259854 -67.99556631696174
355.2369861916964 270.42879871055396 -77.40626641054065
360.6966808710436 269.3544997829923 -72.30051363640153
362.115459800398 267.04092155177034 -79.22405516677937
365.52728054314593 262.05700075496856 -73.24821300260571
367.270746065616 260.09182200823693 -74.33305030745578
360.16745007271874 262.8114140251926 -84.13749979786591
366.9466590754196 262.61483817876154 -87.8814108212349
368.85507311208636 262.2126199421512 -84.0774748115014
377.13757036088685 270.9147647547036 -78.66780304871645
376.3447840764081 265.68492533912274 -80.40750516039564
375.5270065970675 264.3136389549718 -86.4761323810501
379.60880567674025 255.46459193219772 -83.48215122065056
369.62414989166666 251.7464151985297 -87.17823378196628
365.16986966277193 241.81130561340058 -83.13492700174127
371.6386360575861 241.9028669596999 -91.22249444159695
371.71791023788114 249.79948712323306 -84.98171232599297
375.21435499556657 259.3900487896148 -78.87362737283112
385.12429890503915 261.53045578588615 -84.6203965939449
385.5453088698884 266.47799325211594 -81.08631620253904
380.07805230548655 259.67934231034326 -85.89017794908855
379.57572469540514 256.2922173735731 -79.84518453623784
40
221.14044814227896 387.8108715982615 108.06587158251342
211.5812360631399 382.8743379600984 120.70826268539436
220.6227306118331 400.39834495616134 107.69405773289088
207.2971390677223 393.0596572877055 101.27537032005174
216.47591748846196 395.12278059123 108.35941754701743
205.24739287515888 387.8253079016661 96.01304966890221
214.72203603250085 387.0724089690043 99.17625684470623
211.84435751414227 386.7698232657589 96.63702604649414
220.49970768401587 383.5940567418719 83.59234630376362
211.03595583680823 378.83083991454635 76.80640961536294
223.49071488863996 383.7332584927358 78.18257684888827
220.55008268065893 378.9351336099422 74.17672723623195
214.2009705528504 370.6577213711531 91.86448462364245
200.9661010600167 382.14463153064645 100.56915116734447
196.10193024876605 381.99709685236655 75.40084765548758
200.34904633292874 377.48753635598393 69.94672652003588
195.56306346736594 378.0466325257151 76.71594180166757
197.40983827307195 377.76421255040316 77.17869299729286
199.02457231302776 378.23202437803735 86.63192263414787
203.3356547886881 356.2317331686599 79.83833089833098
184.32051519639904 368.6764590052997 71.25896081470407
190.44308459030927 361.3179037801681 63.23592957106728
199.80532592206296 368.36154558636 63.47410244179808
186.8955366824377 375.35289845408585 66.35742418364002
183.0015786905605 378.2466028227716 70.38184818786416
184.84282540897914 379.5972600393717 60.38777321370323
185.53300509154874 385.97060667073447 46.71528860485241
194.41892563387756 383.8489014132168 42.42457434638063
192.57977093839744 371.06850120858473 46.49362346146269
194.03715098679854 357.61902253521043 61.70217795288821
198.45063032635264 350.96564999794157 58.53535931354368
188.54279425122715 348.28781519348973 54.3494061769711
191.0758857816116 351.4284820074627 58.33310984377967
180.9208817760451 348.63586712426667 36.06890022356404
183.61078051762513 351.7921618091536 44.63380246886733
192.71443130728395 337.943000471901 40.200386256270136
193.27277207806281 358.318469555437 37.231303705043686
178.0769997952388 354.50478624393503 34.31236855510043
195.71258882222298 359.6596711974855 47.27203422445166
197.00802402941426 350.81737867722825 58.41607343669929
