1000
340.8906064278093 181.83524195718115 249.90363930818006
333.42237384986396 182.7593011360465 251.54789794578775
340.06252558668496 178.23044830950005 255.43442279780393
335.62103361786114 170.3431722299 250.93628204883672
332.694539197784 173.2197864346904 257.5819886358167
332.58854422453106 176.95804427682253 256.6840521539612
332.1084078130062 172.78858143298936 253.30816663511098
331.4136255523567 182.4295523553402 244.10744492011995
335.77200589343795 187.95349829719208 244.13936901334316
325.8423057478519 182.47207905832892 241.70865558407513
317.33154581781935 180.18282348392214 248.23960952000354
318.07175296943444 185.61745627553634 239.61376058481892
311.8274005441816 176.03942837538165 231.8807781200287
303.8455757586946 167.11686240520876 232.53277590095576
308.83680368308876 159.18157977068887 234.69714898027362
303.1464779910681 167.5960685720669 233.72926923343894
298.7670747330672 162.4621370991882 243.12875382249155
307.47942177014016 154.56995682121672 233.54848334787215
310.82093901768 155.51884400101926 243.5440892297809
308.85462625388425 155.1797018557257 242.75841636934027
312.4603354127726 162.24906612015388 240.20810517978168
312.30407186051656 155.40642216784323 236.2981418094679
307.59797452579136 154.09499723687705 242.64570258534292
309.27501910244274 153.6154106388498 239.56330925471198
311.5186427482985 161.5571908340762 235.08422033796694
310.4453273659692 157.83730134345384 240.18210464223438
302.98628374494126 155.8365615179423 244.66129757936616
302.0745862133393 157.8178342488575 249.05256293008367
305.92167108476286 152.1142943297693 246.81869083456795
297.6687983059689 160.3074063703831 238.30789615824574
295.65795855761115 150.55207183359548 237.86559867987177
292.3827574187143 152.20113346121585 230.81473423053993
300.395751034936 159.6679649894665 234.84180879247558
309.3520578422137 155.2751293967734 229.89113740070798
313.12562814036625 153.7391876919485 237.06624313085413
310.52469498535 153.91579503073064 238.37737722275904
302.31397952928575 145.08498202247176 243.1717977296454
309.64391762776853 145.0864630481326 252.04155100233976
319.1199871204999 152.92905387250676 257.2405208332818
312.81264374257034 153.2408462172407 261.1340389115287
305.27134215903357 160.97755690157842 265.522375574413
300.4880972158673 156.84205929832564 258.29318907249865
305.97266378372484 162.88904561230476 265.20173299445065
298.4899543568694 168.8418441521663 258.7856348211325
308.15771375479784 176.71931290589012 252.19316061819174
298.6672618887898 186.36462464602812 250.1716045381547
300.44883614945 188.752408537816 257.12906055920746
294.1543124250475 182.01277978141405 256.33967804528993
303.67498081782736 189.06797989150246 251.7571742070924
313.34516562465836 190.53808864816205 243.62164643803206
321.4133686951617 190.08381270611153 245.93866738579024
317.302478393546 180.52299974329324 245.02293668965012
323.10665344154506 184.43458919229894 247.96009999624246
326.78426204987954 191.35288776050268 252.07800535369736
319.559524215093 184.02967248281607 248.17413503180583
326.68467862709844 181.80528303510243 255.9150824600826
323.1076200183984 182.9076085529862 260.8502243650159
320.25191613825126 187.12833379310854 263.6468723538883
312.1270978395414 195.32193999842085 261.7410533217073
303.12266883430624 203.38713361235742 256.41005913821186
310.0864679972403 207.89140035546805 257.7955626680969
319.8425166027994 203.63428522867318 253.97516896148028
327.14370861836613 207.1545339213844 246.19141500879317
327.4757721203666 214.35610419512759 240.23001838786172
331.07295029254874 207.70580153527754 240.58252444308258
325.18697500343893 214.76603007099473 250.41437545078884
331.7325138266739 220.2530465362071 256.3848554029617
336.5187496165143 227.75611831573724 254.4968580368973
340.7977767573342 218.48466774700987 246.36083154276105
338.1395977951009 218.9347152143867 238.78763604767124
342.6599564938684 228.70631005552835 238.12704159807438
345.16285127584297 235.50416560330785 242.84656319371564
340.79369766847543 242.5590952493957 250.23505286331735
341.1901194309078 246.68821847737965 251.27599016033514
335.061290120651 247.34220669125975 253.89713473738905
333.23689702747447 243.9794556059843 260.06346547802065
327.6699244156931 242.93949623048155 268.7917127905117
332.5357463299022 243.11728261928005 269.9354735167192
336.2836452458073 247.27449870935115 263.4581374828937
345.7689599559763 249.73613852893118 258.9795352329711
338.88680119199495 252.50731337641784 263.1632012821902
346.2963972649025 248.53231059619355 260.2143959036566
347.00261714981264 255.14297367799006 252.08038676822585
347.3904432302322 248.4436090897687 248.99344010852516
349.8924105507822 247.251628335021 240.4863547898238
343.5251476595474 256.596222596458 239.82147465165986
351.46270745623735 258.88083224502793 241.35289718937244
348.86621982443074 251.24542935662674 244.17589688178361
349.64155661946023 260.32391244955943 237.63568648485023
358.2890418286881 258.78924118108023 244.1064220286117
353.68766901102936 263.835326595505 252.96728766885377
358.1207713190988 255.99824234547341 259.7321270501779
351.9955326143698 261.9690330669367 256.95262735412285
361.05248412389125 257.2272871465897 262.53873403454844
353.998500242026 263.77702074018555 255.55650578243305
346.2891005110225 259.74234699554563 257.3933436436759
339.13566098120407 259.6948028326866 265.6445711382617
339.8128539899509 254.74451869921023 259.05615221793823
340.31031946732253 248.0195885422548 255.80305184376624
341.47732175096206 245.0456704329752 250.8746608582291
344.7752798220563 244.77963017899353 252.8913012383289
341.9649867855689 241.35678091514922 253.2289366157599
348.4384487789835 232.84026593339703 260.2241837280865
358.35531016137065 232.3730784631521 250.31479431384042
355.8963298179636 240.42894246025068 249.24881948905414
360.62068327329365 243.8685726448262 250.83029498283034
354.6094713767181 250.09260282168322 260.4518335468496
346.53606253181 246.01639624692723 253.61356657888524
338.52549260357927 253.3737480089716 250.65497261764108
343.80523602966207 254.082450568798 242.59694874539696
334.8803671121783 257.6286078843623 250.8282649310832
328.59151604413574 254.64081479825128 241.1285729537843
320.46868516273923 249.32717907058 240.72570537274956
311.37632994084987 240.04921542234234 241.18302887810287
320.2251328644428 231.95938886738344 250.75262067466866
318.2280325300407 241.66830603661552 247.9297161225874
313.08911440987345 233.511892893027 248.90455770219498
320.5525481484925 225.35332401696462 258.23892717609965
324.4360538824916 223.04938620549711 248.27567344405708
333.94129948696457 221.7929388592658 252.39536600987486
328.3259735253226 222.37490536940547 249.60797494376908
330.86045509769116 226.13641113710403 251.57437361827388
325.59886428204226 219.257662480984 251.8083731815314
327.61833811667213 216.75511334664762 254.97595310424444
327.3911124399883 212.65023796906493 259.9786493686074
318.9492818074568 210.0256332247682 262.02420410393415
317.5252848479205 204.1617848903857 256.0308791567036
324.85723274094096 200.60294218087282 246.149465613992
323.711819915354 200.86042586487238 251.02000136328513
329.59242895938513 199.14344649527817 246.4587561843152
332.53065668605285 208.15868729580242 246.26820282827367
337.40308619206115 204.85190012696432 248.55723526312372
343.0498036500771 212.9629340745407 255.2324439944566
341.8370710402931 205.4162613518403 246.28520198416848
335.9306271629117 205.89025732341344 244.2762092918843
331.04899907824586 208.5124241736661 247.80611909421623
333.73249865538946 212.36297257355994 245.98485502591583
336.89480861279634 215.55670890093072 241.56051964313107
330.03172593802 224.45374026740905 234.48225388097967
321.95038996253624 223.78202399467403 241.07732281246263
312.92211071740445 214.92012585430754 249.9241896189015
308.4249964189179 215.29623504904572 248.755795921875
311.84366583146374 214.88367221361352 250.44127522444464
313.91082693389995 209.63368589984668 252.67673011599638
304.48091726330546 217.24694234846754 246.59296784303015
299.89303707225764 218.15648926766477 246.74755888502685
294.2444197153843 225.1446486300498 254.8256459219723
284.83111328329176 220.73301947447732 247.45614425366014
284.82923565540796 220.44135286765274 238.053842370978
275.95305046889894 224.97091871437226 233.8197883867763
278.9970897149847 219.5629358751833 232.21002647200777
282.6550511848456 227.64712050388232 235.90327275267836
277.93860955602395 227.22719393290055 231.8498502550676
270.97272126351413 230.3618501190866 241.66187201712148
274.5353927572904 235.5269670538388 234.74586282624938
281.13734099942735 244.06437755035955 240.7806115692602
272.9325775609847 247.78820942687932 248.3074693842694
275.26841835631905 241.76836562076875 243.4294059547011
275.46408199803096 247.12901963576005 241.04982585302278
278.4529556418865 246.46513508264403 235.66670235039354
288.18319057970257 249.71924329845558 233.81441076935383
295.7113481080728 245.61352740337665 228.63247924866178
292.93870756941305 251.98989378493715 223.50443881788715
291.8312073773383 254.96116797927903 230.90534421044404
292.90084870874756 245.47673369241483 237.5382077635244
293.7923771444123 237.92901337994687 240.77516151493637
299.70764603898266 233.00591629351882 242.16182348098357
300.22240930248665 225.36058654102024 232.2239694824584
304.7317207238358 228.0204022219179 226.11726082611747
298.1107726039782 221.13717389362841 235.46702668051518
297.3720619871518 222.1974662396892 232.8016270225226
301.95519186636284 225.42420900843243 242.15934789488878
305.5837032954984 229.1509110973192 246.65706679714387
297.8949523734255 231.93790939005925 248.83142638862714
297.0089837073167 225.24839288332478 248.91675541024946
291.25256007485376 233.27198075063916 257.41345374631976
287.3191549307973 224.6773291551258 251.83047214413915
283.20708919304275 232.27573684458906 254.3682895345394
283.3433950426494 223.7893760603538 248.65646402173553
290.9875474985246 216.54119692470286 240.47428072131598
300.1512948688168 220.22888011427858 239.3705464104984
306.28237895518214 210.94990509360042 237.40887289183019
300.75615309485823 210.26182991283923 245.09941562537156
298.751330494307 206.18846807237298 253.96672936307536
298.84263131752607 202.70509645673206 263.75697009533144
307.5002715776208 204.92923893573118 258.2493411085045
309.22270501906655 209.4627881003589 261.24871934185364
311.8722529562859 204.14414205169524 265.0952528535035
307.87399086005905 202.83475439331386 271.3281397894535
313.1821007539689 193.4575354490379 261.49107411563926
308.84929010650535 203.36212296519602 268.67713744942887
317.47952464487463 202.56022448458802 267.016873494822
323.0236798759095 194.02099791237447 268.5222234536724
325.6841439715308 194.03417567374998 266.5359253783393
325.8998284282482 186.62368773251816 257.64798892090914
325.0583173277001 178.76241660578177 252.84986942910038
334.69839726405974 176.36256263160251 262.30167009075404
344.32963982204404 179.22222140709013 252.97228579834473
335.4765060775131 172.23359901880363 246.79068546363965
332.8610147972538 168.02741432022867 240.6136344377067
334.94400797342195 166.38229116534308 248.8233776268662
343.75853491184637 167.73101257228578 245.34479655093025
351.40935577896187 167.46556267155418 246.10458371328562
345.2747342411398 163.9606607967418 236.3283201418918
336.0266424037527 163.96666962488007 242.47652775259016
336.9981860540196 169.541523238643 249.55475670318611
345.4077992399699 163.40767962423968 240.14298612005575
354.8963177533228 165.94420313909578 249.0093978495881
350.5908598737222 163.10069804169905 240.29895027620046
347.22030938733246 167.459826797675 235.91656865855916
351.5239925007782 176.02453197042718 227.0075559355124
343.21904283207607 182.46977584289604 236.91463972224474
335.7132500416858 186.80587537897625 241.391766127302
334.3033092723196 192.59430004437394 231.90056281464115
326.92257503571443 188.52821485408427 229.2924023675425
323.54239684582535 195.2711316721664 228.0888160596057
320.746825272082 201.54884221864842 227.8423292879579
316.98616156092396 207.29289280757362 233.35759811303845
325.02885591639125 199.93728813008727 229.48039854566338
318.8062614960291 193.2476758758811 231.6504590666908
317.479547682973 197.4568589977997 233.58375839902982
320.1312445538444 199.6562900850747 225.45085308479185
316.4502262068231 202.7523972652349 231.63544611473904
308.9662837526306 195.6994253563164 224.70672610280667
309.56249249659106 202.64551312557296 218.2892565205454
318.1056783250014 195.5441510419423 210.73893285172082
316.62552699018494 198.41034269099484 209.92440235021326
318.9268348347863 199.57138112859406 214.08130101013853
319.6452899631194 208.74576219158675 210.42273839458926
318.8320048584296 210.94840771265112 210.11870829034902
316.1365562378346 205.74798182994022 205.27617159557465
314.7397054097973 196.88719726902593 207.40718804921826
311.72940114514495 195.21759448620188 213.84516141039265
302.6712518380395 185.8268590072235 211.9716486858778
305.06999486103126 195.0358099882341 202.48608234187918
295.08266048220554 198.2435569475512 209.62208564440942
293.94049947131134 189.93550000141875 206.28079522020988
286.27505797547155 194.46111975640068 200.0525338313345
277.2924604181166 195.6950082811982 206.42513705128664
278.68198340916416 201.0541634944019 200.2792214049671
270.7924655006768 205.5681343154365 200.79003263923508
273.44441289256673 200.15053849834894 194.16192453642742
269.9115294963849 197.8731536600801 185.2859373375443
262.23070688656236 191.29828828646018 189.44970423177216
266.45186699458276 192.66577889871294 179.59256051838165
275.438333869521 190.06017450897195 180.96939351051256
277.64778023897776 189.88576568839258 174.94433612374087
271.74512541453254 182.92145643525654 178.17547863599086
279.6453831989125 173.25063445160805 179.19741769907156
275.03011347873417 181.0323784725395 177.3317093981691
276.7610973293824 173.3486987612972 178.32315844814747
273.4977322864933 182.05651165095875 179.8791710000715
271.87449431224877 182.08884451266476 178.61931677912796
275.2550198169808 185.9081463640136 175.88583686208145
274.82781851071474 192.5619303243311 167.6571193629976
281.6861691054928 192.9412633755486 161.660256688819
280.28484128487105 199.28584065217714 171.01223638606098
288.8584732669529 199.47533000889294 164.6312660525349
294.4058595921954 197.0118547311028 161.75049068066275
289.4026307944659 206.85864287546661 161.7016163602661
284.0352591283814 206.5505124750246 170.94772687468054
293.69193500860644 203.02800538003143 175.9092426549342
290.33452972901364 200.79406045190825 181.02931072549438
289.38088297455084 208.58930255531652 188.15514616944907
280.2673177667878 212.86067877541447 186.80853402754704
283.12218273339704 214.9395569532632 177.26488185186662
285.1234450993558 208.04438218760035 177.41442826730514
279.9952854214251 207.35917626839841 172.88028818282237
276.2059262123582 203.09931053143498 171.40013400475263
279.5645127088073 197.7814075905244 161.68595932303998
288.5949659575344 189.18158927863763 153.9538803263995
280.15493104328493 186.61223235163447 150.64643444622655
284.660550872635 184.49606898943873 143.45031058320026
275.70700662015525 189.78844757742246 145.01174093224705
274.71413261339274 187.07006490217665 142.93194023196122
269.63470414937575 189.64800558591656 148.41157630274802
262.1036041853195 197.2770342235249 158.40488371097982
259.3387730607322 199.81251467165507 152.33687299139496
254.9498914212999 204.1360109840535 154.28792822655944
246.68045225624553 194.30328276233118 153.75739175897507
251.7090978718081 198.69348761903376 144.23365018027735
246.95797089891482 193.52599605990292 142.34094707273374
254.70785482550883 186.0317702687458 141.73651585742863
248.7305838428025 193.32052318830097 139.75765667200307
252.86778565007495 192.82628228241057 142.65928668807598
258.44413806632946 188.0636046960279 151.4108962464025
249.66275760033224 192.46149425357171 144.7580781194974
257.7907537192109 201.38611860589074 148.60604007571345
261.5153429976676 196.34507586549432 149.42336690556212
264.49513149789016 191.14874103316504 149.18604272565292
256.0226806121503 185.11711771731197 155.52302439160732
261.1160932369155 193.29257812867857 147.20019231076645
251.14697027055456 191.11598300258657 138.05413842613055
260.6292412390064 195.47319222300194 147.17978934101083
255.18160634504858 194.13422307527844 138.2654220627374
249.84869944625683 202.04743346144542 143.06060839945016
259.29670470434405 193.8799217144585 134.2293194386129
258.69640554437666 192.23458330861848 136.7695003481222
255.26291318162345 196.1651482539833 141.6576227294358
259.01954682036853 197.76170571901397 139.77787708949248
260.4626186443922 201.96354792409412 138.25453409867612
268.09772969841583 201.0683542757617 141.06180362765923
266.8579732733843 210.94069313405905 135.8937024170699
273.7476715842964 202.88438200616122 127.23021436630209
279.5906434331077 205.85888976998885 118.40333110080972
274.9137304471625 212.69167797012022 119.2811463127726
270.3864657873163 207.1028312532704 125.66210980301375
273.54894032592966 199.2535270993843 124.4493031167558
268.3313051065739 198.7315410487521 134.3546759109553
273.075188766682 198.20589549377794 132.25935549865707
279.14139277837666 189.17360503262563 130.61115177270815
287.4014728107137 197.3273587188783 123.47975623038332
295.2287212857938 203.82490056258584 130.16254653404772
302.7161743212767 200.9990901598267 136.35293324204
299.4634247221496 197.56424306127784 144.29550950526183
289.8712297773154 199.0009286599723 148.45344668231218
297.2461941936406 196.8280469746345 155.76974349032542
294.020826091795 200.56004126122298 153.75179651996464
290.1709996636295 200.17894623737854 145.92742234312615
283.7029042785241 204.24185753867053 136.60753240597717
280.6770461482723 202.30976878442868 133.38632075855028
276.74595686176576 200.10779017876789 125.95937371607778
273.30438553823416 201.40420163619788 128.77246412987296
280.84671890257164 206.9160540671792 125.4369865285106
281.1466330006918 201.1263382793968 118.16477495031663
287.22342887034455 206.28043800717865 125.6182444488002
280.5229214805263 197.02847496008266 122.2787013613672
278.33355158970625 198.233047901341 127.48306258046078
272.46468655366124 191.86187486687817 128.5053768751316
278.7507453077158 183.6855144203435 136.52749863441605
270.86129373946176 183.68586537486718 131.49393101178575
273.88744192432836 187.46537566483224 130.4565547170293
283.21952844997844 188.5620880976298 130.4366006019865
290.0360140361933 197.5785928449041 129.69331171021696
281.0683363718328 202.96308752861862 122.09175742888267
284.99059693930053 193.50308747652392 122.67112693590617
292.61504649728124 185.77563064890902 117.95888401372872
285.46366517882547 188.53908015589778 123.78224618232355
280.9089321948287 180.19594118947128 123.72621219811688
286.7642354066135 171.25779349470295 117.28613194165656
285.7873180712487 165.2909027281856 116.30636241826647
287.31205674640415 163.05064663499263 106.63493356784727
293.50524374202365 171.47219226785347 102.28508137782855
293.84942321697895 173.676863432997 100.5212595057757
299.9163675251094 166.89723810018816 91.52981332277372
293.066716444157 157.2198451863137 100.65308936563001
294.8902335706464 154.9257376806502 108.00096994986266
287.3218889258577 152.09180638292108 108.35925216489129
285.10837337256714 147.5103286514726 117.41186948429205
281.9956534222498 138.63943852012156 120.7457402438389
286.2726290561061 140.70521220162587 116.99927827001801
279.8623827136813 146.4557605550782 111.13213565545516
280.80035065735774 143.05015248704498 113.50451014882616
279.1916591428331 151.12335039860218 122.2687237859057
281.00633548685914 143.81600362756555 114.36465874633988
273.55645279501414 152.3041857018981 124.34305801259144
276.0193894198905 159.53517507849043 129.19238967309636
268.34840110587203 157.21236017254023 137.65596790431738
262.2368415728029 162.1716997012457 145.54029495670136
268.82055142940453 157.50042786550273 154.9473644950108
259.51224027271405 154.4879159203803 157.9516037791445
251.60522100971187 145.9805777085717 154.0170229830495
251.41217877709911 150.27479170404226 161.43174535589765
256.2035646386 143.18673225534602 159.35852850476604
247.53772816120147 138.14083656741448 156.30868043193468
248.54666337866985 134.54178580447706 151.89657846008615
253.85405796000788 141.19240367642942 158.93542477228206
251.11512043154374 150.16111770759375 149.96278861683766
250.59883237294696 146.1949413532773 151.53065232349198
255.21604967309133 141.3681925460623 155.417266745649
261.35481637914233 134.58075463461074 161.71517359454765
266.3104165882179 133.21478189244854 166.42369718039163
263.4228320381714 134.25580971913553 163.90291294749935
271.1688899287093 140.8346732558884 163.26162887505026
278.78015551722063 135.63726436581354 170.2545165209288
269.48148274800405 129.58953472703706 167.1675441899002
263.6498326186643 131.66642092452196 166.03894683490572
254.08569551827767 125.17408324090734 164.2831286501098
262.1626207544291 131.45714885081844 156.95440355802995
255.12382616537388 136.2896899494532 156.7262194560938
253.57768280703348 144.51150668123424 162.83644634904127
256.50003433082696 137.01066270558442 158.84243370805697
260.8031501858433 135.590956759632 157.9213837983371
269.7787353093361 138.2518600919592 155.11546836660042
274.7671826212376 139.79881576096952 149.35597739265762
272.89783464080153 140.91419054340403 142.58150441630372
271.4859606895131 136.86913474571674 151.1570835353218
273.7346108243104 143.2516729324908 150.28925249024684
281.1096016111258 137.87466236808206 152.6686076557513
280.34086773818666 131.99152503138143 145.65902796931587
270.7965359258635 128.07592552184065 142.47939704738602
261.56552770582795 135.1632174555777 144.2273219889959
251.96654424504348 139.62181278919104 153.80319068496598
248.25347227025878 131.33657324664694 152.9927070957411
251.16039239261815 132.93599711436767 160.112221922981
248.7157305511919 140.61153236876578 159.06443281885007
248.46507123738144 130.77878707204002 155.67114637772616
243.95011514047093 134.9107632882234 162.99589919407012
252.3466682801586 144.13978472218136 161.56247916393613
261.16239736292334 151.37878439420246 163.163905983717
263.1232467600365 156.18896222073604 161.4348945367825
267.746323276122 165.14520963205968 169.02716600479945
260.643947315577 172.69497363619902 170.56076989924196
261.7897687954407 165.63126158882517 178.9594303611138
270.27643241069154 171.31852369970719 181.22323556597118
274.39064297786217 171.12247440936085 186.2908186809472
277.1900332471003 179.36830003393197 178.6669398037148
267.75966575993203 178.8460541579986 183.0187736451264
273.880025781167 169.94239664387203 187.60323622542032
281.1126479982659 169.24894032681814 186.6750255109186
275.6254394557156 173.6710585474447 195.56303540888445
277.2302410116856 166.91202765343505 200.93273611890166
275.2695850129165 163.94965267436268 196.89312108739776
269.0272232699688 168.48146009100586 194.4238329551932
265.88430205519944 177.67822724444815 200.235907584403
260.56229202648626 174.27884518972445 203.75275882879666
254.27328127388958 171.3618451354314 193.99191869112835
251.3322290385371 181.06373128424238 190.72391474605644
245.12584734815704 177.37320106087142 184.71194219620844
239.98494298161373 169.30418518256138 176.67951011611584
232.5920377818112 167.40010706817287 168.32871877257074
233.0148695531077 174.57721921338586 160.02177793911127
228.95013690611336 168.92981068717847 156.5809880302322
227.15261211267224 169.16483111503334 160.2620022399538
236.72464427948307 176.21264000509922 152.42086272553527
241.64253834362773 183.12117622611984 151.82040033655093
242.81715077763215 178.52579530564608 153.4774052915847
233.85682900989866 173.46435271996384 151.4471663119143
240.60046651430434 183.36314063990855 144.82337481498945
238.34223475695333 178.86582088834513 142.28747902999592
239.6158620928042 184.63643685277725 147.23887031413415
240.38732863819354 181.4396375915978 154.18594197072773
249.08343425442945 181.75710488803165 164.04750393711905
254.50126076940174 185.02576067893906 166.5943467856667
249.64347641539743 193.9216916831206 165.21604395779025
249.37109583640338 192.90703059645384 168.8854741090428
251.47270537384227 194.66175847952374 170.46063014862779
251.09528809372432 185.05522171663804 162.70896429783028
245.11185858697888 181.26678281056556 168.144710007636
243.32121969660915 184.49415879216443 175.5778092294532
245.95164641417477 186.25267331598212 182.88291330464324
239.82096992900335 195.44805985170683 192.8002390928686
233.5660734667984 188.40198830153085 185.6645944400495
237.8041842146189 191.57879407699653 189.2944432035495
238.23478918366672 200.82374650923504 189.12742808059056
244.05150009962202 201.45780778710764 194.61982259072647
250.97192414548397 192.15520547015763 187.62340515265376
254.00772057731584 184.56581361562124 196.1901312576505
247.7124093338318 179.21272923765753 201.91741355954383
244.6714268115889 178.51729795220274 208.4717036562178
250.21475368286877 174.70176078522687 203.43196420283675
252.63204491864494 171.40715697374446 201.97433939077678
254.79825719943824 171.69438993705168 193.50946513339463
248.54323217228387 174.25138511545728 202.14931973620497
254.21791130407564 179.75236555457207 200.67534386223087
245.4230958810962 185.152383907048 207.80662301729598
236.04068513414788 182.90084899634226 200.60033481000036
231.6227298499487 181.51143682318875 192.16942915812518
238.28611816209224 189.59606664099124 190.015020494777
245.06034322761872 184.5949635196207 189.16263001420776
235.6196552553703 180.08152996131557 196.954755435187
229.91008852186695 171.50550947925333 193.41015829097813
237.87129592731864 180.63465482852362 189.00397650416966
234.32373513739503 180.7698153478166 182.36845074816503
235.36889357741464 189.8012824977265 186.65387483706678
229.18345788266456 193.64627528961483 190.5207424215447
222.09839008222704 197.57503947948882 181.38083596796534
226.6308681430952 200.45924021206812 190.2837045477977
226.05538720181087 209.93602999548278 186.75324705065353
231.32823942515262 214.2226621888137 192.15086129861788
240.312651799606 224.18816787676275 189.81759563487148
235.7154888966851 221.8232758871003 191.83302705981419
227.70196756664222 218.6052720180982 187.1669151941409
222.88752982793542 222.97754425635895 192.63982963813564
212.94412713928816 232.4158938537046 199.02103635588168
213.6042710777948 242.12617696982818 202.5935833876003
214.2119364630762 234.3066062433898 206.4248311258521
210.03710216171936 233.15525897516002 216.25560772013293
204.97369230796176 224.27704171759464 209.53737350976292
196.39574897823996 220.09212480642213 210.63984295560107
195.24534640052315 211.5453179697451 207.65782538885944
197.84605402022817 211.10024428346043 210.66576748628185
205.12491616481498 201.72026620775392 219.90077082661057
207.20785149383738 197.6892028996003 218.92634536691523
204.99182027300492 190.45592360588375 210.12680461010208
207.55235388469742 185.94533364798113 201.33145829117564
199.59574741836605 189.55480003013315 199.28138014585866
189.77575707468054 198.28170946396887 207.64010490768027
185.9385826653747 207.07931100737764 197.96174010197348
193.6739643024962 205.94470384890786 207.336436956849
187.98385671309865 196.18342228862545 210.40645375078734
190.50130257972666 196.04480630619383 212.61116534360562
192.80404664573368 203.81657435427718 208.05370991228645
198.61697395925935 212.6035354704179 207.7495816757299
205.80466882178774 219.1640022494321 200.37231845530496
209.35952154258345 218.92576862830106 191.5330111572871
214.66123444293657 216.2927803719017 195.8280751096574
221.82183885350545 211.62377196111655 200.64042150746587
222.01863404630862 221.04832088232027 202.72863477895143
224.28833585788266 218.90971388443148 204.31765543040825
219.64534730842277 228.0893456245015 210.1418964959634
217.00379984577023 227.2166423701179 218.28396383736296
221.31912143415062 227.8729219493621 214.72935591104746
228.65434052060206 230.60625155457336 216.775497019124
221.9636186582629 223.32311220946104 210.16220482485443
231.82755433764285 214.32470205841796 219.1485494621413
233.72339225391386 211.70584910882718 212.11376414506594
230.34120635365957 215.69370788294447 214.02923200828297
238.13528973190066 212.04705172185058 205.18857976175536
239.70580493760548 210.24023144793318 212.68600944844943
237.87678746125175 206.80802869412776 221.3511725327188
236.43884990504642 203.81932448006557 224.13981361278007
239.88552085977787 200.54161078545616 221.53426932837186
234.23610354179635 204.9767074860622 212.35280650091823
227.4077228131296 212.59383306532655 214.9753317885011
226.3898877831248 203.21112994715736 206.06004603522555
230.33188258987525 195.57360224125625 212.6090926521699
232.84593161537944 189.41025029124341 205.5151469928309
231.79262288398797 197.39756829188664 203.41811792786817
229.77515300185533 188.93962661700556 212.40153815927638
237.3600048537026 183.62464756876653 217.2450759748418
236.69083610775255 189.57147517211482 226.9673215836821
237.67958845267302 191.882219127715 230.1158589721629
235.2705726046757 192.76008115120123 235.1921478525408
233.90489319217644 188.76595256196353 236.94352281501705
230.5012784870796 197.0380408827668 236.2177639250447
233.10316027933206 204.39733434777608 226.44757450480844
228.64414578876605 206.01336272573923 222.3349353305938
238.28466361060447 209.29950643980044 225.0946004870738
237.90207135229835 205.93927766143042 215.8080550795398
242.72509434014088 214.72303353133265 211.90990949304367
243.91706428092152 221.77848034435726 203.98857591486103
239.09244508045325 225.80917903253078 194.36661140298324
240.44227618174025 221.4952704321828 195.72180660539954
242.57552637116697 231.01269591531454 195.95021127422262
239.4597518933439 236.48843787390348 193.65304121509212
229.63570154573983 242.14297410677298 194.6867653958207
233.08319652781617 245.24486094979804 202.2397714523181
241.92707837618758 253.4725399154524 197.605472030629
249.30893063610853 243.57013718161986 197.54343454262974
253.57588838813754 243.01171296138395 199.80239052405662
254.23821058128013 243.0728122850734 200.55120962368724
254.78821014929244 233.57653341462495 207.21610604052282
260.49788670014027 231.49251969923125 214.7030080040537
262.04785260483476 240.27338811529242 222.4308277762724
270.24110042943454 245.3078300574065 216.26258972889838
276.8294350213037 250.9002156332758 215.4438585702552
283.86361889422875 248.2794765821095 221.40882711424248
291.00691244962894 258.0077839091874 226.1911577815965
281.4706908280158 261.8176960767651 217.31850160561163
289.8488853225036 270.20536504021595 226.3659733841617
283.36521913042355 267.0084089847783 225.60639669944064
285.2972882151079 270.6303993587709 231.85671571719826
280.2185093236119 275.6555530374606 222.06253656980542
271.02926427022913 278.7676313390471 228.12164733232476
274.5298943919303 271.7169083281821 226.66685105683084
284.17135566084517 263.8184989605203 218.57917463738227
276.3302118336019 261.23070365202835 226.18815105841858
282.56999158531426 262.59580870731986 234.7502179987324
286.74722256589774 257.85572302109796 243.24251068155178
293.5056889569709 251.03803474709065 239.21155164812438
286.479364286619 259.3153055603045 238.54626991581983
289.83339248273387 254.5897971450804 241.8712320384213
284.6904616857407 245.12362276796037 247.16942451207024
288.0722202183458 248.7241085766339 253.39660899844608
293.0948243295761 252.28590505198693 257.3587630585693
299.9193065180511 255.11544870762302 249.64603808588902
303.19694506109977 263.5857225120944 246.55572563036213
309.1390915875679 272.6238263208741 242.3111862346471
312.77346280357193 275.95140540819716 244.30039539153364
314.8524181302596 273.123195201618 244.6645566872427
320.99769226628825 271.7174176739412 249.69029587332193
315.2660525174598 262.1627152168433 248.03431959948117
309.54307598561275 259.03190229171446 238.70590744834814
317.02473185143236 253.0462473858759 232.2068572046066
325.7275055943644 256.55606760565075 241.12391078038118
318.59639639580746 248.8621642195196 240.6483852037844
323.8289588144119 241.58361510741133 233.8132654021487
327.5492825982312 240.40643826322142 243.79165849222417
323.4084362855297 232.8720552580145 237.26347065567217
324.57945942058956 223.73837121201112 245.92122740471387
330.5707740946299 214.01851802356384 246.40032734284532
337.71287200269035 205.58039895343126 243.08928100633995
332.22539312234267 213.78474354145612 248.8903066601118
324.96762865739015 220.40130423765308 240.73224888580336
332.00312228142286 228.66561073640648 235.91333674631338
337.2757819251854 227.43527920662112 236.17383036892278
331.19691889062227 237.07205423742178 240.6216745399686
340.15974898720225 239.22267197704397 233.87594902381818
334.8777679819759 249.16323949708269 238.09080732117337
337.8392641487207 245.38062779346185 244.1441121853644
335.995175428128 247.73549424973848 248.48202691826975
331.87998952951955 254.95112491046262 250.39857125538668
322.94659204618637 264.7915717292146 256.27847433239987
314.4656018523728 269.5289274284721 259.8386886904641
309.3582648456835 265.7901295461538 266.1819341541081
311.42330690313526 273.1685571964372 259.2669727684754
315.1654048918546 278.25585654293235 267.0471654573829
308.6393494299381 287.6542264417299 260.08756687029825
308.3655329318803 292.56650931181497 268.48762966108956
307.7845444155986 300.4176013859221 260.9871308624522
302.269400622439 293.3572144497105 260.1717586421632
305.79040175227345 300.81026716745373 254.9863332443239
298.403735849305 309.433747593484 262.16246069271136
294.1420768544999 305.54713035582586 270.8909907894845
292.34192883514737 312.76495259711277 273.7513869195893
284.87971120307077 317.6680185705904 272.04170786023326
283.0749349093047 311.33606875030307 271.89740439213745
284.8141219939601 316.6612532271352 279.0172328594009
278.68276896257726 309.02362007012454 279.16451598224586
273.36397185709416 311.6554335559017 282.54888670375385
281.79018602136875 302.0374410172369 289.2825894984294
273.3123097726811 293.6491452498064 284.0840572933799
281.9793523659917 294.1294838828019 282.15224229643667
277.87815390859447 287.06095901115447 279.6863069499269
270.80821083048477 280.69457279050505 281.20620543032345
279.2116893350566 279.22822636289226 274.0000340691231
283.78454406258726 271.19480171633165 274.52616842741816
280.79520155132377 270.7667033384062 282.74396569212917
283.8631781570743 270.5311674151984 279.6259084563561
284.3148436536052 271.5172651788109 271.3626733226454
288.48672843142845 261.7390133169338 266.9897505981686
280.45907812134504 261.3674523038466 265.6592825246243
288.20721832132784 256.21308935322924 264.715461200936
283.87325426163846 255.5939608220807 263.62280168832393
276.19897987064587 255.52676079895113 258.30516083075014
269.0139122179229 258.09168232683874 264.5255449712939
263.10300707534253 254.18101384518621 272.97316559908495
256.31836598261435 249.406583445995 280.83581215181067
253.0033119978157 251.8164031089174 271.64704663230697
244.1736340038302 250.50967520756808 262.4450162615994
236.9225552351235 245.4311242693652 262.10174284841906
233.18938532647297 236.18263737200087 255.8310231151368
224.48688881050916 237.6072993678573 250.78825816509934
228.22784630769632 237.3116278849254 252.3678813496139
225.8968564272218 242.99798111597875 258.5185798526112
217.32083064807819 245.06445492882 250.07526335172145
227.19888478053522 249.01789273610336 241.95486144258606
218.2000676292182 246.40807960021192 239.6467011535281
227.5778748878865 237.05274769497504 244.2340343974875
226.64286268535935 243.07071316466738 237.91145814204125
231.40068725551376 253.03886867398893 243.6749182783959
234.22380401488246 250.27194826835122 253.6581808032258
240.11985608736833 246.96631848496276 249.68745983869817
246.52143909636905 238.13153287028942 253.25728202263664
255.43899993491223 241.16990979903264 262.4323474487272
264.28663213503916 239.05339754716664 262.669803630074
261.50086306816644 244.6353517585904 259.1516640791874
268.8678155506115 251.1752820073814 256.3442301351184
276.61142611540737 256.93763480419176 260.38865994340256
266.64718427143384 259.4580638573694 254.2698443317981
267.08832261418627 255.96923535971086 252.34460045295833
264.0872623833481 256.3621797855451 255.23179648644978
262.1325476124328 255.383448066678 254.8169256770602
266.0625626509046 263.0570685196635 252.79307365928463
274.9967972729939 255.40400829824014 245.13949097103037
278.9589045809205 262.59659875495345 238.51724120507063
283.4372869237381 263.60770129699273 234.41607937683665
289.8588129270851 264.2139510398807 244.26156977274633
288.094012749953 259.8114094604579 250.32866486375787
284.50821193481545 261.8347366295189 241.8657221356646
282.72786956485896 258.7262563079894 238.28738300613023
279.5948159423492 256.8266519767484 230.33285727976664
288.49173559637416 253.59939599009107 226.03610628276343
284.99633306531547 246.22027469585498 233.09082824614345
285.6546034385387 249.64839595664995 227.02916346895836
278.1895021267832 249.4560057364798 224.968073249008
268.6389843520577 249.2627409430083 231.2136586100888
262.3877881172452 256.0426624770085 229.63155057251282
259.4957147161851 251.29252510747799 228.00622774829384
265.39036470814204 260.1028632134445 221.70923866012672
255.73532373279218 267.40503285721576 230.00027363181374
250.30717380045337 266.3616668364273 233.16135906559492
251.80271728100988 262.0812699769847 229.15199188827256
246.79266664615787 267.09275947575713 229.06678168712483
249.52710955518555 263.5134367451128 237.9218644300011
257.6812044207328 270.54315724194885 230.30916934915527
258.6387419259478 276.20882037050956 236.8677389640525
258.1065756729561 283.5886905758395 229.46387061397937
267.5790384109429 280.7260889777332 221.2167666583272
260.7258692077843 281.14842533347627 227.1511373828497
267.3675937600009 275.0936291052839 227.73337635882342
266.84982036980057 280.21202526784134 219.27360827960476
274.33170086880955 282.7514480537975 226.39182458671868
283.44414188947786 289.0808916487392 233.8482020165525
275.2564562455399 289.0752928419346 225.3830390545868
272.9337627987568 292.7398799350646 217.1552030556372
281.977587585542 299.8501148161666 215.19635561761072
280.9444331971619 295.2935564114336 223.1722072610862
273.1933934000669 286.87515514430356 231.7498774131084
277.2578129944074 289.1228330160464 235.75586136938557
268.82853425926845 291.9874367200825 237.79051329084524
274.4841332585385 288.94741380609815 244.83764267989358
266.95565412707685 283.67791492012793 243.61784007214808
273.73439238419843 279.00779602502024 239.12684704802598
266.8908236687956 280.4717314280809 244.23534659875529
267.43512078028124 283.43637160802274 239.09962691871846
262.1316447165827 282.0851532378675 238.67467088096598
268.0369806720653 288.2474225260057 243.68171063029158
273.9237922657407 281.22802275357344 234.15749390749124
272.5805025192571 278.05841890084616 232.69634830054756
268.12891227046754 285.51508631845667 234.58950377323902
260.3483867310651 278.39312926970956 234.37208854245065
258.7969848440611 269.5873722299265 236.03111132123672
265.068673260021 272.6720297416875 239.37102881021616
270.96360984753306 281.3628799281907 241.72154317312706
264.12281625729634 291.07502528934 232.42242628506648
262.11860969561644 283.12566960527516 227.09277814054676
270.9649266318961 289.9269933223609 220.68025534659114
277.30291215799633 287.9148164064859 225.9347767664887
284.58557498449113 279.59204933916936 223.0731755342933
293.05167741666816 287.91089360783997 224.52256324262984
296.8781453894713 294.4816929296372 227.59589047373268
304.22371724894776 302.9777579749857 225.57607139207775
311.4864365892273 307.52827993333307 232.48173431236052
303.3348707321619 303.7149116188411 224.5054602259545
306.59722262660546 312.14019538921696 223.07244190902685
297.8745542427849 317.9718204237458 219.38594738757536
292.39363250937885 320.2353673647623 216.56422243561138
290.8216410472078 323.4854689441901 208.546287158399
291.54456437145143 333.28664728813203 199.55543412002177
297.99761910965947 340.51534616178964 195.2371834578093
300.22518733876086 335.0664089790424 187.45860245064748
303.81155418597115 342.26824733319313 194.78053984741513
308.879624154441 350.6250597694098 204.4578425483483
305.2119749143811 344.1211724431106 211.7686327356029
313.5520024316581 350.29668925945504 206.2652906035706
312.5649349590319 349.61613514107785 204.55897001156592
308.63405363761274 347.12794174141965 202.5594942010419
317.48037896829265 351.8188886120798 194.88282630421148
312.42228562170453 347.4789706570997 187.42342178550277
305.4876366216116 345.55327163504893 184.469863315425
309.9878782008195 354.0980337234414 179.61695011176755
306.8125078780454 352.18610559744627 180.4351997819252
300.0113697117878 356.573200148996 189.13938280283054
293.8219771718045 348.44804220098405 192.31920902968835
290.5445093696847 340.953549139389 199.64496709598268
288.3909426299902 342.1492108408415 205.3715094342124
293.9825182660777 346.5353084113028 200.4304693508032
288.47835316272824 340.0810390436915 197.77343935175077
279.45862121261945 341.21495486489107 199.8377402292814
278.32504149117256 342.72355427050326 196.9117182215643
275.3552626093897 344.5982823259381 192.16663869321889
284.2982787247417 341.7894455619314 190.7701229357367
292.9867238317896 333.2963655692769 199.53829329068623
294.2967882548109 338.7637335402641 194.80039903472053
295.99570154333566 328.9750744418648 193.4424946405413
286.6134941527885 330.5717384488065 189.73526569640333
280.4706216687698 325.45218619874925 192.30685907811207
288.68956302823824 335.3275275776682 197.94063100677243
298.3174159228369 340.0350475333811 189.58226737883734
297.8431887578348 348.58137273030815 198.5198676834778
302.1182987680818 345.421819338995 205.55073752665368
302.46658304617665 342.30492897695717 198.47473085419477
293.2646148274893 335.6217349686197 208.19067967125
290.0128181036958 325.7694863252228 212.12300552264028
280.9896544791333 318.2888528289324 216.25568620945262
288.14605900498833 311.37090178625675 224.61981068933434
278.5744472187418 316.0154831980663 220.36079719895895
278.80071289439036 321.38366417269776 211.56764835895657
285.9025988745824 315.40167803335305 206.70672322831865
276.3397527286274 312.4771901886572 208.60763817360902
275.00796622524433 316.3865518406262 210.29264941681566
279.0536126256074 325.2590507944545 209.1159873663799
284.91205273815336 332.671647289052 216.16044306045941
287.49825914427237 332.50524401469124 221.69020531439332
280.2803552614668 340.88601909362563 221.1921012781751
277.6884046916262 340.6505742762464 228.9432986150273
282.2050007264064 332.01254531325964 228.0973512144321
288.760016125747 327.9015934665519 235.2102466065718
284.53605449402704 324.3057686178905 239.65952697514703
276.66897445204756 321.8373991078173 234.19914338187115
280.27875741822237 322.9336514991717 234.73957427648318
271.81854646405344 324.1881178587731 239.59151964390242
278.10056047461694 329.544938092771 234.2302241291111
284.97271172835474 337.90492879430775 240.86905722174203
277.1907520730158 342.091604803443 248.15777898400006
271.60941973510205 351.01973920595685 255.72183275835673
278.8366817939621 347.68050655256525 263.20376150157426
274.05447407873504 346.2010079373827 273.0780146690374
268.3867256908581 337.8328216353998 273.71741580828217
269.07691125659545 328.55477621221684 265.14799288807376
276.1005684446561 336.609124187157 258.9903947359679
283.6354417401484 336.37986758121235 262.88045431731024
281.488025045936 326.8392656332843 262.5840479454542
274.64228308853626 317.9852963184751 271.3058738358079
272.21090509543353 324.9300066030648 263.1173544148727
265.9612205049267 320.8999250871033 267.9622779087872
264.448742099473 313.9675407605762 265.04625110651773
262.25474767025895 309.89125616431596 268.2845314009526
253.39403779484573 309.56220294958564 258.63391817196595
261.72452322768095 305.96592704824957 260.85655580217303
265.21006645279124 313.63728418989496 258.6165333662501
260.30837175346636 321.14346012776866 261.12924172602595
250.81366803982937 317.3688847765885 255.53067264186197
254.25217156866353 317.29204149839865 258.2755439246518
260.5156336528409 323.2972212187515 256.7086175685018
250.9847639851604 332.92074585206905 255.1542547059767
251.92603447985113 332.0485432682996 262.25962034919837
252.5845024952469 340.9156099821989 271.2606609146475
242.9402334635579 339.5827534899987 273.91909262368966
237.30890123738143 348.7239569857473 272.6250454092311
237.46742743678493 352.0529996103602 270.0839583197369
236.97664217478402 346.1538027405479 279.4185992708496
238.42637889899626 355.7846701379894 285.79636308039176
237.0130045742822 352.29561114761344 292.6239129522693
228.34869177198797 362.23200867374095 285.8356308665143
221.17259871919646 369.0286395949482 276.58064391654796
216.22640152206802 362.0574750524784 271.98280354956586
208.75336332599292 358.63645859892483 266.7973982916281
198.95571790703326 358.32903643644096 273.4081560462506
200.99340581477645 348.6036095307647 273.41184743798703
207.50270027284898 351.01180104728786 268.760184486945
207.9191649651289 347.77119184750643 262.3794128707211
201.24631452368868 346.13240667520216 259.2922226806537
203.55742800557402 352.3733292177591 252.99593804938823
206.81165272043796 358.2665907128832 252.39674115683218
213.84015143309225 361.41314073448314 249.489397997056
217.55723615628264 361.20050386227985 255.14261270984346
213.7329650250513 370.8576080473895 259.99162184914223
217.8072285942182 361.73518651144997 253.44083437370526
218.3623534053007 354.56209671702834 244.6637611481152
213.89457495388893 353.8349641601788 236.1174488523651
211.22257958455072 358.3239785487952 237.8754911776982
209.34294091171228 360.5417309303946 239.3071671393497
205.63992208081487 359.51023814501474 248.25688567713854
214.53742477944618 363.37512140471597 241.56386435520332
222.6450659582739 366.8223357808013 231.89455656325208
227.7179843724285 366.89103288695253 228.91410095427182
234.72668348473042 360.9741842385199 219.69270457114422
242.636381404894 365.86995471344164 228.23119353353064
237.61104684644698 364.1960757452176 220.75018515678275
228.58515602832188 356.2101549989945 221.20106718692614
236.63463499915724 363.00728987257514 219.7413393529999
227.11867314462435 370.55948830541047 214.63484243584156
221.31748835408706 366.1126538982726 222.74464351642843
219.07540265545674 356.4835796512054 227.96598806593377
227.71352714592962 354.6933621188081 231.7962798471845
229.52824338086222 360.2662082265518 239.01662802322377
236.665730387948 365.3166878151899 233.74281647968533
240.253272893475 359.5265780216423 237.03658951264245
242.46016195044854 358.36980062456064 234.5979536255945
233.33874706808058 354.051599669431 232.63308959158917
235.49620934344395 354.680788971837 224.45608212330526
229.49123517970892 359.172262461792 224.81257991298804
225.5704430103949 355.2299736799751 227.72217142401686
229.52102965764786 350.085595598968 232.0787874488508
226.45176577549603 350.5007597324162 223.76587092990772
234.9410869245862 350.1340390760599 216.48552437833277
229.70020534800616 350.7642926249267 223.8518804259333
220.2637271027725 352.96719155755113 214.7130145771358
216.9807837126623 360.3340813354636 223.9373533619203
224.59483246163288 354.7839644067261 222.17573844894562
233.44934823854385 347.6782898511509 213.87857528074662
227.9614410556106 345.51756686224866 216.08123111534005
231.93594108653537 337.56092140553136 212.51295129706412
227.84909814956544 347.17358002456064 220.84688105439534
234.9458336210366 346.6178088687479 217.6428950589361
232.9580522760493 355.63666998959104 211.68488803344232
236.86585923632728 352.7692713918186 216.69884741192584
234.8846204370067 346.2602873975254 211.18504982109164
234.82431498057167 352.495745957973 206.25979122817856
243.4644010339159 361.7722423893063 202.41357142529486
235.11028714346654 365.3000491035466 206.783409597761
234.3923949294381 360.27779750923827 204.86457246033848
236.35190700426807 364.7390602683374 203.1649386424944
245.90278365231535 365.5962293099661 196.28495247793288
253.10986994444679 362.6422694949678 202.8018853483586
258.05587747333686 367.6053367419813 211.52458497804847
257.3909024270595 361.9995877130001 213.81235537167498
256.9488311463483 366.46172782407626 221.5955883989342
264.37152107736733 365.6028368554399 223.8799824574482
273.2262970785493 367.20591330826994 226.17210307318868
277.53728685449113 368.0272365181505 221.14012663661595
275.9413933622022 377.65822181355827 220.76985845162108
273.1962016015368 377.1907896959707 213.25284074311577
271.02036979382615 380.47313364572364 210.6347543490018
266.3264266253693 377.88408261959216 201.76588630895813
267.94275481601727 371.429186572911 202.74935514999336
276.2864133206305 369.3724334023167 195.06697244962334
277.17093747448564 363.8197856279888 197.40201251720939
284.59618475002446 372.6485332146755 196.50601739276811
284.2670000287769 380.94296984291213 190.00249171098545
287.89252666254015 384.0407185754392 182.26410272575183
296.87175750427724 380.76029840611164 189.18977534711203
288.9552913841357 376.776969960022 197.7346838132235
286.1424063026827 385.60638937712304 190.0798467824443
293.7901852520669 380.4391049156997 188.27006315819943
289.40844894718816 374.81541444035867 179.9179814816256
299.29268174941893 379.58964273762956 189.81292823707625
294.8587793645446 375.0604446577506 192.24294023585927
293.7777474049893 384.16952139327117 200.31027461759209
303.430771396139 380.291607012686 203.3507484131306
297.74933979905927 386.68506577016785 213.0286465237631
297.0574091250942 386.04468133784945 211.21117675258716
294.6981352970194 383.14690484391764 205.70514726004765
287.67129689817455 388.05858591497497 210.38716471958375
282.02974111884004 379.49795497386805 203.3231743054847
273.17377053891147 371.7818969735426 210.35675565430557
276.23894492833216 377.1868070796262 208.37307335147136
267.5663871565806 377.7012885515293 200.16005316971194
276.2895412408068 370.72664719381095 200.8294947040577
268.2936865528435 365.645220097489 209.21875412136723
271.52360447817233 369.0864878969284 215.5968641038757
274.6804742799517 364.6228915713288 218.8427557684583
281.6540009901993 372.9657968288855 210.03781747233495
278.5996897375958 364.1596008689895 213.8069613698998
276.60315200133374 363.5642428034619 218.7507606564403
277.697556424718 363.35214865575745 210.81762511168418
271.52030288202707 370.0047168893061 216.87265025994972
278.77109043291364 361.18290550686146 209.18572227334954
277.2695086023924 361.3038153709184 209.76320489524076
283.43962339935814 353.8003648351025 211.92983281226094
284.22208540326295 344.74463265787364 217.5706074962722
288.45272910695303 349.27889434574365 212.40531353346637
289.12175240426683 344.5026381387943 220.78323951605643
287.53487474783225 347.8392023233604 227.38511373622686
283.8477846620929 351.1381166172072 232.28696891425656
277.5078726921493 353.56241184472697 229.64094507620746
276.62371121783303 361.6161416900708 222.847682825915
269.3603137263329 368.46390615140444 213.4916682889662
277.12420785213016 372.3847064303044 203.72289233450945
284.2220217912836 363.7460109888366 211.9635389325213
281.8462574648003 372.1544596154549 220.6122974153583
281.6886066977727 363.68616540940866 211.67180683876163
284.11883737287866 362.5531164143861 205.31418482005702
274.6599429767698 359.93766178571434 196.3745445634961
272.1283589899565 364.0355544305432 203.96221849920943
262.8444098985133 372.71272287201765 207.42931258862282
266.12454598771217 371.2167498326945 204.30772647910032
266.2714696154576 374.41010384242384 203.5877830118754
257.4534251574066 365.0659274578834 212.308116238389
266.98212813537884 371.71111612667437 206.54800678930803
271.77437539272233 376.87511045541686 203.42607581159572
261.81093419630247 369.6312938148996 198.5409361158424
254.36989368129116 361.00433457849135 199.53559740163354
256.4480147648913 364.40262986546423 196.048512770709
254.41383738973914 367.2527590889423 199.07577455529025
250.94259887007016 371.14927930042273 189.15728286137082
248.47379976030587 371.67133847736227 180.37938150478814
255.66539472614076 370.46740370412317 176.63355252658442
255.35728636873878 366.14900539212783 185.98064190968475
247.11428347956388 373.2913016143141 184.47520947551533
244.55484750826355 371.0518083993299 184.4932399454865
245.24589462577612 378.54513221549456 184.73789360420557
243.24498703449936 379.8628804006299 184.9964672477934
247.62436616201032 387.33855126056704 191.03888297203366
250.79876586841385 390.04531231405093 191.7345494444603
260.1471705975739 386.6193110971996 194.62159619453615
252.81285841953186 386.0195537083064 197.24046360257398
249.92448512526988 387.99634909127445 204.89592118782903
251.27189163475208 384.088726859161 210.33226329957353
254.16759239130735 382.8335038416243 209.3018491821579
260.97815256548694 389.25217012209197 204.75982856636054
255.55868616681016 383.5462278478578 203.4320010367339
258.37498564689207 387.2674505518169 198.16897637637382
265.55941831919944 385.63176711266243 201.506284620166
273.6330368560865 394.44181392181764 196.06345207411272
279.92456659954996 393.9256564983986 186.5636668150148
272.78265493237427 394.11640398332844 194.48026064655554
268.8149961444531 384.89957870986905 199.10952797388347
260.90729840427656 375.9454463399191 189.13885630478737
255.50702538016822 374.9891718029008 193.82440311614096
249.45602198349133 368.0425089215575 200.29150425307873
250.8171634415455 377.4840883855854 209.79426244787302
258.01876703540506 382.3256667230818 213.7968640994271
265.167815928087 374.0279737359625 216.9998422209194
258.4911751016525 370.9799053934839 224.1306012179259
255.75925056791147 378.8848496781286 221.3175723203727
265.6359019859548 378.17768411999606 216.07554652834665
262.4098931647825 369.2485027705476 210.41934489391858
258.3942419322039 363.80580547001296 213.7279485847813
254.7551835703139 368.25140588495833 204.7566525359213
264.42690686476305 377.2801017915684 202.99809541599626
259.5493769797005 369.259842177523 195.98416239172374
251.46671174560186 375.77662964372126 200.3962614549939
253.54778110411573 382.5555755927756 192.85002571037384
259.50796897079294 375.75852324800627 202.28850163824828
261.68542784335057 369.24164903621977 209.4830402557362
258.2904341469189 360.5182388113113 201.8240957460039
256.425548439927 350.69362519556324 208.91500387984505
262.06288610919273 356.2048477579074 199.36219413495994
262.96184602165994 364.98510174134583 202.2592100052195
264.2904598733807 373.98589729889557 202.72330118946903
273.7974862490654 370.728996189492 195.67883956994794
266.3239309943246 365.64745129347 202.9755005726176
275.20450535943775 367.4783531582224 206.55264843210097
274.1862670035219 362.8934817117513 201.6682730252398
271.5868388282857 362.07771368376655 204.53815631897217
279.8371842816086 368.04306812413154 205.91548358477652
273.51780319221285 377.90415109258186 198.63755305853928
266.29193570732195 386.7504975260562 192.69532655209053
262.7405904760918 378.1743085546965 189.01157086052743
260.2074360288497 385.83027886678667 183.63455363754716
257.3072826514628 391.84921845783424 177.7430094389482
264.8949900225283 383.10057301218563 179.75560282581486
258.47044730581047 385.1291351840742 187.23012625129354
264.76120850086437 383.2269462556859 180.57521080495798
268.839634978825 386.63159105049573 177.9360678534423
276.3129775827038 385.7649399187808 174.79733064679388
40
274.9913885471053 352.53548286378117 190.48116337003876
268.4187227688713 340.70765568033687 199.2880139761938
285.0632920682173 347.71194529153587 199.9378070435944
286.81926379249035 332.63662756632795 198.6461599157495
285.00156466231533 335.3685679438669 198.41295033041288
290.89710216387 320.31783901018014 194.47079311482148
280.19955885192013 333.7283848080221 197.6697551847026
289.61228429776736 326.2981684072294 186.23721494797758
283.0687162480328 340.29044565351444 195.63926973527103
302.79486264815444 331.70840222802053 186.47024752475076
304.27762140001556 357.6319456037067 199.0698013856528
307.01177212239764 349.0391579463823 208.68067604993288
311.22364856020715 333.67044877304505 194.11060076549353
283.8202907079399 327.6475220951635 208.56614533113978
292.92491541064163 329.9040776902122 211.00499760810686
285.15846174367135 308.74816267258194 212.01978659178414
281.4627085615783 313.39097342571483 215.02282619385244
285.4321173110886 313.1740279464497 226.24965768450826
271.898142838402 325.9337023582128 201.8605542836053
292.2999617798972 305.7222636375584 215.464565399663
280.5751956311268 318.4428848350502 202.96877164618707
267.29538798665897 316.01813445544656 207.78726592125864
273.11925217993013 319.2239495302893 211.36324169219566
283.5523771649691 322.93756757239595 221.17618213375712
287.29323332866886 334.81495216213455 211.71892419245
285.52696534414406 349.54872539754723 220.76837622681515
268.41959178568277 331.6838976424787 236.45147222429048
282.06359461919 337.54611284358367 229.93775980068992
285.5923406672471 328.512863401471 237.94335431015557
276.1753385539834 323.7398258851183 229.9225150632899
277.66984335834076 331.36655190143904 236.78647273647272
288.4058528698413 315.0595765506511 232.53210935984234
270.5261197691536 322.9219026799165 234.73191312492887
271.35709285789204 329.15308943396616 231.02661390170582
282.2146580546985 336.55477685617626 232.32708411619708
269.2325812542891 333.15798041046 243.68006904421904
275.64336735069605 356.6681082050215 264.8521588830545
276.9102377126798 348.3662553528541 262.5287095929508
274.74292295260227 341.8880539735374 263.9202373054977
274.79815322226835 337.9255103373731 280.3686647909615
