1000
288.59940510657947 110.14656329339469 338.1202907262642
295.31116336510286 112.48657863252323 329.24773494383277
305.2944431718515 105.49086848496043 322.22477723153014
309.1290305327979 109.76498993606654 331.763976819278
307.5869751185559 109.98251914607151 333.1322674789802
303.2972806165731 100.79317470932274 340.7888365906076
298.45737700238817 106.42831510627771 333.7752432304398
301.0363045907489 102.93391013690629 325.13068477244116
308.43260230998123 104.10086157685203 321.5038113271439
307.4673893476022 104.97797867726395 319.17410215282536
300.2729542243315 113.44483278881273 322.79625616508525
298.9320360675292 115.96743098774911 315.7118355327445
291.36237564030824 111.54791177913978 309.0846646583763
293.7952704917118 108.0520619083099 313.49241908350353
286.49095248649706 106.53964458622428 307.9300401769321
292.59586727562794 98.22036943705726 316.61760252645
284.0078438946791 98.61539876959222 326.5513019994527
276.83011800982587 95.60776660184578 322.75958588896106
274.9891636344835 100.32593194280132 327.94412834482483
281.9333836835624 94.00059310200598 322.87027428365974
289.2428694005421 87.98288436739023 318.99770731560767
289.9557753480337 88.09437687527272 313.2468657819596
293.97442769604464 80.37676821309404 309.10814852900194
301.7647175019736 71.52821192535644 307.469700717615
310.3973668934636 79.28780236148903 310.33910450465726
300.62722685542315 80.23439474289349 305.2401413901926
293.23616642246066 81.16273376769131 302.71389594456053
296.4403847245926 76.34049931862124 297.0581742975998
294.9504859390448 79.67151156582925 305.80547835266475
294.9394012198288 79.57573906038968 301.09850993014174
298.17424050883255 71.55699781470909 301.0984160937719
293.98478882918124 64.8386458048615 306.06482546214437
295.6396448284158 64.46499909185363 308.630354514684
289.1460353781249 73.75061677306253 309.4053506158936
296.03894767472656 82.16162173743311 314.1327069933043
292.7508948038752 88.43686110383874 318.86034408098425
294.5453689258411 89.83703738946838 325.01544543810434
286.1960082699454 82.33916690143757 319.24361259711463
288.4829497890374 76.63244074862075 320.3561194645406
295.37669615272694 78.77761049574815 321.4355106524082
293.5905108726889 68.95566607437722 312.9051347091985
296.5136831601896 63.64162672379767 320.2022376380173
291.2880504981831 60.66848767661378 318.4554699419748
285.7956707437956 58.9638714143682 324.50150258387157
285.1112750951643 65.61159830482998 330.7877006077995
284.57607549928184 65.87169283982715 335.15533745861234
280.69534938637315 69.13751255320135 342.41893452898825
274.6338461551574 74.0309421983503 349.31383914048
268.72001011147 68.88362396249988 348.3704373034054
268.8597098776229 66.98196883034383 339.10815825285846
267.39888859034653 59.89572250912781 344.5709351210114
269.43021196807626 51.778513063579155 353.4351478917648
264.42358768320645 49.927949280852324 350.3787030637144
259.256428015701 54.7228593827457 342.07812303653265
257.782775076709 58.61759591438516 333.02314372290834
262.55482410539446 64.8528391205979 334.57224717651127
255.30458795202287 74.2312684299971 338.3294971545106
254.37689572427354 76.66062942993837 339.1403275811241
256.33371471812455 76.59088803604736 340.36395796563676
265.15494098877156 84.92172803384778 331.6471991146588
264.19021289642336 90.83338953338726 337.01604092383866
256.8263931690533 96.9506146042653 340.1323463470621
253.07407506331487 90.80216692904335 343.28655416855
246.27336490996734 89.82744883190749 347.53100419912755
254.1798614193562 99.01289342858765 345.79110112645594
249.58070688993368 93.6604654756483 348.003674593507
247.00167377139203 96.70909460450454 357.2251462083804
237.34639788886943 93.69888444909056 358.76701898704385
238.7707984765182 99.39675778077289 356.82355283462846
238.2503235044124 91.41217584069403 357.36136997603927
239.04240278975638 93.30322588490938 349.29146753774637
238.70896384564014 88.67039560927554 356.95649360312416
244.15508402864242 97.52048186049089 353.3086595427813
242.33449277865228 97.35770158447538 346.3440739853715
250.040821576971 98.48760372243667 347.91019237060675
245.66031341625845 89.14775203372895 344.1817401184738
245.13863074921235 79.41901085062823 337.77662867405684
238.88170075769946 74.94718666531033 346.1948496972151
245.08581407518497 72.61700256851769 355.13040940459075
249.62131336381523 71.73748287612203 348.44610948601945
241.78617961317394 69.27821460841572 348.34775829878106
246.4885793883268 79.08433574280924 342.5805628113725
252.2877175510187 85.45490438181609 352.46143434968536
245.50130923717006 94.13107303060325 352.08866934579095
236.01254174069123 85.07669256460892 350.1714287953145
228.22622506816882 81.67707533025842 347.7380384273027
224.73552625728698 79.49009526815806 354.9955022254689
215.4665718756118 78.02252963693788 360.53895155438715
209.90742312606753 86.6488118474131 368.46420731897166
218.2703367705693 78.09726456229518 361.6757274637393
220.86877741474834 79.5547041140137 371.58861555493013
223.6547470855436 74.41901304462282 381.57024901647134
232.98712412952216 72.420441481734 373.24776401814086
227.95921400761836 64.30920365673353 379.24240153371215
236.14877794354285 73.60787539579165 382.7071541844207
228.81639779018528 77.10942087793939 391.5959122406919
238.11000424498252 81.45466183072308 400.22263400874186
231.14111521597783 81.27916808177547 393.10024624329367
222.69271126903362 90.51368995316642 393.9666724653974
216.16940204543405 85.57432110288825 385.93953509267965
221.78580323843576 91.0640946268858 382.9649615334001
228.58971703841863 88.82055919762527 376.8308704352661
222.86116987003754 94.37912851910095 383.74766813778547
230.80559615918912 96.78659044606567 378.9812358855099
239.79093802843119 103.16554991632947 371.34406477128886
247.61497598570702 98.86792647513774 375.05986515318443
251.99524331831407 98.86884318770916 370.71954098000646
246.91255886019795 91.97999230454984 375.40275621288185
238.44103260510923 86.96110839580356 370.4403488264604
241.59825913060806 85.41555746306777 372.3033469994875
246.363677839905 86.06320254193372 374.0323078518601
255.49410876090394 92.64028245821106 371.07039454600124
252.26181552759863 87.74486783582674 372.8610576271447
252.07046231068531 89.09981295166378 369.3066432635946
242.65301087875454 92.65433051005485 372.225461452604
236.54532819531195 95.42154048453125 366.9262548012497
239.5496458176355 85.70490767104367 363.78337951826103
247.00309970545192 94.0290074419496 363.9128627362566
239.36294411691412 97.48869624499967 356.78173001691795
238.23990845712405 87.62955399783617 361.45845115443313
241.90963080113713 94.365265452751 363.85200112989287
234.13299481879577 85.53175448062032 371.9490900763549
236.44797238522406 84.6505464968571 364.5837038149418
235.9294823950397 92.43689945822993 368.1488924935097
226.1506067298493 95.32157283953121 368.90812493615107
222.5662629742855 89.80906241045872 374.86571467350194
221.23345927343715 96.0893232452403 384.7760877167939
221.99245632869227 88.27508588416632 393.56988241901536
213.15225358873727 80.94000572519535 400.9172471053213
212.1270635868485 84.40572851483807 406.9300381691032
220.35206253949838 93.09293891960503 411.85418659521287
220.60138006376923 97.59467987284648 413.93293862621096
217.38130286155555 91.35480867850184 405.5718069171753
222.17065938076072 82.1245641091661 399.81198000813504
218.54514068261852 74.0352583331415 399.73555338880067
216.20816321097683 73.30694453483703 406.5912075012442
220.9191808824486 81.82827350485826 397.29496493834307
221.62107821069722 91.74303056281477 391.1670212171006
214.78068844977236 88.96918847249718 389.6307249632482
212.22156644260264 88.69092885839065 381.6754270750084
204.8085766354024 87.69517864972853 385.1254887954958
212.3001220328622 81.5788605519611 377.5052531756437
221.09879242816447 75.10787647252192 385.21481274051746
219.29158310812377 65.78487241845674 394.4613938039282
212.94329089250544 67.87613275364001 391.64261747165176
216.37423467937776 66.48937532070336 385.43199615392376
215.17376312931788 69.59388727994725 378.99662757330634
206.98378641118956 75.87498277064064 376.9938485528227
199.2785409128673 66.27781792848683 386.9483992935089
199.95468555224906 67.54109622015311 386.2929525296307
190.06600432546838 70.7206882581546 387.79040512691495
186.51686316228637 67.43669554366078 396.1163579312479
182.03027644765137 64.34912990622848 389.92111703152705
179.95088338168517 55.60595576947881 397.2829169847558
184.45103697524195 48.978887091792245 395.6893922032479
175.92873376180611 51.783991210204626 404.2074976309898
180.8715023273388 51.443613905207584 400.7219104579801
174.01260641306442 47.71285490254361 392.263249100392
169.2324341837729 42.18582272529725 399.87385792318764
176.7405919202872 50.17956635763355 395.9075497371561
180.32092530494367 59.90992698986684 398.4275846434076
182.7277145447156 52.411213927133595 403.14563859791394
185.0974014427216 43.859621926291396 402.1027961363513
191.0562574387669 33.96321291975505 399.16703690570927
195.6888274241848 38.9286508039109 398.9436645639208
198.29272141655596 38.41715927326818 404.79195936459774
192.23090434276895 39.19167056552844 400.70535570199786
189.89647564044202 30.761905667279308 401.4816616074117
187.59902536654664 31.694892364037642 403.36944883621726
194.3564466160916 40.88193552246941 411.4385508401555
194.63928655781746 42.6377150476968 411.6409246635233
193.19656199403346 34.0822826618548 420.2073566832779
196.99383568671522 28.900181427522863 413.6562756663071
187.39851077172565 34.49617760522955 405.1972738561677
193.44005918567032 43.73407412712733 402.6670378091446
195.75860759531292 39.69463999886216 407.23167644081536
191.15754671882468 29.74531656523013 400.53808182354715
183.60407915133186 34.39289329439567 408.7472510452942
182.59585912184437 27.131954230687704 418.2668536061078
177.76708762218254 36.42138325566462 414.0291016361173
170.71481216057748 31.96660707060003 422.0522528935751
179.99378602769687 25.894670634998526 413.1071310839729
174.29928438532457 27.693620987109938 413.1924751158652
169.75689859772268 33.783438998091626 411.8698993981538
168.1132634869952 42.97235885693114 409.0648471728324
170.57158161210936 34.372031664128826 406.0837547530088
167.12760647993784 29.157008266047164 405.1934593203479
171.57800801987128 28.4949510405421 411.3009669499181
180.57985030028584 20.383767128348865 407.7173796527464
189.75880808423693 29.371145516710445 407.576947816771
196.61738804390546 37.49178935718787 408.23066724468316
200.15196361222388 30.323236449239076 415.1934729889912
200.09113393377078 29.152834202692162 417.5760471435624
203.56372167462166 27.235153735815214 418.2064618171757
202.13187260106704 34.66913057945081 420.30647955426787
209.47550364889165 25.267204519520682 425.34123232097943
212.5645231163322 30.993011062464234 420.0565425165932
203.9742650211013 26.755545801619668 410.2343926818482
194.70197849575283 36.35567981253299 408.94910851728656
198.6534843626351 35.24464464297619 409.9873895549293
198.45497393752737 44.32448665075724 400.5477135498131
208.18455693695307 50.79389184457121 392.1758626178067
215.12366180581003 49.534422111941225 398.32925909318175
212.2859608343672 45.951395202387666 397.8919122066987
208.17969885934951 38.60152250435185 389.38859484702647
203.94574286304515 36.5055552800397 397.3647457253145
206.5414705379451 37.56209738998121 392.86078674500754
201.94202084067368 42.95030397657644 395.5846791840809
209.93442894765374 38.12426693983068 399.8111406549067
202.44518425011734 32.13050723568464 406.00768760527853
211.0435401714211 35.36787705140351 401.20434957273454
201.2663699524573 34.1099057676227 407.8687766497593
204.1596665270135 29.7309314784984 403.3791467698094
210.12705253752594 22.79289455413039 411.8442298527107
211.39873185268036 27.43366098756421 418.29466212417145
215.21739525178748 23.41506987742608 422.8975945042706
220.49553171988973 27.071735515663015 429.36475734223814
211.52301350365394 25.850291794428202 432.61296901823505
217.8518377898718 34.45647023933667 430.963092343706
207.99859901438185 39.32588952151243 425.0955796706902
206.4391766594103 42.34484123482838 421.7444341932577
206.22249479625322 46.63766091613328 416.24091949001433
199.27309158105948 44.139271981493096 417.47751764298914
200.19922345387468 53.98946976000977 412.5962608152247
194.6290106080377 60.90906631451077 417.220605090206
190.5725669654993 62.31089385540925 424.34007843160333
197.8985106693953 67.713333084024 422.6606379249682
189.65970913141962 69.87469272764997 431.25652959165853
182.4381524883817 62.86835531791731 425.4014038928056
183.3501536197118 57.200006629787104 429.0780392879534
178.15675437355856 50.89981412388375 433.86736995423144
173.7352567372689 55.818094299963654 429.4275496199907
179.88423730943404 58.94204531084577 425.1106145096445
177.71417104776074 51.90182652446088 425.31732403854784
171.55744556414504 43.338888016611904 431.98826404289457
177.79793224861615 38.16705446671975 428.37082399556476
182.13789820118186 32.583825351551226 430.69182150975763
189.238001223456 30.889250383060176 436.52505230576764
184.31808446342075 39.31081121954833 427.8123934541621
184.64097533660112 37.99165872456244 420.0138600898893
189.29766421912527 33.509966644344466 413.30144235646395
195.48367134522476 43.24249665516137 407.0522319247794
189.19316825923164 38.98626186326092 404.52765196479453
191.68538706317335 31.705632204276796 412.2512989615192
198.7456067161297 22.150610714715256 409.36269788921527
192.67199879909177 29.04847756627772 408.5786431964336
191.94428654524236 21.490057009263353 401.1041974832029
199.0357015124136 28.73740717064399 393.7159746709917
191.62123709476523 35.61154154429211 395.2172152028704
194.38180283029754 35.46798701203828 390.0037144424551
195.72818210503578 35.807823162585684 388.26259320849147
185.7575078775392 33.61794697736267 395.1115869108031
194.30750974558174 29.77931513341221 405.0863142207475
203.30650756841442 37.2435058718085 409.22269027817015
201.71595403870737 40.45243020590998 404.9425058209748
194.2814331328695 48.57461972723735 400.6846591789346
203.84043615369808 49.42123184914268 393.96448586987947
205.65566861940462 43.55072321873317 394.8876293126779
204.73672742727135 49.63550976448149 388.39624656595066
213.2321245430058 40.92036183761863 382.08962566957615
206.7754317532873 40.36893714392288 374.5726926882775
200.20754844859198 36.12668261913087 374.81331963089036
198.7342209178967 38.03563341206077 370.8421147068353
198.3890334826237 34.91269300185199 361.1664436336154
194.58893055622818 43.324118666673726 357.24726245569315
199.76744195206933 41.6825570399594 352.4258055194439
191.0184534225719 32.78342626054467 344.83988585494194
185.03563772629866 34.26257349632832 336.9114476965383
188.420004854241 35.36123545922423 327.91075749721693
190.06785546140696 43.66606385605972 324.4724966509141
186.00068479762476 45.801812573051734 326.97799060860336
190.35406983694563 55.157790967947165 328.3019235754561
199.71007240622066 55.652012919401784 334.8772573529665
189.73431010358632 59.45103908186815 341.85684787435343
191.08519358871584 53.26057512677482 334.90083558394895
198.63873178523133 60.65749321348059 336.4967511720397
205.5962633960713 67.36161543031284 336.5102125361147
213.27629485144334 63.77308726752637 330.7500897462145
206.37170046049295 53.897434418135944 329.3519982920186
211.3195171237056 61.48021032613339 337.2962040084453
210.97142568501428 70.54433042796714 343.4831347215212
216.45830372461472 77.28513634948744 342.22179585073854
219.80242463226602 85.41271958543622 343.38177154934107
217.23534396899953 87.2385325297861 351.7927127434168
208.09849722961158 79.74100197200691 361.5921616580392
209.2565550456339 78.70562027412245 368.4573775277313
216.3902362812549 79.72575147867435 373.7542056657509
209.9906308005609 77.26106028588987 369.33162697243114
200.8943049643941 80.50405657683008 371.129975230182
198.43545902931373 75.86410017102654 374.00548323677975
190.50749731477134 70.1069629204176 366.5113652621101
192.24818109943 72.6282662922818 363.4246196863849
187.27645243460492 68.63535579394421 366.273743936126
194.8440368426813 72.4324716589081 372.0911486572481
193.87073290219294 63.07132999608912 373.74171548513976
201.82647080307757 59.8975599434379 378.0814744310817
201.95158523890888 59.137347214068654 377.96651903789177
201.1279479354481 59.50107168193504 386.8491138990387
203.71707328318556 52.9041994898794 385.4260378743786
206.65504139429575 43.32991713931679 383.4197559092285
214.7691260829408 46.561551479584345 387.29382359528233
207.405811493273 40.74977628290193 378.003424433615
202.8139019327291 39.51980194498474 378.9258735941598
199.9401682016727 41.00620429826479 388.41731540197026
202.43546364098486 31.974827328152976 379.03454012371253
199.8474213780653 32.62496157418309 381.0966589985892
197.91936714153357 37.01419233244848 379.4009186972251
199.6520360212246 27.95905798688136 384.19470869772783
208.0702114795407 22.545542431600488 381.5295932219444
211.1807715671558 20.44426807626639 386.9610132565247
215.62406856055156 27.765483551914443 380.5214105173098
223.6761102045487 28.095892342589067 379.8534181762906
228.4454215791265 18.58795457043548 373.23775015808724
220.31930257725716 19.55023079873141 380.6504712821245
210.83670642490256 10.04724940805557 375.9594354301218
203.19084502318194 1.5644303362554144 385.7433632062525
197.6055137897069 2.122002439916469 385.40937978952957
192.39532619978363 -2.6595933270055157 380.59470198211363
196.80217431786997 5.886325034927454 389.23658396437276
197.20402948601628 6.67216102989549 394.23587258706476
191.89342110744474 7.048331011915765 395.24435134426835
186.6022586504341 6.8355197630029245 390.5995018354566
176.7535771745736 3.6371758184836693 384.54657469057537
174.05392726059912 3.569705577203968 380.8465199893762
176.3918937251468 -4.574826981891113 385.81761604166536
178.01549509815152 -6.088447223958908 384.67023762976714
173.6685925950049 2.359556304324447 389.14309532062435
180.34718628545838 -3.1052060444133414 379.9974331466812
179.18757113043122 4.863515427247221 375.735027207273
186.61377599782176 6.826155524908788 377.78879117639264
179.65636900864283 13.669125150419413 385.2871803864341
175.2637376948896 12.669262734009596 383.92784803655184
170.35662515715686 11.663608151864183 377.2972706404777
163.7233725900497 18.276847497787344 377.9568623494194
156.80688989853869 8.327741052345964 369.15537881303254
152.54951906423102 6.975672796906985 375.89793952639036
145.70406283674183 12.374552829512147 375.2187400471014
154.36725315752068 15.049509706696547 370.6809404349414
152.36936278348455 23.85926194930328 367.4022980660536
142.75477155980937 33.012556524991936 375.68850088361756
136.35613434307615 28.29704480086887 376.4992164387474
138.01051490737052 19.385841322353386 378.4509708312943
133.77100263089082 11.935692552675807 369.60486091167354
134.336904580395 5.841537367268692 362.7056072874524
139.4005809727349 15.259915969036832 370.4486256995981
131.0419704980961 5.574900948757374 370.8943526516964
132.40017665111395 13.470248545789811 369.402503882962
129.50987731317318 23.031135614015525 368.41306547003575
134.10786368119867 16.284231609597434 359.2398372058273
138.5346406087359 9.051043265150302 366.921576421329
135.2394192869765 11.05202057815124 361.29271802284944
140.45211143551933 11.078179015065416 358.7325961238773
143.65924574509432 11.741188790064884 354.4968992092228
136.48636522507115 4.638280609775563 351.63215409809726
131.67384818770867 10.685630220654566 357.0253986373641
134.5842352022545 3.5344408111938233 351.67651750568336
135.54060343882517 11.462706643970918 347.9086629903909
136.7280328697603 17.984208939865105 355.5155405724182
137.95562614946772 23.702177872497497 356.02213982029866
135.2248080646468 26.061406000464846 350.16029205291255
125.97323488668435 22.47082766468397 344.95995488166466
132.81647226193493 28.568596595403342 337.96915637775254
136.09619786053034 20.178795950325934 337.7812458000939
130.19112777963159 15.50686930881335 344.7664240028012
121.13684691502166 23.408638392416037 353.2729824066598
128.62987621328256 31.407845720174894 349.9318123840036
136.28419830243433 23.94021876223976 351.42341789723685
139.10217128213338 23.792377666523766 360.11149177683865
143.0870656765201 17.091117026724344 350.7332500001913
145.272182486376 13.27736439634622 347.71407818328277
142.47140901823437 3.363963877749752 339.27452867258773
142.27395949259852 9.054684504365564 339.18201187682126
138.98205982671413 14.785647335041725 334.29098541305945
131.2035950306008 18.865340861498392 335.33802892364616
137.43485571658567 10.947645224334277 332.08016498389725
139.82013409909462 8.028382031784531 341.94291261529185
131.90984920202246 7.127462174059291 346.0909929695703
130.97378617208324 9.976412572076152 346.0241016072264
132.20966907391076 17.533851743244885 354.5989955178809
138.00046475408897 17.832041647003408 353.3658633093068
145.3137109466244 19.047156650602883 349.4762514686586
152.25673038496197 9.640015338804922 349.8178621695898
147.72057202959832 19.02682306650199 342.388321494531
143.22245734204031 14.703531391808225 351.3307877339047
135.23005014303683 18.991669113630046 361.0296156333311
136.14740561188555 15.059615438369704 362.5008847867212
142.85348978479786 16.60005294952 371.5713015943772
136.20001402215556 10.75845018814801 373.6204344794803
139.75079182689188 10.061886862158573 378.61903113021623
141.2010542838293 14.198743991570499 387.6141040045017
144.30620284556568 17.393306180702158 392.43993395580924
145.37852018123203 10.850596049969557 400.46873862260566
138.69889700292217 8.880105805828098 395.5043930280258
129.47035545358202 10.950516827867746 397.2307603766804
134.90464361026423 13.024300148276502 389.79459174560145
141.056279346193 10.279475939035825 386.68652729046624
136.40541729687328 9.893639988099823 392.7267801338832
145.63827968479444 5.24472722960609 385.925638141025
155.18011220342086 7.1844030280726745 386.5732784562174
148.28740048715622 7.733996186718802 390.5497665292923
142.39188555114225 -1.113437375794085 392.0399679461237
150.83863127768745 -8.271816322411299 398.244708629547
157.0106674241121 1.2224892144843924 392.7015644438798
160.4390170690935 2.7442891139194825 384.7940580957542
166.97218728581518 -0.8535087899552596 380.39718380168364
170.25849811002433 7.350118958128743 390.3102590561505
179.28284050678124 7.904973899056923 395.6978633397601
176.14072122437656 12.794072004873343 386.0142262090471
172.2667572612274 4.015733171499498 377.9983379619773
172.17468629919887 -5.485791824955026 380.95456105502717
168.50265772519597 -1.5678694211090223 388.37691466935394
165.48310233096572 7.238563826051352 382.03283486741907
167.74823182378188 2.1016098975035 374.5573918687737
171.41595840151084 4.05708907175138 369.74880034229324
165.59004304384143 -3.887082386301315 374.08730804525857
160.44172576937183 -8.222960798894476 365.71720927096874
159.32302427152993 -11.55831267535399 372.98567213412724
167.90466051518342 -17.327855551601214 364.8097575538431
174.65207331360304 -12.15512941562878 360.25451623108466
178.26190875592093 -8.63772057303945 367.2067261031747
168.40563379108275 -12.310065062366716 363.1103166783258
168.73463757721137 -15.233883819301457 360.1885337657524
174.9749670377105 -12.659342843741983 364.3993717597437
174.01407214568374 -14.707463334571285 360.7875586800812
164.68771321260633 -23.459061432542594 358.23168189478633
168.68918257939146 -26.008093732326152 352.23274917796925
169.7749675035622 -20.76295347116843 351.32399521419933
175.6138948572237 -21.266742442547027 349.1410060445505
166.1110400480181 -12.060058575880403 356.1663440055796
159.0633111337579 -8.315634149060642 347.70881131686144
156.97577606252023 -11.296090300619664 343.27965573173674
162.7326203770976 -17.273318450345272 344.74240508123734
162.62839573198258 -17.38181666100124 344.32032710198405
163.11217807646358 -26.195564469542646 353.23959048367743
155.84889791917456 -18.674981469097823 347.1355030560428
162.7980485593554 -23.302599298807813 355.95043292054027
165.0870916719942 -33.00667356751752 352.1431519159156
172.92981041434626 -41.823812805646156 361.26952074303153
174.66984783458977 -33.73242406968971 369.71442604799364
183.6263683903557 -42.2989132580194 370.4072512525098
185.99206733192236 -48.36375130861078 379.13359611597303
194.92371226151116 -55.455153944173546 371.74581539584966
194.43290930508985 -48.041020140107484 366.35029160873154
198.1456172411056 -52.8545632432373 358.34355790755245
198.45698038648936 -55.75109824822111 359.043131795866
188.56768495115492 -57.90654694594627 351.1174681780802
195.1706991548325 -57.74497027923625 341.74961294989254
190.50013401947743 -48.29379343685291 339.50689939008043
194.1522312514863 -51.80357096288454 337.3353558381021
194.1476891076857 -55.46533406091968 330.74926350020354
188.51104586114963 -65.33413169175132 340.6068737770681
185.51294363023283 -64.64637295341271 350.0695502724959
182.5373616570994 -69.1603089784585 352.8722343058876
186.1355720209437 -67.70445341324402 356.34093587147987
184.72005810054134 -65.539299204713 347.0892860548253
194.7022837023708 -59.838501113727375 340.52836999573026
194.6544533210037 -61.77015880897707 331.0247219097346
203.67015536861297 -69.12114993285591 338.8415428309414
211.64580066546165 -72.08704686313656 345.5530905753212
220.01274959981606 -77.0020705849652 338.2449780011482
210.65251127164635 -72.7130417249901 343.8362108001333
214.69546181740793 -68.74742782117154 351.4092707047768
210.64146697029642 -59.07661153331556 349.8109936519276
205.49394608604445 -58.8781759409337 340.8314096950177
210.85450321970387 -62.96621920536363 336.3848005300565
201.41516980533268 -60.42365550800091 334.4031390469944
209.83721679018092 -68.84140487528137 335.0078294146861
214.30468273106908 -64.68231415970803 336.5452072402918
217.8531893425964 -60.88833266433492 340.0128442602492
227.3691040124995 -64.70437212089062 347.94833870071227
234.15602089268094 -62.240589428762476 338.4260085400537
226.88298513515252 -68.46721682594819 331.20697318685353
236.71269426871393 -65.3064267580666 339.6898750487706
239.4605675095357 -71.53589693913852 337.63758842059565
229.49071058210674 -73.95033984330034 337.27878147177626
228.69318088719828 -64.97512389315806 339.72202532391367
224.3598889205557 -59.1227032820499 349.29124868567516
217.9223576855298 -68.72295245766595 348.99142960158883
210.09249123040232 -59.17671951127056 349.9872437045947
217.31585109437236 -55.01686109512603 341.93868373915
222.962856875201 -47.622686847402896 349.24292039300934
225.79925537114994 -47.18762898955603 358.8008760166076
226.8040337742487 -50.186810444167165 349.93681541008493
230.27632885977894 -53.4581467748283 358.33631747245295
234.81804477362593 -48.14796733628963 353.94673267009347
232.12072121830937 -52.34014562287809 352.906215129924
239.39244385306714 -56.66783283923391 346.2956559425093
247.37430934503794 -57.94724968626659 338.2501628479246
247.6430365564796 -66.8038471501186 339.2939939056349
237.76680294491834 -73.48693342157848 330.7679114165568
231.2871069821691 -81.62114661748397 335.52035288899236
221.4874598542059 -73.21300821233866 336.63294962612093
216.83840445217155 -74.29218126972641 338.1120248290628
211.21807778337953 -77.72378670565375 339.05002004280016
203.833632028739 -85.3381898559905 343.1101077845708
208.98069464885953 -75.87864370199756 349.22761655907385
209.08886029084297 -80.81630121757625 357.5246438506538
206.82744942481088 -90.12243392746926 359.54008552623594
216.1286012436975 -97.96982552170036 361.7681058593512
218.83906540587756 -92.28913954510816 362.0915844991955
210.66777279094148 -97.15152368899675 356.0478814232929
215.12478734718803 -95.76835627374898 357.769381993714
213.72585288372824 -102.6402169601906 349.4186482416135
207.33966599940265 -94.47544255700065 357.0824625399699
207.63591574546308 -100.66223732036802 358.31656604717193
199.73787200108615 -99.78657130116349 364.9048342347334
209.5650058667702 -106.1337169992533 365.15593383741594
217.19127353590903 -101.26125432785818 359.5655532238727
218.55803677547064 -102.7062600713993 350.99372067189506
209.60157835903306 -94.16485323577565 359.88159603654566
201.32860977866488 -84.90119434656796 366.16102148427404
204.68560044030298 -91.50685935814765 364.8276996692625
201.3662799304165 -81.7687518682505 371.63529509855
204.06695408240066 -91.6443987233341 362.93989924303565
201.69813996414828 -92.76021294201578 355.805258141168
205.44278298133548 -91.42339967498125 346.7396718899222
196.17459606090048 -95.3028028767567 348.79849551820297
199.8070676829979 -96.5201357949278 353.89186397463305
209.18241444488984 -101.83621604626856 356.9616907262764
210.6673908745233 -94.11009087493304 364.97401128710317
209.91411456457462 -101.74642047972186 373.4786436245897
217.50230689962206 -111.50421432511897 375.38198628705896
220.92096497845267 -110.78396860280004 376.361861551625
213.77670074896878 -107.48827964475096 377.12407590569904
210.93700455550257 -105.85678594458986 383.4299949672286
216.66757898184625 -113.22894812309885 382.033059286327
214.56735562422597 -118.68209388741462 382.84850248356844
208.60699678349096 -110.36048681242345 386.17833180739274
213.03139751839555 -101.38980452917241 394.21693104680054
208.7449175182039 -102.49411362990888 385.080919201335
212.556924606427 -109.63666246332028 390.13468475904995
219.76581462209538 -118.64695012902791 381.43841126308655
225.57430290778697 -113.86511539566649 384.20656117858994
226.9574098186387 -120.82249465786819 383.6126641628272
231.65328233121727 -111.72242841831802 376.4356801127035
238.20069527362884 -112.21053206671716 375.6124108317023
242.06327590397763 -112.47928381997785 373.3459580773309
233.64023583878398 -116.04086356925211 374.11190895213866
234.41439627225338 -118.2489640220608 375.9485750339471
227.63923206402157 -111.04530162536236 384.71480970570417
218.3903134886661 -108.82169973709628 376.738633333357
218.72599664219734 -112.81671287298789 380.00753387168
214.19522355005898 -120.98168255783152 370.1325852291871
211.85178706043607 -121.86576092618549 374.2955979555359
221.78483210414734 -122.2806805876209 381.70305660170595
227.7969383344204 -128.49487331163925 376.6304137001564
226.34858199147138 -120.11118985834707 367.0134318231442
228.0935102769292 -112.68364405941945 361.46729259885296
237.75012767198783 -118.99662840162208 371.190093921967
240.74903732765824 -118.36908014249795 363.618736510969
241.22838342381274 -109.3200317362389 354.2192919762766
247.82537486525354 -109.17233267194099 345.49425647153066
248.52589848269022 -99.49028433355423 338.2581038851266
238.68745365961124 -106.36560678043944 335.90128086450505
237.0780961443827 -99.44912148297509 340.2105457936399
231.64747175021978 -104.39149491270445 349.1601984197983
237.1975118850364 -103.97904848354926 350.13894597975826
233.0938696599062 -100.79218165242445 344.1449318631088
242.3159937994682 -97.39471889095803 341.0473278439715
240.0031435725291 -90.59095416088047 345.6160731089146
248.99655240569206 -81.78591514819976 343.84949213774274
246.7963121775075 -87.71173695093194 352.7785415599696
247.13066725195907 -91.87686495034333 348.17699303607964
250.55123085115588 -97.67454493904596 357.8167824706052
258.3361492272393 -89.43503499721395 353.44611633308347
258.4732721727863 -85.23366776258665 357.419070482538
262.53701739320684 -89.44352554634825 353.84414049197693
265.4907106125261 -89.52750521800618 354.61847284736376
258.2199884206637 -94.84865943250603 357.909671674115
257.41731254883564 -92.9997747926031 350.00469213151206
258.9073743476438 -95.36978323641662 356.67329958665067
263.64212185007375 -101.28212224110314 350.22474978063326
260.83981177528466 -110.73989763564379 343.32375223748943
265.7096313776235 -118.6203037185249 336.48240979413737
266.1603355902555 -122.20884653632747 329.18058568037253
263.80619897297794 -113.62244922121926 329.6097687255985
269.94254634838643 -121.62372210620933 336.66159570573376
267.0945580840882 -112.87276467708892 344.13843975389125
258.60706334725495 -111.25428848672317 337.9127296541648
258.2854515492812 -106.11337589175847 342.3925097113002
251.5079117452456 -99.4060191168713 332.9647467733644
241.7098715924799 -102.50807548503096 337.8203778087404
233.43777276002638 -98.66278984269707 328.3351199009123
241.15307536243992 -90.65716347861293 323.89995290987923
243.09163029124014 -99.71848429615949 323.9939194315879
243.78925376056046 -101.15301103974375 328.613583382299
236.9289079493995 -103.11693172830628 323.36596602641976
236.5838305908616 -106.38659745257152 327.8170934125751
229.6460779839672 -104.00566590201132 334.6787825814938
226.91636822181258 -105.06455015975656 339.353847521479
236.0201907785261 -112.8136203276119 337.3771880499894
235.31333158520476 -103.26033470974026 338.62936708398684
228.73309918981522 -103.5006781501448 331.1513054432162
235.6445569116443 -95.24471020688422 334.68011200269854
231.21132795888067 -99.15843717946842 334.4401478160416
233.1584239615554 -100.51873849656543 342.4491190248996
227.39860818844718 -92.0088594697566 349.8380252238985
232.7805005323973 -98.05616053412989 354.1575551623382
227.2475386702947 -93.80328255443601 361.90556966783373
220.08011020026746 -85.83118755677997 368.1784828795869
210.20673926531444 -94.69769474298873 363.50553679839174
215.93880505326194 -89.91685218731017 356.4213846036586
207.90884545347274 -97.76797590335305 356.02433831860765
211.1937604167438 -93.43907528361481 354.9675335353889
210.78326657700202 -86.79379442438632 363.2365444551485
209.54835691068146 -88.6012645831853 363.5291369374991
215.44041156213342 -94.81250711326305 363.89297899215387
207.9226982685786 -100.61846965416608 372.98073150047765
210.22286146176978 -96.77755916818157 370.85421262858847
204.91968165707533 -97.78447661969241 365.12239533179553
197.96811788127488 -98.7710533099649 369.12182870233323
199.09485009927343 -103.43024976809299 375.71256310233144
191.8571457603777 -97.16339861080219 377.33882346028895
191.9248587371405 -101.08948846647088 385.85328078347374
197.23364926401737 -102.89839149168947 381.1542842823203
204.36281122246498 -97.01856691677862 382.5251271090641
198.10996044372988 -87.10235394614806 390.9922230121486
202.14563257366694 -86.85250122283304 396.58011101112436
208.02199952243183 -92.98799437837569 389.1880637292614
198.99914734849767 -96.2797641189233 388.1422076104887
196.24956895198602 -88.42056013928891 398.09358977878435
205.45713163141642 -91.18792610390639 397.1640761637467
206.01172120727784 -85.78893371804065 406.5022689024291
215.93042423430063 -95.52752682984888 409.20469793857853
211.91460903991114 -99.86757309804783 407.6526245712068
203.56505179771483 -103.46758906453937 398.45194993012854
196.81103386262342 -96.20209073003386 395.580346782789
188.38129653088782 -101.03100980571837 402.32955962130166
179.57478426335092 -104.61196886826653 396.477655523064
174.93152219783482 -107.99186455298577 393.6194275026465
180.62487494611926 -105.11310464050445 392.4260925901943
175.48509040002307 -96.19469651780052 397.1717463474643
177.95135923327862 -102.86014611054959 398.790409114464
180.5548653257835 -93.92769844897836 403.08976708416037
185.1145974871246 -96.16478869825283 409.2292183919019
181.52319479977385 -96.30074430666126 402.0379737530137
171.79120257747726 -95.83585861967074 404.31846148510516
163.99975654006002 -86.39482527456549 399.5587427445915
165.50135096064568 -94.01094294280195 397.4096765086813
157.0319104673584 -90.10716798912763 403.57631771401446
163.10031478556698 -98.68045680445096 408.4860679573344
166.81927287934303 -105.47068718157408 409.25799156400245
174.2330869468558 -98.41408126620661 413.7369106207709
170.5860427494196 -97.05575140255912 421.31689887580393
162.64090075416107 -96.4530851252975 426.73970476884466
172.59749707172034 -98.69918683292431 424.4598878337945
163.39937442233878 -103.2266127618446 425.8419178954714
172.3128150126088 -93.92627584185759 432.87390515811154
181.3268259610097 -99.34281192085582 429.6193875864921
177.43533836387007 -99.0769996788643 435.95381007640736
180.84744037643523 -96.53107139776004 436.2296760093993
180.32283364041038 -89.9589194285285 428.18413954506383
178.71962636926204 -93.21237705992743 430.7698034213247
179.02890844613395 -94.8653818757051 424.1533703381237
176.8692001034051 -92.45748315664306 431.30547127779454
178.73170572806941 -96.93482508042578 425.80776190579036
173.30220548010658 -92.43595764097711 428.83903778159197
178.97787203550078 -91.21850678767426 436.2601278399483
171.98467823630875 -93.06505857166437 430.137104390988
162.7900664063269 -93.51700449704587 436.7204770590633
166.2512376353264 -91.98096544912327 430.3018491808489
174.1904220612114 -98.22767496655723 434.6808466801106
179.375157233022 -107.38864272278111 433.2012687930639
178.98154104828706 -98.66498389261776 428.62121216227115
174.6881455092878 -96.55129555427943 421.0290310355272
180.11084177219828 -96.8921877613709 419.0352904079003
183.34338978507662 -99.50872566680884 428.86669614050186
180.24944681401104 -99.77796807953315 420.888927779586
179.01277146469863 -97.34951409121902 420.15504169717866
181.58525763165366 -87.88740108093178 419.81196365580075
185.29272129921134 -87.0118530259114 418.99558209830036
176.13160140500085 -90.44650923842146 422.8373903893453
184.72763656743336 -94.73450332482427 423.8308595265272
189.3943847640972 -101.91496868979716 431.14123533883827
196.5393810604663 -97.45569079783532 426.12397956814806
205.79667416144397 -95.29208726428709 425.032462583185
209.19245094144833 -96.54724622058257 421.9306165854267
218.93487688064292 -97.93468643048803 422.09733011677775
209.53675637408253 -91.92460579627308 418.1407581537337
204.31539101348693 -90.29015215706278 418.3717481447837
197.1261200146719 -85.08938711405696 425.89588014391467
188.2299590024009 -88.60234557705657 422.1211193679373
184.50102220069755 -80.43447270883588 429.0813834450954
187.0855670529543 -87.26878109934182 419.23273238561865
178.61017451391788 -91.74341795321403 421.7598767556169
180.74366364180455 -100.54750493030161 425.7002824147089
184.90400578304636 -95.29664519302737 432.8918213624969
184.83106233198046 -85.64740795727997 427.8044361325873
179.28803502728854 -89.85258288428774 436.33943478122296
181.03760458785618 -80.2290826995291 428.9272133678882
185.07328845978955 -82.56447999819503 435.13749563506104
190.30525343893217 -92.08007494785907 439.59186565690834
199.36483893444858 -100.39486352118071 435.42734067389796
195.1675654233988 -92.09166938591514 439.6105641401025
185.39154962563867 -91.29579173919942 434.31693490175786
188.26549745950598 -95.46272579323069 434.5378688290436
195.511637338034 -96.81965280650772 439.9046794300595
187.30418090215608 -103.02125372141163 436.7407437490268
194.90712481984002 -106.33396782297288 440.80367352384087
193.738453211793 -107.86707958947144 446.59224230672487
194.8065944542064 -114.30163410377136 439.55709731573563
192.67887812690134 -108.80170721984321 429.8346822229979
183.8083017066071 -110.9426435857726 437.1512474622715
174.1812467525756 -103.03846980802493 439.767211985187
175.98898089293544 -93.53798077449682 440.575059094387
170.9975660072833 -86.83996447914394 439.67395277928387
176.5422924352692 -80.23911693890165 447.66945932635497
183.92063056010286 -84.81915870755331 454.9240106366963
186.79848636742742 -83.21662710058834 463.1716248417566
190.0251993289953 -83.25756554218574 457.91981160544634
192.27707871771312 -81.96656701589994 461.04288114332405
195.23016724540253 -88.29711997498903 460.883006138499
198.91708848868248 -92.86446539349123 457.7278700689916
200.71632577485096 -86.25614020228478 459.90249144718604
203.34465975742415 -90.67078206185772 457.79401867668525
212.00263746626732 -86.26088801628583 461.0286732228462
206.4182295118812 -77.74681696349907 459.16052391619644
205.8719694607494 -74.66940151889382 463.13033826215593
199.0596689451949 -81.670396364301 454.7633604481083
196.58690353634998 -91.0951859356402 463.497161353308
188.94690535000692 -98.99708767666876 473.062333480636
194.22851017802452 -105.22891910693833 482.95051854609363
197.38550556414378 -101.22023041011057 490.2622469212414
193.60573703498653 -100.30123438066705 496.127137149143
189.1522292474137 -90.93876838516252 498.82735735437274
196.95996049628522 -97.93554730899727 496.11998691592527
188.54514974087277 -99.30798787621092 502.96237957844744
191.87128983280883 -104.3383197520511 496.6584948654792
183.95292866935858 -96.18461428484324 494.08661160964203
181.77713869370538 -87.08439349367418 501.71501012016824
181.52188049114733 -89.14514671107501 509.42092137105686
174.0832630640641 -95.30077715682856 511.9888590440503
175.21452884790378 -85.64291533686134 516.8914314267233
178.22935791835678 -80.51840190452153 512.7074044758122
174.44164529342476 -77.65267927221922 519.0868571069784
169.36468170516991 -68.94883994423911 516.8225514543024
179.27773567815268 -63.72638363661207 525.6171299703891
187.49266601851343 -59.94997404128356 525.1180048616818
177.77145377922437 -53.95903781533451 533.0518944468203
182.30466121689523 -58.44120742050653 524.0896950300767
184.36138303042756 -61.106670323460705 527.2903799209063
191.52487166871774 -60.251422145644334 522.2115881711784
195.35454577966541 -69.01661291063408 513.2406053727839
198.42207941301731 -69.59340975955425 508.99427000248545
207.40571257862698 -59.73117551854411 515.0378265079528
213.49843390600563 -61.35319077707238 523.5598468459897
218.20880330721164 -55.69008255675023 524.5586081977003
228.12743129796053 -53.4207828465461 515.5158226604717
219.0534457162005 -51.41973619728968 518.6215018321409
209.33650289273126 -42.59417239981593 526.6815244657236
204.80917168764122 -46.81267445159719 520.3707652738285
203.05563783876076 -41.29665618337111 518.1305509743834
204.6304110775929 -39.707658833436554 513.0092604251298
202.6241033757601 -31.34623632064954 519.2835539754792
208.64689728418227 -27.037012615422753 523.7305623498855
206.38413319794748 -29.723546088218566 522.5492426364809
215.20263820653128 -39.45445396131883 515.510724906768
223.65778115219737 -36.733597247780196 508.8771776277794
227.55908233463649 -41.350227234184715 517.396419369644
220.79439704475763 -50.769932697530066 515.852929677452
220.9214819326977 -51.712403526839324 512.5127598349032
215.23971210963475 -59.97900130993318 522.4461023632507
214.02682343218925 -51.39894912539148 532.1342761472523
214.3844653839519 -50.73663326836957 541.9893145013261
205.15863893119788 -55.14823455069252 551.0055521835393
202.6467469867071 -61.34718109804098 555.0071504626247
205.54019654283377 -67.80428610739045 554.0517632260786
200.69597457249472 -66.55605829869178 557.700067544598
200.27330648434844 -56.85839470652067 556.659670462584
193.79618675918556 -48.99099738068228 564.59596794505
194.24262017488263 -49.33511163741902 555.0997656034349
184.88253246871625 -49.502216966072766 558.0017709878633
194.2764331730701 -45.675026807601334 552.9081111987354
185.16215297468176 -49.65901672835884 551.5956743326768
187.3605631087839 -55.5563252370259 542.4942062456497
183.53966623084673 -50.948724072198 543.766665605551
183.70774542285216 -54.68803988050954 536.829030778298
186.47466361805596 -58.50099180830723 541.0417252679422
188.05938707867585 -60.303843756579965 535.4605591291587
197.98415984952806 -61.4328282084624 542.3265837935372
195.97721526147376 -53.632051847871054 548.9708960767813
193.60116625956587 -54.71578765835971 549.0346258700198
197.47503668189276 -60.59399020824694 553.8534080604969
187.63662173104944 -66.90416101509443 545.9140187683936
197.44854708293093 -66.03730180043178 542.3577374576913
203.2210676878742 -64.63494779860928 551.0269071244678
198.8642769860173 -61.31500469447725 544.4190158794432
205.30968252474634 -64.25411467565021 539.8151900591032
212.55423721659906 -60.40084494217222 545.3164667116532
219.5682188452168 -51.61646731864392 548.3872626907267
214.01763525581282 -42.66940423931416 553.3708014253483
211.81643336037214 -43.64732243278645 548.129638807362
219.2671691030859 -47.90891279388292 550.4832584728174
219.40955673877406 -49.65021448795206 541.4783310217982
225.3381929426076 -41.568698460193666 533.6462149752512
222.36009763334357 -46.64695429266592 533.0911945605754
229.857686644739 -44.78655870305479 529.4749979533029
238.01095747935906 -53.68261782378491 523.7539154800718
233.33600997398958 -58.51719071990283 514.3553017150722
240.27907486809312 -54.20031205685742 509.4863838045352
244.17697739564184 -56.12237885563919 505.4552918647399
253.30273307410212 -52.86834459790614 499.21902742709887
259.35016629583714 -57.910689608598105 508.9827583163712
253.62625562285768 -61.90487076389667 501.24567287151274
263.4019550814236 -53.07316084643982 499.9620610477138
260.61552270054705 -48.62683731937323 493.129689117285
253.20620563410816 -58.6217394265344 491.8640657697481
252.694608068796 -59.994591042825924 488.5856968077794
252.2131315908553 -62.70623743996638 493.711908796967
246.64207586532277 -53.735340894018506 484.77649024173417
256.57156928139494 -56.615236097120835 475.01334258809857
250.92085671058817 -52.040433598265444 470.2985524216886
243.75166971990285 -45.769924737681976 475.76209893646245
242.8372632861936 -55.002524420619025 476.8402508518243
251.16278646041272 -54.252752086676686 474.50457833180496
252.66582223241636 -63.11344099176659 477.8221088852785
261.03103003685277 -58.066239033697286 468.4864194885677
257.817572735097 -50.11921527888877 475.4007368344738
257.3677138783187 -59.104149476953744 480.4920592501629
266.4302779937995 -53.96800975560117 485.04262438693
270.1558857711448 -47.9435701919435 487.65440313192704
265.1676421955849 -52.420471159781 479.36032392577005
270.47600331664717 -54.019726272986894 480.57047730895755
278.7700234640963 -44.71582444309887 485.6551840059492
268.9936921040421 -40.329449467163656 485.0395726910034
270.0140371775154 -32.95851168493233 494.07705554610277
277.809290031659 -32.156213388639266 490.6846120118201
272.27656870100503 -38.53594774450684 499.7679191502487
275.918320859169 -41.061744347892336 494.3059220659858
283.7657722500506 -47.25776423324579 498.6895312222714
279.08250259862024 -50.54440136220498 491.55777667285474
269.7842192216809 -50.88175969150793 484.9830637485479
260.15399146928553 -42.07374296559963 490.06426773935476
266.5872210201774 -48.290423341216574 492.1263691777025
263.1791199666447 -55.499677445139184 484.8102027593692
260.8953168097932 -50.66977565878202 494.32139994915696
256.36784324581924 -50.64778973604223 484.39000721625433
250.02452420421017 -48.17508345362101 485.92886387849535
259.4714712252631 -53.45145328118233 490.7784287139992
266.54490760725037 -45.09564124375682 483.1335660226997
258.78588004378065 -45.567974030102164 482.4355048736894
264.22101485879193 -51.476022928746325 492.05910539862464
255.35670578387416 -45.55929957307284 497.54720898570247
256.97369000857395 -49.48453024420103 493.33360030999734
253.7463420990082 -42.810018770383685 492.6207747559107
252.7057268105891 -41.28752560525162 499.50792029036614
243.61202588326393 -48.56124223862067 498.52604106506055
250.83099841704845 -48.521057694181515 504.95382276133233
247.52970018334935 -48.699500437413384 498.6666681403208
243.49327678012915 -50.03230353465519 503.9457973823945
248.87605086633477 -48.09121550434621 510.49275171737463
249.32034023097555 -47.86787374133968 517.3774721435474
252.13507752344788 -50.80592955645227 511.9089175755445
256.8439092611002 -44.83639352113519 507.8524690107533
260.8742012400665 -41.258081410453336 510.7765445025125
252.0687683900863 -45.47960746602617 513.33240245712
252.95350936194538 -48.81548270021033 522.1780052844593
259.91486961471276 -48.002442427831234 529.3510468785847
265.24512124204745 -40.61899374505977 534.8808280138461
259.11556690117607 -37.25548059641994 531.1379987908097
260.6919544985473 -31.582074063626635 536.803204194691
262.1382411016837 -23.773725697732516 536.8770062865602
260.40863316747857 -19.937837192008992 544.0738483392781
268.29781655549453 -26.108420869078614 542.4075083070253
261.15041879098305 -26.861116332149546 539.8614358025768
261.5274610398204 -25.965381239133944 533.1528915514582
261.30750614663816 -21.015266118381167 541.6043503154522
266.12010267829 -18.438072113327166 535.4889680456251
256.30732893374227 -9.857215597747883 544.072816819882
257.6055644167218 -16.419050150403198 534.8383564595607
256.44159373562735 -14.335648330530121 537.5355024052294
260.66991217194675 -7.620029543549904 544.6909039168244
265.0453462240393 -8.577125623561606 548.3220918640841
271.223698517202 -3.8392950555310428 545.6954992202648
262.83198460664465 -4.686270435330966 548.3422748855814
271.8408155403448 -0.7018487413827028 550.8065107871711
281.5374775350492 -3.772620143638537 555.0597171237133
280.8095227202159 -2.949470457716206 563.0879960436898
276.67387186462537 -1.1278814907298766 567.7889619585344
270.3436891122037 -6.5247660042535065 568.4193825009899
270.50168352348857 -12.771916382936064 572.4118708590693
271.20120849769904 -21.61795602853999 576.2155748321485
275.62450656384783 -22.319830218813976 580.4599481244549
282.5525838628397 -30.83670062604057 586.7360851052538
280.6486570993693 -27.71399679754794 581.3697964778512
282.22334165662494 -36.471171023132456 581.3068714581827
284.3076783519367 -35.99215359621868 587.2545697110047
277.8834221185758 -45.841042702151725 584.6645645955123
272.18088411787494 -46.25055813485441 579.5136255957125
262.8604899350088 -55.22084887808617 587.2316992948897
263.4317985815245 -62.353370101890334 584.0304256731486
256.4971660898179 -56.448642199132365 585.4703093741406
261.2744690388016 -63.90485800105881 576.3817693842249
264.61520628374694 -56.631404114516194 576.1122294762149
258.19495775344126 -49.60132085424348 579.3389329405451
255.7257301236008 -52.361298372919634 585.3488979520255
256.87591216359726 -58.26037200980249 578.9785785682358
249.5237049180853 -56.996206954693555 573.4105259607967
243.62971515489198 -66.62344065256262 566.8776991908677
252.98048502569864 -73.25883342279846 572.3801778481046
258.5040191517428 -81.66689507226756 577.5414407986383
256.7892411625132 -77.83192386327893 582.0312897592768
266.5361167460268 -75.64817511162423 586.4425360027477
260.1646858076029 -66.05939821741083 594.4637223018025
261.25566855171405 -62.8870305200023 601.9263327933022
261.2523269122789 -63.27145713363535 603.2226886202097
255.0163472487105 -62.364363005282016 600.3129835869248
263.4227728609611 -70.85019697331526 593.1418490429503
260.8134061303655 -64.1825433982589 594.5777080694353
265.70324327044517 -63.56823321499094 584.9207962275661
271.35577349614886 -63.26872100665726 588.0394685153716
267.31752198464716 -64.18933836646583 580.6861797730469
276.48608815657906 -70.38056061607841 586.0340821830758
269.2005458535782 -70.23283789899943 593.2330907903364
263.6394954553157 -74.33360872691658 583.9692100817709
258.79825582270115 -76.7172956582718 591.0844199634297
252.86215125484384 -73.31233806703763 596.8644676460175
251.04833518501897 -67.17275428565354 599.9088084344861
246.43280914242482 -70.79100454434491 606.9742925635481
237.65863607108426 -76.71208092828019 601.931256073224
240.6404909583282 -68.24603814448069 599.589027937738
247.4037934535318 -72.11151050611 596.9064287299566
250.1890698163357 -62.34493813530172 604.3176195313858
246.3753164472505 -67.16161205240292 604.2366290293903
243.34946093070369 -65.00639478417183 605.5147997179913
241.34338406234252 -60.079498047089665 606.2311588429794
246.64195860947336 -53.00039251819416 609.6908751742375
243.21173636089577 -46.01782380948274 611.1479735222807
237.28171519675416 -55.721577329048756 605.1877792721594
236.9654576558769 -63.16309298745524 607.8660022388972
240.42761290960016 -56.45133823236305 601.0305606116884
242.39752404325256 -65.21632481562861 598.217315545272
232.88317429608358 -66.03518866980872 594.3409284027208
225.03867492886855 -66.56424447686453 588.6553756996306
230.88590407908006 -63.126755915585434 582.8907385526676
228.97428620622466 -71.89906223162619 582.8201653928751
236.0676707635945 -76.42525493886157 576.5858896992418
240.23914958198236 -68.65986313461592 580.9847666529822
245.84473873649503 -66.02539353946455 573.1382085042751
252.2594069314176 -66.97860884090551 569.8765759175051
259.8103887020888 -67.20599322170892 563.9711033006196
267.5452963120263 -63.70580763650017 566.6453316574461
266.0654139572331 -69.17040241362429 569.0392196967648
258.4047873446636 -63.487816721815776 576.3737083548981
260.6395839788628 -69.54558349442385 570.1574576531116
257.8548822317056 -66.5057334472795 567.9795977590076
266.186911784861 -66.22285825452339 576.2966487962158
256.26095540330533 -57.925468810157774 572.7473287188112
253.88611664483767 -58.789721799380416 572.4127958169439
244.62007980350742 -60.073341479936595 571.6343045947275
251.9340983725645 -69.55182727981932 564.3496546636661
260.9437523542314 -62.90413678259662 558.8836603578379
251.82372778386113 -55.21368511366801 557.2515826467302
261.3420836175487 -52.03752250436506 566.5957157462396
260.5115355596758 -44.88775056217693 568.4661950292627
262.9954510940774 -52.428003264586366 565.7663357079929
260.0058816021738 -49.44760158023446 561.1684545325147
262.92978507214616 -46.92854837910218 562.4167611723478
258.36114538992763 -45.04650840858372 569.6136146150135
267.61755763006266 -46.297615027201964 560.8008769199098
268.95203774494473 -42.7925296037917 565.9170300901673
262.6689303168467 -43.18491111331152 564.0296999373816
254.83959498440973 -35.69777157137104 571.105205324118
249.95802947824612 -37.022004397713644 572.5586984703871
244.50894964528183 -43.349000390076746 565.7538893968631
237.22427210913244 -49.802047238361496 562.4629707832705
239.2290506195415 -50.8990359100483 565.9177103746443
237.91711753516347 -59.581039208677524 570.9928815947593
230.9790560646126 -52.33108406042609 573.3337529496914
237.75979987063354 -58.7672526338137 578.4281947146081
233.36056372411466 -54.516116197246305 587.3284438787622
228.12893598380018 -60.77667749622967 587.1009350987453
230.69465006298145 -53.964366467091075 590.5342035087508
235.81930210671084 -44.44182716772795 587.5001688593159
244.819784211509 -40.789624904223054 578.1237799846182
244.96805823385884 -42.69541918308742 583.6651652937202
237.70934724565825 -38.495488162830696 593.1444591577394
236.06649963540883 -46.34274763363668 593.1694475399175
233.673847909481 -53.91588120745443 591.5155469145321
224.6346072006595 -47.150632645389834 593.0940299050914
228.154981702028 -48.82181418228715 583.593561052139
231.6594566890816 -44.95265786147486 582.0750271324483
231.3908585214129 -53.67679980912283 577.3588153558845
235.6760370432085 -61.400614299346245 585.5791493986696
229.59041584860128 -52.725080559308736 576.324776372669
221.63194275204097 -58.11334985004775 576.4067928800946
216.7686667693205 -58.15086339453853 586.1309996193282
212.35688071023156 -57.51704542672049 583.731258888695
212.33749253502387 -49.09776208093524 579.6569783033146
213.84114727013974 -40.52154057693952 571.4220267012533
217.46097132783956 -47.243309870781935 579.2294159611406
219.15474811474397 -42.39200006727864 573.9002530327668
223.14208232295493 -40.24464141523178 580.6573879260877
231.34505282470562 -40.98308638246712 572.3604903003221
230.31707991681432 -48.327519334406844 562.8413867371587
222.95021329218247 -54.114741832699444 559.0700179375632
223.1745363853934 -56.881374277485364 558.4751078190367
224.23556880221386 -47.342332936003906 551.9233123923811
223.59234923504022 -52.0119588122687 541.954525755454
228.55144343563057 -55.463133960240455 532.7183889823413
40
266.62533023353785 -64.67822798704997 601.676503708476
261.4293368685086 -70.77604230778418 581.6831454112091
251.7239814463539 -77.60516200236334 589.0585430215779
247.02923835048793 -74.70816407307352 597.7585623589473
251.0971766755816 -68.49140152301435 594.1388229720972
250.2235774466655 -69.35652744822336 609.575284133707
237.69159193070251 -71.43123494507465 603.4573590946188
249.2235463901651 -72.71507702847644 589.9293793559967
237.5693487086585 -75.07843477988084 596.0394126129023
256.9669744297573 -65.0468360301381 614.1150355888077
243.73525102497933 -68.07611629009173 598.2677802501728
251.80547310318772 -71.41183127732833 604.5240335211108
247.68462900382764 -64.50563021318416 612.008382033441
250.84543046322912 -60.258127048380224 611.1675210862729
252.31677598493897 -53.264138562643566 606.466324286991
238.79506968862214 -46.865834737963844 609.3596211000861
243.84171313325916 -68.11479194895796 607.7160141185825
243.20583074292895 -58.81184434004566 601.5571643214439
233.7869094173203 -56.62357096164811 594.8615558526342
235.1655573737898 -65.9916974310567 591.0496070142644
223.54525360683823 -63.52729118672351 597.100891995979
229.95304561455603 -55.87764490359111 576.7066610745903
238.06287308901912 -70.57546908970285 586.8605674623645
235.1687517443197 -74.26029374253876 568.000475259154
247.41016638475838 -67.01492392660147 588.9149189524874
245.9363977335222 -70.53289676447531 571.970508230734
249.479365867233 -71.47601955591686 579.1275885385464
252.59625207073952 -63.32192990474345 572.7286586065625
271.16668359049186 -69.53805801142059 571.2976059286458
263.0059185976629 -66.34036008469987 559.906734034132
248.78620406191013 -70.81265785457883 583.0224822098955
254.9496301053322 -75.82023354086546 570.4904546773412
259.49273728041385 -59.2004055682678 570.5555457601383
274.3914596906184 -73.13934185325584 575.2670503607724
261.69557576612135 -66.33150099724257 580.367909148719
249.2372828210212 -50.23591170183336 572.0653047749124
249.35333172487182 -64.0278410802086 577.1593724426099
257.14323374283055 -59.6941782050199 555.8200547459802
255.99129120147106 -64.25102920765517 549.907790873337
248.1190440116307 -54.15880648605203 565.5693164837077
