1000
110.06552817306681 122.88974365126077 105.19247152553166
116.97855905287855 129.92307148344813 104.44070281194158
108.1495312710471 129.80525699361507 94.70114154170932
101.78242771217222 136.95815143482616 93.4006957676117
100.520349566378 143.89404115201344 89.79245512427482
91.53502000466544 134.84695578516315 93.06702187244723
99.27616654551602 139.83651825448277 91.10442140050745
91.67034737310104 133.97218233812058 82.42402160489702
83.9032497752122 128.61726773147473 73.56430828467299
89.06928409461142 137.01144566137387 79.17968406366086
91.77123037566437 139.57388621851257 78.81270131686904
90.87652442169623 139.63097605638254 77.10749830969891
93.68861918148814 144.51647502022598 85.33351621892209
98.27614429164828 140.02510932354625 77.72527504084316
99.06303275975566 146.13241593335204 86.6899368627592
102.54262778957008 136.1976070176911 86.39258052198795
100.99915936210155 137.1323565159052 80.68855560380163
94.26262071135979 137.47698927035103 88.09122592645599
96.10872103304824 145.73738260968486 94.08839961462877
104.0131284978282 147.85529106995517 86.13651661029498
102.34390175696903 138.4895946616325 84.02991315397131
94.12164012764126 146.70805776518824 83.04919627575683
87.40142327988741 140.90764817888777 79.84185487367657
90.64846464696966 143.84154453425117 87.44115336750721
98.12646205432269 152.95880798962128 85.13434426806138
107.48915128326212 143.3314872839236 77.0568637518395
103.83839558346267 150.12998117684285 71.11061375453082
101.9968725286506 158.51060622336112 69.829695847487
104.52474113071338 164.08663782238906 78.53974587008275
105.1192125816427 172.2057152777936 76.92873238419205
113.21987649569786 179.9767219792261 75.09503708009653
115.92164092211961 187.03934504140344 85.04608893296803
121.54638798512894 185.4112773401157 79.47220029085769
112.34726652275057 192.8495543635108 76.40532972520522
117.58088760722163 191.25609528760975 76.45817498927532
114.74639048866074 182.73614916065986 67.00122758772318
118.90000720493379 182.8732926548729 64.59425932542796
121.65899771624305 190.60188882571185 55.615771305451126
112.99737965252267 187.08027065715012 60.448945411300315
110.8135798382514 179.6748284621284 61.53151741698122
107.366091254947 185.31602675986676 64.76675978571559
102.78054000548153 193.77580337150138 56.49099221680395
97.73636163315575 197.99790843378366 55.89723275995582
103.53283463337652 192.3526913079951 55.80118019074008
102.57438847920628 184.4818307431603 56.82515901213207
111.89032169072857 186.27760745154922 61.34804469243912
102.51006010728946 194.2077327401772 66.36794313792453
97.76604706260174 202.0606495357423 61.589535627938474
101.85675083526277 208.7645079370489 64.95508426989095
99.30751656160615 214.78196880122164 61.34790918737316
91.36843342097472 218.06705690578207 52.99488496885138
91.34734398176273 215.7784689552573 44.646482019823345
86.31140857208281 207.74739041670742 53.18683739056421
81.26118073058933 203.15331575995745 62.401825048229476
81.45686639777972 211.33398155184656 61.9226736462135
87.41852446420107 215.48468926308385 68.62564567199442
97.15442482052495 217.39212104400323 72.05133566326609
99.01331115160352 210.13177920159103 66.1714645676556
101.06406057076495 207.56860016850828 59.84417616587418
99.29029797784979 217.057820803825 52.359396883993135
90.72424977055819 226.32954062383843 57.36073237846131
95.80492861238532 228.0569813306981 63.271752488127
94.27232054248636 224.03466597083136 66.7323328969311
103.0010282187727 230.90923110240152 60.448662167310644
110.16906676976005 234.8835181520313 60.04788304403068
114.17496120269392 225.44083883348316 65.61507351230391
108.99955338186145 232.69547798124398 60.710889543021686
106.74107241177998 227.38829147847687 56.62387981126841
104.56713212200398 232.87795517817707 59.306624549758695
94.88539577127717 225.26330052806128 57.65590046850096
98.81583750841997 232.78433840265097 65.56952657817249
91.77027757102694 234.19937105950714 75.05068941949924
83.55951024741832 242.0974641111807 80.37863126907457
91.24449654806405 233.00327070928736 87.16729892446095
82.11770808879993 231.84619821541582 88.33484819001791
74.97814744424197 228.64425496950287 94.58717257576306
81.48190564012467 225.2473358214037 94.92081677852825
89.9547647088478 222.82239980790143 88.47741705215077
90.12253996845232 227.82263486938754 80.14776613678977
80.38231903929984 234.34033379240935 73.93115994501058
71.32354231664718 235.34758755621527 71.07104691434127
69.68696051042505 235.14334826773413 67.54602298259456
65.84228991390934 242.52219850352216 67.71395006738898
59.91069673936673 238.26325190334217 67.96246074497233
64.4455104616322 242.43836185865987 59.3696930039412
66.35937020740009 236.5559980533313 57.408360791281915
65.5566593962098 237.87032565521838 64.4498342348479
64.48460080215246 239.47391790863682 57.79696815588951
61.93046201579968 246.34674241862717 65.2991042752285
70.26454068220008 254.64991113820003 67.47358882432604
78.40052033662721 246.49934678786892 58.74401200516725
69.23299778250433 236.7426766890514 53.34014368434873
73.03966727943751 237.6249420559526 59.48283567701971
73.01069111213131 241.46674713212275 55.404532201263066
70.60102005797935 242.67089298543138 45.69894205954395
76.79775256619087 232.96571780024976 41.50270597565303
82.7386351765473 234.28125032713842 48.24601672834835
89.50579775603799 235.09407444492751 41.224710052274474
96.09598607670863 225.85024835812246 42.92587675971946
104.17720927954397 222.68168157803106 42.81175815008306
108.48370757695685 218.46640155978392 44.58011800189976
99.57191813612704 219.56396267495356 51.905710868099014
94.54627765082766 225.8834353351086 46.39850867731167
100.97581309718277 223.3561936565724 52.04874915095139
103.10666457493826 222.14856515889176 59.723053848615635
108.36277138932718 225.40201279636915 67.72880003126674
108.76671783691091 228.18883344656834 64.66288514922942
106.39838397334209 218.34534539396296 59.024120617765725
98.54789769732062 210.86334109726906 58.900017812382075
101.02612666792217 219.39183752507012 64.39945574153822
96.86412219430281 226.3494137446944 72.4129906935766
94.5704053605646 232.43551517708488 81.19135348716684
87.42170222824856 230.16336386341456 73.34638298822021
88.58183910271084 221.5162515191968 68.12900317837673
83.28044146910243 230.62362022064264 65.09590255056322
74.51384353505108 221.41359080332336 62.786013856592724
84.51315953449785 216.26843126214914 54.497047889826
94.47251168419803 217.46837089287897 48.204752688566195
87.66109319486038 216.5391229604111 44.4087748267363
94.62070841957303 216.03406834524736 50.154871897626705
102.90587814453073 223.10583026091948 59.08471419146453
95.62642389630889 228.77575286380218 49.32919322908381
102.89483451286873 236.5000806519099 55.48046030385634
94.98326957966114 229.61387832595108 55.20974504405059
94.2041653492626 239.3638450552819 61.659016869660434
97.90491453460264 243.61447964575825 60.41041618887141
94.96500964362431 253.46721876721733 54.82775995098553
85.45132067930867 255.96338099849604 45.111553489835686
87.80462575155563 258.3483229390464 50.50839238695877
84.0799210715966 257.5050191811691 57.4100603310232
75.52654350003282 266.70164910691165 57.127780801647106
69.86897029894793 275.68013605355736 52.6191085969386
62.92350445494449 268.5876055323537 54.325151888084775
70.81295042799402 270.55914493347564 53.761007775180225
79.15350153506904 263.9352374067686 56.72016819307011
77.00763518408684 255.9108913498881 60.191249248063166
83.84120490246785 252.46332952663965 65.91922871676937
85.24164607998358 242.8682076949453 70.33240395046653
81.094262260846 247.92640266498933 74.7025449368931
75.41407867096386 256.64187725769347 71.05495589119984
65.74291029271146 252.69781720145946 80.2956826585505
59.294960350033584 256.81528047030764 73.68562967869548
56.81239513569002 253.98016243318403 66.54372176970537
54.69046084560472 253.49413154040985 71.24266286747346
50.05898560731225 251.35515540750612 67.40665639795435
44.087524438308854 250.2888195157791 66.0408014974524
51.37168877994733 244.19854140315883 57.654468918122156
55.15311387086116 237.89461989303078 49.53052792873209
47.38301668983385 246.34158292693027 52.7112169471141
43.72096016148213 244.03069848605818 50.33679694176101
49.55908562959485 242.8266293145133 54.94794680027739
40.230990847828025 239.22180163513715 59.31596096842248
44.29386443689712 241.90501201614333 56.75545974792149
53.3970621212663 232.3076726328852 58.26739515930861
45.8179669403386 240.1120480419442 62.82814909048001
38.509291652436886 235.80690001670735 62.26680258662789
36.607039667567896 241.13122221023974 59.856850345761316
40.574086531082244 233.7907625427163 69.4323881774383
50.2144461885468 234.16931754868097 65.30810414091842
54.47432796779149 242.39698405718525 65.5155262297103
58.29731678523267 239.9878371952559 75.05501357183732
67.56591522737628 230.8214349710902 78.50991375731549
58.98273301781111 226.69440366216008 76.60686753140304
55.79529876623209 225.09793806270852 76.67812283829966
48.650718887477765 225.0109271644922 69.91420659681648
42.67246160367759 223.69716797819163 77.36048029227419
47.910811561467895 214.18568892187915 73.82396594274964
51.87443242445228 208.29509839472738 69.44923406640048
59.861554023399364 215.3788395548125 61.147217410514386
50.96967385445727 205.77991514434152 58.273301618879735
41.50431764215668 201.7604586880046 60.30354091612302
44.25099531231772 210.81363462148138 68.42650988139745
37.026946889021055 220.029230377946 72.118238443715
31.41273881142679 221.8371479659882 74.30177588788075
28.37630030168325 218.1932136431304 67.21217286538396
31.88529207550193 225.79793807665135 60.24933753771315
35.27991415268922 226.45572114683773 50.663583191522314
44.879285737055646 222.0163196383324 43.55161595815903
42.980467781343435 226.24576235592707 53.43185140412451
38.07678849991963 235.05880716615658 55.747964757424946
32.43568015707114 237.53577720874168 58.61703535073586
33.13401991434567 246.68879807513224 51.4163339725606
25.863110068469055 254.36669948756463 47.145128756107326
16.634280264032085 255.15124579429337 37.612446777184545
15.469129223355303 263.40449513175804 41.80115590811785
21.095120237527055 272.25414760748055 36.90473382607647
13.599558744169112 281.3293786704235 27.8764350618995
23.487937405977895 276.71428421163046 30.795071104903904
18.802048355904827 272.35801285758555 36.441862494059194
15.973777105447866 278.02835475110413 34.36614087411188
9.327949461881763 282.5982136487895 38.30470300376763
19.01817041312521 280.8117934837422 30.365145604319082
13.426661606464984 289.4334734538106 23.214098458229664
12.764274590374267 296.03369606462115 14.570323690115629
15.16304934815093 291.7976536536879 12.7489170014131
14.187222470957945 298.6835014665027 7.920567149455509
4.926599576703374 301.3422100899338 -0.29716267436829114
3.2222967120492507 304.62844281731566 -7.966453875212815
-4.789660792739091 301.6839024956163 -13.90808275105952
-2.3286203431265537 311.2162215240336 -23.56079439912311
7.336660196246365 301.99950305608434 -20.310065089339293
7.282170406051456 295.1346276876972 -22.71342712392345
12.049582345235118 299.10211699803347 -19.227330259201697
9.716322104308858 296.7026249411166 -27.88352357188247
1.678621157431028 300.4461986864628 -27.73034816790956
4.913030967016667 291.8366433946878 -21.586093363681176
5.569902594598014 301.0536091447389 -23.516419861966153
13.663296730494272 305.9585258329134 -15.513183225161903
23.269913468527765 314.7937432156766 -10.834598372135805
30.504694624084454 323.7513362328469 -18.88074560910355
29.0243296827754 329.1127469374922 -13.610417620485546
29.936687535167668 319.19333276676844 -4.819862186069136
26.160585715086167 310.98246589803244 -5.322724893774929
32.25051724395589 312.7064909770167 -12.63669398449174
25.025370966250854 318.613079313688 -12.456758608344241
24.595174897503348 313.25735809845725 -16.311903149191956
19.17076533977464 322.77573664905174 -22.346213270467796
23.76605663909025 331.79720167340594 -16.046550493974376
28.13622741154987 340.7666440589934 -11.6045211679646
37.22524802293064 336.70410257035985 -9.953350665647962
46.0756707411427 329.23491636542894 -6.170520646796714
49.799210937734266 327.8614849602819 -2.14360351701524
57.56657188938635 325.96351410575795 3.8534367150661453
52.88874217113469 316.8507566965022 9.127896569679939
45.421710387309645 322.8960485650489 5.040255183346503
46.85987675549291 323.7015450606987 6.900085999522306
37.871424543324096 332.70122149070625 9.663548798941536
31.380444194130735 326.84250230271374 4.0615422820972285
23.707026952712283 322.30672880196227 -1.3305451762326594
29.49805642639219 330.06490760561076 0.4551895991492825
32.10339953167242 337.7361060811835 6.603692489173856
36.85594461954289 344.41501574115233 8.896611438174759
32.89410593799578 341.4894007932782 7.523391988727026
27.035127389933443 336.5023915125157 -0.17035289325648062
35.61292153205221 343.2077709270403 1.1657053609440733
37.78289370827981 333.74243823178966 -0.40594755480934763
45.91726492458062 342.92071477862135 -5.8097636610208525
47.99490759914556 352.10775865010794 -1.9754313210308228
55.779552468095005 349.15977070205145 -4.879057868255439
57.053404423877424 355.9370565546068 -8.195122234509125
58.74433557305035 360.34076288682047 -13.889946800689067
49.35877947330105 362.10471770215264 -7.040282373147578
40.57183020132298 367.0795959468547 -7.460076062753021
50.349479094390325 370.5871437476037 -13.743359695410206
50.1585054881693 378.8644753206743 -5.64732009284711
43.70457119914207 385.0441085001425 -2.1775639719685502
43.289152165028085 377.37842547336356 -0.6848653182541176
43.2431967538036 367.452405135049 -4.622564670882589
43.33032402367386 360.7192953515238 3.3805612535477962
39.37729037980158 352.6984417822702 10.407396158770313
43.05429081568123 351.24611769945346 0.6079162797101709
42.729554231158524 360.53002686449975 2.9270176864335316
44.96766302004256 359.05060216749104 -3.4882276753105304
41.717152186672806 368.9722789377018 4.767979061982467
44.16987669444371 371.66133748972055 -4.410207009318786
34.837138421611044 370.4036490759793 -3.5683438771019595
41.84819846549662 378.9377500067993 -0.4268013527833583
47.61672153154127 380.74205641652634 9.19984872125454
51.88262631276361 385.6897382341806 18.84209419169776
48.72902051328167 395.5560723332595 19.126740651557363
54.40491371764504 395.51652192916293 27.700253177621185
47.27844856030573 390.06402943940446 35.86377940519705
56.95647418717685 388.7970079870638 40.527092644226975
61.99452674862211 381.10443517252475 36.044633801606125
61.61948641188619 373.47504911580205 27.792257818311278
57.317479279253675 369.4139124684613 23.05585672838919
49.72876150547515 378.4462966888129 23.174210290445753
56.16636499621796 372.98755903686197 27.173984797786353
61.98949599627094 374.2857233748115 21.55726559648405
63.284600765054776 380.0970755952857 21.333366963022705
53.30962350956492 377.1756103742858 17.226459928604186
59.19269700214505 371.73402556170066 19.54926944708319
57.95828652481947 362.9700079819221 25.474970728162138
49.049481302766765 366.25975240734255 24.111181268028137
41.2598298161202 367.1122270642471 31.49019386608169
34.50010261096752 361.56536397615736 21.944377611792383
24.73245163410398 366.7657919101979 25.610353350415657
18.6241154480215 368.98027272034403 20.982435142048914
27.429612590101105 361.3774342984394 28.995498145991178
20.806672824104886 357.4602234000057 38.52294515796503
27.635192817714874 350.78060018891483 34.7728397213768
28.453699531988118 354.9466005813532 33.629674925640714
29.308654475434047 352.15044021861127 32.8507900682953
36.15080801838806 342.4712920643914 29.67207794940657
37.10268216648643 333.89680846631154 31.950985927859236
36.78085707063025 329.27025270266154 25.63495250716244
33.11123090135037 322.1783402930489 31.290042753726958
34.02649962894327 315.2430284514997 25.260120959229035
37.745971392973495 323.9700618548356 27.990201286269077
30.445588847564238 329.4336733876128 33.97620726971666
39.32604378696056 319.4354763721101 42.63036612597021
37.71365249758021 316.82071008256645 45.429470147788415
43.97925341749276 309.8713406494473 41.30628297046956
42.3771680033845 317.6601574483338 42.0840394838635
44.93054468209239 313.30457626302285 50.24440530999342
53.07316895876424 316.43010098034677 44.2681498119483
49.58085078433722 309.37660859512044 45.51938763340265
55.350384645138426 319.285113951042 49.81252120204593
53.31531412642044 323.4415787048218 44.31610425650585
46.35486514948966 320.465293981402 38.279418211916905
53.17947410376551 329.4465839246188 36.93569260101529
59.37061317349549 334.02379896232844 42.74707687206417
59.87737250159874 340.33047126902983 41.837308554317836
65.82182429419102 343.15038004734134 42.106724139429986
57.82776603630245 338.91915924862707 43.017278043439944
60.790723101742735 344.4662031531013 39.04396413907003
61.796835816057104 351.66878077508943 39.67013422044416
53.091654515043686 360.3331582567102 37.43422664005895
49.62112841708251 364.0168567151915 44.99727666030149
45.66477306422718 361.44903679084047 53.817087512574474
36.83143513348067 361.66658494930624 48.704550747365694
32.50728118250532 355.13391526525317 47.72304660534621
31.619126596224095 347.1583181464722 42.06048833614702
41.422564432524126 356.4561914400247 50.86917981072099
42.1826995686464 356.04176580791784 41.19818679852885
51.11532896310704 358.5791410701893 41.89017061765399
48.178651022588696 367.5858313938117 35.59523758269781
52.09875164346314 358.72646691584595 41.72858284736592
47.45961518489116 361.8072817457267 51.609272705167974
49.52150698124416 360.032088537263 61.56955936031541
44.514384531362026 351.526717026619 63.343450381804715
49.200945472406914 354.80617166261897 72.04033435413362
50.43828007159829 353.72172559239556 79.21087966810161
46.97096513599931 344.4850767304086 75.70872436147596
45.389534184318045 345.72837538664214 84.81482768809853
44.87773998772954 341.0490937085846 92.32958422692965
39.384654492048476 337.49936814490803 88.59397285127149
31.1151296210124 343.9543082255316 90.63222915327876
37.237548549537685 349.16929272860364 99.86797038786528
34.48963754310219 358.5658570197016 93.53135119125798
33.20299521680271 355.9202779854302 99.85575261199713
36.424722697897735 348.20459979171005 106.8000507558645
29.108518938380683 355.6543469138259 113.02469432790241
28.5907799028482 349.82018569746316 118.33612499900175
20.443868394966696 349.6627142968535 112.65296920842921
16.98423511194475 359.268662785839 112.67740030352567
26.92416151457903 354.73752608715506 110.02733517008484
26.341240876376894 351.6960742919999 106.25888625958905
18.75282452033626 342.5879547017646 108.38404066927914
24.531380639617705 340.98991361281395 113.48722973352834
32.39132147225719 334.66181842321555 121.71745454646953
30.501958630208723 325.27990822216 129.2354486887184
40.14768804038923 326.27993853096643 119.82781141532959
49.166860278772084 326.7983255881409 110.97504556250293
53.00316798164859 325.9194583035499 119.19942453176058
49.29029426239804 315.9310635159703 115.20957806488569
44.10338705658147 308.1665224390733 105.65302224314479
36.63817694394541 302.65785173729137 109.42745979568261
32.94138875819567 311.1864075467235 107.35690454136186
36.86536035299246 310.9711601823009 115.60847010343757
29.24114873520456 320.52661662969876 110.82180973590707
31.132370240428248 329.15589529238827 102.37291945394765
32.02031211736963 334.9507779898593 102.90475038863272
39.05600911868772 336.31508111213077 100.64845249042219
38.60385215290964 332.08942655418076 104.00088086248766
41.266022428616054 329.739112742726 98.90288590639105
46.46378059802591 324.22191037532787 104.33273361058117
54.095159721633884 315.1105577492979 105.12012428809996
58.72629727936207 308.3856783134979 100.20794173711238
64.87338189968428 316.36923666219957 95.32023500220016
61.80306477244379 314.3858301824386 104.96479487971993
55.226107613195104 321.33373353146686 109.83456771237059
62.69532009952362 325.39865970672633 119.29959703306096
67.15923738366517 329.79058211576427 121.43882506195025
65.81005198508271 331.7499433260773 128.80695255650724
67.08601963727894 329.73403730844944 124.41027954747165
61.59598172450238 325.1790416173376 133.9238552129181
52.105984323627766 333.8021476831885 127.71456729292889
59.255903754730866 325.6751995898354 132.13150339945287
65.00063510007577 319.5193221783991 135.93080304961344
71.80190064934209 316.3151329152659 145.7503090004208
79.69290958412722 323.8842413611654 137.10672302288376
86.14837779288143 333.4362930723089 141.50508617108474
85.05021448974782 336.849082849381 139.49836494970248
92.64596733314369 335.69634697487027 142.44745910421372
86.43943535749035 340.3971632835678 147.49091767733557
90.61451150438512 340.7738697408001 145.88665248976372
90.82183754430291 339.4212195563304 142.29825917573436
98.33714579821311 341.68985249011183 140.56362433574736
105.12662545205077 339.68046825468036 133.4088643248355
103.84010571943443 330.91958334393513 126.1011765884312
112.90560814588915 326.2986780424506 117.62201232443454
106.85151694295772 319.6569128621904 116.75334126173144
106.20045642049591 318.3624062373721 110.51418177272544
113.56615015833972 323.59182783595304 112.05254789671565
115.56917235351874 324.67891226227607 118.52126384675981
119.42547473362492 334.09906873691654 124.47243394131488
119.50829856201658 338.48289221018507 132.71805571935755
118.2199052617321 342.5817294753164 134.68808254995946
121.57019625251901 347.85331169172326 141.5227184255644
116.61832110781516 356.04100504088336 148.90648193568785
107.73600102602867 354.6824572616217 151.7521476570683
98.42017152980699 348.6610266161782 158.40329417167956
91.5343468140789 351.0655486658986 164.9195316066102
96.0096801792282 356.2247766378274 167.36625088819181
99.341357225523 353.0896621084754 171.58105484010804
98.44658755705528 356.39257177096215 176.31707735158867
108.41345411893867 365.8681829586164 181.5292853332266
111.35380887801767 359.44192864476577 190.0630164643294
120.584587438629 358.1891419119989 194.5244476784954
121.10308052879886 366.48134325235856 193.94939581960438
124.07143076052569 360.38476758869234 189.8055117677298
128.86885403125194 370.26115902048923 194.99086226333665
137.08417582761322 367.0787202253524 198.1211443086274
139.76732855913718 364.76933042204996 203.20767055770705
144.33350544829023 357.549244844324 196.50956683853036
138.93676202904928 351.6261334052904 203.40039990386413
137.39596843798728 344.4548134359859 194.5011818482683
134.53175329225462 347.9364329608369 199.58628183247066
140.32228582473095 349.59674898691696 203.33780675450367
138.22858049824933 354.9178266425153 206.48760247648093
141.5697231461525 363.69407923325093 211.7443840092894
144.8040754151791 356.4610030331254 205.7515719320688
154.5481790906839 351.66443047976713 197.4931660193537
153.09890803056516 355.3267059110934 198.30552547315193
160.99249913399095 347.4322205595439 198.61132207897072
156.75073715320707 353.1885805069294 205.80023628140412
154.71478418763616 353.3928002035092 199.34630281998903
149.05761731862606 347.8688869385283 191.20665978922773
157.1534645006089 348.61824652736567 192.039596498797
154.81246547392993 348.72725927887683 196.93316789996334
161.13422915245587 350.37025151130734 189.13147723083415
159.56037757480107 348.3437916622711 185.64774223918454
157.04432904433315 342.000244052538 184.0407789069973
161.2275771743895 343.379861693899 184.52963240448145
153.24907760298825 335.591927746493 190.1174774742172
152.3546702434693 335.3345633073192 189.74124555996735
145.6417666950279 333.60896481733056 193.733106296538
135.97865428698262 327.3115618319073 198.6344162832197
127.62348443875854 330.2424408083849 192.74156080243222
134.85969937565625 335.9654667131136 201.54019066516466
136.46166067836253 331.87310716196174 191.97628461550755
127.99430381090768 322.0897229609736 184.04564084876242
135.6523300546765 324.22575336058276 174.09272078717595
135.84225973023 324.51985446166634 164.32937299299303
126.28567139223517 334.35506011770303 156.11924898567938
132.01035406299064 338.3975879366247 155.38764491379422
124.05016916388833 337.0648675824813 154.8135142854719
123.25487643544247 334.2141950504824 159.8647854350598
121.56125174855042 324.28924312459196 157.19681778145141
113.40696263627366 315.9136196827217 147.22976810780716
114.40459272462712 309.2168873246723 138.04460718631148
107.4890667274222 316.4857627504011 137.02098175419158
99.28186757096209 311.295167507651 141.80223292405333
95.8976521859562 302.10425722769173 149.05987944756444
88.87090169633315 293.20235095096854 152.2925496316459
96.39918869147097 292.7597385222614 161.57113639228731
101.49823615838 296.7509656444617 159.3876051796809
99.66185904698376 293.65249542625827 151.93279334676083
109.03228922248486 293.11587315648876 142.9485865832876
112.01156098974417 292.70472383996827 150.41089992426672
108.36246618366393 291.9585371874399 141.06048866934327
117.6029326596621 297.06353881837856 131.56368443268275
115.30348665476265 300.7931972262988 141.29591670530957
115.90712839816644 308.5844992639415 138.35155757802445
114.30141952952678 316.39733763180254 134.99099037706057
110.94965626059341 313.02920089187285 142.13482715831907
114.21550384662878 316.90308659333874 140.76827880398923
123.19778615072606 325.2714474002827 147.91833587978022
127.08524253065445 327.49480534087104 141.52205265522855
129.05060130039527 334.609317049104 142.75523083826235
138.10477809397236 333.60208165174384 149.77955373640708
128.60852737746987 327.1605156261889 145.61614063238034
120.16734613196127 318.24514221407753 147.27336310409981
113.00990884265633 310.907425053667 139.83685226401923
110.84782139129454 312.90611975610716 148.30270143672402
100.95889980578463 316.0503403184608 149.4305159049489
96.61366861712837 321.064237771221 141.47186994729776
104.83892497659932 313.97435714155097 134.8596191649489
105.34764185856794 319.5001552054721 132.20141692745705
99.40873346568475 318.0578917825231 124.0262114154855
99.04098752501555 323.68537930987094 125.73473380857865
92.40313785032312 324.80364721931517 130.55564797424847
84.59204306331284 316.2959692250864 130.59522462496773
82.06752899296866 314.5360313335836 130.05353345830167
76.27212648989007 322.36607017730046 134.28605961440365
68.54046069531432 331.1171425089234 128.41238110921802
60.15960659505675 336.51612409105985 120.07174854606524
64.20761667676217 339.17742567813207 116.87751808366612
56.08675454736024 345.40371021006194 108.2841084442747
61.802455575117584 347.1688062703963 114.11979040192426
60.53890012406664 349.43092952897 116.0745709866989
57.62728461541308 340.9850871054791 106.18612804886979
66.09091925833363 340.2558065195961 104.67895439970577
71.68957745564664 339.01557482070604 107.71574364873464
62.170454370760055 344.34926864390565 115.24941569193447
59.08816361868469 336.7464016190666 111.91051412984453
64.33162556150397 330.65209835903806 104.7807028653175
70.39884879425655 332.2668711453682 105.84283878499485
74.25648254667799 334.96812677045625 97.3667303162985
71.08931497013262 342.8724196792611 87.4680636817019
64.54566071907954 348.46060829387864 87.74299607667689
64.19533527179766 347.8343783489951 95.97472460507352
60.953120031364165 357.46009266813905 95.73060100578901
67.111735423638 349.55165601803554 91.56580037466354
66.36700430868032 354.27474097919685 86.39397586496185
61.2446828103655 354.6386321492497 92.49090312943697
55.073776780730334 362.1866677354336 102.41388581313146
49.08234522224385 352.968239654498 111.46684640338195
52.954623488102115 352.40908992627453 107.10872852567903
52.991768317451424 345.18665589361194 107.97540087789073
46.81849945531134 353.08992637330346 107.8224514103424
46.91871443537095 359.67332589226476 113.10121796936582
56.215681431202114 354.8238311952211 123.0015231036486
63.96326858988515 362.7455361524627 126.72216897665348
68.05365506883146 368.1787423141425 126.84789499143606
74.90279148029302 368.287009343161 119.08703169135052
65.82767937023534 376.6243292180265 120.88014356480173
58.532344740903426 383.8057622646501 129.01325602887434
58.64767245181048 391.4966591968062 127.98932023866894
49.93771153462046 393.9713097066039 132.358139797849
41.239950682234685 386.0109935636515 135.3940750744248
34.44762473290248 388.5710354572407 131.9163800034245
33.11770326385283 385.07163370815624 122.08972565568023
23.165081790398084 393.4560101243327 127.50211658611691
26.324979404783534 399.41562960622093 125.90832659829614
30.377129201119114 408.1271735757977 127.84489488266276
33.06984523824047 398.3430725051015 132.40937757507606
31.40034551281961 408.2749270287905 138.1429924818383
23.070884117687857 416.32084105654155 148.04016456546836
20.66163233475848 410.07476311669114 144.62863721793448
20.218634090057208 411.65161387903083 140.23179424901798
18.38595319692464 410.78656974413866 148.39669620688866
23.601155661754326 415.58054034193566 140.34616770967634
19.833748172626144 415.1212367796754 140.47503321876562
27.739189799209182 416.26558712251045 144.6385436720834
21.355741941091047 419.3442233323925 141.0968044469583
19.168743126023355 421.04925665363567 143.77091076975915
15.235347158708738 418.45419189451377 135.09402600973297
15.752854137051706 410.0219654172035 144.06536443284494
7.744793008999739 403.57000863945893 143.12950798281608
8.593275251836594 406.35037065780875 139.0763953272229
3.5698095005056807 411.55525439107595 137.80201109552456
3.396681478848509 406.3267818504422 134.3107307454119
0.7454758939071726 410.00876369339255 127.65591852427806
1.3137297517369295 414.71722265285354 127.14154959889242
6.255018348818053 411.535914655639 118.7349413762312
-1.2593058926417688 411.4933223188238 108.74677836703677
0.9811779915014562 402.85493082836666 114.29394629966953
-5.9340771803693 406.64343698705795 106.70720936127603
-7.047428523390816 411.6244435930245 111.36113623051894
-3.547073535582955 409.39096498219186 105.93807695074261
3.6730377111569803 409.68432065090457 104.19097350763994
3.7375790240081965 415.9286585841908 109.58359564448416
10.996581714152411 410.3621741812722 113.4102303658821
17.430152469401072 402.57435732460226 118.35477660588668
25.42389418465545 405.3143564105098 119.33296684360255
18.492478848649917 405.3525536407661 125.69495680512166
17.404827387987865 411.5551365206516 129.05029873811216
9.419531160736362 418.5301170921134 124.2382001586407
0.177348274662533 422.32302481136014 120.93791932236408
1.4105804039338685 424.41780907477954 118.95919260259507
-4.536788350263251 427.39708153279037 121.94400167424324
-1.2540224664454067 421.10969547287385 116.76587491421284
-5.117962432552584 412.20374062882394 115.0137007603337
-6.243300124390591 406.53610814752255 115.21419591094784
-2.720871733115197 413.28950507988424 114.4322928854059
-11.11142740164005 413.9499180733861 111.4710283696909
-9.423410314238595 412.36455716416054 120.29358028020728
-1.4389520633712447 414.8854997191187 126.40350557711015
5.7769603485734695 423.36223841706067 134.9924266757597
3.3479101562032993 427.758427292513 130.25753370309795
4.96658485480982 435.83284250840074 129.80508686709467
10.717337861484584 439.02576789476603 120.37079886127987
12.711747658877158 430.53210254112713 124.92609469181319
10.484317930097713 429.73563982274 122.36722972887084
3.1867572325571025 423.48219065658907 117.09132994504361
6.6154118613679 424.7361076652835 113.25459874936224
0.050565310502168614 414.8387565294658 103.61840060217126
4.519234728567534 412.91939126457794 97.32488218406662
5.0083276192055175 414.1141938508401 103.87229681568486
9.027597813282554 421.07842844301206 107.52392908915158
12.716925141673736 422.8545092314046 109.10782852609546
10.92814522387931 425.36284973204243 113.24547364840502
17.213291798743207 427.1766565445369 115.06070144019603
26.33374678214105 423.1476733654169 108.93313398977226
19.55410502013108 417.96298124907344 109.78330828023756
23.497119300816287 409.2090593457103 104.26164238370296
24.035154715854134 403.6290542973342 101.90770859415878
31.98401012915214 397.8984945265713 109.35784322827452
24.31864479220877 400.5828062996499 104.78835958161469
15.917592894529307 394.36480780457924 113.77231729551372
18.75845639473753 387.5562898585973 110.03046797262436
27.32675336777376 386.26848026050993 110.27543203339134
28.561748905574344 383.47724648594624 104.8075225127322
21.83067205173309 381.35891478840415 100.16700043187444
23.363728768599024 387.4253849235583 108.89430589470656
16.123741232968783 396.4714461681049 102.67494820273943
12.31179621851603 394.7318946133085 97.26583284767597
11.458881364238938 385.62477995462945 89.76492758054623
17.813295868167984 395.3128830085784 92.11955086240694
11.868416462318267 401.5257891875941 82.33320334370896
11.239600988986188 396.76778421933847 76.57987331292635
18.81187598620922 405.8747674902891 84.18862786072506
16.69423434428596 409.94383372653726 78.45088732651041
8.625341618462382 410.4738484862887 71.1810263330065
6.240952075341962 401.6114106101759 73.06026044498134
0.030725244964969534 398.192080966707 70.8886450162837
-7.542601021117043 397.07700717592945 74.94279876443179
-8.81950659418856 395.66136748887965 72.21241195512981
-14.923692199071438 395.9965550793228 67.38128805065568
-5.192998100747598 386.1142857098464 66.99900744233634
-11.4228980396924 384.402836042364 76.44559358934764
-2.0145751786388164 392.1014521394458 84.23305950747226
-3.278980724810153 392.97350610807507 80.46982674401997
-10.838829585414256 384.5438389420414 87.52431455694635
-14.728923047800745 385.4536564433418 86.67262624470536
-18.861239205464628 394.9002788044407 81.64247004354209
-14.552574465435598 394.2432043698683 88.63151076341612
-13.938231166681792 400.9763530491806 80.42602737270941
-7.47201620569955 409.2456773456576 75.63044833304741
-5.320747167587784 411.224710203176 81.29596219189375
-9.359058810382178 410.6755015023787 84.12623104069236
-12.364683739887047 418.9698278813252 91.01778441059929
-3.225027286562023 428.5104014133469 87.43572681231524
6.574979121833836 427.59236744665714 81.62462199891283
12.115343821049642 431.05629496392606 78.82586125397467
15.964559899458708 424.2806375315139 83.69595087192215
21.89765826833868 420.7079688489057 75.95145456176935
13.808147123314923 417.1537942076155 84.70100347304663
21.617955325989165 415.06723166688937 92.81649938721237
17.613622096189058 423.69216811692115 98.46916495059779
19.081522400785417 427.9976511872167 93.52435200264009
20.917448750669188 434.7589473246559 83.80637229097982
11.37475060286693 440.0135052967833 92.74284657280664
14.260901805315852 444.9888429932905 100.64084221622304
20.52601020923561 447.458499694214 102.43927465543813
15.202431757735718 457.445135455706 110.35257610160686
15.360424924683697 460.75340476746294 110.68046449649206
18.832012704005763 470.03127490320446 102.07970572860353
23.821771531729787 469.3800892144743 102.21347199257036
17.976291979397896 473.601794195079 102.43615216920031
21.0300806542137 481.8963574323045 97.02618021391959
23.13725203119381 489.22581978957146 89.41621967757719
21.646305864104292 479.2546595999076 94.23789318111217
31.091489132369492 478.5899234379874 93.53759973154413
27.889380987888455 469.773832750153 93.23373250800084
29.602502537820005 464.404631735619 86.19020251516825
21.52793717795339 457.6287036753489 78.62022262136603
19.60643931775335 454.29604256110355 85.49922373714448
17.567663210835338 462.5196615457287 85.80240139855309
18.77381781568568 453.77984317022896 77.0268679309776
21.924033423854898 445.48348172319857 86.32249691931854
27.547764023618292 454.9268922271276 83.99833403983207
22.81407411215427 460.0136759602206 74.54949232881252
17.6819168121348 468.72595911312965 79.97429761170548
24.94038065790994 463.25420761428416 87.71984816663988
22.467307871229174 457.43724604871693 83.5080615242476
19.319043278724216 456.9852985573792 74.75663920141923
20.090025414864964 452.3927306710965 66.13626312140994
14.063074429251987 445.10008953910585 56.74734517754591
5.922819810228004 436.8395027598999 62.499061377447454
0.8254086396828484 443.47637922288226 59.26968079650903
-8.151046882463486 434.4042471835648 63.56653983770413
-6.27963853840992 440.5449423586048 61.621832218742796
-12.721965862536024 436.0911983331034 67.27321397873071
-22.489730632902585 431.82420148380993 61.76453359570667
-16.490023363394656 429.2787260462317 68.3759332119056
-14.869197577483149 424.30445066400483 74.71974135904843
-20.320249860391574 430.77145948052896 83.30136830797474
-27.93287945937619 433.9482749796513 93.08154495290536
-25.076270514904344 432.4051798581155 99.02922346148985
-30.273376192248577 429.5498745987111 93.81126643957379
-20.816771925307968 438.5645396203975 97.05193562219449
-29.154978335713324 434.98737919571994 87.95549329123192
-27.35586731252401 438.1141296364595 94.44006226939442
-19.019185888541998 428.7279417776034 87.82263924840319
-22.31133113134424 422.73197239002116 93.75503718559783
-17.818940534305142 430.97636758935374 93.38565607467142
-9.972467390109792 436.31247596773125 101.2798466282389
-15.945225167464315 431.8514535378738 110.77800406255236
-25.84439531032858 427.34461903610855 102.82867632182479
-19.181170198266468 436.8620712315305 108.64128135258706
-20.188077253561612 444.8031576115604 116.88772137088041
-27.16994793522506 439.86349233925074 123.78378391643867
-30.43278544417048 448.2245391968613 131.12281968234765
-20.467828521564385 441.130247999856 130.09698175706262
-10.830886068356676 450.050792121454 132.38510717671545
-15.294370303385291 440.24532285520934 133.81532636190158
-17.963366709610128 443.7307875219479 124.77305902913068
-11.655587839284962 434.10050540027436 133.6253665947519
-21.59135737413049 430.37664762230924 126.51942978278787
-18.24323887065522 426.24436164724614 132.11307179994307
-13.617021270652153 432.52282272499053 127.36887047000621
-10.918124481353146 435.88356631489637 133.27171273659096
-9.302932680416067 433.4010387036324 132.0022453743746
-17.36645830650377 443.2171636240166 137.62282000256755
-24.889321109622465 445.91744575022494 142.4108485909349
-27.421071963644405 440.8994625033276 141.88903037229642
-25.02393635052208 447.75651391809805 139.00051116437993
-25.330463195185153 447.4532223395946 146.78967238471688
-34.394319014774844 447.9245738132145 143.98556212158215
-33.03755996779721 449.675857887544 147.28526722210407
-27.33430563110489 456.04894919466795 146.30200081411942
-27.212280246487918 457.2205170291415 136.43975850656162
-21.725887943892342 456.211898714415 144.62396138586413
-21.469782750433303 458.2099150372203 146.99701620802102
-15.756911755741708 451.2696991572051 150.84944620454922
-17.834639164313167 448.65270155517015 146.61802842498707
-21.920456091746342 454.485410769479 149.58017513952194
-30.401528782393633 450.5321750371214 154.49485685819005
-32.96290345388411 441.2720237085074 144.51271024114504
-41.26902370047591 437.52624326378873 137.08763245102045
-46.992926325271355 442.7090059088448 133.86440116088497
-48.70613225231206 435.5799523647161 135.37307991381644
-40.49006288986209 442.40447989214556 127.88858926910616
-45.009123712516754 440.2311804384269 124.93430752628423
-36.06524934829833 441.58652191050606 116.48512750752104
-33.657525522673154 439.73499254906073 111.54079504682025
-42.12629744224641 439.7510811991443 113.57497070621086
-37.99605177060239 436.48059057222434 122.52407156655988
-36.19127534317561 431.3849352658238 129.08579104010897
-30.905328713272567 427.9537601578593 128.2653100653348
-25.7313097497522 426.82719084716103 118.67172829028252
-28.027720530671505 424.4951797558076 113.08542848347219
-26.588179670408795 417.0786702980901 105.97330070443095
-21.30696138529727 419.1534417608809 114.51727306754442
-29.360429513580314 423.5124366255553 113.84345951546636
-19.676075261070558 428.5545668540556 111.51723683801136
-18.213265341461916 419.16582647666 118.82646739897052
-22.171547734866827 422.317509524868 125.3049808390803
-14.577937665876949 415.0373545051948 131.36388980750786
-19.306850124632824 416.94746505888236 125.921578955578
-25.44617697696478 418.60752654481047 127.15041835480274
-29.27425528732549 419.72061526018484 132.28593698519217
-31.909717320211808 412.94347267730615 128.56024326094897
-22.22840536391142 417.6246129321389 134.00182341377817
-31.83135065173884 425.63209156979093 139.75208776067117
-31.113245212213265 434.2231756672754 145.91589845048514
-33.26383039847224 426.3750584815899 150.07105618514407
-33.70961598195482 433.67494563249085 159.93637539609887
-31.4649110448603 443.6721818652353 157.27350181060572
-23.274090084525486 442.17549557981454 160.2861622501715
-32.53180634207079 451.52740156061327 155.08850136433125
-28.612519772714922 446.6532107750861 155.653913231429
-26.134934756367702 442.6395509285897 164.1716895125643
-35.59259659404269 445.78602521318635 166.61588909103992
-26.12446348562912 448.4941894639506 166.28075050565462
-30.400826507207398 438.75345954814566 163.09304081383388
-37.41724092327116 444.91427028874836 169.94787023726377
-28.732625566980914 453.23798623683956 165.72394720138348
-35.78224101125565 451.90738465718164 162.1218771727808
-44.62499937364116 460.99201672202616 166.81128103766036
-40.36912743246741 464.5817125319119 175.7973677418458
-32.35446907859847 467.2052080677874 168.51417427629437
-37.247664954995045 475.68803365862095 163.6233585738296
-45.13176171110321 473.70769759747236 160.85991005188473
-41.00014300145194 467.4367328592271 162.95149078439255
-47.5610172922286 469.4356549874559 158.63383708449084
-38.067743163852285 477.90866084868225 155.63179826966106
-46.05705216586929 480.88720553314107 160.81534670164626
-45.52032794541982 490.6911025321626 155.14123256650456
-46.56112565282808 483.4381513270096 152.4225949094084
-53.755537286417464 478.1415571661675 151.05113131873975
-63.22355389346337 475.9672381709087 141.98297101425365
-53.755500219194325 485.7442342935594 132.83029628730853
-52.39930114162428 491.86133526862847 123.76102876869037
-56.784670473757586 485.26922630978555 115.04037809057155
-54.61256848737821 482.1342182844794 113.05195867573755
-52.00023514071052 490.77728338148285 105.07824245448921
-47.67294166112727 481.2788368777872 99.747878514709
-48.250317732103966 491.03326916922157 107.98515976156408
-54.89988383726961 497.5293592442324 99.37121992266563
-53.150050840224566 503.67517121079237 103.61914057561482
-62.23936286356884 496.0814565328592 94.95630844596299
-55.519727367019854 488.86420877043906 101.07596922966948
-46.64382476542192 488.8049284666125 95.52018062866311
-53.03013286531143 496.13786551136354 102.52459465503291
-60.1633021921523 500.2157637655823 102.77206613508307
-60.0736457976836 506.86944180969084 99.05592092696054
-67.17361126561752 505.1519678559334 102.555392586524
-68.74607145744663 499.7340764930312 106.75785801333048
-73.20724934518597 508.555866357122 109.58979357427968
-75.6692457561502 503.2600340634353 110.23472863203584
-71.97217777906467 495.0175013224533 119.19955666340898
-74.97958757665455 495.9344714341763 110.98908191006461
-73.09299384536146 504.83758047103214 105.60159742244437
-79.84984753678705 502.0409684137538 105.43320958040391
-75.53132157617308 501.67435847174056 98.09972847352877
-70.94750581108345 500.24694407059 90.69385858818933
-66.67389525682543 495.2972474689731 94.63927334065943
-65.87692557234868 490.7993543784574 90.3112485279999
-75.04063008625893 494.5766021569627 82.26356855626247
-84.27465048704535 491.14905869195513 78.69791329685442
-84.07515089253629 496.2653978710273 73.18918693737265
-94.06986473161186 486.46073440453773 77.95921409114885
-97.09649987541717 493.0602641711068 84.44741232939948
-92.49790935729172 488.43943071104127 75.23654444113905
-98.58835010983717 495.99684965922876 76.07921090890274
-104.2309682407581 486.2358002586726 76.89658337240357
-107.48336164709428 485.4475761717089 83.90202373718361
-97.98295671451658 486.5904994773432 83.44562558507175
-96.7486033419424 492.4449480359161 90.24636005445258
-98.87132664583889 484.30183443455013 95.25758988298895
-103.78303257879124 489.142440748446 88.24073810876021
-107.59165011296875 490.5138731092239 94.99991366550903
-106.34741615773193 487.461477917985 95.08284290142736
-109.37214029848933 494.5157288081482 86.86630315611544
-106.86568746497767 499.9201601157128 96.73254621695793
-109.04653852409416 500.5102083616549 91.78347927217841
-104.45153898552341 491.20034906667263 91.99338669132744
-101.21141990501036 493.4578282183908 90.66189716284823
-105.38402791114216 499.57128215823144 88.18936043324003
-112.42736696676488 507.15702375945676 80.54435878558614
-110.94989602054926 507.15003253208965 85.33610030388124
-120.173926385469 503.6037795316824 88.20334826050892
-121.64802599440536 513.2221816786972 88.02151627853732
-121.13100758145023 516.3237397665869 97.28558575986997
-119.38295473439533 518.350621980092 105.1376276559586
-123.00111092072028 527.2470951105227 96.12432926526348
-130.30314285954526 529.1511095508451 103.10157064565158
-133.554139857367 537.1141344124744 111.32045088620424
-124.88722407116364 534.8088238727544 113.43474137983706
-126.39447932740374 525.4190608065483 108.566834620741
-119.05640398283444 525.9313564714121 108.06315924775649
-125.01437254650311 524.0016826843287 99.59792817970997
-119.0714338769808 531.6477942202919 90.90019500806952
-111.30485338818681 530.7311816485875 94.55245200397538
-111.053346102699 534.6325533201303 94.85454666804807
-101.40593995095207 526.0033630822145 89.4363822761449
-106.31758729054695 521.3418605295246 95.06301720986531
-113.49775981786034 519.8855039216095 95.51914377569108
-120.02740771037615 527.2535242092755 86.41902490401266
-110.3950361949961 518.7129662968433 83.9008642989581
-119.62847776184354 523.2533175538945 89.09101992108742
-115.34566370357652 531.5870806952648 90.47207796014241
-117.06650674808004 526.0249362137521 89.55999104470185
-107.11967136429189 525.8067287371763 97.0220668602316
-102.84498301409916 525.653211449331 87.16173059358105
-108.40762829549998 533.6159222714274 95.35289083842943
-98.80457257797255 535.8173809738696 99.36795321307346
-101.36097893834908 534.2606384212256 103.59422847240361
-99.49625367769471 525.4499450308518 94.38405701167196
-105.80021576268992 529.8147275708214 86.76803463772626
-114.92975300112913 536.900874403606 84.59335842434612
-122.1845625021439 541.67582375275 78.29138122320889
-113.82124262382351 546.6842207626556 84.74280082466932
-123.07514562520417 556.1710430933732 78.02158128603848
-120.23552200727421 554.611474117464 77.5760578425978
-122.4493979789686 552.8752068239263 68.46000956891872
-122.01508636240523 559.3598641494295 76.43175848779174
-120.18930978520346 552.8851708830665 81.49083384811254
-115.82238822695862 544.7227735878412 78.64452902937107
-119.14642825006382 540.3641711509072 85.8651241278309
-123.80599915343319 538.9010959946922 87.13889885566206
-133.49749674624417 547.5151213550906 85.55871711904622
-131.36348842678404 556.5460821565564 80.54978814742353
-137.15739893701647 546.7512448686574 87.6799639951812
-132.14156370491824 544.9088422009405 91.6707904442351
-140.9404475195306 546.6172403946264 86.21518383802218
-138.17175290734926 537.8657012978897 92.11508985467304
-143.4925320348251 547.2455281080953 86.358919297978
-140.2788922370315 555.7546492073502 80.85990146575793
-145.45975758558265 560.0258949912545 84.14956160461061
-151.34652591208174 566.3140877750961 91.01608759285786
-144.3444336066952 559.3873104717825 100.81275843787309
-144.10236337851117 554.063588282507 105.79836137591619
-139.742166890971 559.7372322179325 109.68089534710616
-133.42927597709257 559.0583782086134 114.45898585556553
-132.38817438587967 563.7504504460201 117.07342701085453
-135.01467091444766 561.2381478551773 125.85128577464127
-139.19479830008456 565.0027355282886 121.69190291783408
-139.79774094867068 563.6003858776643 112.10913380086097
-140.6896801958417 558.7486627934996 119.66208876693257
-131.77373180323548 549.8281483329512 127.80229372394851
-125.47270969680669 552.1671959851996 122.73655678112466
-122.65828290949223 550.3800889397025 116.6002281313471
-123.82478519612705 556.9638775734213 126.57208979868706
-114.03385283194304 551.6260342436117 135.71424342759818
-122.17026196035977 561.0672080032331 139.1645383022997
-114.5103190212101 554.4080521082957 141.08136258587768
-115.13530002307947 557.9574631092185 149.47394333001836
-119.92152797680308 555.9986078922497 144.2797109520899
-129.83102456859385 546.7044018238441 141.42400348146236
-123.63155743795363 539.5782716283754 131.43188146528973
-122.36289031899304 534.0693755523512 122.56725630017127
-129.9965778424472 544.0012107877288 122.24514541882031
-136.68208336573463 544.2058754704685 117.54434767493602
-143.08491740757614 546.7301277780963 121.01229359575264
-136.65985453900993 553.3270522716018 128.6219265239655
-133.1191066768339 559.8409391285458 134.04213368759292
-127.2908521171703 553.937533032406 133.48285993727848
-132.8199498427295 550.161733439718 125.16057252703727
-138.6094357851351 546.7493438070549 115.73252064755573
-134.56001832881464 538.2975960117984 108.8382428640576
-129.84448344623976 539.1786852340679 117.6115158632328
-122.20627843550048 531.2099475147581 121.59873314831758
-130.99472047813518 535.1358496648545 117.22780362744265
-138.01659954543084 533.3978580017332 113.270064248616
-136.77106384796573 541.1161753696688 104.46934173538641
-135.52229396954377 537.8889781608154 107.0205353004539
-127.18277223674104 536.8959954658654 111.93749765828319
-129.48297581967742 535.931813719062 114.14451759741338
-129.22380348775874 532.7967711066549 106.1504684637641
-127.82332675942908 534.6577026447658 96.64985528840991
-131.66784117975146 534.8548219750688 91.40472009518747
-126.42237533706525 530.566989649003 97.5116797196502
-129.38439056432725 534.2000589817535 105.55287174254688
-119.76826930201581 541.9272246677925 111.51032669989175
-127.32793157721596 541.421664502576 120.67027973610459
-120.41458051771698 543.169514525463 122.8483189648855
-111.93754082237616 534.2450416226226 131.78826603957646
-111.2137637361368 543.0888029487219 128.06253573018097
-111.45483375561908 552.6943788545349 130.17633593724977
-104.9148169024227 552.8353707960878 129.8068850922667
-112.6178334764919 554.0764905574827 129.07548515278995
-108.20186334323071 562.867092987071 126.75722213384074
-107.94549896262166 568.1998097622917 117.02674307861112
-105.20883911731526 573.4899302720618 111.47013121673692
-112.86456377039994 566.3210162975316 108.12583859214513
-105.1362576962265 559.7812153360975 101.78279615265652
-99.79364882727906 550.5624364602972 102.54274595616927
-89.79473788721009 552.4052984723837 105.07608572560325
-82.08191802773159 558.4445500142143 106.92903709640241
-90.41195725512935 551.9154107022152 101.93631894675374
-93.83106588548874 557.6927107326708 93.97426958509342
-95.76612715746813 566.1082382398947 98.22043110352534
-87.84319163060744 558.9406661411298 99.0634621854402
-94.84280158960152 553.4437579719914 108.64585120301837
-84.95978245676721 554.6575060834099 100.1355541383846
-79.79405835611617 554.6652668116437 95.06162471047045
-76.00026932765822 560.4209730959398 96.53516100137207
-69.52093965738239 563.8471703311264 97.90852699202837
-60.34299857824211 558.7453560795136 98.40587935771431
-55.84871764890382 557.7315332447221 88.41848899240928
-61.665645215161966 558.4125212870068 92.48267240936698
-64.5765872770286 562.2032890005386 100.19323706864789
-68.93889822242578 560.2665704526872 109.40042547872662
-72.01901162884594 558.1229817966413 105.62714060785378
-67.60189114534073 561.1519695911076 106.42479905526251
-66.0015062118077 551.7040296323503 106.91754189714666
-60.30484655123468 553.0861247147944 116.40072482482849
-57.63467893617667 554.5022540584813 117.33476286837455
-63.398025259336876 557.4206406514584 127.17916997189019
-67.78720677550908 561.9254649878152 136.64784471439222
-74.84335838212449 558.2501353541184 128.20812702590456
-84.1881737384948 565.5783196927972 130.10563810137836
-75.40426650079361 574.3775353521339 137.16417142746803
-78.94938951952703 581.6306197433544 134.83523737838325
-85.06612917082872 591.4252375881687 125.6538015864638
-77.62424040583045 582.569978204986 124.55448591597819
-75.53224602434794 583.7123785188938 126.08401359494854
-69.34644059723885 593.4132243693214 133.50849783085573
-76.66852815449965 601.5109377634145 133.92337137139162
-82.03016515166402 593.3021604632276 142.3680241282644
-81.66173513016993 597.2310080342512 140.9876359191837
-84.00947652717575 601.2238942734479 132.50556289614516
-91.56671931747404 609.2400854530931 122.9673951259609
-82.87446143153673 599.6163928821428 114.69406245180767
-82.81152466903434 607.9947522402646 104.99840235599781
-76.0094246024695 598.9283781463954 104.66528835815555
-71.21093746458185 607.4208773394726 104.22437293513974
-76.94003264631577 606.1293026496738 106.94714596124142
-67.98470109241472 610.3175073182651 104.92555165507424
-68.18665451935543 607.9723353283852 102.86745773498853
-74.68133727107539 617.2909156550819 96.6727595777847
-73.94956083638372 615.5330690396622 100.24710241288474
-67.83626982757498 619.9433272686857 95.71042512150115
-65.47326947246758 614.5545392739843 99.92202631265714
-69.93369031907308 615.1329249708916 104.45865486280968
-77.39351147034614 613.228827190416 107.06426200970517
-72.25381802430545 608.2378538707502 106.94497644154718
-77.84974111023293 610.9350830024375 103.6855292936759
-69.20239017340663 619.67991475031 100.60333627980832
-61.69569433222806 624.0739887009622 108.15684840335378
-58.99448190410738 624.0845798585061 111.20473101765143
-49.74676783960655 631.0288703942437 116.91134625309518
-39.95936066025797 634.9348250219159 111.42346853911087
-47.07519216069895 626.0520221044474 103.2798926152027
-37.914527183169724 620.6196619889467 101.34218729689549
-30.084257910774554 617.522594312105 110.17712140243361
-35.48465801366347 608.2290122610157 110.01916469768561
-30.584756872947292 603.2445044153154 101.64406527149454
-21.85614439071736 606.600605900613 95.15305424476459
-23.59344123126034 603.9236438789565 100.54142586296017
-26.067398228178856 608.2374815960148 98.97155956927179
-18.648029172852013 598.8207228154894 99.71777336053506
-8.704450386790835 607.4219722616025 108.73186291347066
-8.95995333335598 616.5483184403964 105.96759826200865
-10.482062574149495 610.4653376725339 103.12985493373117
-17.358591741681387 611.9892222708645 112.86176959319835
-22.26859486423892 618.2497365570348 105.48309460494835
-19.018883067840786 610.456292025878 110.76930506971819
-12.55089090576492 607.830596387821 102.3263630171675
-19.68577324421243 615.3171427182579 110.16291178841404
-25.27118048882172 620.7380604914376 113.44606317335779
-16.284622091324742 626.15824139205 112.9199552859162
-8.917695625847248 620.5335564406075 103.98591800489659
-16.30085053855201 611.9665105868394 97.97921975093354
-22.69426184379576 607.005426248736 98.89536238502801
-17.301352347326013 612.8092546835834 101.45032084941329
-19.99124223004679 616.7005546820395 107.29074441164897
-18.31734674180871 616.395139833414 115.06607521819139
-16.064159678352624 623.3642729765063 122.82288358616921
-13.479917589867668 625.3201265407915 117.6048210360303
-12.02799630795545 633.518197430957 114.29574067316601
-7.645164134559167 624.6905209773773 105.49921661971365
-16.292591477467205 620.8632456354553 112.36532448064764
-8.228338777543438 613.5736725152645 120.4065174967276
-3.9699778454350225 611.0140889291515 112.72207421343042
40
104.26182541329662 301.4097625814933 143.57085341965356
113.1615638439579 296.60922331905164 139.88147126569183
106.88081610993373 296.71570797381867 151.06467419976093
121.48680333255749 316.68910070415774 140.11349467003623
110.14987272366233 307.98167698267235 141.55202517860997
114.26362617203472 307.35264994015654 152.10804746448412
110.77638091734181 320.9219431097488 140.61517164064446
116.70198489109113 330.3285345728793 142.17171255913178
118.98396839085851 324.6468363094438 145.80233046617946
126.43836906062873 325.55255705460957 152.38382269593725
133.97057040800465 335.998747956827 148.33143358703734
135.50988492462892 322.1883429895441 153.1822609483143
114.12159368669383 317.001989342311 157.01219354423878
122.46755970926193 301.99751033062574 134.38350787304717
114.30937521630369 322.22980393786577 152.60560122426403
107.53452495305484 311.3395185486832 148.76082641113024
88.4880784211916 321.8608144420107 132.92968301928678
108.14832082886787 319.55179488149315 133.90058920690413
100.52778061828829 310.0035151995799 140.17045802041577
108.64640338255728 313.24847706811454 130.0472415832158
103.79210436925459 330.0213025448947 126.77140921005196
87.61283494173628 331.0147815969341 122.10972338351402
77.04737919075951 313.0657210352104 127.58891911400656
81.29727190781655 320.4539464756706 127.9990600879977
72.76946077718178 330.0720292156998 133.2114056710224
63.15804003687002 329.75502587060816 130.13448545711995
63.94933619349048 345.25891330569414 128.59754057070114
70.32396402851353 339.5545732767038 107.77112390172898
60.2379268468533 345.0384736600545 103.21010411686174
64.7726323672916 347.4409382456228 120.89297831487458
67.8533627265718 356.6781864846055 106.88793218932739
54.46711646025341 340.5719986427483 96.51667064787462
58.201497941231445 334.38735924364585 106.83140419878377
72.95794810976321 340.863438691537 107.75351904994122
54.09892672699423 343.48241761978096 111.28541097340383
63.53912804777174 330.48417426258607 102.75310415562215
73.41518509810331 337.16800021410626 109.36906075712018
73.30470371478175 326.3552246459951 99.72559541815123
68.34641291247883 326.5812982797807 105.83690929845841
78.55204624018107 341.7415886304789 85.82974155218334
