1000
13.184537695198904 172.43450951468404 66.30223328183479
17.08482450825195 180.01339186475565 58.4599351486963
11.39212559193599 171.05364448227655 63.46598778074736
2.5253138278728393 163.29116995857365 59.919184841671196
12.050972311964577 154.74741120238275 65.24952562910401
11.844403687384398 146.9423150406183 58.4284773281658
17.921044738962564 141.3121342531378 67.8308901769762
27.777028828497166 141.08998770256943 59.32034935961171
20.879271299955224 146.53941020273606 66.66975546559249
30.10460571293855 141.72356857478866 58.831103955471754
32.58500468261083 135.84865301030854 53.440087295267105
24.594182441602598 142.5784098255582 55.30518644344155
15.01139456659368 139.0379078026341 54.867187976203816
23.18267039625755 134.61130342849793 57.48404183227725
29.143159407636727 143.35219486444643 49.673489463025774
21.983217391444846 134.93440843531343 54.66897012602526
21.5207839448289 133.30350830268452 49.01746126837749
26.072717919606397 130.40591751868158 51.815910409468295
20.16926930922594 138.82538429102806 53.8278882498274
15.12110572975259 131.22537706794398 46.59622987457111
21.84896436596791 121.54109278749239 49.92441968031936
28.233812670343134 117.99185823103069 51.09364738102325
20.297938707970765 112.78349243973565 54.75046744888865
25.462551095142555 106.32340101673356 59.42049710574565
25.974565227661852 111.17301559002782 65.21677276143481
32.54387931563255 115.62207486477 62.54097335782515
23.684001863537326 122.95066880285103 67.27831995464203
18.12215994917897 125.37708681287835 64.33117633882507
20.045453051432474 118.07787401382441 64.82827606641507
26.002877113410015 119.15028606981568 58.493914194387145
21.03600119953786 118.62916488508513 65.69360971760827
19.32003604706486 122.82718307490303 73.27453529979266
28.674021335216754 112.99318677856472 64.47722685043924
34.56403118239451 115.46408308455968 62.22651506398085
36.44200824108707 121.70565828565186 53.42692702477139
37.74862834920625 128.1648595731017 45.45307004063291
34.213248393163845 125.39897578222848 51.964238729264494
33.42595967286891 132.90717621384945 59.068030690068014
30.279485444450938 138.96702408225872 49.29842378343557
29.43628514376332 130.37189865886378 45.02634303097855
29.018819878942796 137.22984875215897 45.98879607506962
29.844870421249954 134.54944897825993 51.04808255924348
31.045738939745632 125.26511624390206 51.44782307496456
34.22783427243414 122.49899990339154 41.79862849690929
35.43429941775106 131.58325404434865 50.033226137540964
39.224592920508556 134.20056527606204 57.30197455103481
41.78655136208746 137.0249947063861 52.13953105622356
39.75468535303324 127.33185707291493 54.2556121380105
40.45746227244934 125.07623727077106 44.90540605107739
33.977907242720036 128.02161162475986 53.84208759202352
36.91335906796438 133.38614520546085 51.2625034404729
30.96073960673044 140.28851532260634 59.827346967175764
28.882907818053482 146.81509284863375 58.04638737445451
29.450067755734487 145.60626628904257 63.15824816511894
34.62426085379547 144.17406430768204 61.62979438110544
28.810460336819514 139.79367286483438 71.47043317017574
29.595191775829747 139.57136352311767 62.44057906174511
20.426682682417365 140.85963797984118 68.99939140056632
15.923404756822631 147.07750108399375 70.82983945823699
9.197870079884678 149.28026870691485 76.17596365862339
7.911002146467017 154.35898605655237 71.50325301499568
7.786083329425733 157.05163477356734 69.10853985070446
2.5935239154136047 149.8217644858445 74.16071816220526
4.843708965160596 154.0360595705937 65.04713838190185
7.0076304178926145 151.25860831202627 62.56294146564181
12.40034338056871 150.14407811852843 60.31339024241374
11.508674888318158 156.59034515420552 65.65075296191844
9.562820352094683 163.14170856557243 71.01558802675004
10.448257034789393 170.81895435515892 75.20489564991333
2.269216714642404 173.36460078753785 83.48644771491773
-0.6094978933460022 163.86318914530162 84.08343219110554
3.509937365054887 171.67197412403507 86.80864812305329
-2.1725584677903576 181.51821111624014 90.67304004944232
4.314548237829198 174.08208183911245 100.03020682452559
-2.123407842985042 175.3345779842248 104.94197454525401
7.808993635664908 176.9869188636654 101.77104033923551
14.182807614218383 168.56812101529573 94.66611315190563
19.31749976053397 168.98722623756268 89.58929980705355
21.64931817762675 171.67385208616122 93.16721077247215
16.23424291247058 173.54509262400754 85.65524733273672
18.529791674049818 168.67262325097582 77.91617222462567
18.66030909904884 159.47387079391035 78.00521418937414
10.26248181924861 156.70588288432418 76.5233461291443
9.981439084622718 151.13297147319588 72.16591538041843
0.053692687714233855 144.94863364898424 75.32426472168812
8.559979514224649 142.2582635183768 69.11573185811582
9.783021531335953 135.0951762705956 74.7638304827524
12.355608882325425 142.4945113504395 73.58952374217323
18.71787556415702 148.10818551219583 74.95782891687678
27.091010307426227 148.44893704531842 76.5449243030067
19.98436929993167 143.27664457284783 77.88654298876209
24.083399749104352 146.59228519263675 76.59594816501038
18.359803595632567 148.85473083877608 83.47551780338256
27.124876951896518 143.2864837766408 85.83783412618554
30.079370630803314 152.28326090571753 91.62609227512581
30.30428156227332 142.52673792210254 82.18556313987692
20.361004249878533 143.76682909394077 73.09222508825927
29.740016013385244 144.47046475478086 73.95349893567253
36.23540157609702 136.99417362188052 79.86762482281117
35.770396364136246 133.2294092336642 83.26452457527759
34.02146551839588 128.5908280826046 78.91566773652971
26.204362931742835 128.18458046528613 69.99040857431947
29.83898511290746 122.23436061091384 63.41051404955948
37.22693031675336 116.43701267087467 66.6285454699246
28.167164453508086 120.86074774785678 62.13134362125234
37.712429044238746 120.48935231840514 60.63956171598922
40.4477746385542 122.36904329281765 54.66525395402973
39.79267226652669 121.62147732917914 53.10102289815219
34.19113012141166 126.5598520376445 60.80750150610834
38.8100887670053 125.18657780031815 67.35553020978931
38.832702513912544 123.73537782274394 67.11555277978225
42.34722802646903 132.93489350659326 72.82439347877789
34.931541206396474 125.69496182920875 65.47952830189777
28.21327725239697 130.7374304725425 68.14019341444944
30.18054375951624 137.40844536456805 66.35501221075256
36.71631177784426 129.7394084875404 59.771128034873094
31.318344933204877 138.1152212479717 59.61308029677325
33.78862418045215 144.6716687331956 59.894459780813136
29.237051080269786 144.72119241779407 51.42568789121181
24.79867947063086 151.77737909011992 41.92093813952916
31.38362436455516 158.13855496228405 37.78828919545339
21.812533832062236 148.20880273775185 39.14757898889905
18.488674677185426 155.29870583858235 38.81573307131904
22.944410293422017 149.34404218524216 37.49702465033132
17.448791517720274 154.8937361742364 37.99023323033932
15.399141709392588 150.0642675048492 39.10344874442957
23.811595938004988 155.415477668759 35.07589786370541
24.167166287054993 154.60821296194476 31.950527848226603
23.058021211359286 149.09622461162104 41.94130494659321
27.42545057380947 150.81537110401416 49.82291502675464
18.659915802038576 157.5417350847722 46.54628860055662
17.85543374142612 164.22957512903082 49.74656676430352
22.09890629741824 161.84848474616714 58.86146424038867
17.87544057627173 166.64445105074984 65.16252828879011
24.139404333657293 158.09275330574272 70.04958979160037
20.083900452489196 150.95758307673094 68.20999962331116
22.074755985827498 152.9587259333183 71.03341296433555
27.7992458620418 145.47657995733533 75.0010752053324
21.0398393115492 152.75794047720183 71.38079493091298
15.070030664466648 154.62007115720877 64.46881852721053
19.809858173973794 147.31702586321856 73.22521066300843
11.802767524040188 143.10465719818137 82.91695963049813
18.45543799225885 147.10793829615625 90.39624323812498
22.05340610928571 150.19476364831334 86.11081569392951
13.535368140073633 140.4402100414318 92.97135533269818
23.006023510279483 145.2023339612638 90.91015084383582
22.005303407226933 139.98947348126464 88.78713535366455
16.538546016290873 131.12547397043784 94.30371819156838
8.094509237706694 130.21944921482125 88.83294443990465
0.28749211859749124 139.3407205540955 91.75797786435159
-9.439576909359396 139.42000846298896 82.21667096872413
-16.881390359780447 148.89217494209106 86.52200091445424
-8.588995043962178 143.51616382673043 77.10266967270167
-8.559152874775743 141.261467389374 71.59969103113467
-11.130890272057473 147.09328105238274 70.06911970347117
-8.06695592299285 154.85099174361474 68.72482555185209
-14.51324141801552 160.34398514602228 76.79852006946359
-24.36926519188605 161.8640989799502 75.58165656229625
-20.558416908859716 159.1121743143243 71.1694865764741
-24.97405955696017 157.33149999967065 74.78079452586259
-19.798591662381572 162.25114813451052 77.85476616557814
-21.08463561407127 154.92834890148293 84.92398400746775
-20.761167665491598 148.26055715569547 79.16923425822891
-30.427205231710417 157.63320647949192 88.66541988120387
-21.049807464946536 150.97943128999165 92.5232322402617
-18.334635679332315 154.05802387547755 96.17017850420909
-9.255400341659326 157.4067687938749 92.97304364080813
-6.650980306864891 152.6529323955859 97.46891333046027
-16.28009126457116 160.160220910793 93.4626340082159
-13.240034806473318 161.81451805914654 89.71215861263242
-8.07057087304825 158.63150664396412 92.19041591120364
-10.434600804999041 157.91862664046866 96.03523886293253
-8.605234297971469 159.7148617814443 88.54726752408473
-13.044213305441573 152.29981632625058 87.48581414282837
-11.034394241834104 146.1210695083498 92.90847677254786
-1.0977401141749805 144.13252551912382 93.97795889052652
5.47207189843277 135.4922504934696 90.47607136220293
14.239328102775893 139.76588319229663 99.75843317016127
13.578137679491638 134.96044716091436 95.86838426871469
14.14200142306239 137.44814328470954 93.83324523423747
9.188064175158546 135.76049558152263 85.15582735513185
2.1777986015437367 126.96297977040504 92.02689701421315
11.126099903855922 130.60064388515462 99.23585194752995
9.6036993630076 131.66339584217266 91.1037074304809
14.003696733005638 122.76731811099687 90.38755694816787
21.187243107277364 119.12498219305824 94.68641084168897
14.959359595553495 122.96125455937599 89.2222324656359
18.92833331834013 127.37571242752152 89.70273152078612
19.21573888072524 130.65947837025226 85.68463905041814
26.165783518991258 131.45854209870868 82.48869204040048
27.925698222024728 122.9537946280425 91.58138663038336
21.02517536330545 128.18449685175 98.02696910421056
27.371305704299537 122.51862436195833 107.10442255476875
18.013795946247498 119.3878387036722 113.36716354722368
9.322349451069915 114.27029533282371 118.42241687605917
9.27762862473927 105.51653053710562 124.47449119194464
3.7568557742415667 99.1199342266682 133.4773455497028
10.03758840095509 92.3245705214026 128.82351033816605
11.316418745253696 88.69053983714217 137.86016507386083
8.943353837121952 82.21062854667498 141.8073132265539
15.342034017230759 88.33407323250243 139.73964249076582
9.947071220961634 79.5821548199639 132.35422989454776
7.38074085083452 83.33107331919821 122.36693469246973
6.958118178595809 92.42025975435651 120.58145111082705
9.631090041090944 100.66487936284365 114.86849833180241
0.3003691826276338 92.2915976594501 119.65441963689021
9.969612337504657 91.96879162708484 123.84859708736707
16.98541473622154 91.10961916871031 128.7721201268054
14.177562862478382 99.95591614758503 118.86536240356382
15.528795361291419 103.56768957459772 126.29777451902507
21.928744571151803 111.76512265555965 119.5691633609163
25.98475900392578 110.01355737790202 116.6030700492639
27.794753394956103 104.57943323600335 120.26307176610622
35.82872362385067 99.05597229082237 114.85229114861576
29.444490084103066 108.41878383187776 110.14723578399915
27.01535266383657 116.8047397534405 104.63785372389287
33.98601235235504 111.9383894964742 99.62805642766848
29.678286090329138 121.12325015690398 91.57636015547968
26.38753146894132 130.6470034806105 85.67764110330128
25.925446130365472 128.84385087583897 81.04454763641067
19.104920011484523 138.54736591762747 79.63057714417435
14.065660028257854 132.5161002534414 88.45852949442109
14.806630291496452 138.70979520749128 85.36842202627952
23.621066570629445 148.49178574414293 77.51098200889157
29.560135775953835 142.15606583518834 68.32489744093857
37.48160444993512 140.00052156525138 77.81238525189634
40.67874875608852 147.50894527864148 86.14958166258593
37.222722337552824 140.808229793036 80.85166423598226
45.033834872659334 132.94011519463774 83.01779023718183
39.83399687204157 124.37225322788325 84.55378551746233
37.23390600352762 131.33355066434922 86.19952036192316
28.782208476367387 134.8482008395017 90.89200308645326
25.440924074887285 127.7835713982571 86.10387210161163
21.039315559975375 137.29058802586687 89.3163065864231
11.292126349248312 146.55375569817204 87.53423098835555
2.6015371722946803 139.50389835918924 82.71551325883495
1.7289341815233508 138.3682106916491 74.94413530874667
4.4926282023448945 131.00177319799099 66.70385293612443
2.532388080244205 135.89878946148113 57.76930909959856
1.683809673938201 127.10817929058591 66.02945098779918
-0.16196360150510003 122.2301205163793 70.12204346498986
-4.611281725781833 126.14741730549709 60.757424262816514
-6.1849657773269335 135.73129370457914 52.94903933725725
-7.225153833542279 143.12443744252462 44.153416417451766
-5.81360488044059 144.48452917532654 42.358484048898745
-14.689249383255966 152.87135706800626 46.63755633496807
-16.745794713212142 160.81443845648968 38.29123585173265
-9.94741224451165 155.4261911125304 31.30394247486828
-5.402215955089062 163.60929206575742 26.1919868308174
-2.318752768594041 166.96401084097292 27.43924725070174
-9.317127444933458 168.56965040219967 20.96886714418861
-10.746259051499974 170.25965139816395 16.365917825719144
-17.76269008538431 176.35498191002858 18.93673577681212
-18.4248660662534 172.22672805202447 15.100894676381238
-14.616224241687453 173.55152216305916 11.73408867008888
-21.463542871252734 182.01154788874067 20.959989524691782
-31.15744430156017 175.42855355474254 22.9458026663866
-24.53308748014515 165.70559827007264 30.715321320448382
-22.24653864732372 174.84563733764926 25.989520051731724
-27.49437357674274 172.16431651985587 35.68760934745542
-21.96981294928643 164.3999014397818 41.51382557141191
-24.395769533744357 154.70675437240126 36.73264036095772
-24.57256486432354 155.3485192694988 32.56621709748676
-16.831397450606268 162.37445823678027 26.079141905039137
-7.273978013532373 156.31464988077306 21.570168174951714
-1.2706792277344272 152.87241780255994 17.56584398550383
3.5391126427217188 156.57938227231182 13.630817884680214
7.9537640916218075 149.17935333184974 22.03428327177742
13.369501117889726 153.40442206000915 22.42072903120342
21.55443587439784 149.68992304200384 18.343756469122532
21.559598073147555 148.45862880601533 26.695444003973858
21.60799796222164 152.45516757435703 33.70306970678566
25.99227046063051 154.13840416612652 29.224461389440588
19.564509661340907 159.02457651450248 20.151684984378083
22.90762259850519 164.19235171845756 10.278891705869565
27.625485263702217 171.63080555404926 1.548597830524077
18.412792718780555 174.35257760499886 -3.1958305553943696
12.201489740290727 175.82825033549298 -7.0212342723244365
8.42882825477406 183.71303704272486 -0.19522546812272346
-0.10368559258100696 179.80249530564166 -4.966701254074595
3.7354998041121474 170.53254457021802 -13.044412040418427
0.4292650705429475 167.193094573627 -10.033424265990519
7.71949243720086 159.85536363005554 -9.993547538641181
0.7494228561084961 150.0273535964049 -17.28853962134285
9.17174610059461 152.04481705557455 -18.668533712022338
9.770821526095785 155.55909125942543 -10.979273665883907
4.366398295936076 155.0920761336754 -4.940193246236751
-5.240746304620387 164.30697347962604 -1.13701736104507
-6.905138719211488 164.49480001413787 -3.492064129891282
-14.559840699759512 172.7333811814729 1.265836350573312
-11.806254719613243 179.9022982522072 1.8181475645402214
-3.5043577819316525 180.48991621841066 9.808293263553363
3.5056294504999546 189.52116596554552 8.826897873507136
-6.264168429356284 181.95319710622067 17.22176497843192
-5.378700289443029 175.9146577547392 10.807486804381254
-6.1631743524262514 181.45206742957043 11.19194146931424
2.676853760767118 177.5655194521185 11.286057475173923
8.633415889807784 177.48789342779403 14.669687712700274
11.262962094764873 168.9359034262031 23.80164124474703
19.456933699541974 177.3032070065277 33.332363002442854
22.013195738481276 184.2368193568525 35.92577926475627
18.649735304381814 184.7773520018102 36.40778307990216
19.209412454134014 181.0311683873186 38.777803612349864
11.26680759444029 183.11243690068702 44.14661855851502
1.9634133366030682 185.3246609286206 53.14743342757509
-5.670948296780458 191.11307468371032 61.145827853106894
-7.179880449886018 194.1555003846546 64.77797941527137
-2.726862134747596 193.7095623636095 59.266538738561074
5.9370681089005055 187.8103615493927 68.50650303356957
1.8678827298939682 191.0978440040472 75.18777354607838
8.094874894192113 199.57450518256059 78.04403195695205
-1.5548247511578737 197.3970736817934 69.30313529204113
1.267552073147188 188.5705018515126 76.6469402283523
-8.495112277119874 195.55746875593147 78.9438833993416
-16.942701807135315 186.648255513327 86.71405906016975
-14.682537053971352 192.17090236791614 96.51089170707054
-14.478412592581302 196.43814217164166 87.18661699744574
-13.854796407462983 189.59599705758131 79.83701465850598
-19.364697142113876 185.048896692864 73.21715100034586
-18.061072879198296 185.53710505690321 76.49535296089017
-16.65574278661671 189.04081661795175 66.62594824743204
-24.538329956073042 197.42275715681652 72.99378447860585
-16.133321712856098 207.3163893134426 65.33512573371105
-7.308807981669434 201.92552428950256 58.171481460738654
-0.1978288310484606 201.29792042668592 50.51728672732664
-5.464846600601658 192.08709951099422 57.285874760009534
-3.8309782886371875 195.578182865172 52.0194835967805
-13.030497714464323 190.37652240019884 54.121550408829165
-5.7060573548551305 193.76277085955908 53.854112988784
-4.666056065865259 199.61309649491326 59.58177583326541
1.5560215416513659 196.98958332541653 55.38694073219701
9.506914115136453 203.00356758500592 53.28678998016458
3.144613002086441 202.91785620370194 60.3575025632411
6.431221148971356 205.90385103064114 59.19915384679475
5.116466738751919 204.65431191354867 63.58189744207171
7.62837998651576 204.39328440728997 59.98179524043171
6.167734786780512 202.70581712636536 54.78478579602822
2.69595289366767 206.10454512889214 54.74417945993774
7.895794806672416 207.42873598852623 53.62343940981723
7.24051604833719 211.16009382335224 54.585303113692135
2.7869467008450446 217.55419899806932 58.20459212081256
10.396124754010248 219.18607810583705 63.171957684474705
8.016954375706458 219.53867417272014 60.655370500084686
3.6184164346027474 214.34665063654805 66.44844345561911
-5.76954832375917 206.8262113997028 67.08526472192062
-8.670485357014181 200.87887976264938 64.38688831684168
-0.6955287945928097 191.12842668079747 56.0793079620504
-0.29172328601852104 194.87032371544933 55.54396487238327
-5.795710927456258 196.64733960087685 48.26332610400145
-0.6107810818327648 200.01109212600915 57.35318462350146
-9.060097041220715 195.43309894166777 64.81171138788365
0.6892468951230715 197.85194605003383 60.14627840688758
8.151605032285097 193.04995143253356 68.9090750373655
2.203574504962752 193.49380485198273 69.1583111504218
3.8301062862274784 196.51266434248774 61.408545923419794
13.640536113690915 200.94605243419645 61.65668486809891
10.967570388389055 207.01235532759915 69.47206515656919
7.96330574868073 198.94006308885162 68.37212518846565
16.865732407052107 207.0826836160056 71.60590324680385
23.265954148923726 202.8601587255541 69.39127655383662
20.738337100241893 203.758479531084 75.49456102322691
12.307418562464214 213.36268506238747 66.10289174340056
5.077433824833751 217.80335845593774 64.15919685762704
-2.7101043049926616 208.63650345218673 72.64830081219212
6.131259693015057 205.97959275229044 71.79440987135865
14.261657236618532 209.83993556961224 72.38390541954892
14.15519508248561 200.4333156088734 70.41978894805285
16.27556193588363 201.62569404847935 60.979576098004216
25.243198646721865 203.91746112216046 53.62076475212688
28.57907928066576 196.97766957387742 54.16930601605081
23.276218102233237 202.4695334002553 48.27726086969143
20.299840248086348 196.0359462873858 54.623357936891985
11.204835777472866 196.58623649499498 47.09826184006061
11.636654232925904 193.12967765513784 37.72806225710066
19.610797046277582 183.37733421337464 45.8703968153609
13.046159627743824 190.0845114530602 42.89469758231354
14.127363920641834 184.71811132426313 51.85270771943961
9.886615109924893 182.83703528622328 53.34797586150851
16.981659703416074 174.02754521383054 51.364060648064964
15.396231778556967 182.74714964547167 54.26041407005183
14.975335989307533 182.78905162958 56.429931430602636
23.709053139479437 181.6027194582376 55.764703373481865
25.051279698783443 188.56079317166615 48.593634243254115
17.44369634013452 192.30903001695754 51.47292000936227
20.776500282162207 196.32607497897203 53.777330183318846
26.990344380437673 201.46216277576056 50.41588230293992
25.597547629254805 207.2120466926159 50.36712286181113
20.057703638524693 204.25803479385112 49.29467890232193
10.47935329291278 198.52138051766678 44.66435816980989
8.152618570053429 201.4995463867491 45.44232552777757
15.175280425644452 204.87275566894994 55.06109067099649
19.2865645687938 207.7686961402396 47.73724478874497
22.3524005174112 210.49744206211273 38.461826952483904
18.46959502988216 211.3909631346548 34.7060257679524
15.263942172915627 220.22971772567516 44.10310998414809
12.761161525727609 213.38292388455937 40.85043521365969
3.384792134616438 217.84428832317136 35.289978355360745
9.098202377945675 212.92407221202205 39.74926084213065
2.7047528339389357 204.8284930651262 41.51041293619456
4.909942462171866 204.29978844107953 51.463623361334825
4.00324649006501 207.04406049554726 51.85774748465791
7.143127971602075 215.83462242229962 50.10904553899792
15.869448098483382 218.87409572313928 50.99067486983189
24.950691623249945 215.5317021466959 42.45853703086199
26.144900932196908 208.26228623003036 32.611653704821805
17.195866178092594 201.10501399635555 38.69023875116702
12.168952579653372 211.06410119505546 39.63897641216578
5.232869142211916 207.6200233001921 41.74627073484877
3.168655807382113 211.67615307747852 45.806170993150005
-4.185438263521206 206.55984168268404 52.511055663226365
-2.5479512741972754 215.69275674294693 47.46229327197851
7.447806401572372 208.85024395547242 38.25915003341972
-1.7036070804712153 201.24397744518905 41.316945906952085
-2.021730221552006 199.11350308711212 33.2901071338522
1.6080505489485621 207.35764475459536 33.63827730400466
10.315724349330328 215.18359532869343 26.992184151110454
8.060224490889741 208.6686794334156 24.88520886589525
1.4396336004667347 209.5757835113022 17.29319502684082
-2.875545450188115 206.8706301757447 26.591385975212564
2.62630640894447 207.8996155644102 26.485705721296718
-3.022179549536916 203.18314990346386 33.79273866307771
-4.200625916892061 196.1569677415166 32.21068183416355
0.8110703673941853 191.28764756942036 29.528584178649794
4.9822614413032715 199.064307488774 21.8628076941032
10.274560689856559 205.15883730733844 16.493734269317983
5.502456309772853 203.89307443805473 12.54274139202574
1.168374461660692 207.6493375633339 11.442873629316585
-8.724989233388976 206.30749260419555 8.203733753357673
-10.421667272824894 200.17017082076282 1.5907833199361683
-8.72427618772537 199.25558917774433 -5.010740546189414
-10.968914652394728 194.0249000061562 -6.175147181928891
-8.475732123861187 198.2437821613811 1.4598509287276311
-7.315878709008066 205.84361864445108 -8.389394432531814
-11.274607199990959 199.81695967327587 -7.747797103442114
-18.525053592332426 197.78671976333226 -0.5027989745572885
-26.739120319162843 202.32219369609498 8.16584454607762
-17.420657826935805 207.53804025408886 11.281117629238626
-23.19572199580505 202.96792516471538 5.9891779059876455
-18.125053990892173 210.50687527720333 2.2350141143946796
-18.216088115103275 209.03211215811547 -7.255712148923015
-18.901321973516406 199.9994113124866 -3.5547629376266836
-27.709655552985474 208.740132507277 -3.9143534626783865
-18.131488605299232 206.8829633718144 -3.416322805417123
-23.445252269062685 213.88007739602278 -11.926382381278978
-15.61463917187042 212.70990138404593 -18.167180834968683
-14.131138256462567 206.90296893852053 -22.845910850770153
-22.10576987504665 198.78063509744516 -32.620656859310444
-18.794720120467463 198.24151840852443 -42.48591512654225
-20.43796734572059 199.629918524366 -35.18346357035491
-17.89967665536478 197.9426709566277 -28.977128197239427
-15.84747518838234 192.64791998645447 -22.832953302153463
-11.243453078923334 191.93283677537235 -29.357274801027348
-13.364616708714795 193.19178696457325 -26.629533375829055
-8.782687756396161 196.87579971985917 -27.49059842000825
-3.6290289952022405 195.25667077860493 -27.05823682092035
0.5763232095946407 200.96569049587103 -21.69094982055363
10.258658258699258 192.02631341912712 -31.609565604007017
10.799255238237704 193.64299566940954 -34.52806834022721
16.33803782674166 194.64561056523968 -39.95357377648466
9.09521845267863 202.39512186638288 -49.79483150100256
-0.47390490408766084 199.22858214344552 -50.43458497638036
-6.938625598176104 204.01395086740945 -55.06073069145377
-15.258081259468641 195.56311530705688 -59.7126382344077
-21.421968239648997 198.2932937808146 -61.38332711112357
-15.652653034732177 198.77783139714077 -63.80919036467996
-8.886778161210565 198.44970063457032 -68.09290827222136
-8.28059067672362 196.00277989990468 -59.18322630397343
-4.752428664049184 204.34747674882883 -58.657770335523665
-14.293429499212973 202.20447078940887 -58.37072329437407
-17.760355498089567 192.2716832299008 -59.22917529127944
-8.67759395456196 182.29722240290369 -57.648111758916734
-16.522117543454875 172.62961961991678 -50.62712553214128
-25.619612977904705 163.08107340618616 -48.545750082216806
-35.41120667771695 164.8119902406238 -56.93050656124204
-28.236407991885244 170.42908509502718 -53.35177958978818
-22.385474702624926 177.75212385214425 -59.45081963893525
-20.94350844320209 173.9314328458031 -64.61439496924652
-24.592563392426754 174.01413569545906 -60.11386161970146
-22.54020686168967 176.85799270412826 -57.29349695942019
-23.07027477351956 180.5296806808536 -49.98945160125151
-13.694041150682716 184.0284571709575 -40.40471115740192
-18.093294593789473 184.11300274888072 -31.655377930175487
-9.601213807724276 183.9582203047261 -32.88178518413177
-16.21691100903218 190.56194422527858 -39.63666904440181
-18.329280173327664 191.54205805497745 -35.21680415424491
-22.234361000369905 201.29934981427414 -33.260665923265094
-26.31535290921238 200.65175993593758 -24.262967249955665
-20.730287245011134 193.5652901129912 -29.020371520343335
-29.633711064091756 190.06363746983183 -26.45293077722936
-25.721147239383463 199.65183197742266 -35.31339412025187
-24.932475270889647 196.30747615103945 -27.366884747161542
-29.373588541707253 196.06926123583148 -31.990533918902116
-30.947276856490348 189.0769282605427 -23.698412080431392
-29.967733990573137 197.46601883199244 -17.52665921027765
-29.078525787766925 196.14347008516827 -12.536536147610157
-23.997704737521694 197.12796863052392 -13.986406451292883
-15.880426992860098 195.65975739990714 -23.759912057279056
-13.382588703479737 188.41001127869802 -28.535829763181102
-12.969428257204985 179.0754195479789 -23.02083514275356
-10.688021135616948 182.89406794428464 -31.15682637552169
-15.006860615255535 180.91601688195183 -30.475936461999048
-16.419277669451287 176.41441991831906 -24.614325812043084
-24.601556020685457 182.97667209214802 -29.320858663338498
-30.546554208772896 181.47875251290824 -29.02616694503517
-24.90775767994223 182.4938598266969 -27.621813223111737
-28.502057385613952 191.74368704022052 -30.943707502195874
-31.514829654060236 183.4641530101042 -23.78703577152101
-39.400668004727265 184.95136510178054 -32.09014127335315
-48.31980591688689 187.55476197903855 -28.39283997587554
-41.972787693122214 184.19672060243184 -35.453501537705606
-47.96677799472508 189.7066459362823 -40.986316682852966
-52.76504103431505 181.1532457383223 -45.00327699476047
-57.76652006785566 172.6765214804692 -37.37685001245623
-55.9758853773021 163.76793237831296 -33.343891660495586
-57.78279691334859 156.61734413781835 -39.419298987354495
-62.97550474923396 153.58048750066334 -31.187660974192106
-67.4539003056203 151.93173217557685 -27.76583205328008
-60.86873060639933 153.7533549778247 -19.39881419097274
-63.51171453838571 151.1841832529221 -17.039336801350828
-63.540817509927116 161.10007474610092 -17.75208832623208
-69.11734904616809 153.48759938775802 -11.792820488721329
-70.61623246516758 157.71128502157916 -16.680023805322836
-71.39758093774154 159.8140058127627 -26.419683995573564
-70.48137629653732 151.46518016121544 -18.990976590886355
-68.15406250758821 151.06130164213423 -13.34385883678544
-74.00066004124695 148.25015513698142 -15.916866923752522
-68.73245196175964 150.44495613262467 -22.151456407062934
-77.57816126243509 144.3603163652291 -28.335175535953244
-85.41452837263344 137.50974870940115 -23.7909499997476
-76.55287019574861 128.79688801301444 -25.51202709272108
-69.63282818666441 121.04088664920846 -25.971939465046912
-64.94525116172943 117.45175867195171 -16.214310687032302
-63.230619946466504 126.26247091490319 -21.17034391178
-53.79596893220737 123.00605487309444 -18.77995712434876
-48.32844959944308 120.13089266593377 -23.018260000800055
-53.81874813000701 122.20900865053297 -22.317441645810955
-55.531732129873944 113.60458424510121 -29.999758617012272
-52.299166045678604 106.44967124408335 -38.53105861367152
-56.35721266508996 98.76745649894325 -36.00755983799223
-62.35791254976233 95.72179442935867 -28.431660863342277
-62.128501541206 87.14367216380498 -32.09347751737594
-61.6167613345758 90.12688319600193 -40.882276169889224
-61.97335713467052 99.59219614037535 -43.114261179994614
-64.826623556283 94.45599420707333 -36.39726428869979
-61.56549779565224 100.20169541922594 -34.67904705704983
-59.447216141902516 93.10138421357836 -42.975738010771124
-60.06217115813856 90.77220749869944 -45.16637871531315
-54.88877318026856 91.70519320315327 -35.39676347537238
-53.985099351260395 85.04048752566975 -31.364725928986164
-55.57056788389465 88.37475531282874 -35.71913735201036
-56.571651587092425 82.68042057541385 -34.94499621190966
-49.87265692936333 80.46576688931822 -39.88132988790027
-44.390175178760515 81.77432922153785 -31.350911159801782
-39.64258399204674 79.07698969866587 -39.34902037528115
-35.507760309157675 87.79157538763582 -39.266714397348665
-34.74329795269733 86.63745757579754 -34.29879549327171
-29.618264088136122 92.55335830975521 -29.432886846436315
-34.14893267386133 90.15882287010959 -24.55990691948694
-28.27755657965268 84.16608733702567 -33.020132848133265
-34.61813647401903 93.24556339056478 -26.186139151411126
-26.836069665548827 90.12127753056886 -22.790906400889803
-36.16078489338978 92.84335949679013 -23.85634922178913
-40.79811523406731 94.42967877469891 -23.44433110328594
-48.93392861377541 93.13205780573644 -17.00980458443663
-48.46101232197481 86.70294530074273 -14.87723389329327
-53.174426906777356 92.8387472584967 -12.84527757274748
-49.22648184319391 97.84312432973722 -4.991129953936289
-53.10400733077004 95.0286235915121 3.316449984691433
-47.047099761731204 102.24558057253901 8.076241914748094
-37.52734163977564 99.12643858280605 2.690815368050149
-38.94303467242562 96.7815941234155 -3.135799045830093
-36.54434456207463 101.3267920610082 -5.101399304792057
-31.240318617854633 91.90822843686017 3.76495022833517
-27.19490540682524 100.16219406578922 -1.4082574936066958
-20.38192333703006 103.55086505604719 -11.066138110518606
-25.756209209428658 103.13450489512744 -11.841434269284612
-26.700368748404994 109.45073678195632 -8.5933902755656
-23.09525377458776 113.21875875464202 -18.372609433560005
-14.083382968151813 120.20320433995089 -17.68267478285779
-21.91228387810544 112.56296737925517 -20.128475848558256
-19.224195356993107 104.11417826242253 -27.320144136079993
-21.556473361749113 100.00670473278673 -27.983193051119343
-19.4318304548692 105.5996139890875 -22.46340404928997
-15.169707739644846 112.03462963819428 -16.81963025251006
-10.019940477362491 107.2251362993952 -11.355511786873794
-9.824630702486559 102.35826369567553 -4.240547554374469
-7.462144043730201 97.7634161997565 -4.151404618383031
-15.155866059460916 91.67687467202086 3.2628890372822736
-17.579665982607747 87.15103432015356 -2.9528533492636146
-24.98315714364884 85.26737028756719 4.318626348874254
-20.323319688126176 78.74353349454452 13.694465150894294
-23.13054415230444 69.01282426581402 19.470443222627605
-17.71696438761584 63.46839086167868 24.038921568435175
-8.43468127562632 70.58740894648632 14.721652695022769
-5.9106514170053135 69.56185143376102 5.354178521215241
-11.870474203379986 71.05324172994213 10.45545753531717
-14.360052627333493 75.12071901872591 0.8129094114453483
-12.094475130063605 74.87843786127432 -2.345470685121953
-13.951754287594468 76.33444623575882 7.205946257259196
-13.330523671450083 68.72039260888512 13.732882454341174
-7.174958247052311 66.63918696677231 7.6235608092119636
-15.704224721497221 57.09052591232459 6.472671245404539
-23.81940376248491 55.0305086819153 8.898630016932369
-14.386606088230696 53.826622242791764 8.409874211351987
-23.621862143434356 55.75633150320436 7.030858653839559
-26.41142673055973 64.87723897435971 7.232852935555803
-24.61241326946836 59.12010894228058 3.2885515212660326
-27.12034752101463 59.62966385566202 5.3774678040508395
-33.30219601751231 57.05369056945753 9.452669180727773
-32.59160746239719 66.5701185328512 5.928434612522861
-34.092596688363315 61.55603645396762 11.209285519128539
-40.99551429769174 65.08837265195127 17.977968364194805
-36.50558097624185 56.36627660669963 19.983084731064114
-33.80487816800207 66.31373361427725 13.387471022410164
-38.98277916196035 65.09512644459693 21.298744528050825
-33.7239008996027 57.03133383791605 18.051971142882614
-37.57311954470101 49.505444034808484 10.725585226205062
-28.12617059804111 51.379258677069615 17.61288493117504
-27.558887515564443 53.14363919150278 10.810576939067701
-29.861843575255794 55.5562214547854 9.13969324002932
-27.61149627428608 60.9221910503918 5.658537511712497
-37.30439239735519 69.90663277184252 4.192388488431033
-35.018640559510054 66.68230440170474 0.060564991474389096
-41.10726785777701 75.45194181650058 2.762186773551906
-37.8832814930456 70.09012713646385 9.546919735780317
-34.68773877314055 71.97721908714126 6.041746638393972
-32.78310039171864 70.70647534436164 0.29901688299674944
-30.873812272750747 71.94361835598394 -4.054737337895391
-20.970731634381764 79.33491377684302 -13.630382862894768
-26.814177480223 76.68139140151133 -13.372738348603965
-22.67828588279029 73.88800209095534 -9.771519155463487
-18.908324804563293 77.93258128503253 -9.412461183081817
-10.019284103289115 72.17355124102042 -9.330619493216476
-8.62190700918552 81.7002457725861 -3.9418880551250686
-9.853603967143638 78.95493961569358 -2.6021301005012782
-12.756558736942774 79.97113064491711 -6.959586711632164
-4.157630291969429 82.17162634081656 -9.748483778889938
-2.3681630758010748 82.13898155599051 -10.13725603414137
1.209432945154712 86.16076506294439 -13.449441906265468
2.7332820420225383 77.86222761739904 -6.833753030934936
-6.072012663524904 73.5674491084611 -15.868543277507143
-5.631121243975568 77.15456621084049 -9.929732938191812
-11.561481125124907 76.9475903334628 -15.452094971415928
-13.840363338367528 75.04998013868979 -5.638956847207352
-8.106482908341786 76.19995318699799 -0.7132403373031284
-10.564812195758186 84.20631604164365 -10.089183957547142
-10.551574451446582 80.86702614037489 -12.414526573659188
-8.289866295000408 80.36966389390282 -16.03987715742854
-3.892504656412763 85.66537967800399 -6.849768069148794
-0.9199743514093872 84.53363926344642 1.4774725524757404
8.160801771399242 91.76814091650914 -4.7157810740503585
4.196022292320294 97.60025869108013 -4.455227779890999
13.465393587053999 106.79692276340015 -5.639135289650511
5.255134513376644 116.61309352400208 3.775363642334405
2.4824990073059823 114.98946134989829 10.774441013581626
0.2832405423121882 117.50609908697368 14.607528565259514
2.6870469491566813 109.85297693821019 11.145997927396524
-6.171692871598342 101.70292219218956 20.60713179322098
-12.66064660178591 105.25750274396302 13.902004806925719
-13.908631114104642 95.44266575440142 16.53400230423831
-19.453722437912447 101.46357887681415 12.141632584887475
-21.57110217348494 105.51334631496097 14.53154693081796
-12.00729756465913 105.10976289327819 13.342178946272199
-5.68278268286758 108.98476858233845 6.282897806536132
-12.321224693221328 116.10498500236827 -1.4176378563447933
-17.432637191683597 108.39731260548457 -2.114315413469239
-9.550091419829421 110.83683300827637 -10.28235286439797
-8.332230757676104 104.40435123922084 -18.73933142317047
-1.5865132202175882 108.1462146258317 -19.97825082469718
3.695458257849923 106.29918597736163 -10.587454891506392
-4.969249054594963 103.63088755847593 -11.825474669156321
-6.623052610557163 105.14365183555823 -2.4259200400052094
1.1575252679451404 104.07216607655944 1.6315785492628692
-0.961249557397537 103.43292841369258 4.161560424569819
8.244196175954905 95.6379676923641 8.254392072945528
1.6403168792485943 86.35006655010116 10.465865233413114
0.8511037823147691 89.77467007179416 9.233019169132962
3.0943222261993806 80.02463544162279 3.0854657621463923
10.762766604647112 86.94330032405523 -0.38643568694105435
20.727940496104367 92.87608320333644 2.975624612589433
25.89679056392285 99.46888605667458 9.52650400926692
35.41111147169714 100.1660938313897 12.587876002643803
31.732853103137995 94.91767416465692 8.772969940841037
32.431167885269694 97.49499724080161 5.814519803116419
33.95443255600951 103.21954213728746 -2.3977876781907694
38.32979136843174 107.89947660178879 2.253239036880191
41.19892510338014 102.69213410500356 -4.306338515066762
39.89267538870161 102.2605726090908 4.317175483699423
47.60947458062088 108.3720392597408 -2.8263231991193836
40.46551487715895 104.98034383016376 -1.3713084129257878
36.51354593036644 104.82487269462217 -0.6627689273322122
30.950671170739252 108.151114959401 4.078009966035442
25.718842957608874 99.74769621249133 5.784597283372977
34.18423051764297 108.31647173129724 1.0414783834508876
40.54185923404441 116.15971533686458 -2.966862006502052
46.90945099027767 108.73049156228302 -11.581116423164229
47.361208897955315 111.64481040834079 -7.824782308534992
43.616616469433204 102.65043410557873 -13.850464804357166
40.94109097299774 107.24225142879804 -8.87781506185266
32.35350574533018 116.7747697236287 -2.892913009034647
23.116468697907948 120.28032430004285 -7.980383989112302
16.29883995360452 129.06249260964384 -6.471367824603655
7.276095092345654 121.83901904476961 -9.099457635373861
2.2799589516725653 122.20094493756739 -5.598086336665583
6.537371136412077 114.58879805576335 3.736295186647723
10.949775859249057 117.68852350371199 1.83928868719165
20.419498711392208 116.13311606934782 1.939339862306889
23.625517284771984 109.75123310719667 4.161790512854374
14.930634572673531 113.66104842179976 12.071731024605128
18.240119488579786 104.5927919326886 13.760282427713157
23.09274798930432 109.74237453278937 23.262664604523287
29.71397055284786 112.04384160738404 23.90344610973914
25.654741743887147 114.74809448174794 27.970745427306802
31.60369201469092 111.3484947495643 36.51823256140855
33.22980154253014 106.14450570517239 33.438554731125684
25.364914039472332 107.65309804057551 37.999430429426795
32.69685634789614 112.76917980179803 31.648856710270604
33.03555668109002 106.61737692902145 34.139056710065475
29.203538443638713 110.54894355459366 37.25046650396024
26.22616624060928 117.81187415268849 43.38170667864321
28.016840974813178 120.61563340422626 43.33956800487324
19.025178003591677 115.04789560658341 48.986744371283876
20.217378850987046 121.07824104323812 45.644054744870886
17.71074995038498 113.62146298895797 38.649930459145715
23.603244204247893 110.78385042642157 40.84345456735442
18.59249474472633 106.68505918695801 43.20710861510652
11.594779064782712 107.38962377606998 41.229352165656856
21.379617922203273 108.82807123615267 49.1156642677967
29.937104984380817 103.91499234366174 52.596495421263654
23.721244666600732 103.80968346155484 54.23732518110851
28.475611954531175 110.23777219659081 61.397151819701776
22.574969942534807 106.17555073540153 65.48742726324483
28.084750755423535 100.28627886280485 61.746766549743406
36.00773282221694 97.37382211805605 64.73953333765141
35.66187278175081 103.56218823812921 74.22827455695061
39.36806628880064 107.59593975292879 84.04578365631562
39.875065897528735 105.66750056989441 78.48280673071139
34.76032732658338 97.66377408848194 76.97216484242713
27.301709609203 89.07811374271738 86.45296463149285
22.05914680874437 79.37835264313084 86.28695036397494
22.47408950720812 72.26444059366544 82.9854818621517
15.319739743024593 71.53914914281803 92.03071440271735
12.220789235353239 66.4031340116009 85.6564692495035
9.843219444281374 63.991378680722924 95.59328014192573
11.703586135733122 69.70253543786998 98.85107110464932
2.6061699361108346 68.03028158510652 94.21835526458777
-4.431195030845813 71.78859250965735 94.45017262964761
-4.574387326843478 71.47890877063945 89.46603895251651
-11.395533763678426 70.16994682951147 90.34292648604007
-17.584251910348346 61.07552232933333 95.61912580953384
-16.487774257774053 66.38321404313893 91.56231064274154
-13.902347930114091 69.57894976008114 96.94869000894168
-11.079909400580181 71.28503589200722 99.42664343769025
-18.42331067138548 74.50733822637797 96.18443832443505
-12.16198005188674 80.09140624619803 102.17098546989735
-8.274797783867855 83.44752270367543 107.82093959918181
-3.109053547386262 78.5076678139062 112.93297889815811
-6.176421715816495 75.08237341451039 106.6545722840874
-0.9157377747458053 84.36911601371922 111.60297405253355
6.802269784114387 81.03849904391231 104.46170436909837
16.137310307799556 85.437565684349 113.54750305287841
11.918975062053804 78.10051552870709 104.99719788323371
19.069707342739477 82.4316060799537 112.67814396248441
26.850514506539177 89.84345300403695 118.96789941544006
25.7988407109206 81.07065280552239 113.96713904101861
17.3071708198095 88.31558790293572 114.23717541940538
14.983114299675671 96.10970638183147 122.8855500617612
7.795355033306194 103.21913065297804 118.56488683064426
14.253585441241853 95.27518330369398 116.77355153268202
23.850001072379186 91.38969230984158 117.66022104537187
28.188894835058623 97.08826502043296 116.6472727300852
22.20877073613799 98.89385758158113 124.16845539067401
23.56601554829954 92.61926884529434 126.00328650072683
18.45418290888872 98.81494700468915 130.7685478450589
12.697372800775906 102.20298858004062 126.94512229468047
12.514889268043145 104.37289286631423 128.99855816329267
21.571662362391496 97.30312914806787 125.12508696654488
31.512207821483656 91.94090193702326 131.19446639569384
26.693725897841382 97.98777378939518 128.9313274989258
25.667781337466163 107.83229354601488 119.4546643977217
22.46612763060849 106.60427042974251 111.28050051093604
18.07736957524126 113.06110677953191 118.63915525496988
10.217142376965604 109.40279905507329 116.44280123538238
7.827889135722826 103.21971595795246 124.36300053201653
6.7548525996832725 112.38301992324003 134.2767166935785
-1.0002975734589592 110.0679294744831 140.1201630886293
0.8666334739335602 103.03321955494025 150.03218477164185
-2.404141345811055 94.91905291073296 152.56331847494963
-8.740003545575627 89.83141652091314 147.3570200782784
-1.8623574668787715 95.36155771416566 150.00035776061353
-10.105727320033369 86.05287601709296 144.52596711403947
-19.71460190387166 92.03041919184494 145.12278782809793
-11.807678590016435 85.23172726548239 145.95514438670963
-21.3249366468506 94.32587000697204 136.1940945162442
-22.540479330762526 92.71837919900403 143.59890196498742
-27.75329958030298 89.69827623109298 141.8831833943694
-19.92959186862091 83.15620156263581 142.59451607347376
-18.79655917302995 80.96765662974434 138.47295743783567
-11.82936996747663 76.57588300600024 144.31629839118
-10.775285344444445 73.99243520622215 144.350659943715
-2.0145704930164356 83.06982596552999 140.55496989597606
-11.350364036175637 79.30029998193966 139.70124703675233
-4.067892334822938 78.6826071126163 145.0291590740262
3.0889123845352717 79.120457794393 146.30052093914338
-3.483558728846388 85.50599958431634 136.95044720728643
-12.372341917388225 94.75672764487626 132.8698428511312
-8.277168333041335 93.4253135154122 135.55455258379396
-11.97890284856887 86.74795400010123 127.03294796375367
-5.907288374528833 78.16518338697158 129.91741608650247
2.856281445557504 81.09268209627086 124.69797184122177
-0.12168626139669492 88.48211003627239 119.9411207780887
8.535184308166164 96.99349857696183 111.14656641240022
7.9129158749426605 106.00153712865801 112.98942482789577
8.238423766355556 101.939114060396 110.91377355121227
8.109643089918396 110.8073543909429 109.50824963942112
2.5479434175354534 101.81517207410741 113.65863297197646
-4.701386774045922 98.50510398986276 109.33854533402581
-8.843668664759628 95.65962420232873 102.51487911812988
-14.512726495871904 97.1199327293874 107.6166518753893
-7.65217412808898 104.55974765280796 115.86828355363946
-0.5726911626808047 97.56955311586646 119.73806534518846
-7.278715581557231 91.30614090797356 113.91659148846625
-1.4130039227193754 93.19042405043665 118.4881004067308
-5.6984290572961145 95.99267153518416 125.20194451749263
1.4657666717021511 94.11651557777145 131.94772262645142
-4.683762932013303 85.10169243411613 127.6511278216458
4.870629691609888 80.22479657292047 131.76333264021315
6.353087696945188 89.76188831729095 126.42790128464463
-3.0748768335224206 86.11132093752163 125.80883700612254
-10.107978094975442 95.68733820057133 118.05436844112793
-2.375663936212299 94.04723931294473 119.05479694123713
3.9992333399262945 99.64186972653708 116.06282230847115
7.720741913986423 107.22431376880382 106.75878015922547
1.6766688686418423 113.59129384933385 115.69187641841302
9.986011769565865 120.27997668040399 110.48271938032987
4.34103509240729 121.60357003498191 109.41969553329582
-1.3139245593799629 113.82570956020656 106.11123110927618
8.159384882892956 122.7042511331044 97.55934611754128
11.315722231516604 118.5608151127083 93.3661636277411
7.962391092297599 126.2082805271705 95.41067307207926
7.0122986023645755 116.43322106908636 89.3885707267373
3.6391963786158903 125.28625985181075 93.52488054025308
1.2122567029469926 133.65217158319436 88.24222724684556
4.9901206484759495 129.16173956335686 80.70440086070339
12.372274964486104 129.1380711927901 86.38644715395853
19.333853490828737 128.93622387566808 86.75340730679223
26.6986310367979 120.97266141223866 84.7000547464968
28.870756583002144 126.89571448379151 81.64353759205392
31.798076497540546 120.43257412224881 76.85928160374485
35.4755042843665 114.03164401977037 71.03044243872648
43.10127398209908 119.5399337737191 76.68445169762326
49.637136939508096 124.88289519948898 84.08634047553305
56.55720509977228 128.13164319167933 84.1038889056768
55.017900143230115 128.58559531214988 87.80716508112306
57.03992398905403 131.4548639166954 85.7660401735231
55.74605460833551 136.6359030942089 91.57894410097882
64.59605325468428 133.32733817196723 97.19471558266284
69.26852021779507 132.38811684301567 98.07317324333565
63.68219591497007 135.64409636952539 104.61708955746285
60.6491098476365 136.4892252217422 100.66275808810562
61.34719606094396 140.72808723496874 94.82543258653355
56.218285753140854 133.07694229395872 90.04122319735441
57.29813063669707 127.03284761527361 89.78205461766633
66.10031080574083 120.03875153929782 93.58987862294943
59.21373520813087 123.36521910057498 83.93050854214272
50.307244312449306 121.48458795807892 92.39393632314807
48.541778751585 118.20500670833026 97.83207750611538
48.37710177832193 124.55177458423435 90.46181563410428
39.593702019997274 121.25764666818355 94.6860130249966
29.639179986224832 129.07267615047007 93.96597477736651
20.790672180550953 135.11414271652177 87.39729004508214
22.527731057896613 132.1919167810183 96.36913216384488
27.005167348512725 132.6640313380826 88.50670382886418
19.20521540406412 127.9819273290482 92.29855264662166
18.39862393772133 134.23743730067508 88.74707762001027
25.999064927207364 133.10163507399346 98.02885264129048
27.092214084933445 136.14316487292547 88.43542981950735
35.40863879106041 137.4052206626886 87.67524045322068
35.368127393832665 131.97209532226256 93.71376537912272
31.724652532931422 139.78197132421377 95.38122977908765
38.3557753169014 138.7617146348534 104.36242311185117
38.712381548688775 131.43052689559482 108.98495410028796
32.31588343489209 130.44793486671023 105.68522543501999
34.13956371530296 123.17271370662937 97.41906291477997
28.954202507499257 118.48482663738594 99.9397626142047
22.636429871807266 114.13320600117832 105.93223069989827
16.296953456226234 107.36871242359481 96.77811679412876
12.172682004385575 106.22064086957853 96.46765415252966
16.673883824897754 108.11570890462592 96.40389729406294
18.697520189100132 113.75276538249864 106.18545355181737
26.655150978965736 117.27136590768367 106.86915984612087
33.3191486160412 116.9107231218451 110.16445125946441
26.62842250133562 118.63379912232304 109.48735518884966
26.1323233333842 123.13370470811438 103.35165867128049
35.993092483462206 114.88791093428327 109.03246063155223
32.6683736934142 114.00852706414 105.5245045580953
23.750097811762153 104.78387438119582 104.48013416459182
21.379449576233206 100.44229406582684 104.0195221510931
29.256731060266077 99.3642305026383 97.78063703728992
20.735307738947707 96.23670484938194 94.89996069646132
20.716415865256906 87.70885288831991 86.38058241938762
21.51074557762953 94.59804159909558 88.02120484407476
27.997468995306967 104.2829808342423 88.51510562468334
24.645104516527073 97.15802892586923 94.1633184552159
28.588543197632823 93.57071981416527 96.41017063839959
25.13518879717829 92.51417717129988 96.86902071089885
20.797569402312934 89.74677284268887 91.02761748341288
15.097739317294327 98.06426782194421 86.76267089854566
7.642606606195349 92.4683386881025 94.60127798169732
4.139010049456541 88.24414785555896 100.07318832537035
-1.6787024928056518 97.74216809186083 107.84572199907612
-5.341122755842233 92.1858936778548 115.52571338368008
-10.403687505952574 100.23796928892138 113.24136329791175
-12.012998012365724 99.24786032869294 121.15584153984537
-17.006716157227032 97.0064032519115 126.99328749874532
-21.480694641820214 101.53858863214698 127.64994880755853
-24.310169978121206 99.78552095507517 122.482769145088
-27.456910192666005 98.08107980668146 113.45121782606572
-25.860946537837183 91.41963386998333 117.73452838587426
-19.02426310557031 92.22273058912515 125.96540629753187
-20.320915733811884 101.6277498854185 118.59341765858629
-25.581352064649856 109.48951334279968 124.2385354095357
-30.70608389790326 109.96477901519879 128.8403100574504
-28.424523688047813 115.7739022231365 135.07213094712986
-21.560663307156155 124.39046993610825 142.60219890023103
-14.59336831823015 120.74816419130765 145.96387373580612
-11.32150391702783 122.85230155515355 145.36411346143618
-10.988981347178875 130.6849358659593 150.7296511193119
-4.438476626329296 132.74523043669805 160.52936029536184
-4.740804806303534 133.8196247576043 166.4890379764043
-4.35290150524145 136.27208360863474 172.12235797333398
0.648659852625288 132.15098801147263 178.89324045919875
-2.9816027144300343 125.74109643614379 180.11257155522236
0.8070585603094078 129.04943644732788 172.44732868454503
-3.6895659508321903 126.98742568695123 174.35146081990968
-0.0019235517887477016 127.8254033634145 180.0028579642889
3.0105509365184875 122.24197683612621 181.32038484090697
9.21385725082173 117.34976773955086 177.33831002465809
17.520270951294997 108.20383688961097 181.9509212774613
11.085033698065672 106.14650515999446 178.6083449743838
1.8502652187665891 103.10147996108984 176.58248807125372
7.639293791402693 106.62778886758457 171.70175879134126
7.050605402923594 105.82067251813062 168.87710421088693
5.938276786719991 108.51326605393831 176.12045098649037
-3.3586262506167426 112.44998800211923 166.71657238000705
-0.0029108888134139477 104.96681898010259 174.30445980705358
-8.999975929472228 100.01048198851302 167.83613689416265
-9.926616095412836 106.69443380393623 172.37871518391555
-5.382903982610545 110.23832590807532 176.79952777996405
-3.1780007276007423 116.30755800558994 180.1851078509212
3.1404446153051913 113.45886236276742 177.00006551809255
13.106740572110311 117.76486282883137 174.73487665039832
9.043864291404862 109.58366225616003 165.16709092721882
7.56222263518646 113.64968727197677 166.34140882491093
3.32691658525035 111.36981405542046 166.41084075020743
-0.11673722434383027 105.04173604513605 157.64481280100762
-6.544840380893788 113.2845559970028 166.65349357115056
-10.9464823796236 120.64281304355546 176.3096275273669
-3.1590590811912893 116.7071946152721 171.32330703755443
-6.977223910738506 116.25894530613483 163.82320607861135
-5.659628510632715 110.8069867142318 173.31535314466674
-6.0527014458735655 116.69257619658022 168.98791848821148
-15.449845281454788 117.83500546903238 164.51441844644367
-20.11211163390425 112.95939859067373 167.5757956962814
-12.1434768668289 121.13479327427265 169.86527108361298
-8.468722829879232 115.85575928223673 161.54159400634697
-5.78099276802706 113.01962604232013 164.46870161747177
0.22848290636119817 107.36676492420729 156.4727390722865
1.295468553578687 101.71414769468355 158.60334614681778
-4.916382737970354 103.25368288192591 164.47978683429344
-8.059571607035737 104.5817844976998 162.64126708324198
-3.282550144440904 101.5458796149249 155.67538832209055
-3.7692338789024213 100.75978567142636 152.2904803110885
3.9326859047051257 110.33646913873287 160.7937093455428
-2.4584392353581594 114.00107166302332 150.869562224239
2.3098609286801914 107.19650569529846 159.37655143067852
-1.3649469188677092 115.14964341739073 152.22164730992836
-4.411641709050427 106.36122105580023 152.36487436383595
-9.215262882616809 107.89605861580668 144.53174238280315
-1.0963166668669881 106.08893769415879 151.40201436234983
1.7591335188680808 111.84569187445855 159.31845372895097
4.567324364704681 113.81817029340205 152.69926149739564
10.399801670381825 111.65825812752199 148.93197945162626
13.265263625234997 108.53226391140282 143.02621979267593
5.6314311203174405 99.91490332331378 134.31526668396108
1.1905095216380301 108.46794282305608 143.6067535072475
-5.401670695428311 103.9794719956351 146.992993945788
-11.140342918634502 113.13272520643034 154.76749014910982
-17.49924538684499 113.23198067767682 160.1735394479176
-19.766398278064194 114.26395325334474 166.87985582310785
-27.07872044940981 116.40691908600512 170.42087745191952
-30.485405487833386 109.69532850105361 166.65961093207625
-32.32261362289584 117.16841922172338 157.52224296682837
-36.042610068569324 125.13311921491861 164.19410624082687
-30.684305543056617 120.54422730466734 165.29288007985826
-27.076883806060618 125.21386760616434 162.01592219541104
-25.64121204783302 124.2815175694433 165.04856344011532
-35.150407095644795 123.37573607613608 166.0981322523695
-42.91907532882372 123.92344457422367 158.16804855233895
-37.063815931856944 118.05926090500999 153.7675671562172
40
43.94628433838413 134.2899065573213 84.07078712049281
49.687254581821016 139.4073427723459 91.34875298971926
38.97382296665977 117.11896826513157 77.60276670832472
29.85826654321602 129.5647917475621 76.3339697628271
21.03128176492422 143.47670192138528 91.37832209121794
30.849130948500324 123.82184189130291 86.14743674431942
30.385646595607646 128.94010755169384 95.46860446037768
15.210350068434325 136.5958809317756 94.23118744557057
3.582691863513036 144.05533325865608 81.24322676573776
1.4144572949219527 143.10295312987964 81.18729630069299
3.8202067509775546 125.64957820543728 63.53432169230908
5.1088017139913084 126.17455427717034 51.217963936327166
-8.114068786389108 121.10529734830178 72.76662205651236
7.490512302003726 117.70178122900262 75.1061238070152
-14.562011043464897 127.57653424660934 70.28081776620151
-12.693202729130203 138.70499585182077 55.09184542528318
-7.252207507829864 146.51282167379688 50.00739429679597
0.6459487498316969 138.07081099229634 46.2500039084366
-15.682404631089838 148.1062627444983 54.14558646658273
-10.502568610460946 164.10438167668292 39.14244255771742
-7.391720940265985 153.98928792289314 26.51952130555616
0.8003411555528448 160.14442383503777 30.470665000681674
-11.816928468924857 160.9511017866815 33.66730368096623
-2.8295314153607034 176.80048433967073 23.674647089178645
-4.753852419509831 172.53863991340117 20.660765413148305
-24.33036746380133 186.3530879536995 10.25034438034621
-11.370196191373143 174.25317097036375 16.870674335463555
-19.259634778504594 182.96614756432973 19.759790573385168
-12.596705673608476 189.52575857793826 20.10698602425618
-27.404709494172998 173.98830188487258 17.98015372292362
-24.37057975314569 165.81765407516548 34.2446763886628
-28.391054100020533 173.21101962543133 29.54567113571418
-27.063542966474646 172.84314515140463 36.924479114623175
-24.7143324285976 159.93783203444525 32.54176835514425
-26.506405921791888 155.45239077384073 45.01096739861057
-17.11464106657383 164.2386803944196 33.21375493128765
-20.914777376624805 161.25677146215352 19.61232296436584
-5.67803262293913 152.13049974741594 19.640031716053507
-4.131989478912516 143.6272687086098 18.069433716966795
-4.40768374570003 157.61725151242732 3.6541847867780817
