1000
359.3220408794307 401.0026053796971 81.4647694420877
357.6805667348091 401.8463103852461 78.02874667410728
349.58832200241324 408.33155719744576 77.12357629351737
346.49402786304563 400.43259267985025 74.44944032128168
339.2426743416302 400.8852807214116 74.26295958466474
332.2973899304022 398.15203504132194 67.08642021146565
334.75076691465284 398.08119295642075 74.8966991978205
336.1986854440484 405.97652793710057 72.58592948888294
338.79333596776195 413.8045254819307 71.09939593355138
344.0897947018433 420.6962037100546 72.21753358040733
345.6703643277233 425.8086262915399 67.87703504660323
346.67671280447144 417.46013200071576 74.0416005377508
345.81349602204887 412.7670617740418 80.58082097905782
341.6907725140476 412.27198737696267 79.41153482425626
335.8703257574235 407.9539100304841 88.25173826709074
329.5294313547629 408.1868138751489 97.37172435551668
334.08528361647734 403.6388588349053 90.41537436344922
344.05826690096166 406.9377150348708 90.81012212134597
335.63392259036476 397.35846314884554 81.23799328182085
342.86303257691736 390.08573999712814 73.03081684136293
348.98175562625295 382.91257516179206 64.83552632769317
354.55583264811116 386.95126782760195 67.28974917826876
355.6175553615745 381.6027157683862 72.13561983797429
349.46539631129264 381.57592917415707 65.00759905343224
347.5775025082896 389.84834993893776 65.33891019384762
340.22120472496033 392.8285763424552 65.49616714023686
338.0565915356175 401.32866887841254 69.26344702193575
332.7181569810515 395.9638693797318 77.26001801786478
323.7709443246439 394.93546897883164 72.28668561041795
330.9911428564665 396.6640907551968 80.81967212469567
337.3783664657171 392.23822709910655 82.83009244423297
336.9133015397812 401.7652145000152 90.60854706045905
338.75641990272646 409.9244024886239 92.0086495139181
332.83494190582667 412.4742256867678 93.78547465809729
323.34245424202146 408.5954248001948 103.55644224141811
323.4465287761027 405.87519821532186 111.25406359977961
318.2566963286111 410.31568546305533 102.14060217601144
316.83452393543274 405.0453493864352 92.24895482376232
325.5130317364601 405.6773131173289 94.9941415527758
317.8414062436923 409.1473396453226 97.1270364113516
321.6804276460451 415.95972656305804 99.00487551258237
326.6007442272801 418.72667872283125 96.53463251222041
323.1698654596166 411.84251450100027 100.84091374306823
317.80173311884226 407.76929191664374 91.89218401305753
314.11409923086165 414.32506085203795 97.1584657220997
308.23803044186576 407.5338409543694 104.38116061547834
300.56922844708384 398.7972514443802 110.74958553667396
293.29211699852266 390.11187491608234 102.85695320840809
301.5029199199789 399.61511102400925 98.76745310363734
300.5752192184479 408.8232463482376 93.03781306592255
300.2413745269805 414.99189973485426 88.30578351489993
307.94307637332406 411.89665780592077 85.49358914384052
312.56318810796074 421.11873308259317 88.91063816164315
321.8618778622023 418.31360633152065 86.31879171636346
324.5068538806868 411.218487869461 80.38441273155311
322.30902348686374 411.1430080095708 73.19915131572057
330.3088234405784 410.21516788440346 75.76708425753691
332.2320387227398 401.16521725820735 83.72284672806171
338.92362555401724 398.25663092227836 89.44837710062279
340.0525865762348 402.0171721733504 98.43291551696338
332.22106262774093 396.95459213727077 103.79911634395714
326.01758940704593 405.08915934008036 100.85426807767145
325.304719726206 412.0332400991849 105.58147562344949
330.66012767208383 417.30850802078277 102.96945575006202
340.0728588878052 425.12365159134225 103.26682067379681
341.38745938853543 424.617117552401 95.71621053965387
338.8157817069986 414.8310564552333 103.06460013345672
338.69849484015924 406.00249747091016 102.84923768477776
336.7168423901639 400.7976730878864 112.51990071590942
346.11755355704537 394.8218840241851 116.72108364288137
343.42790163426474 401.95648462739894 117.75142912893023
343.14451601135664 395.14425205341166 107.98139546520724
349.9457964016263 399.53836984605766 113.57379146075256
340.8855398457024 406.9004545769048 110.77825711899528
330.9799173326386 412.2789878422598 109.74929488476295
339.7596445120639 407.49705680061686 99.91856451893327
345.4750208279839 417.1712625082606 97.9817803291674
345.93521170826443 407.89238321294613 93.33296837586151
343.9752091720394 414.04667942353643 85.08399800405277
337.65301821980455 412.2180241233682 80.53698971361983
345.0905310052695 406.6397644266885 80.1074885477579
337.5614482836619 409.45276643726953 75.06287461093754
342.72779436388845 399.5078153057856 66.66517582538316
335.9520089133469 407.914551965841 71.555103826103
328.25201783139033 402.08210005294353 78.40256043490807
320.1626898086917 400.6188993838044 86.83095611470024
311.56679424044535 403.397245920205 77.58255490838587
303.1388662051985 408.70927949381047 87.27612103384354
312.2953123776269 400.5113147970279 80.39278001166848
311.499767124141 401.7833069695265 85.37185206692413
311.71894646770085 401.34497115784364 92.78241005511269
305.79582828013446 406.20529432177113 94.74527771769243
295.83479982097305 411.78381534750724 100.01926433800558
289.112422263703 404.7629772235867 100.6665501032087
283.8543186199548 399.3128852911761 95.40693376819253
283.68084700186165 389.34725357766814 85.98013126992484
275.54027859490554 390.1105969401366 89.09770370735033
282.9116180734858 393.6460077278843 85.71483800081101
274.86851489836704 390.6749337254777 94.20140664872562
265.3754416712562 395.84736221837284 97.36174862727732
258.9453824908117 388.52421790861575 99.45505054593758
256.6588339807158 382.90367678507863 99.31899811590633
250.95664046727939 387.36793728832197 97.3558570390119
249.46287570934942 382.3925291029768 104.15129211189411
247.05478579443997 375.3361866002948 100.27091869296233
240.21074300400102 373.9012414360943 110.08765374996294
246.8243670243543 382.6099423712057 106.84147239948574
256.74011078965674 386.75600275947045 98.73371490209314
253.20005849723844 384.2108097097275 89.59252917068267
251.83138653608364 377.1631710563314 92.47396466734742
256.6125758374688 378.50252160650444 94.12591002527996
253.57762064077525 372.43616662259046 100.62392499705665
259.33733392118 363.966534238987 95.0709208848189
256.32482785667906 364.8738901872631 104.8752350946473
252.17315253638964 362.89425809377263 102.05715482497638
242.54642900019098 361.929548128391 107.26676374150433
240.94604629726643 364.7614245085316 114.61699951103154
232.65620097187372 358.174280167637 105.79744009485998
233.2233173558637 348.85999759599963 98.01979396996376
242.94519878731836 357.98565578021976 107.82855810518409
240.369614758187 351.83595464883564 106.54456224985275
236.83963886870123 360.88352274175327 110.66642269257659
242.90533842073896 369.1072140106186 117.64406186415562
252.3153871029475 369.57717311009486 123.17929833926839
255.4850919757951 376.23588378973517 124.57136682057825
251.9523410417664 383.2714203530522 118.42475035460066
255.45182951043262 388.319832622619 118.07083900981914
260.26198392698484 388.51604998037004 122.20169107295659
269.7015376463706 379.7508430830188 114.00980812013654
263.80953115921307 389.68237783372865 111.5937020261678
264.07111750121317 392.62715522233805 119.25788477297169
260.36696375718554 383.24933877218575 113.72364635443222
255.26955962548402 376.6375749552854 121.50093756904346
264.73161127642203 373.66878942374626 124.82435969137444
262.40510771117977 370.9481591389264 132.67562850370985
270.27026419704595 376.97244811960877 142.6483472988445
262.0789286367427 386.61030289213465 148.13132846693276
269.5074747940597 392.0189710119963 145.65126520953828
263.7630054072491 388.6181059334635 143.57737992526668
257.41644811830605 396.5024380533044 153.08414642401766
266.52678141385144 388.224505516166 152.17967661800793
266.1146885679024 390.1256869193367 153.86432923529216
274.0896282441011 396.8157520871655 159.2511619486377
280.5504432222653 395.0526150219438 150.44921111178132
284.5357235308011 386.8535550270487 147.77018137015617
287.80328519772263 396.0261351532472 155.57800663798986
281.4646059949035 405.30038745137057 156.3164793447811
279.2892274963634 411.43981850694956 152.8323342172204
286.4652249426624 412.56765690744044 157.7617049639362
288.21555809089443 415.08913445366267 158.8115304360833
281.83443013903815 412.1812534009721 158.32113022900023
289.72656715919624 413.680479779185 155.8616873343656
281.31300336862324 420.6540584165143 156.84262841372967
283.30914287478845 429.48847358649846 160.65497452531326
273.5135609129883 423.49479612830044 155.15094824512238
272.2085977507598 424.6984209267043 158.24356294371435
281.8804870734188 424.36774120413827 159.62499112503264
282.2253254720533 429.37882417060405 163.43156699227802
277.5838310093067 432.65731516420436 154.92817604894935
281.39909524137323 436.94232437937 158.31714277568415
281.64266990715953 443.0407133572428 167.83283285189697
274.1016908240392 443.1783079689112 161.79942428401003
280.8567212640132 434.275464396511 165.47546613651102
274.41599982784413 438.5464269848998 165.61028255524073
270.3370746118575 441.33260701218836 169.0658927079013
263.2057831883943 444.5546605546578 167.564738715554
254.23288252425417 452.35692409131934 169.84346690541548
253.55312262132594 445.88808857720613 176.9767301861332
252.90919024460112 441.46632779796755 169.91916772512164
248.80144088574394 438.82615513585273 173.6606892882598
245.84237658336954 429.1532614787687 169.13526511875372
242.2629575114362 432.61750622704403 171.76090579196497
237.08385300986407 439.6464411160215 171.05252017194084
231.09318919570654 429.92655664584737 177.75024063266196
229.00354258987483 438.5210901347189 170.1557109694852
222.06447569090645 435.69983977246056 174.54692619085378
225.1345009983647 439.9464124343339 168.88938501709035
223.91198734681586 434.97958290997894 173.45342526411915
228.56449815010623 444.68158969451224 178.88340283264097
220.89313081601398 441.0537792190591 188.07103649865599
230.7361027194597 440.92881349759216 180.65130741061245
232.2075612066189 438.68216925368614 174.6908040542482
231.75183865615577 439.0174419723636 172.66505107781668
229.36128459937817 435.58609282968405 179.49019723101333
233.90591227229882 425.7333320363568 187.67692351555482
226.12872156352512 419.3984904772722 193.86069333075827
232.2176559704887 427.57832634269437 185.77606895633613
234.2681743950387 432.56774966886815 178.80731569417975
242.98703613120665 434.35803380325535 168.87882434035876
237.8161738233555 425.7783141319353 164.37299484389547
246.3481163917954 433.4434725378518 168.36817770276028
243.5639625124611 427.8373480724607 171.9634295858544
253.17640260645612 437.45526603384894 163.50675843491533
244.81167143475133 428.96432985875225 172.29957511117507
244.49244984189934 420.60374996625967 167.6994537687318
250.941488056172 412.4183890443294 165.52218696755827
253.51143599970464 408.66898041818433 162.12810110871624
254.83184878027967 414.2179395507422 166.4576817981785
256.4389384951079 417.07121268062525 160.45183426173537
249.98637921255443 408.5604059477774 167.6811559905659
255.64223975111932 418.55978125670447 162.58696821017685
257.37217924846743 414.13492616434525 159.07456620430685
257.4818659905974 415.06048245872535 158.77692703676368
257.654256130598 416.34627610267336 166.68583729037607
248.4505207460609 412.70339688750755 175.6542833652313
240.91249399223204 416.00581415956214 179.46940825323094
239.01795408420992 410.004867252909 176.36047674391858
233.35037074492257 415.31318859590044 180.62557816025307
223.59482600255302 421.07940579053064 176.27277721355028
231.9031465381892 424.6775072135624 174.04278346343415
239.74345482063768 415.90778207581207 175.10422973277448
245.89215044858224 420.7658310239164 179.63654190758427
242.66435290719627 426.01671805649084 185.4094636012104
232.85703164226408 435.0585478922594 177.61925550351563
227.03714278592784 425.7707191857476 169.57320084451493
232.55072793785408 435.2304909157527 168.5222890689678
233.30314401190222 445.124034932111 170.48239268392638
239.70203908229163 451.02536541161874 176.18860550316683
229.96674268562487 448.4775728319159 181.83448090313425
225.47047785948223 446.58739958195275 185.64176155543188
229.03221433953644 439.5108804924975 177.18875493186815
236.2048651022052 447.2955123449041 169.97150520770265
245.9433922460767 452.161810137251 168.5586782529123
250.6013290747137 447.2779217667674 176.02136548228708
245.4972085863549 447.04689927790065 172.4529573859158
247.92285868545113 450.2571714123576 177.15006723335196
255.18937668836548 448.3469339392528 177.11727278438937
255.48359791573674 438.53654402810986 168.5933614069133
247.84383401336973 430.8616049773732 164.26888597342162
245.4637214637507 422.8498294446242 159.29767984218725
255.03567878882234 419.2574101936917 156.0375781597616
254.6215371191015 421.421886327128 159.24677779103425
257.5841275028423 415.0541627863493 154.73067776871267
258.7865616473103 408.4459067122499 157.4881086271942
264.19455338656576 405.6850425756392 161.6385276195893
268.3855270538194 408.49097983454726 167.76527327299274
266.77298138157255 406.5373899860289 159.52397719329542
263.2288913672973 410.0090376040595 162.9627122717527
261.3735400364617 407.74904204116183 159.32105363839304
264.5477694637944 411.59732581831474 157.45920026880395
266.932597486782 402.46161184088453 148.25673567857243
269.6141980685457 393.7770994172663 147.82853118589583
268.71110197777904 384.02601850130327 153.0733242447701
261.4386519257463 380.9196372628468 150.9039065693733
257.56381793380393 383.47036818201104 158.9736465862817
264.41838279319603 384.6164264225758 164.9639217798225
263.65008542767447 374.7676698845535 156.5212516733957
266.4811260989886 379.6993492758936 157.20853273894315
259.45237276374655 381.4582829045645 155.30803954677333
266.4121343693423 380.7581588024192 146.34253914532323
272.1116576487069 374.52786324938694 146.11088434242677
276.9988235785109 367.0501935584168 146.93112131826112
267.08518053931954 369.28074885259184 150.27889177469274
266.6284290285385 370.1316524565341 153.6010102113773
260.76608726702443 365.03295366703276 149.0736305028158
253.61620772535588 362.56101588988923 142.31803391453494
259.41222188854124 366.57875204688816 139.37393210368472
263.4599328503157 359.97234404986244 140.07408761981068
261.6618173585538 351.6184814156845 139.21978342333614
253.0951646043587 355.4952783749836 135.91151373775895
255.97129201865442 356.2620955090478 139.82696363247024
248.46480507372192 363.1494325192272 146.57437863703376
249.86727657619193 371.0139618372653 152.9380232396589
242.80429631654553 366.2750738245937 152.95335923604844
235.0251963522322 368.49395787133284 153.3191946041516
238.432566773185 363.933494926152 151.96982945263608
241.69700910784846 368.90150171513676 161.44106771689695
251.01069487385473 376.26206917670976 171.07201063326596
256.3789968020104 382.9362262179553 170.95846592796545
259.54993413678716 392.37898873542656 165.88649412050495
265.64390584664244 387.7420087082433 166.7220790585641
272.8223800424716 392.3664384594782 162.86472878466972
263.96627088620846 392.20775064198534 158.64268873216753
257.1232072203539 387.9678790712777 153.94082851754723
252.80571295967064 380.4367004956243 154.48215629591053
252.4011050204737 381.01344212843395 159.23447715509053
261.20569236954447 390.97071897323343 161.13904362070178
257.07348871799076 387.3182343290922 165.9921959863986
247.24960738706778 379.07756342365644 162.34367206456434
255.01698800112143 383.73046194936063 164.72343698895298
250.62631992764486 389.9944529489795 163.38958336299936
257.50354035519325 389.7740264630603 170.6456002500952
262.82470991164416 391.03870063211264 169.73156688745166
264.02900742452493 389.51806941630923 164.70959612472444
271.9994218870524 394.6861366239472 165.490708617548
274.7195734886199 389.60082886893275 174.67424080123737
276.89592821124774 397.7529277500845 164.8758535140105
280.50728218051364 394.0106389145253 155.1202720638177
282.307321008089 401.1771692573734 147.2809073608143
275.6647221614619 405.676946816577 157.05358007463565
283.08203254191716 413.5766690827045 165.88548269332898
276.0097975952981 406.22956360716483 157.28160765478685
276.15055104331464 408.9373576887286 158.87510791240445
271.8303653442854 412.55890907568 162.4553405881234
265.60231278641584 417.49172394766725 159.17978372986943
274.57849556103923 417.39978206657315 152.58813964536213
265.13811240632634 424.9849018169344 160.72116815690856
271.0514006455452 426.94495752133736 160.65734696928376
276.15289456177993 429.5801379545514 156.2515515296179
274.2490256588895 429.1062627014147 158.54099893868835
283.7816967928796 431.3567272999935 153.37276990606335
286.81731947001975 439.26076624649534 150.3128500687232
289.373315087536 440.5486481652955 141.67015585527787
282.42032505060615 436.6126797326816 148.35297693580608
286.0767702707912 434.00522471776884 146.3218335566594
285.46235613828577 433.6584031374434 150.80745899983722
275.8848754882416 438.9768727542771 158.64996538916742
268.61398139941974 445.01661581502196 168.0022085908542
266.7077255965855 439.51238461061195 174.87231930928542
270.5750798428712 442.0412533384112 169.97418406428002
266.12672614298344 433.54094491476167 171.83457495246248
256.59894932985657 433.2591052510007 178.48373263146433
250.06370069741652 441.55832325527956 168.76583586840857
241.23509848790763 438.09545986210173 174.6452606669073
250.75372962525515 435.53251351929714 178.83553221584035
251.37811011317652 428.6564276700365 175.47336853319615
249.51071118743945 433.0983265245626 180.30332413364783
243.72224072796192 428.2158813223051 184.29236695659299
251.13404358718384 431.68175609032113 176.6939472571141
259.8487569121483 422.42596743566645 183.53744159106785
254.97830333966803 430.6432257894512 184.29371495920336
261.8763826885921 434.28477347408455 181.57417311366916
252.78568648238996 435.2905877937317 171.69887622071758
253.043593661923 427.29545005522255 162.37410165807563
252.3654412612446 427.4907751171863 165.431918932664
246.65812923468755 427.1759366124713 155.77459224050594
245.34499678076796 429.87766705460626 155.67458708024017
239.37585372303002 423.3464310457989 158.80320086729247
242.21099810565957 427.0769301093418 152.95210764804148
242.79105054334931 430.36416395570853 145.79271921782677
239.56460518609043 429.7970485720589 155.0935671056878
233.13930428012932 439.6338126574347 162.02155939545574
240.52906308167266 438.54446268466086 169.52306154366167
236.50412256155545 443.38832998696364 171.08185711637378
239.7271024678297 451.8222377673917 174.53411435508752
233.68794969297304 456.95794592609934 172.77580670166537
229.3676093773438 452.73178955838705 179.70820076922328
232.1244156873966 456.70696932894407 184.3571237745199
235.50651828135648 465.7512698691857 193.15495032588888
232.99023551598063 457.0216129784785 192.18162678614937
226.4834646096717 449.77384628208216 187.8085111627959
216.66195922790098 446.16626332417076 179.9816655330405
214.2838790535024 443.8507997864313 181.16826125911382
221.57651545983862 447.4524905866411 174.95352364961914
213.61215138300264 452.3952649480874 166.05353221896658
221.37059571525435 455.77776469324965 158.03547634458636
227.90651850664636 445.8059912522416 160.77239944318808
227.96254864452177 454.79386965157346 154.07162923221054
232.3847814502743 446.1014429395508 150.86098270377576
237.1951337088091 444.5127616906563 146.70103690760138
241.74543917093027 444.9556138670324 143.80752842568586
237.58017836484476 439.65812195088847 150.47919964534168
242.9910378484559 429.7226146647459 146.75432281803532
241.0322521050954 425.37075043989864 138.0101323620175
246.2446958579909 431.73122631314817 145.59474279217878
253.0089139511362 441.6802022064225 149.71721573616526
247.81972826834684 433.46199805919645 148.35062252675544
249.06631307264098 439.3333036889994 140.51729955827125
241.17697219297128 448.8277816126216 134.77973013020474
245.50082341250038 454.18806035455805 125.94879915833343
255.47699607337734 457.1080105116105 116.7906069017155
246.02535684367214 457.39893938435677 118.35388744463025
236.51252626247754 455.4763923828438 127.61087068679934
236.96005568372206 452.8904378853236 120.5696485382456
236.01025699483392 452.3280136934747 116.65040961549734
228.81419956352045 460.5312953112887 108.96084742940262
228.53695344257355 457.1524070276201 106.06771853715543
222.6010138299445 457.1208672819304 101.02517319377004
219.9108423404515 451.9003759276963 104.56607401599621
223.71087688799366 451.5390874474222 101.88565795916519
219.27396810455335 443.6357503614763 105.44291300532133
210.45971256642395 446.88834448365543 102.65528899565341
214.0682891823937 450.01795334049353 99.0081398560957
208.16757995483408 457.66516762063156 94.97997561190107
205.2848915864356 450.4460575404829 90.12481322038803
214.8412051819535 440.71489458471723 83.34524195659932
224.09884070575873 438.4639440278725 78.29770480394208
217.8630976643556 432.1472200225817 85.39983683081734
210.1332005816304 433.0693497539759 92.18074590458981
213.2068647944107 433.88179281134404 86.56364159794504
219.30895804785789 436.4458998011641 82.89225860724284
224.9352639936841 426.49337984482486 77.47308924368299
224.64889025580214 435.6284533108568 77.5302662265462
225.41466508021128 428.26732355700926 83.51432263235542
221.83126171809212 424.5358134690809 77.8175130602709
224.87703560437348 425.6784448684903 69.79128682473835
220.39789927040204 430.88294708628206 66.85152454979098
227.86954884976524 421.8368058624777 62.88099521012057
237.75542861570284 415.43634099631674 68.34096710447923
240.3617972483067 418.1457724477085 73.37729825699182
247.2933787046518 427.64968583304795 78.40066403515115
252.00293199116666 435.61492641445733 83.33684518065347
253.56585474777336 437.6016487829368 73.71837178917909
248.39007581902428 446.9681023607942 73.8871171025463
244.8317893554996 456.0325277298711 68.94540020054691
254.2615244728527 447.655631712342 70.6211912429288
254.79689929716005 456.1838884445338 73.32938317369583
252.90391496334018 455.8705564356186 81.44666142404104
256.081562998204 462.9668962152232 84.0069780422118
248.3132837798534 456.9530869054235 77.29494201974101
252.72901591887148 460.42873872532385 71.33412833819443
261.26984010051626 469.9055625226125 62.32399756294565
263.204521779688 476.1512858962385 53.641231815045785
261.5758546391393 474.92242794799625 60.666742869983125
252.77741914170707 477.0720223179322 62.90851734781712
248.80207491790932 479.5199115111082 60.59027902093903
246.94821643769674 478.1569109869601 51.534880115784325
254.16680957600767 477.53407248743343 49.203082070015824
256.88964293460566 483.2283438753227 44.22335811732539
261.8625140787467 491.34891850572967 44.396650383484655
254.1160652386142 492.7026012962233 49.8840627336523
262.6904908934062 500.0691255776708 43.51240540227434
272.4692462775732 508.19272915031485 36.34516313965754
276.8971485168618 500.7547955128313 43.47057213759124
282.08155339830023 495.35798745955424 39.45374335290741
277.1732462390597 489.89303434643426 49.14984647424135
287.049428866243 495.3321567730348 44.97422832172868
281.74566518251004 504.5680413121283 53.20074315581962
281.88995068816223 511.0064726873241 53.01283009176207
282.03518843571544 517.94714134222 54.75994671281425
273.4109246419035 512.2251628413884 55.47010396407784
268.8140270180584 504.3417756175747 52.15760772946771
276.6066048459745 510.4736353561298 56.25572387060027
271.8687993080291 510.42859820358956 61.20321316981683
273.80959324626616 513.1673265872157 59.114833819481944
271.95816396390853 511.14466663206815 62.87688744896563
263.15476632173255 511.31400453434054 70.6946054772542
268.6708409326886 521.1693751305562 70.88789284333401
266.6985402527354 513.554581402595 76.44599842225077
257.8774980643644 505.2863523366572 83.13552344493812
262.9636246767757 502.6570219414617 74.38876018880593
266.39000251801883 510.3722296326804 66.54161247873573
275.3936826688533 503.09498241023545 70.94472281418511
269.7629491009897 499.96879050341295 73.99056843616634
273.1304588355704 501.73329749760785 77.32436433884448
280.18171889069805 501.12375785084197 69.97139756877084
287.8310651544208 505.478675816208 75.61663694841769
286.34978781155604 501.3954064493106 82.84937280732045
283.49370314825484 509.5794844077133 90.88045833903946
285.3188098698834 514.91444685446 95.08179819608793
287.4940901148239 516.9633033218483 94.48430576681145
281.81077639662016 513.0127774611083 102.79129177485851
272.47296930935073 510.0960684837859 111.66633846822579
276.15530497461725 513.986674184293 118.53070656092895
281.4200760385295 510.50034791358536 114.88148713714014
289.9407999570327 517.7180475002698 115.81871457907353
285.98749179446145 510.65591539187807 113.905255984197
277.46482099127184 520.1621397400247 112.0244149577537
285.25385560914015 527.0162332309917 112.25380906869873
295.0077527359249 527.0250310976219 105.44959579844004
287.5520221620904 530.4658867258133 108.06573676780215
284.9489162312401 524.1207436798261 110.8083645092551
275.27599612787725 530.4893454685795 109.72534714084267
278.6967549230215 521.2421737361747 104.02654552342962
286.4653174320616 519.4633300335415 111.27902615113639
283.09053221738424 526.2150971557979 108.78413080656796
277.4684496194139 517.9898792915994 109.04501971936818
282.0465524767069 526.7851658860087 107.07452629011752
288.2317505014881 519.5137575421128 108.06818502196361
290.30363256572343 511.1591453725945 111.38366550249953
298.4140410573077 507.06514047967676 114.24803367523506
295.9589117264111 497.7191446676968 115.94625526017802
292.89832568936845 488.6143850488304 119.97362034952354
296.6569789958119 498.1911009529695 128.15814964903998
287.3636768982832 503.139178034429 123.93856773896138
282.2998881411304 512.4618683240618 124.47547837932548
286.01173958914677 517.18076346226 129.63994755031032
285.03697991132685 518.8602185733805 135.0196484909863
285.5345352726192 513.1375547122459 126.6675068642306
279.24457978484804 517.3573317553319 124.33947604513048
271.46531308355753 526.9807480738789 129.70690953458768
281.0931663725625 519.6238025154763 132.22599253340124
272.217044316241 521.692437070725 127.46627391771037
263.90889833999057 523.2342470405448 131.94599550430507
261.76836801451987 521.5746286269837 126.69435380052879
271.2472852964903 511.66036086712916 119.15999725340609
276.4766219623173 518.2156992033694 110.54225046860194
275.7477191399576 511.09152701933004 103.41016328552641
282.7845476174748 516.4005556720182 98.46407608393199
274.69235706819336 520.8741054090297 92.25980133111993
282.3412895602886 517.5442983108309 101.83120395663663
279.19980473236444 526.1099255556584 98.70851864732742
277.59208679760417 532.2908848601475 89.81159457818254
274.9662648868507 527.6894129394052 93.78883547712195
265.8908888393702 528.0123621296251 100.56372901191635
262.8083617509944 529.8426209270943 91.2433419374504
263.8380603199728 521.510321235472 96.1609180935385
263.2788209601198 519.3033972098748 102.77953550589677
259.0743069785835 516.8980554513186 109.76228569665311
252.99584146415623 520.2826709054896 108.8113444017398
260.6201312593974 528.8384856662501 104.95389410847433
268.06743084292134 536.1835200731128 114.87457608213703
270.1872040160266 532.4876757799683 113.64179476452404
263.60268372216007 536.3091950617601 103.95267407531608
272.97646838329064 531.478036481065 103.15644721683593
270.1910806441856 534.0751053937792 99.69578494361838
273.62507498965584 543.4654099306666 103.1919977147809
270.87126123851806 545.661805800278 105.72005956377409
275.72761734909216 543.5944847404675 112.07159903592017
266.3364872914716 538.8922324130956 113.52027711013983
273.6515456592513 531.0301149083309 118.39355124586716
279.5204132029069 524.4703585669442 117.45525177786885
278.61209789080806 514.9734693664006 110.97808831697671
281.941616469845 522.0823534475853 113.71289652455653
288.66511860968893 516.1404066982356 109.81503980464525
293.6020230636718 514.9547035450585 102.05583674840024
285.14220622943293 512.2191454472671 110.3907513934376
278.58162483833155 512.7841268744102 111.9855965904714
278.72768863194545 507.62049649409033 103.13914085221502
279.6356718218112 514.7827253545842 95.89094601635132
289.2761400499652 504.99701566361017 90.79892210571222
289.88327900542345 507.3406096606069 85.25306519539835
295.3005398437177 506.75076778791316 77.47943562353115
303.6735435161141 515.8615349699495 72.45686872104281
311.3490866207767 514.872303188124 79.75856232403491
307.325233959434 506.75923440522007 81.0936483364139
316.16170947456396 510.8418677619887 75.86364830762088
312.2251829957513 513.9410637956349 79.58071687373649
303.82639450940974 508.5820730742227 85.5105468090363
312.49122247001753 506.6286825868687 86.46974019609652
307.89898492302706 516.5203600629973 77.69837867167048
307.41229904923125 514.4223065181084 73.99811209678523
306.5206344671262 505.09782751525523 76.8436207218612
301.2959577702389 509.7259875907489 83.48757213579681
297.46374641659645 516.1591260116808 89.15302907967283
287.54690619680923 506.99818803898773 88.43968007382279
289.09309118648144 515.3709262995626 87.89232600575046
290.71967141076055 523.1108444124114 81.31795287774935
289.7108548585668 528.2124767195027 88.96972461447936
292.0727191669438 521.5282289974858 86.17760969162731
285.8335200814766 525.4931585350715 84.54287792799785
289.8988646086951 525.2916835146015 93.26115031689204
294.3557043659607 527.0631056812313 89.76215232865995
302.015385327958 526.9451518713739 94.47565738705003
310.27839001079303 519.9040535064797 95.31191164156067
300.7750160263649 527.074014283375 99.7618931015378
296.569878941167 525.9294116451887 108.87865985793468
299.52735565705893 523.0845141093394 111.07198350187906
298.95178537626595 522.6976668048561 109.40962547086794
292.83731408166335 529.3736685188745 105.85114490128622
302.4802085878905 526.8371179800795 96.44378556447683
309.58755612612407 536.0828560330547 90.13209652168798
312.6351006173919 532.7671236448629 92.31216279483314
317.9278601496706 524.7452335009783 82.66237716254786
313.46103510786 530.7447025610475 77.80473106970985
313.3761328268382 521.6525628687473 72.32527830366365
313.8657484191912 518.9041603975866 79.1644934420735
305.417005336414 523.8212150118987 69.20624741228623
303.0208500865933 516.1474218593085 69.05593205263052
294.45171774314065 506.3945797720201 76.43392435016679
299.7940049290649 515.6493508143691 67.09320540946364
307.28111982765256 512.4470903102011 76.89651936211884
301.0118710691135 507.71935174559525 71.22838971102165
310.90553604733003 498.2266466464056 75.27300904123418
306.86303306285055 488.70971271546455 71.07675667887989
314.32265540263023 487.29140027092166 77.26209950289811
307.6397901799725 483.4268716513834 73.27897821481572
299.0988925872425 473.92139273107324 67.72752730862419
294.188586818662 470.072782850432 61.17827071981988
291.62004159402375 470.47599350651717 51.20874973797126
286.55840147617613 477.8899332188065 47.06461087494404
291.6972927095358 477.43855257954186 45.75712434187456
285.51363827653466 475.2591401772751 37.73523058802593
287.44999630271093 471.6869525211462 47.40047850295363
295.50500487736673 464.91678317736086 56.34129474336119
301.3327660581779 469.794460921187 53.87883046815735
304.30283964458994 470.4234341192279 58.07625258430316
294.37720525276745 474.2041442846939 52.69167064970569
301.6410320344798 471.85016690843844 52.191387624267556
291.8292993343261 470.60522518372875 61.56906861336823
288.79349048225663 470.9753285128255 60.90677202428297
280.2387807158031 465.4338195837472 53.46096097773551
287.41062248682977 469.1252917914606 56.74176820932955
279.6418826699169 475.6277668770287 58.867766731547476
278.88497475274767 475.4680514714466 62.81157814615701
277.17868575459454 473.04214570302844 56.56742893173886
274.35007220372086 474.5670453526845 49.68017299006866
277.46578665683097 477.770981825087 48.885763005315866
273.0955248734712 477.78740286985106 54.35801735606549
268.69023644303536 484.0784849311845 44.95335061716165
264.2896604546 475.1584535599153 52.72405093078236
268.1495481202551 468.68501292400464 56.63829382837388
269.6235233591085 466.4558078932339 63.66707424979117
266.8345264651574 464.2191661830401 70.47405483318974
264.96870166614775 471.1496568019405 71.25658726775634
273.31761975545805 461.27334048121276 68.99926910384612
275.4968020152212 458.0925908301734 62.20251907995702
283.98295234928605 459.19545056607564 57.602525257145246
292.10460484270243 452.5218334030719 52.18689392523963
289.0807441172343 455.6226108488677 55.65921854338889
294.56107649964196 454.15748094062445 47.38801923242323
297.1213289980499 447.8807030306812 41.6998063376028
288.8414344313902 450.9105980625684 51.518374546455604
291.7727761935393 443.45381501487674 55.896766155556634
297.0321859437288 444.06895011483897 54.13201422443451
287.8846542113919 434.6332938877781 53.662782424477875
286.3454533089055 427.76321407333074 59.80238117656998
284.55234554494484 434.95652916972375 60.46022090327597
289.0151261904992 442.44571677589045 59.421278215118846
296.2829279893758 449.973588264258 50.092917400385964
288.3371141781789 451.9378703726776 52.133174722957435
282.555410595451 455.9109955445999 50.39005779418003
276.08940663587833 453.4605181998999 52.168448419455046
266.22329673710186 461.3428037038426 44.12433270432677
264.59316441475136 462.9740682637911 51.778697795406075
267.57111183443527 455.7130643789244 46.66579882795432
265.31607057340483 448.29062837327996 52.78494898814492
267.97484798747075 447.4467045792344 56.88801539244953
260.6862541433682 449.88487064895713 59.5338228850475
265.81211808637136 455.73183780093956 55.64097223858421
262.22389127328137 462.31417351204925 63.659992062028635
257.6078710754115 461.513573450689 62.604094887079
262.7030168047399 462.97673364132896 56.083124818551696
271.07139274553697 465.4102705977884 51.29063595046105
269.16880455323616 461.0905908706668 51.805497107286996
271.5503177716017 460.9209167213484 49.37680656778941
275.2934435271364 456.90883089452626 50.220108840568685
276.0800993871614 458.16151263063324 50.95900410092385
268.497146203338 450.54847091000585 42.88153885740854
269.3748658792576 450.3306113849822 38.27554472986997
272.29816879162837 457.92174450226935 38.45170439089283
281.1349245979911 454.2700406557706 40.10533504506459
283.0339865984163 455.87559543749506 42.24700488658481
279.0503998989763 455.82847501046217 41.05729731227066
280.10761346516875 451.5687329576963 36.73959506618617
286.3135935433999 445.65715421370595 33.77652870551731
288.86855462458175 437.8091163091558 37.579922205520454
290.29437448248797 429.73848446864747 31.611139829298764
292.3012974016429 432.8140787794031 24.3140894205035
290.5942914374046 437.97264861005806 34.20440236280528
280.96021978552176 435.5535359050034 28.799302937032095
281.242894804524 434.2701598956881 26.711442514651328
272.6922166647364 432.3493668834498 22.788393170855468
280.4397245063356 424.8415970510848 17.591466003508437
275.75539030542365 425.93482439171254 11.113321557386802
268.0346336439463 432.4786893859832 5.910463619731548
267.71547371983405 442.0745367127769 -0.5086202331238088
264.79243779990907 447.2066869079747 -3.2690281369616825
271.69902009066465 446.93981010248604 0.7974924957554146
277.84556877652994 448.1866076911109 -7.512436920826485
269.55375398606554 453.28870290388426 -3.0949546134893238
261.01671257436897 447.8258480459927 -9.004801390173906
264.84284438756566 446.1553648372405 -9.424618213052467
266.3141942267156 441.2487288934052 -13.328152990683911
261.19423688406584 434.03337602448426 -15.783369831285722
268.97576227275795 436.9231694867458 -23.741645209657502
278.3128980294071 439.1910778437668 -17.464342470773474
281.58235173509206 431.6811559572043 -16.089112980003726
286.8349052752428 431.0147961604858 -21.7069225846192
279.1918730913219 437.6542468630476 -16.076258829509662
280.9715454357313 432.5365594393293 -24.63940609750843
284.1937513457178 426.4608036582623 -24.71568980739083
279.2261540239115 429.73318797373605 -25.97362318198867
272.0359460884603 428.01639136697094 -28.873118412234717
276.88867425377026 427.0961251316295 -23.729438220404724
284.21448947132 430.4748122043944 -20.725652111395945
285.6256170447095 425.3497773602628 -29.961402475708
281.0231072018223 428.9614634535572 -36.270961914919006
288.49999459495336 427.7785676876766 -45.678661147539316
295.0278754995267 427.26225664754463 -55.530684529241
301.89745531348257 435.69944877143257 -51.412050237140335
311.60862520553746 438.6131318793282 -42.90849154912512
312.6173579334548 433.3406908288093 -39.63745641062047
319.5977985033199 424.2287601482712 -45.28019694053068
326.64772168342597 421.4471582231115 -43.451004985399244
326.12620683778664 415.57389176160746 -38.25115737263272
333.36387092720037 416.1500960624571 -36.72295130029324
323.5166527391657 409.35102361127224 -32.98925046493848
316.5672781571497 407.2911464815361 -24.364706779525903
324.83730165647523 403.2424770301583 -30.973466706482824
318.8492871737672 407.8384587672294 -29.173108084501735
322.61026159511835 401.8582949510469 -35.828412685167876
327.3798156849834 411.3291713559951 -35.04090010092718
333.8052891057923 421.2534889177925 -27.008138186538115
329.40666001389746 417.08829174163225 -27.6488142286601
338.1820204462701 420.2692786716873 -33.540860491694275
335.02940674506755 422.7392611959665 -30.63958781773197
337.46652809778664 426.55407308030874 -32.52419770230189
337.51153818386507 418.83541674974106 -28.47925522239467
341.38425440213587 426.2932462574857 -34.015037802505944
343.42502739111006 427.84578744531956 -33.06585355038664
346.29620022144354 431.3310169466988 -23.327707847691606
340.1941603477641 437.99671027240004 -20.22476024915726
338.6327404236634 428.57486996232836 -10.38082878532603
337.522092562201 432.83843463179727 -5.948362206654133
330.9319986311426 426.7935209559404 -9.202188459683445
321.2163993704678 434.42400847723593 -4.922360202149905
313.7934993066277 430.09346951016 4.793404104428285
321.6807075332083 432.733863334068 13.73173044109045
317.1827094779008 424.6664065427003 7.6747353370740115
323.44510713196803 424.3191996199983 17.34858114495575
326.9274009865349 427.3618433479374 20.119511996171823
333.69035887058334 431.6577242444023 17.18875862343293
333.66036378836 434.53248444946763 16.00181822541595
324.9555711704618 431.8290777183657 7.24407934413378
331.70351555794394 433.4808458804703 13.454829290035779
323.4023183612934 426.94508635398716 11.88246949853971
325.38681455828225 422.16718968278457 10.256789782902636
334.8334961373856 415.62493215470306 11.392642294004597
335.30007741295657 423.30657111214543 12.697349566738815
337.4164733190416 414.8645030260243 11.811821545740798
333.1460453772358 405.4512547366572 1.9595026735400936
328.45497764066386 403.49734071394346 -3.0206769570690204
336.18517424457457 410.51222507962683 2.3491089435542607
346.14582852838805 410.6806572229754 -1.0919196617432596
336.82557708255615 417.3398086996955 -8.18310973389465
344.51839738771145 412.91702813607316 -15.004652071482823
353.4843574580127 416.9706285707026 -19.340861327035988
363.12976210432834 421.05461037857725 -26.139033327246707
364.8877563260521 428.2755606426993 -17.360935499753232
363.8941901266513 427.01694875297864 -20.242372821219345
362.1051260228063 428.01044001505716 -18.317198790638912
360.1116500293699 431.0131331628069 -19.848165217369857
355.86134624447834 433.7278711496585 -20.41176952221593
355.61473358714676 433.04226489433995 -10.55221560245607
365.3476580699387 441.6119324885685 -4.631278757409587
372.989787452918 432.0573895192686 -10.669683445849
363.40269739219224 439.05452342979686 -9.980563561623063
369.4742672920381 441.6272781904182 -17.655675889495587
372.20813249143004 436.5382851356307 -26.907159374627994
377.60794749507284 427.88164532220384 -22.61928733931862
368.88896197287403 420.17245524775217 -27.50515086155327
361.96676113221974 421.28823378132626 -26.870387868323196
356.1106395964564 424.7291300764475 -22.707918003581668
359.2275180437551 429.7648840488151 -25.656770377300855
360.3503943158034 435.0543701127112 -16.002885837551332
369.6353906838245 438.06305533064375 -17.40498283239633
374.08671329143084 438.3738545874034 -24.958409123814974
376.2923457531973 434.47136261302035 -17.360217449393733
370.20154668365 432.4202170081243 -15.04266292408432
363.40673623185586 423.38426478706003 -16.45936668104435
357.9695321457118 422.6602594448315 -20.43787324233789
361.25206322057835 424.9069073674608 -29.02500584411475
360.523283496853 414.9331614934665 -19.527804464961584
369.38251758187755 410.4245129495162 -13.048411553835685
378.3672753943388 407.66387762555945 -22.198706661489563
371.0728876419528 413.2423909582403 -20.974160012079132
378.7290978156295 419.18844356207376 -15.949933887430358
380.6724395324347 426.28980791716526 -20.96597361938422
381.4744497838583 429.9071954787235 -22.19992071993899
387.1390256520044 431.5202470063244 -21.523758069689585
393.9749895193413 423.9269956482858 -12.614559921022552
388.76307750693974 429.11473831466975 -20.838303136720782
379.93019404620173 433.6721376217596 -16.134536205235086
370.8392294010896 436.27217766454754 -13.538439761393793
371.0413699435038 440.4312070897099 -10.889746980485818
363.1158763020615 439.0100659966196 -4.911466817583306
354.59967135342265 433.04833008295975 3.249362594769619
353.90710423677893 442.6434984624574 8.016334757469577
348.99778078349715 434.43405309747203 -1.164030793154211
349.06395899718825 438.1216386350601 -3.5476311489122065
351.7322026781832 434.79761792903554 -6.344639213552849
355.0302915687984 442.2084282087239 -5.798437733350124
352.2772953594752 434.713431681595 -13.37295652331633
361.24700448967684 433.38069540151434 -21.765852193480885
370.47216867422054 433.35190432770787 -13.759364166731643
362.1217292841759 440.17076183785815 -23.718444834263494
364.5098149232041 448.83683654264684 -18.490385366820007
363.751178585834 456.21428497565614 -21.280920845954267
369.64565305244736 449.00099578148513 -18.609805692142768
363.8406660942664 440.85633710642844 -12.379843772447103
371.81275314425864 443.1315466539192 -21.590040305609143
376.9988940266551 436.8596499501895 -16.044410799657282
386.3736123626271 428.16074536159806 -10.88428036133212
388.0455572222519 427.07796259636683 -13.580366077625692
379.65883062750095 421.06712700764785 -6.6475410131557116
370.41220888466023 422.1709687476184 -11.496487872902835
364.12658914459024 426.8630354713087 -15.17655442613046
361.5306025345811 431.9520539943951 -21.632171089456094
369.1848559829872 431.71862768792 -22.943057211887755
361.13538890886315 432.55112833067835 -22.950604491845443
356.7789317997151 436.50474403882544 -24.16671082699905
358.687902399849 430.7216553662917 -23.031598772227767
367.0277243285349 431.33442750774884 -17.282868583049492
361.75553345188257 424.88630440806674 -25.994877762459787
357.6202908951763 433.6593296776136 -31.454402087724308
354.8714212311496 430.1218534233509 -36.74788050967868
352.92512014580905 429.83876267627465 -26.940393438538123
350.45961623214885 438.2295347341214 -26.603416485378123
351.2896131479152 430.56249998415126 -31.740806359682082
346.9168308507964 432.71748479472404 -24.014175286764065
351.7704061375887 440.0820456140604 -15.986333394928286
353.23110848502176 430.8688426350803 -8.341215623479224
347.5752374443292 423.3609881184943 -2.5509580117130035
338.9363093165382 423.7796786903851 2.6240240670563244
347.7476438539827 431.14872595163524 -4.374364273806756
341.4913518818941 439.47857065742176 -14.08683453491913
338.74344231253303 446.54942761512206 -13.206948985923308
337.1099888014402 445.24709185599033 -12.129175672767794
330.59400054120766 444.19352345919737 -17.543569698026136
328.58617137573646 443.67321856820615 -11.373121135047171
331.99612756244613 452.9304928971665 -2.591718082362897
339.7769286141134 452.4934823466441 -7.397098103198816
346.8433940654048 457.61602888307004 2.053266241972622
348.75460003652955 465.14993238765953 -7.247913399008416
345.0944196257922 460.69834130377234 -11.726468679638362
349.1581070080881 466.96601075934177 -11.04438605020241
346.8298872987122 461.61224284921155 -3.898666166434479
351.9571234914091 462.5199355958085 -0.5833779903853209
354.33672706680284 455.63067623180143 -1.42982489669214
359.9710887568655 453.4374168835884 -1.524544615629737
369.62684788755064 456.37610955186364 -3.3479291090681462
377.42084963650456 454.99740210990245 -1.6953042676311147
379.80761079951714 447.18715903240223 -2.331365050256231
378.37924811757824 448.48637750957477 1.9052656300127913
383.7780209113237 453.0292398254469 -3.804141849424778
392.5707272001042 455.731711043197 -11.856032740027342
397.16626447533736 464.0487915256698 -18.355130838091615
389.25771389035594 464.71718922253507 -21.33132092838651
384.91776446263106 466.20094405753906 -28.402452862121827
380.0824067979751 465.52065841770775 -23.552777246132457
389.56403699412454 472.8968842646113 -32.1274165050515
380.6250731583173 474.2163588217469 -24.03106640099925
389.85215747213306 474.87360201123107 -21.23175913891804
394.5977384555587 483.5094262702077 -30.10340120414776
391.7141165658187 474.4128628480439 -28.73221378261096
390.3354429651221 468.2415201710386 -25.307889690850168
399.7612102842327 474.0112033203207 -18.76670959208701
408.06032674259825 477.09851111140097 -27.190654915991637
417.56320564853945 471.459673529202 -25.76588539967298
410.6332654937034 467.15877732424906 -30.63644155471463
405.3602054495161 466.0183957628766 -23.96518404990229
398.88801080069015 464.7623772064611 -24.903248437171474
408.18713689598064 458.5758986974893 -15.871606315475844
411.76041988108096 458.51029356674474 -17.11785441616032
408.89524021697446 450.39271648997203 -12.713065225086918
417.0845826351586 448.7652393999099 -5.692320215462051
419.83992277228697 439.31534926076034 -13.532344137343173
413.5242057988436 435.0909259407161 -9.102008413146045
404.871768665596 442.4095764402207 -6.6914229248415875
399.3106794812271 446.03643238562097 -0.30693083811612176
407.5918331748058 455.72173839186337 -2.274672543406273
411.1938941731004 445.9664696457072 -9.520583712917512
417.2375296663175 446.91875456388357 -1.6602739326850502
409.26389331264375 452.6504613196577 -10.35115111518638
402.34279995917313 461.45066023960635 -19.596763130731652
404.02283547039707 452.022915809591 -18.940504612594935
402.74283712397744 461.08353037909126 -20.214607316581255
399.64222444537336 457.813391615524 -27.3570969262958
398.79775892485213 450.42847599936675 -37.08195093899431
404.5909777804943 454.3256409659362 -43.032405001430334
397.5516556192312 463.8890992450653 -36.7173746961718
392.15568637822 467.26261365456645 -38.01589832880471
388.36004632485015 464.2475307227962 -43.020129480129405
395.25893828809325 469.0335997185786 -37.68045789751729
397.1737278567469 464.7249819471405 -28.74341257362706
401.0064809101334 461.37692869912337 -25.82014151583674
398.8276002658658 470.68783738169674 -34.666053945620405
404.22399783843605 466.16801359561157 -42.924212500965474
405.25456485370705 468.71374496723394 -48.556608670624
398.3476855479695 477.2775944797491 -40.72173609754145
390.34708306700065 476.77598860127125 -47.07711258850273
382.3749148386699 480.1397435107425 -47.59822260284997
389.52158513026166 482.9674648833374 -43.84446077734858
382.6904625064186 474.653588495158 -37.118251290823444
376.3673596628616 478.89313448278244 -30.323490574790554
371.54048855545506 483.4052047794226 -24.83621944833335
378.26820526957897 476.5768021130885 -29.13066289768512
372.81980549043436 467.79129014789845 -22.969621498898825
380.64558235824757 472.8075412263354 -22.69571257398794
374.71056532676664 481.293772348481 -26.812498288568026
374.3126536570034 474.1668610339646 -18.39526006738439
376.03833300846634 467.04230430798737 -19.81433045999753
368.57204871425427 462.36853520401394 -23.636962172420915
358.99710191365534 460.11994875218073 -30.868576780679053
352.32897015912744 462.8049130756069 -33.17925122026227
357.36577168948384 465.9855004488668 -27.978425402799402
355.8863744155891 458.0748695172082 -20.729316017456718
353.2983716784184 461.96424130022206 -24.55554090692239
345.0295193317809 471.2661994961009 -26.424480497276278
336.4615330959136 471.53680930282 -18.597770125487973
337.5606890507765 476.8676010960118 -25.346855074416236
341.38850233647116 468.8303680090621 -31.44994929207207
345.0353245133067 466.5384487951861 -26.90324109278635
353.6835827737232 471.74014578228156 -19.661614151184416
350.32433161693143 464.6985027446483 -24.057430135727643
352.5439059720844 464.4509048244297 -18.369520594230465
360.4231814205321 463.9487199409808 -15.355413582328227
360.8188331454896 472.90808541771634 -14.785313676490254
361.28011034045795 480.4415375130712 -5.211326548198713
351.3362322411084 480.0833650746126 -12.063832481212383
360.00500812821366 483.5998018689041 -21.982664915299942
359.39079647025625 481.8405337367796 -18.090870574711747
359.6440144629013 476.34056842510097 -16.435357408476975
365.36889014852073 474.60064977680594 -15.856876120672588
372.4288692655592 465.0316792572099 -25.488977432684834
373.3126801606541 457.6479004137866 -20.643023873861125
378.91428314666166 451.85711386368337 -17.759608194383077
381.5443594212068 454.6797108451307 -24.480972569726145
384.4070570016826 460.0350782301875 -34.14969397572394
385.9371426231187 453.5147132000224 -26.988600886677162
380.2363207707965 450.4581747343166 -18.676285784520278
381.23352242362904 459.4996524486198 -20.15147692171443
380.11984622643 458.5130840090979 -23.48824857082388
371.9328605542463 465.4987418124985 -30.615015503517938
373.53953264375707 472.89645997121545 -30.381487119768277
365.16712744760275 465.5502609993857 -36.98126968050901
367.48063951904436 457.65026927556494 -33.167365068369776
375.76829739813786 457.5988894527763 -34.98990121636936
377.3155560553725 448.1488013139792 -44.774325038960306
386.9043599811796 452.4695777122819 -39.67820098670225
383.97818967249617 453.4644967550317 -31.14715271455223
381.5810616849592 457.2164662157814 -22.496473227133393
388.75780926723456 465.35274289348655 -21.741408216521975
397.476817466093 474.4691684024233 -13.115396658780352
401.5163387480833 476.1364057446369 -12.836868497555876
398.20047447030254 474.749742510071 -17.90677147628531
403.75576026528785 483.7135014752171 -25.486718012553265
407.17146180139815 477.54972102138004 -23.795146520950677
412.0613722972617 480.9609264982121 -27.99218378417157
403.54407127617634 472.6625105618618 -30.6168535619906
409.0560655082886 470.4747364006581 -20.91541679037101
417.4762886278988 479.5270779129539 -30.842786388138087
421.60241114568225 487.7713546068164 -26.44146556234918
429.12394989940236 483.0283007566096 -32.51213592648086
427.0671958984424 490.09744959718677 -33.43526486677242
417.53170964757106 486.48880941605563 -35.3838160687966
415.0663520135313 484.58814937270114 -44.91071826661003
424.4568280009818 476.49669886135166 -40.18777793109016
415.5709419074053 471.01579080346545 -35.81853046688208
414.9711381172927 472.99564957769684 -33.71477365889346
410.41576323684325 468.91759065257367 -35.28514393864075
416.7226535939474 461.7550074786215 -44.91142211439727
412.89768901599564 459.12158575079235 -54.58649921167507
414.56889766231325 467.9949118525413 -46.39384665630916
408.2253389398513 469.47033027579755 -40.26844945117146
406.41166634624403 472.0526872767367 -40.471102416524
404.04511452303024 474.66778684224005 -37.15279939605788
399.2975119746638 466.47112360462165 -43.453036975006924
409.2490220867241 456.98350795974653 -43.865458353373945
418.4578190718024 449.01604244925306 -44.6022163991971
414.0609410401966 443.93723575844825 -44.60034293437555
412.9037997314814 443.9813928206426 -38.71901024214696
412.95290250647827 435.46899651798054 -34.574639356524614
415.4643386511326 435.0136306374771 -41.29112543412356
420.3022451582864 434.10614340817074 -45.64112411156155
423.0472793429316 439.256306184349 -43.153534811272934
424.37353291006144 435.4670138598607 -44.54241253930213
425.6555868797203 437.52142554210894 -52.32289117593314
422.6117806055623 445.58225724246034 -48.576251794966744
428.47575867840885 451.6721552030709 -41.18709856497654
419.36562585516106 452.3009723751955 -51.06568725724232
414.67142872814924 451.86350409851764 -45.09694204450619
415.64674953189484 445.5467611230495 -42.49311267537479
410.555082683313 437.1831424620468 -36.86772163587891
404.7823166283535 438.75989088064347 -42.73728546241621
403.62767899449153 433.2842622060918 -35.55012281057708
402.15798166802324 441.0377331782947 -36.343232429813035
398.7505255886733 444.4945935652611 -27.322322747839028
395.0139100704807 443.5857002622641 -19.627176737008362
386.1475925215825 447.83820208981956 -18.52461640239207
381.08681838725926 443.3862429476548 -27.07248931244856
381.8915607648715 440.09680044102794 -29.803535365235454
391.01116568777013 444.6342722512824 -26.450103376511482
390.66279040539837 453.2075456816012 -17.819774017464734
384.16278155885607 462.4487641263543 -17.997385476051917
392.114344082305 460.91097701029094 -11.7611093183755
382.8705125284091 468.2987970439153 -21.017114213669995
392.0110729119943 474.3494968461111 -26.670024969285592
400.979863336212 483.7483750853618 -21.15852933686879
399.51497532602093 484.17964654326875 -20.786188847252767
402.150935319581 481.3392196852197 -18.793877122897882
406.0313463402848 474.75940470087056 -27.29791474122337
399.3069940772553 480.4835330419595 -28.61723274665757
389.3493962424131 480.11157419239464 -28.312294968120483
383.47794525330255 490.04481536183505 -31.35263121220576
389.7961402636935 493.355461464643 -28.714861558989877
388.25073620422353 500.71681358838254 -31.132130150046173
392.775626087369 507.61695599152256 -27.529764538125388
385.8215571066597 504.0263710472785 -33.558176543117426
388.20369507946094 502.50886702770987 -35.405676340645066
397.4266490211162 502.0526291898564 -36.83987396876489
395.0937372407412 503.0809807481104 -39.6920911471771
399.45311664327073 505.4850630433799 -44.11578349163271
396.47337738059485 500.1829750565132 -47.63434427804206
404.34103314739804 506.8570383481426 -40.22358652910828
403.6588421347918 500.63681545912067 -47.09330165633614
413.5231059236268 500.83778093171605 -47.99282408704335
418.19087636032083 492.7921657253215 -48.69286619651124
414.8351800403976 490.5277216004765 -54.40116056389272
422.00010310615613 482.6877431223865 -47.2148013575367
413.68769702915915 487.1732894396987 -40.21158868687991
417.1021355098697 495.08413254213747 -47.80685209873886
408.2242283828649 486.46058759863865 -51.22435766309705
412.9717517832619 490.461252288001 -46.43850240935998
417.280928402658 491.58410799256495 -45.3295078471167
425.0606455251151 485.515291058622 -43.461142013605375
431.18453424311895 484.88081745987154 -38.958919337043085
434.9290949544779 494.5110663075192 -43.35281033724375
437.47498364074545 485.27384122304073 -38.901709664432126
445.09601543307735 475.86620201460426 -41.59328099300183
451.572211902733 476.41607316520793 -44.03950171376438
455.2108686619148 473.4725580035423 -41.60922753679541
452.62977860976713 482.6290217751849 -45.817597791330826
447.082492255961 476.71221674585524 -43.90170757943295
455.3813584425118 474.34049439153114 -43.110013219830044
457.6806727693515 479.61117291759047 -50.924139698876395
449.4200183772897 478.3106398692113 -58.554403181671645
459.19527033800654 478.74380585395437 -66.40942789706142
456.87350765546825 470.16724376651854 -69.03558783871726
40
343.255724748941 415.16995368409647 -1.9144866223120935
338.7509624514097 417.0550825477643 10.522902306954721
351.7766442190947 429.32265327198735 -7.715575652652365
348.0789296454924 435.7143595599352 -18.77817954707752
338.5961386125879 452.709460566248 -6.119254575786643
345.56913081113197 454.35616019490544 -21.5410396745702
327.1428586605738 436.52762053202395 -15.329658405739806
318.92744706667986 452.85508608932906 -6.3662387941663106
332.9193605510267 460.415651962718 -3.6447040851647383
345.8985002955834 457.88223309447244 -11.299443689630262
347.10395463643414 457.36132363447314 7.746089095870817
351.1945725524663 456.6188440758684 -15.110299171015138
341.46848450334204 455.2356915884739 -20.13670916986882
342.54208017483506 461.1599647460873 -1.596806015902727
353.1113940028546 455.29359224369557 -7.148860269922965
351.63119597545307 461.72321522306027 5.523877147692547
346.7328394171886 463.55513008190536 1.0837313551506367
358.1410316124338 457.5556773526751 4.469606984425538
373.24138673043933 453.6599547971497 -0.8101121250224308
380.94361383212765 458.2104558574525 -9.601173410753283
384.590540021202 455.7193179697814 -9.182226132559933
381.07096321056514 454.40207738729504 6.719784095575803
375.6874857148759 450.027684613571 -0.3441378223189506
390.19983049787913 449.6309735652679 -15.970108598361904
403.6851595866897 464.83095756923205 -9.20349880208761
396.912017897736 460.44823028060074 -27.38958464661558
392.45064182935084 458.8282059754731 -27.62446852446307
372.56863750666434 459.4077223250767 -13.990170508602729
385.9004941574558 475.3830942135803 -40.260183103679445
378.5179835456337 480.7382567042695 -18.306281130981823
382.26588281692716 483.6702471403356 -25.863690682383687
391.4301854909653 478.4854642419501 -20.857855218342422
399.4539675547053 478.25950635187644 -38.589338442618676
396.6363544141478 471.1159613182082 -23.964047941970506
402.1023027422955 480.3036941096869 -12.869891729345035
412.80155280338045 470.7677679072272 -25.53684024509983
421.43509104354337 472.1890567119908 -20.969651955939128
419.6942011665554 462.1340061956208 -27.228190095026573
398.87226566614424 457.596013023158 -17.912016455151072
407.6818964012662 465.7226236855773 -32.30465004807435
