1000
285.8850668777652 317.046522310416 188.73801671620947
292.3777645507334 316.1636550981922 183.9198163650575
290.29927635687613 306.26575754795664 190.01360480779374
284.9574828305819 312.6673439976546 199.8906269966909
294.28847722964366 319.6667128146522 190.63875314068562
288.0608297205539 317.02572631166447 197.33270273931902
279.578561017284 320.42295875502094 191.3738857711342
286.7688915452491 320.3974834757085 201.3011841001072
287.16465321106097 315.3558318634646 201.89605574745914
287.2550466429651 307.1073057561571 203.63082266764746
295.0410342200443 299.9014432529756 207.39967392425706
286.3618078342903 296.3834551992893 208.3656310433593
293.6368135067631 305.5580091487294 204.69672179932616
286.02582714113254 314.80564268886747 195.67441529947615
290.4801050520933 320.14482738260955 196.22202534561612
281.59394585085477 317.9206464527554 197.10827201392564
289.52720292013487 319.9739625377992 191.28423526563728
293.8573359387266 313.1172261815321 192.28285334101298
286.43623007495097 303.4723238296138 193.065948259965
278.0661352219374 309.34561185204507 196.78150885189692
270.6509159549173 318.5533369793409 186.79512266737822
266.1179331999724 325.0939420258815 194.1643061746942
260.51551610655537 328.7178585784287 189.2243374163309
259.315198235898 334.56240435350264 194.78016267392107
252.6471688068259 329.0266326123843 192.88696127437572
256.92488785442276 324.09253583196784 197.73035469053906
252.04292312984944 328.1753072502549 193.75498007820576
243.3607668298044 336.6119054307736 188.83607760687832
234.05794729053045 343.84969631383933 189.44609556765937
226.41647531826146 345.0301111322677 197.4116336955597
219.79290556132548 340.73706953459345 193.207501942127
222.62171508577268 337.48369232619706 186.1350609326579
226.1926971040037 342.4778019589701 178.7885208777554
234.50922864164843 337.3119458405881 170.1611294578146
232.79527711430242 336.7081453138273 173.06175562860452
224.02925706247115 341.58201536965777 165.3605867663691
216.5720611168502 346.24575453841527 165.27829620161063
207.9061967789431 337.99692843989266 169.4853932105437
211.68076148042198 334.39698309691875 162.9436539904428
205.43731178298327 329.23622045462554 153.36475428908892
206.26734777927345 322.4319285050877 144.11429238143515
201.56322952502467 324.7578763979776 145.24499193455466
200.6880355843505 324.08124342339534 155.18842948889323
209.52304635493851 332.23823170231753 156.00071886477033
206.06163443321293 323.9023403325708 148.89829212278784
207.11551570982758 315.5474733209088 153.07195125832595
216.55858076780999 309.11828692714687 160.93347108547184
208.9285624867556 314.60025002226433 158.28193635210874
211.3626114237853 321.98545339940586 161.81852128476555
220.58172531454954 322.309909744514 166.64174629349037
220.7895916948224 321.8600541417279 172.0705727361196
219.49402246502135 330.03490171008536 173.52339919898478
221.58806038094852 327.51629143246527 165.07150423629582
229.09395049850485 326.71275021513225 173.56904201502869
238.87926257429112 329.2171408674895 177.58756158244742
232.12082183599458 328.9982450897376 177.33402985438713
238.14530144542866 325.2574052462796 174.64393399924765
231.3587336477604 329.6233871336715 173.50500809279816
238.01455338552174 328.7638290103383 167.24064155486826
242.36296149012284 336.79690115956646 163.19557195978157
249.40353388041603 333.0869856394014 154.58985749586557
247.2917318560085 342.88900044759663 155.79942367442513
244.19394770486966 351.8689836620448 154.13280439698795
249.96134339563488 356.11411175781046 150.78414419175405
245.75941478584812 348.71766260275837 148.51196775559248
243.08507527185057 352.27034678512365 143.83238000476274
233.16621788614844 352.5056987705237 135.00757662455507
240.90734189292925 358.2492889927321 133.70953781422668
235.47618050026676 349.84716551698665 134.43876592549262
238.6776409015321 340.44027344046145 129.12340967818582
246.33056810041 344.67641005676796 129.6711346964444
242.9981447023953 348.03373585396037 132.97833000422614
241.08128873034636 348.844527909773 134.33198400106912
233.24877412003522 351.33605244818773 137.50846455814505
240.90749016146515 350.9452693619244 146.3284188762023
239.3084829824466 357.0373847435377 154.9838986344884
242.87822959060983 354.8279923419836 156.56147403623524
247.4365412944838 348.3408817061503 146.90035544369297
251.58745280450347 353.6438012221562 140.28022024554824
254.46228195099988 362.6529374151619 141.1751116690189
255.1819351733851 368.08026837731035 141.1336958769611
264.60491674843297 358.3252294417825 138.4259291662472
271.9769917350428 365.371318611837 129.6939160048353
263.0031028139532 358.10934108500453 123.1938920526309
266.9977104549458 361.58220932253556 128.85582122043039
259.68952161490756 364.45215680123994 130.92448002037455
250.52789876055297 356.2252604274251 131.2976677663988
253.72431338444622 357.210432901594 140.17582939368813
253.7079535963008 366.998934426039 148.16827378523752
253.55059819988887 365.62266761780563 151.3953026092978
249.002183019441 375.1779783652323 158.85192693784975
249.35228090765392 367.335504227739 149.01418938386462
257.2065534515713 371.53960965731915 157.5751209183945
258.9028207208401 366.8200212762527 161.29434796696356
267.82984469406745 369.9503665977958 158.87707168233862
257.9082441857838 378.8141989506794 151.19962408611167
253.62346270173984 370.78266194315665 142.63501547724314
243.85133712905815 370.95058586121684 149.56860258342437
236.15101437142158 373.7970744343386 148.35838282356838
231.4835343643304 379.0048524077704 144.15893950456143
229.00625034840763 373.442682569373 153.05256096613064
237.22736540133124 379.3342607879524 149.3114511733959
241.62952238878228 385.2592383736956 140.7664742934952
243.76680607383057 390.303779291782 145.07670878892696
235.83566912056278 392.7909310492776 145.06280544459037
244.26504590318194 400.3099326649573 146.9932948648562
249.487483064615 392.50054501431816 139.87923061114756
250.04734818328524 389.28386587954805 141.62880113090728
258.46191233489947 379.96602354467586 151.49179314865734
266.57397983472913 372.29977837853 160.6413084223735
270.24612603841274 366.83679205118636 158.04244562138004
274.17569358109563 357.67737908763746 155.06028661611066
274.1494333855132 354.2408684539907 156.28588766487184
280.79761633465756 357.30788315206127 164.5071860415392
289.10524900602536 366.97798424332586 164.75475127255686
295.0379244716397 376.2099629750734 174.0238941425047
296.05959665616 372.73984533717163 176.3790797482564
291.6013291153893 368.16066873442975 175.0131627763374
299.38133265053506 371.8309913345011 167.50918541659192
294.85866146838396 373.74195088013477 166.3621680441249
302.61759328759734 371.7834732509371 158.41012281246472
294.1872654830912 366.24679454905794 159.89602835559523
292.20503760656294 369.14007081557077 159.83736885322506
301.51604766700086 371.08126591652524 169.68765537785717
298.6388487995379 378.7383370082932 162.94871537537725
306.65073057891243 376.3191301698635 166.07427765680708
314.7782401065307 382.44415124379526 167.2916304969041
321.43695413788 390.0965994124588 170.0940628426296
329.54535990024806 399.80731771109953 171.99361751493225
332.22101396897017 409.4889318053638 181.19971303540132
329.12612051157924 418.7850432652479 176.5444442412661
322.5193248918967 417.41332022199424 171.36268230721618
332.27352016570296 425.92012382824976 171.51510103986766
338.5516721576042 433.9550575885527 172.68502738030145
345.3509937770067 441.0155191657516 179.3687325246748
336.35106860397065 431.8498010956255 174.8648989220919
339.68671848937475 423.3681852592707 180.1356209780586
333.18512599642384 414.0168589812595 181.40489650510176
323.7084764441828 417.11992113583557 190.1202336576682
317.2116195390238 414.47789990370956 184.15564909445607
309.30816090730764 419.49172022016296 185.67082670574376
304.95545159349075 426.90760613519365 192.24291899900342
298.20019821919556 421.70689735936406 192.92685120036316
296.34841205336846 423.84363604914364 199.9341797866801
302.6985048806286 424.9150905357882 206.096615998215
310.8658876115255 431.79865970437294 196.65801301217084
304.4139650557123 441.46342136562095 200.8548385400085
297.68397012766667 444.3732636144568 195.2532810551631
306.0370442441827 441.75712096626324 205.20310733262025
304.5427455470365 438.48069717586225 214.69776820626703
297.30862179540986 433.7944993868493 209.3480728177521
290.76293314685114 443.13211274306656 216.6946671453327
286.0653307484595 446.40807217568573 226.00139947521023
288.8534248996635 454.5641590597027 235.09797600740444
287.3366193273256 458.13772178023726 229.38177659014272
282.18401046839375 451.1875341176908 229.25801292785548
277.0223740369561 458.13444196554417 221.98280346963082
286.8089023055113 453.8939301053022 230.1125351436005
284.7430241279132 456.89438743591626 229.02061043979364
288.9018872907798 454.8112104789536 230.00752278607763
294.4990568710885 448.8786348638768 224.40123118674782
290.1819029408125 452.33956508242306 220.94707761906895
299.4141427766059 450.0676799214537 217.10074083010994
293.6524895535553 444.28683983342245 223.58602023490732
290.9152151761998 447.0569476129398 229.2774465060533
281.71818140278987 452.8227065982206 226.2793786420457
280.2762489268095 458.5584249239727 229.84009942415958
282.622378812397 459.83609614970123 220.02385261677753
274.3777211878789 454.81080098389094 213.5897789282747
283.6585121309037 460.2217035287536 215.7787784357068
285.3768688932706 457.3195038045173 214.52465604851116
288.4170086323108 448.78860104209815 223.2815149736322
288.5981008429738 454.83672862713024 225.1867728703103
281.0319466210488 456.52800555669114 233.34199360257733
278.17153703218133 448.0587978559808 243.29496140380533
269.3298330299735 451.8097056132286 240.59108812944862
276.64603351109895 454.95785417006664 235.0070790943706
282.31934478407254 449.3712180684237 241.35335085974657
273.4675419959478 447.84349596487493 238.2003104863825
277.41622638412724 452.2583273947214 241.91105639880544
285.4460270636989 462.1457700123423 237.5995553971483
294.9095441503643 466.99116409361585 235.65239835253925
288.20086975796346 466.83266004903766 230.14819977074404
285.10925831246306 457.27415654129356 231.4617969997844
276.33655365910346 449.0435567347524 221.63937386647694
271.55528002461705 446.9919806516167 217.7107160117016
266.6948871887304 444.43337839322777 216.51190647293797
262.87977678269135 439.3097491576187 207.45862897639316
270.21871105236795 446.68871830610726 214.77036086931147
270.96547675359676 453.0917324434657 215.76313871079955
279.057517164018 455.72764927952403 223.30275206140425
274.04317168911973 451.13620196678545 230.2811255244776
279.7373881026205 452.8734926342722 236.92834060786373
287.71298694458034 450.0972678821075 244.2456488816664
282.09447099262593 449.53564684558376 241.98977071368822
286.60173618776486 439.981457438334 241.42589181801057
278.7442562758765 443.600758270502 242.43014362632275
277.8185953198003 434.69046686933194 251.06659193449775
274.70191317521005 432.8221199690441 249.09295688937837
279.43389744931585 434.97340754510043 255.3875214623937
277.75238228663784 444.95006322717757 256.5422560878648
279.17661629087627 441.5498883434362 250.4343723077907
274.1387505900896 442.6956489640187 250.3508223358421
270.7144686248142 442.9794792505652 248.08786734571902
265.7822106635287 440.2408549151003 254.59303232341242
273.73945067976985 442.46160939966484 252.6368169081974
266.60572689658375 448.2386746149272 250.32555768769535
272.8597532662056 446.21635205365885 242.86519305450187
268.36456164393456 437.4289758401517 241.0701047111683
269.0824447456737 432.8116246431289 232.3287104611214
271.68149018598416 430.3443831656883 232.97232361962543
263.54464359955364 434.9401607164349 231.04523241182574
263.8206413310929 433.3318701804036 228.39715591652228
269.4247863177701 441.8880319285724 224.3683761171244
259.74741871473117 433.8400493034679 227.66762954892698
254.76938874947447 432.41541440968956 236.40778744279316
255.46617614869265 434.01757672431154 235.2429643307308
252.67740239447807 438.0678325873521 228.53901266406592
248.54500675619167 441.4160412587834 220.24660438559496
238.96637876877784 448.41428492646344 226.46609829023544
248.05357226401128 446.6091787045132 231.76729120482364
256.2506532320895 443.9287295313566 236.2494150328826
249.33867600549974 439.2490192167609 231.29827856746508
255.77860799749885 444.2219889629354 240.68905559167047
265.54617442312207 449.6883490784985 241.37316107301433
260.37434196346896 455.97599569626647 234.77201040332454
257.5482472412432 456.9535157723753 243.15749845983035
266.4845886191781 449.67198610019665 244.11048320266767
269.73177201446765 454.1823853565782 247.21534322761735
265.6920520440617 449.1939898375997 244.41513558688817
257.85171857658156 440.259129967869 249.13915978749372
263.19605768594005 434.036790748207 246.17608155683646
262.56535748990336 424.248150707893 248.4695465222915
258.838809552303 420.5679727974503 243.80515569644643
256.2455918816661 428.7764608672758 246.39884569992572
260.68840807393974 429.58985630169207 251.95624291511803
255.9277731535248 436.44945626302444 248.92479308109193
261.5398508234995 436.6347324447142 254.84398644145918
258.5512822277928 440.6649196787821 250.39641304292488
266.11229061505975 448.3189227018786 259.9181604754174
269.9601564922856 445.1921328291014 251.92967408548645
265.22802217824795 450.8104096142031 251.5561865143178
268.9354675690379 460.27740322029024 249.62102644208778
275.77179033550624 458.4010211634394 257.3483259237546
282.56237922850715 464.1414926594028 250.31091633918118
292.5482320583474 468.6012771507029 255.95236091045547
291.3116573448846 466.8189698528902 263.42539270720846
296.4577686999023 473.00398259871133 263.66796424341584
287.3712737651756 468.6599757082394 260.18073613801823
284.7014421884382 463.55474834565973 253.50770034561597
282.4977372400367 456.32227874976644 251.13463907198627
273.8236482499746 462.32879311285683 252.614317838455
280.14062824984285 454.9780059010036 251.11724310562784
285.21955721111686 446.36757711304 246.08899974705128
280.865015788357 436.99704399058726 245.72546149594444
289.0009420122944 436.07294342347177 241.70135248701567
288.0238388086414 434.76759524813804 232.78097091573028
287.0140247262412 441.865836610445 237.92362387067234
289.0761920320355 451.08014945794974 227.92388783424346
281.55770967877817 454.6865996860421 234.68361619406235
274.8355783317192 455.379783924666 225.52658142486402
269.53048562149826 452.44405007756575 228.10179498335265
266.84506046620805 442.54897364271744 231.6831734441422
257.7312918468379 440.1074879894488 237.06706056398983
253.7544280934862 436.62417620536064 231.37846707285436
244.73003290165622 440.8313452745192 232.7721655500227
254.0004500317139 447.7486061106209 230.2173123828672
258.6084230553158 440.2630329402574 235.25298272253184
265.6222290089931 449.3803657148463 228.67088910014468
260.30203301688863 447.29037691542425 235.84649596022052
257.3697699560693 440.9680855146972 240.84605488935009
265.3913111236958 445.67655724991073 236.71674511147683
257.4829265236988 439.51396626117577 242.5544785307859
260.96398157670643 438.0199642951987 247.25098162048346
257.86538504905786 441.5663662428894 239.71596182523336
267.70926324819544 439.9141641085901 239.85028572578017
269.2364291673572 440.2912660601858 238.60217807794706
265.2060797900045 433.3715826276684 229.7929387755291
255.2474220244098 430.36400648975507 228.28720367334097
264.016502157221 438.3909201759734 222.55770579191446
264.72612599056094 443.1036433903379 216.73461770415904
262.08323121638267 450.8912887397945 221.57801570743692
262.8661100015298 447.96495030794773 227.9036008291702
260.15546190217435 454.79603833486226 223.69407546225895
262.8162672401351 449.8246724370593 218.58139013312416
257.0131232348212 450.6357669634153 208.69593704293226
249.52568795894587 458.7312980395744 198.97142225581962
241.21189704328305 468.074678596678 207.85087402361276
249.55319675340414 461.81761243431646 214.66954690407366
258.16066989063626 453.28030982435894 217.34699296234564
248.85111296425075 448.5478527872082 221.32498501230182
248.75885067217382 445.12725794923296 226.4240443074629
238.90173990905774 446.1654486564861 229.86146165762872
239.41221806365948 446.7977598906367 238.16988306643955
243.12154814092366 448.9372681820088 242.72483156032206
251.88179023207317 443.07417776954435 233.5633220123352
249.40296187171506 452.64289062362093 232.2605306122124
242.7941166370151 445.7460670040598 240.30749596984901
238.56550658683437 445.00761552293693 242.60120902617817
234.6824920814493 437.0857852394008 237.67216811195962
233.72776778864798 437.7570636950031 242.5960452792477
235.0519866638998 431.3178727506825 232.75959573014438
231.04567822424428 440.11433926955146 230.55542232340784
223.40917768372958 447.32856266093614 238.36033210079663
215.66246060825193 455.11965666997054 235.5412258877618
217.81941427214963 463.61933667866134 243.36114757638387
210.27801510178912 457.48401569404103 246.17667618348634
212.87460190291554 452.5628464491031 250.71242730792818
210.07117247882 445.94255999458517 244.72548430346987
209.38237652374522 452.23643418675243 254.53894735815237
210.35882485921303 456.5883671477185 254.86441240441786
214.98948507186583 460.4841105034622 255.39927465706918
207.27406565060213 468.7977667774753 254.4665884634886
207.16616899469963 465.52163292816107 246.30266160238332
208.13651073828547 466.6638258782936 248.42152404754808
205.65442922051355 461.176643130303 253.4659473168894
208.79982872734755 467.73895654038853 256.217861521493
203.8225968879029 463.8269745223129 247.35406108027522
199.19391744730348 456.5866924610498 240.2614363701318
200.9396947171891 457.6776522764691 237.79834630942796
204.56141501586114 447.71909254214273 246.03881543373404
200.39625067963783 451.99181579280486 246.29898280436544
205.84682795020757 446.95744330863636 241.97331508245648
205.78408031615376 454.4977382622185 251.50144846058487
198.89597252564715 451.9921190519697 245.85986290429838
201.91902988948758 447.0002899169594 237.28442654668063
197.08055987703545 438.00089972092536 239.7554428110022
192.5097049323231 430.0511948256677 246.5055979889655
197.04113784428014 429.8165346638033 243.4073595360242
190.92778574295582 438.64027109400615 250.91829803039204
188.5480343490723 430.8997588606436 245.74800279243155
188.80337144737192 427.84640763284517 254.0338129290203
184.0100709177041 421.9280712040469 263.6813080756439
178.2563151612791 426.37711367649047 272.31034295473097
172.6003643023327 432.9901131408941 270.02507452762137
171.3992016176419 427.89486367443 264.4324306884998
164.3840681038501 418.02124912897204 259.75214239932376
172.57647531800194 426.8720336864967 251.74884928498
171.25661925307602 428.9219157925271 252.53452897909744
169.23894637501624 419.27242848476965 253.21075289633396
166.83576090155248 423.6304602048312 254.60943976402024
163.62320032824599 420.2504393595963 249.6910652110527
169.1363754091392 414.10300005483543 240.63362272566752
160.4385407068618 404.1114460752762 242.20012489599944
155.9729916280475 405.9954294946079 232.52642556875492
157.84715964174424 404.94233490270784 239.6824452618652
154.73644129558508 414.8848163357207 246.40880336553994
154.8786547697263 410.36570500443867 254.2573154543874
148.52603575515616 408.655975925868 251.3766853552396
145.86183046305356 402.6918273427779 242.49090437546462
147.19974883091191 412.4184114180844 240.2461095594411
142.18967436993486 420.0119633016348 245.0076909851112
147.6173281058481 428.02344437691005 247.81266637669398
154.17246633413623 425.09239660020427 244.68985759242545
149.30066111244247 432.36877155965806 251.28649682818843
158.96547520643674 438.5160233077621 261.0051252874583
159.16549452280867 431.56720704366506 260.99087231760143
150.65226420338342 431.6339745866554 255.359214017542
143.55219623241874 426.1313552970577 258.30053171298675
153.50118802741247 420.83510258243274 252.9586205027392
156.15240512153264 415.192867758018 244.6112426594278
147.2712916368216 422.7924406437987 245.09547535710743
147.47723245648893 432.1339657891693 250.81381904662655
138.23604345421333 429.0616324585538 244.54968106974565
147.69932677295432 421.2894705559545 252.19944200789325
154.2801017785266 428.18736458166643 260.00160568474297
155.47630177179835 435.1418547733123 264.94474235494164
161.39425564279054 443.29170426578696 264.22858933860675
151.7269226380889 443.384999339933 254.62270012208296
149.84893366239297 440.12507417058936 258.00396666358796
152.0041583158561 435.2515042395723 265.0392182192097
142.4840553919627 441.1364520155919 257.1151505087679
139.4712070181057 441.9047436374475 254.21811163082776
135.0730652653078 440.12316076538167 251.10325162556506
136.88968711711465 439.017368797374 256.158452524695
144.76387381419292 438.31647172357395 252.91983445737864
152.53448254004155 436.12389079700176 259.1663779807668
162.51258261430905 430.6381467215033 262.30973915871715
168.6569454222559 422.96605366101096 255.05549227635
170.88968321037893 415.5048440523448 256.6410057991275
166.84748313389218 406.30733395767385 256.02120501417204
157.2861890578014 398.49197554042604 260.6008800521846
155.4521888754735 407.7476011582555 267.99737530885284
162.0016586870775 398.43231191119634 263.58647509895223
159.03215140141495 392.2712545735873 265.3152299140006
158.49705695065566 392.014496805524 270.4750636711189
155.60458287957252 398.9053435485405 262.45574336987556
162.19011247523767 395.04756765148664 259.1507966729656
169.08064166627275 389.18211662162537 261.8823085476393
160.6558101357528 381.7774869697349 257.7690501414567
166.04280229803146 383.5700763546111 250.7058886038055
160.0151648014263 375.1602340154689 259.7255551058508
156.1906938233247 376.9745296760335 250.31299837955987
151.39620500898215 372.5673852521836 252.7104938091827
150.62967652487728 377.4182257320513 252.91387306797105
158.60612665516905 375.8196900479161 252.2624877220966
163.09440498563112 366.5520234355862 252.81596640046052
168.0189089694328 363.5456561461311 243.45278832294107
176.726073385762 371.8522349131706 246.13747756933907
176.35216375738693 372.48630166746585 244.76409874548943
179.2587579694597 367.34600011747364 248.87561987417726
184.29730474727535 363.5095134835389 243.9291940697187
188.96079895695814 360.80353441376343 241.62746071935192
186.17555335734542 354.56943861750665 238.39101495194794
189.36955612964542 355.36868205103445 233.96158182738594
193.55527015243675 358.1867476387409 232.93927319600778
186.09440980659204 351.7328967693123 239.98253585558103
192.4373160353071 357.02143260238614 238.5202318302191
197.4364989105606 350.70939439224605 244.51910528466442
202.5476156233742 342.00655508690045 236.4390893472743
198.06918963092053 335.19731311714725 245.12741080609365
192.5618039491674 340.58207474378906 242.81193899149366
190.7775887539186 339.6207531424856 243.52945709518193
198.89348526954817 345.9726377002562 235.30245855903414
202.72171303757526 352.97062745343646 228.62153009324635
204.431967137048 346.1615672280407 221.10282392616423
206.82103866309032 352.6812852988243 225.25618621296402
207.497345243227 353.34109646062683 227.54779332915226
207.25931802286806 360.7875741282349 218.61010036883442
207.39794588062912 370.14198615428904 216.63264951831468
214.20149334728848 360.7597410082535 219.1713088720991
222.5712934707978 368.4372791988593 212.91446354580995
223.4346633286104 363.1625985079904 209.59989099627637
230.68313683971002 359.5147055392926 203.6497782112619
226.87451840890236 364.20804627195616 194.29439138037225
223.05633773409522 358.17627740063995 187.7966689808622
223.85423293570804 366.9266586204429 185.93816298618304
220.0284165911569 362.52396019701104 180.25552112971164
216.67429158361074 364.788042968724 186.80434449952838
219.5271737512003 367.24649443695074 184.41854376265672
223.23071416934636 361.5859928409998 177.5053549268714
216.26040935569827 351.74316860241174 184.58740330593002
212.2439465175169 343.81093275299276 189.26819386370244
207.13084657055322 350.0128031717054 187.28278854866082
197.96682006314896 349.5152913637043 190.81112911576963
204.58623238262882 350.0961007885313 187.4902764925257
197.8817908561558 359.48100233767383 190.31643657637426
207.37187731155583 354.1892859310356 196.50323409340038
215.77407089277165 344.1949575563146 189.77065074058387
223.95434380225717 349.3263765190755 194.73688744649954
230.630815836843 359.2636464443934 190.41336503871764
232.32667116355404 368.0307684577439 197.71035372851978
237.82891723289208 358.3162172401963 205.10740540169488
238.81264871415306 355.0521614069054 199.80299932783814
243.591728389564 359.52985030153457 199.32779000893262
244.15884665556212 366.4963884592656 195.0292366410634
237.4157719120532 364.1189860492367 186.35338914041446
228.14098124852535 354.48728198167004 185.4284966541218
222.1682832226262 356.2814917069097 183.20019861897586
231.1821859391763 354.9727348653552 179.22817901359292
227.95122737025233 350.7396881695831 176.06526872789587
223.01745140850198 342.9671928282436 185.97033119140022
219.09687176990036 342.01610203569373 180.00259478991595
226.28010376745792 344.88982354185225 187.86613484490937
222.34025340053591 342.94743146574933 186.40706435926353
229.295789500556 333.9921233886678 182.88094130617654
235.7178658360963 326.1399661917532 181.27246895159928
227.33574432334797 324.1540948122464 174.61932536510912
226.72814929582592 323.566896539099 178.38823680327005
218.96745280584702 317.10936007383583 178.45001451781155
223.42200654437457 326.22659272455434 181.49425506971735
222.42972461513392 335.6228560626554 180.94638672085713
224.93165008761667 332.25178543537913 185.78056136653694
216.67641571285355 337.1559903635604 178.8237227789757
222.22978252387352 340.14112525057385 177.65757999803404
226.07554555031507 332.8187106941295 176.19301181952395
233.39570659218361 338.1671101366828 171.95729471300317
230.01804348074984 330.32595440742926 173.48110350143267
237.43345125169333 331.6946254483717 175.72971726475902
228.47232501784123 329.98858289271294 170.85230762147262
223.46061527002712 334.4376278793941 164.66871436485377
226.0533719937966 325.0542006795067 167.0763409384134
226.69444517160056 334.9344487433057 157.1119905371666
225.12858216559823 325.7106121666722 156.9081488632841
217.2737467193569 322.6653714880504 157.04468249287245
222.13875185652017 322.69302887187337 158.53879249119666
232.06516070025253 313.7699142110639 161.82809781043
240.37497506682166 315.35254156199005 171.0292038781394
232.00453989146672 320.420054142959 172.96655137600035
228.46335038039402 322.10779430390437 169.53762858132683
222.86146831534984 331.3696078175341 175.15411816549116
228.51253499667604 326.77828827315136 169.74929160156256
237.80973973029836 331.8906180635269 173.61737288416566
231.4121139398451 331.0394088601683 178.94417671284896
237.20866832092193 321.0705773214398 177.10814172356757
236.04730239300798 315.15629705864933 168.5777216666818
238.1838332515511 321.73478270820794 162.66227722778243
232.18355157734098 329.56998022090505 164.31191373587853
230.01042793050317 325.98657473593136 157.48388771543188
237.54803152653074 324.63713108734635 157.03229776068403
241.8978496341925 319.18531932927084 150.51640513213187
235.03248137535826 314.4646028979893 153.12990499235303
237.78484190277138 311.1525975061958 143.46528396441602
228.69054738811073 301.46681010993416 151.80533813462523
229.8561880435678 297.04695625900564 150.92953049121803
222.92541274542924 306.1913881043789 150.3507782048081
223.19519036406035 297.37336792533347 158.1943594787764
214.35648251136217 296.4382403120221 164.38907839658836
207.48713651119095 300.0581402848508 167.41120727825674
210.56810304702014 301.49228858033223 168.70334258562843
201.17368746910495 304.744025856943 168.0556817673367
204.32542810359726 314.72500488917416 165.60042112721632
213.9106508788569 306.40328866948676 163.12472306185768
206.52770703460536 300.39892156835134 168.02295614013298
208.2029851795135 291.5503872357391 173.31374342236987
206.6407835979547 296.73817083364054 170.85114635040122
203.79040697102792 304.0220769826195 167.18122322969538
203.84368173566943 299.84497142086565 162.2171541753444
197.4958185109136 300.26661720388057 153.12840202057288
200.6372558437648 295.47094178478073 147.05556768439112
208.55960582369687 291.65946789799193 148.93447425642287
199.42469690133498 285.49109904175083 158.59501889742535
189.8157448240143 283.4918849889641 152.88314123690583
197.766449758314 285.7616877293226 154.82765782551292
196.1523747285252 286.4068145073131 153.43351406995936
195.01341945737954 280.2399027297401 154.37157062075607
204.1615527631931 270.958760165677 156.85793921058382
198.76116346499018 261.0025672082568 160.5347375239971
196.81483543731255 265.25561995421543 168.53034670199065
188.21236286237342 262.1782776039911 169.0155888673187
195.43370988129624 267.51391942490636 175.12081834915023
197.87757305081257 272.67212674689955 180.5328165268098
199.4965212514514 279.3599845791272 174.82007217797994
208.86506484488677 275.9454901441617 184.80075341613113
199.20410248594507 269.18326981253745 176.00066215785458
203.44437437528367 268.5281905336007 175.58613013196174
204.0923409412799 277.0050808064609 183.34777653878746
210.2489038562711 286.40528011295726 182.01475671527166
212.83500683437106 277.27426558041327 173.10487109849277
208.85507382244464 276.3279732243449 176.66446836780005
211.4792190220965 278.0670879635882 175.70935072942322
209.5259881934484 273.410015679698 183.72902678639232
206.52717824816204 277.8503333484891 181.848387841416
211.43216082168956 269.60058510386375 172.92156235193772
213.68751716953813 271.0431153309733 174.9744310094829
218.60672311900754 280.48628095351114 184.94285866784514
220.44566269627373 282.8984594258485 181.15733169790047
212.73918658011337 279.7628558249541 187.86580901093592
216.2685148647788 278.35242532393494 180.58884292060154
220.1257624154139 274.9952542209668 179.65864590566852
221.36409882670543 266.7645713736543 172.85037289700776
220.27807481335176 266.33095297620144 172.29805997838127
226.1973881356965 256.85084890773567 169.43882194443682
230.22567002887612 250.75306025184224 171.27808027347143
222.71162146952355 259.6766162993818 164.82248803977785
224.75091222978227 256.129558933757 159.786747812967
217.98114564005317 260.04078137848995 150.62859377282197
222.74621695369026 257.88320625876975 146.8148331281319
221.5936127427345 255.51590927775047 145.36531103881106
217.52533038090928 262.05725700022816 148.6927457607788
217.87971253191807 255.5944455840998 144.96973860344968
225.18578762231004 252.35920300560943 148.7360730539131
223.9199593889032 254.16660377735133 145.4858665590045
215.29641470416286 245.13940039176268 139.01208248957565
215.60205653657164 235.67415347780542 135.89437923355823
205.9690045443014 240.1954795731396 140.68716568452533
201.16090046440695 249.5549656746895 139.0167555264263
205.56287968730703 259.4334438561834 146.7135270044776
210.96541756001787 258.17584463957223 138.784966371972
214.34077046624367 251.9107614019404 130.76442681821334
211.5102455669426 260.35941002892577 138.13289577828007
201.68989890729074 250.7223577767341 147.6243760392126
198.09265836420795 260.03273922238856 152.5066099368816
189.1439409502746 268.57578379565865 143.0749601251617
194.36512470257 275.42783223789525 142.22356900485818
185.02823342489245 268.35383917044214 144.23840417514225
190.26130826277324 275.7171582576767 143.77048070938932
183.69666794845244 277.76621418741144 135.99536035839233
186.879846943355 280.9744800841419 145.96480503143013
192.96770563877104 286.15614832308745 136.3620723543545
197.54166412140043 287.8005102564699 126.49238017593642
188.09265500730743 292.6478802781102 122.19548367044206
192.39920917171807 297.0246146628307 119.46031827129056
194.6147820398582 293.6017255675772 111.85089985818911
201.12347942586933 287.7095248322446 114.53922891622364
194.64803882519692 283.1636705155169 121.19430931561222
185.1606655377536 290.07204360477317 116.5417918712901
185.6841467989291 283.190011982949 120.54831708666796
176.28906923715317 287.21620141424637 118.03927648536452
177.8736882592209 290.1873484090627 124.7962565294188
177.75175308861535 291.96053807244516 115.34028515055222
179.7745493439333 293.82362911051933 107.14305187648735
181.4521356633378 286.21140298255796 111.63943953700849
174.12897738897118 279.42561715259944 117.74540508210032
177.72438190316169 280.61137643249623 124.47904817077958
179.04484518994093 290.48499969786405 117.09675168614534
176.73445176586296 296.3241162595058 110.91747428718246
170.4394854523934 305.55870266852054 119.49968908219681
170.4613796085655 305.1398577761561 119.3136245766163
175.24700491289863 315.0415609430056 115.16763228651537
179.35186820915658 307.71652018802587 122.13728418669555
175.7339769713703 308.33909642729293 129.2309073651046
176.7508845418151 302.99359635168577 120.54070671340511
170.04563833167558 306.04111091026124 115.86845865372344
164.48988360365718 300.8213572974656 107.53966822981178
156.85121556642844 292.37124214957015 111.20401405136894
153.42323026234521 299.45749140820305 105.10035745792725
145.41816275756096 295.16622073528265 105.68483527576824
154.11388541195555 298.931584433434 97.12933126974109
162.25817145022972 291.73636740762896 106.02398368279356
165.58638340904358 293.9509703477192 104.72178872364256
159.12246999774607 301.90432436152076 97.20102484072392
156.53136304680507 298.0500906550629 99.11196462109598
161.15538307220774 302.16276373262775 103.47076505841426
159.80576653311678 294.51176172003807 100.92007393946609
155.25791227516618 300.2402797983527 106.82550069007435
161.47987208255546 291.3937137312406 98.97121712314623
152.91734599648115 294.3811402001244 106.34436940267719
157.45174811835392 298.87593035134324 102.60019780688786
165.71999593121404 289.9473771400922 105.78647160401682
170.3242376711773 298.2560638732412 100.64973902004412
160.91535977307217 302.9505573262599 97.89032428207663
165.56555967713453 305.8681401078982 101.8540963106355
170.4155499557325 299.8168778816959 111.32361709345047
176.34538867230978 308.95558636032416 104.58695888363256
182.92856959036982 312.885208780929 101.26656109910456
182.832292265633 311.28079069443487 101.30316670651162
186.3161223851807 303.2472536103543 105.04344607281243
185.10322692519858 301.61630894914447 95.80903127058559
186.85779611506277 305.94111758213575 88.10462917364995
190.89520534935724 307.0152492897153 81.631056008444
200.24817585525994 301.14590025581646 72.05741548443156
209.71358772073216 294.1872501905994 72.48152652457067
208.03454653557495 298.8884074087066 75.63948026403443
198.3761138764313 308.2128173130871 71.26740825368721
195.56827789330669 315.2013023030498 67.55276014379345
191.18285380883336 322.9730502808065 71.39562942691282
186.93973988355899 313.05252396906195 74.36427678646285
195.17208109073889 308.5456976319008 66.08691846363419
199.9518132916737 300.2064860373931 68.8446562083506
198.89197830028786 298.5345140101006 65.48354435024996
193.11247138756485 295.2503254722886 61.70811157990138
196.31603973852688 291.74621037992966 68.88305965110347
203.66406266891872 295.8038295472838 75.71294527165236
204.87442881058772 295.2825076190596 72.64402980083331
199.75178190155447 293.7885333818763 67.89585641705582
203.13210089530332 300.61552068488186 75.29182327172384
194.9975265581918 295.93568455356365 65.97342228325715
200.95567580676996 288.61873546540716 63.31067704391606
207.40361496903822 298.1659764282373 57.1188977471541
216.85083632970876 301.44351741693026 56.57379181756666
216.7067860228165 293.82430789136015 57.948582543827115
224.92928743542052 286.8248885831687 60.03592702320137
218.31381184719422 294.3224086141605 61.46911981530702
221.75287149759473 297.1803821106326 66.08373506171523
216.5248780367655 307.0741107223027 60.21758651620223
226.39757514282186 304.79811111811733 61.84570649092557
229.8098198941822 314.5854868953147 63.54346360655992
234.56343748981323 319.3366679875541 55.88260514113654
224.81665561646582 329.06954746103065 57.4879946156064
226.4957558374747 324.39387391296435 64.121514387657
229.66989194592415 316.75001472334185 55.36453121764421
239.52937227496483 318.4340238594775 53.06675913619525
244.8348263341337 324.2595874753969 54.120697548196546
250.4806367872896 317.5332872078496 53.83424550877942
255.1171407194545 324.523604901732 61.63694729983621
258.50984883182747 332.56096593011364 67.5815859318934
254.11038489795908 330.9701200693513 67.72545473074385
244.33500802901773 340.48275114129075 62.72664340011174
250.668237907056 341.46426518858954 59.67110757812837
241.45835969250106 342.9682228920028 68.23309557585883
237.38204494229103 340.0983411157312 68.35417941407695
232.30427767776987 333.6148106834316 77.95467627614424
227.75000114467645 325.5064379700392 86.62246910785754
226.62529513658245 323.05070483948816 89.82952227790773
223.91266080107403 319.26021072341706 91.28225602396837
226.92058582531072 326.98994013035366 101.18497280013425
226.93095839267818 335.30368752243373 99.09634699730009
223.06714399120642 340.44928313905297 100.20553507869668
226.57574734831792 330.6178337311673 92.83596365781709
222.03093418334856 333.15520445549595 102.29417472963969
216.32899488484688 340.1740943891893 107.48745353710068
210.23452609673492 331.98460429027125 109.59217030716452
219.8751115184607 339.54671910673864 100.39386391426098
222.6189874502865 342.89943336906725 107.34446717525746
215.52294501989792 334.77614318858895 109.76203070971545
220.69268282202316 329.1898192675061 111.54752016541335
212.85249505151856 322.4697166949469 102.51737509766308
205.02713856148674 327.83004634808054 99.6805211951405
205.25385806506634 331.99062961897346 93.01048603675866
206.13329836104333 338.62330182235905 84.40365479242598
204.2393247615909 348.11592464835286 85.73706066433809
198.11370972931098 343.4400423902248 91.00617298387941
202.19492833451642 353.09335287777714 91.55738624282252
210.49601165054017 358.14345766770685 81.78931069624412
210.83083288800682 351.41233497534205 74.27149738956338
216.3922714142305 360.3214193578578 69.51288964256776
225.51440433355378 369.45222759463206 69.58444526304578
219.1346137371356 378.0565474051726 60.102952734532465
212.76620324379235 381.3280937660749 69.53546740474918
208.1051109091531 381.63121774231973 63.09059564091185
202.21545168257637 388.1931606567029 67.53868127178835
200.33516596737275 388.53878046618803 68.99179278286783
201.07469946814015 380.5917487849178 63.71199560416022
207.68842414603648 380.47996013578967 68.8893271503991
206.2097415859845 376.26580005699947 71.97315607339684
215.96263997173585 377.23257688051166 69.03215358155313
212.37142812354833 372.82922139559275 71.1389677450267
207.25798094040863 379.57515846473655 62.411003011731225
200.7086034026893 375.34622811411526 59.370411988398224
191.74668720671303 382.87257772008087 51.56277327655095
185.08426224849788 382.65466320724653 55.44461553989325
185.45097861046614 373.9004667925061 61.22648782986839
182.71772813838757 365.7009147931325 61.94471115314886
181.13846344630005 372.3970872164279 52.429577969884086
177.5933509805593 374.4238275209441 55.09343712088361
183.13621954128263 372.75029092308364 49.67451785198027
190.27533846431945 379.6477396492474 59.41320945612011
194.7886129869948 387.9403363264134 68.450223366435
189.2803763718134 388.6340854702008 61.19426175511049
182.00938894345768 385.8025573135125 69.90339695068806
182.34509464957446 387.492314896326 68.72004582967084
176.20588055823615 387.5090786416516 73.06106454776922
182.58958897280652 378.2640413215489 82.74276973155318
188.1740380977629 375.9868038333955 83.82551390382075
187.4442966910337 384.72836575184766 89.08259995880142
187.01029020662168 376.5445257451658 90.65744442613642
178.89192135177754 385.9654689486426 96.75273108116012
169.4888866149839 391.55307127988056 94.29416149997118
174.97435282284633 399.43504842812325 98.40511023956925
172.03034140977596 390.5420083972472 105.03495355021913
168.30645508042994 394.8607187314112 108.46618380658253
166.21292827249715 388.83929606371186 113.09464609118346
158.88954188354452 383.4628248555185 105.10961976246499
159.4758047479642 382.7825686259904 106.57525384928415
157.49772588007548 382.2261297202912 110.47489847746964
154.21510506696512 391.3450568063753 104.96204905588266
151.8412544039609 400.7987674373028 103.10650644324187
144.67511349434028 403.7261510377628 110.94934529871583
143.30595625071274 409.8676157436146 110.4914876838263
143.94395788801208 415.0330969994692 109.08850210605704
152.2598001683127 420.7323571724883 115.45152263718309
142.92641598234712 428.9821299220275 123.93915213393058
147.58446159465026 438.6077683786787 125.64949631957123
145.91302602399995 437.5712206275217 123.34250855663524
135.9911229175067 445.859587664513 120.71884753800478
143.65207871283297 438.4983955538664 115.11867178381037
134.71537117191252 445.55223891305775 119.64609486083464
141.95521636519288 447.5502729231819 121.75335585026708
150.9520226528668 453.24489262566027 115.32895336912914
144.8007597151198 447.7235370241401 120.47991833449504
149.99901356317747 445.75852410205005 123.78977990443711
141.3624742337253 447.7435012230455 116.50076158053139
141.36466163007398 451.3988012069342 119.76691020100921
151.31716426676027 445.90871994867064 120.21603988457562
148.92519949621504 450.1777074380364 129.84992661371314
144.35773978531142 448.30521543500333 124.07383217019863
147.78531946479933 455.5759387768183 128.47850851644824
152.2630836622812 464.8100483602879 135.36282147297655
160.63332721532123 468.0011965076939 145.19817304924547
169.55438672418126 476.6519690835765 148.28147957345098
169.5969622982216 479.1554687189935 147.7705269175404
160.85261635343767 482.55067521741097 157.50744326692444
166.9656490767321 486.8598549528104 163.72162048896763
163.69867443961687 486.4780282289165 164.10954209080472
156.73236455900064 482.0554772232553 163.3420265948819
164.55984934502993 477.6616938738912 164.14073973854522
159.3259137492398 474.5315618309828 156.29163569827008
168.4341927026209 480.96629836416963 149.58319159785546
164.42530600858373 488.67864787235357 148.01721877211773
159.77179017105573 488.1814414810077 156.589301156332
156.60775402266745 494.0761173431485 160.35291485195606
156.75783016370215 497.93138481654404 151.06316317051247
165.38997938759107 503.1139333656552 157.210825538436
169.1924389384968 496.15921143633346 150.76855997883573
165.5625778494103 489.8228967284723 157.01175291168136
161.28910482918548 493.0865823900537 164.92547632954287
171.0417604340923 494.03826592348406 156.71490704241455
163.13246070589082 502.0045519370167 161.94093409853642
166.62184503080073 501.06960677721725 152.5826030592702
176.52863989115465 505.0733655536687 149.92597744752115
177.8792068616894 495.178420148439 153.6891655054599
174.12995139154685 495.49598042237204 154.3804223960561
175.54209757244695 490.1415867459533 156.32638805007312
179.80542505521905 489.5578734489162 165.27494499952383
178.3009562918131 484.68804589624114 174.92074761041303
186.36084583529512 477.4926896092924 167.56897065006774
187.5011547985591 483.6189253158836 175.63004854259708
180.67395850289603 487.8145547761079 184.97141823088322
180.43387414055175 491.7916900006625 186.92975158661162
189.8655990026505 497.45978294142407 193.10571930159372
197.4084788131927 492.4501092646659 187.0754781681039
194.2847485500166 494.1416901356597 193.40777240899058
200.3400601108368 499.7137113016099 190.78219910212238
205.3134229752204 497.8133481095097 182.01834193392085
197.4503512136958 501.09159762728683 180.65099717109774
199.09221092436115 501.69960351142123 174.25366476924444
207.1455143017406 502.57050837760096 171.0082954575133
197.46443451746066 507.9390191312622 169.35190261069795
205.3323303021779 512.5904494980571 176.07996224720722
196.39760080630614 508.6749495416592 173.00532833511997
194.00614328427898 514.2166109875134 164.27151299452152
191.53426122741985 518.7768099547313 173.66145074514532
183.95065080541121 527.8509498104489 171.78421762191311
193.42010812038058 525.2663933353241 163.02393997020437
193.3826118666342 522.5904522194943 153.56482778007995
189.0337803106247 518.8934338500437 148.3356965329883
184.46165757396022 527.2057122267778 154.68584163145638
185.73614035326065 534.0029172440715 162.4800224609605
179.36192769357194 531.4780260696714 160.9229954214675
183.43271172844754 525.167304885769 158.17365960223628
173.43667099262342 529.5570948918307 162.8707878012224
177.11534582474545 537.0200530501834 167.97777270217603
171.95031808907837 536.8384987524535 170.93981633081935
174.01504400961642 541.7744194617262 178.49881921138777
170.59795293588496 543.1510846068932 169.3874106955559
174.17068827094522 551.2637484543591 173.64250396521575
173.76366441080043 547.7714790154556 179.0740600856091
169.26431434434537 551.7989266007152 175.82174934041865
167.50683118795945 543.3749023913097 175.61423365578514
169.03716869789685 543.2221735649329 167.88842772206067
174.22907019313368 552.3575397476529 173.31362932216854
174.44739568500486 560.3368235920008 179.25011590612536
183.7700581779206 566.4756104474402 189.0259846915393
186.8793718431809 572.3133981808713 181.15331048652274
178.29808086445593 573.4702233716221 177.12164018260037
170.18717921526846 580.4412756788571 185.76517932820187
162.83227632605525 584.029145420567 184.32673587783347
169.28771281633038 580.9786648888576 193.215443214965
173.40294896197324 588.4246150445514 198.0158487041009
180.2578033349565 588.0687886120625 202.71547286618622
179.24969381758987 578.9382605426078 207.52787519514553
185.3588518390126 579.518104078707 198.5218780926083
178.28472049201613 575.109060476782 198.86275954798666
185.1227663869723 569.4592095123643 189.23653955601634
194.35486202816733 560.6688095129888 188.2550409062285
196.06216198261393 568.3534651759875 193.09467877730378
200.14238761828378 564.0637551367266 197.2857498909942
196.98905518915976 555.8135838222722 204.1212656595051
201.60837190422396 554.5477595852257 201.20342081217257
208.45057340632616 553.1261380254487 195.75011292458487
206.07313731604964 556.2499436594159 186.63136336355612
212.18764451456295 552.794508226797 186.65013839828413
219.33476487559034 555.2199056752933 195.52408695461344
209.7385561052045 548.1124405229306 197.0180756754724
213.268472179823 555.517795754632 199.50010360699682
203.3837034315608 549.7393448817282 195.684904695079
194.83164579743192 552.9141511039887 195.71162673658762
193.12925608771405 560.945732518825 186.81820183121752
196.5022612943042 569.6270231269555 184.48394609661727
191.436315675758 575.4404480720294 189.82836462087303
187.48946810311327 575.7685704093574 198.67312518997971
189.7061397769164 573.2992874455708 208.45174004609265
180.36598785323386 575.9660443720295 199.68828317807376
181.25614679298772 584.7397347826388 189.93855285208298
188.85721402192192 583.8346178874481 182.20671876770567
182.36835554754 591.5144453328346 174.92342329508404
183.5391677398119 595.624716932097 175.26170060213428
174.57075958451426 596.1515020212205 170.05405783544987
171.00834447415764 588.5076122620485 168.35985142965458
164.0599822060377 589.8991537158829 171.60619110042728
173.7947857688423 580.9917242520485 164.59303789173214
180.45187732957461 578.2785468669528 168.92859316398628
189.91434036086488 577.0233912841695 161.71791215359445
180.72330339318486 574.7543201112582 170.36633884384
184.19056416449013 579.5848848972876 175.8808980345738
181.54984853207523 575.2981561622132 174.08913522494214
181.77509755665642 580.4603759930573 178.1213840439189
180.76264152714114 590.1063209097867 169.59102051104585
189.82074775008505 580.3984799864139 173.51995992255252
195.5583645762601 583.8497995468614 178.0670952538553
204.80852288171053 589.2609197319657 168.38261005656392
206.45442155556614 594.5727453740186 160.05361390170873
212.49266972524399 591.7080319762351 168.6132241365852
219.45341076543522 595.9151503113974 175.48378580862365
221.84195547616872 597.6037165421151 177.54856313236996
213.12445712939444 596.0916402622998 183.06671979925844
220.28912939616635 598.2903910979911 186.5354491563242
211.14528556108195 591.6145618579715 193.88937963476496
208.6316948299009 588.5393339745906 185.05444742854888
201.9596609477562 597.629303260283 182.57108141926196
206.88010754681613 606.1653441244932 176.61336528144696
199.85580720355543 599.6035596884323 174.55949086805543
197.01791898658064 592.1038857638227 175.93979834336125
194.09030052125738 597.924427043405 181.79328619663013
200.82264309872102 590.7740896085301 181.11749742268935
203.29256232107383 597.4227053329479 187.43584529605334
207.16447627031172 606.6303532638428 179.93487807263398
198.3610435602498 611.7675170554179 178.69718551147497
199.06874064188474 610.2309520163212 187.26976021407287
190.7852979885517 607.610343589363 192.34691194324506
181.33233884858234 601.5983065574712 191.27919464085633
190.42705979245076 607.1016659154598 199.73402160900005
189.96644808493156 604.6222759289252 204.4215150462349
182.03866675566854 605.4052910171152 210.80739440613257
187.02301121693347 601.3795686484524 208.90831220131705
195.0067942795474 595.1730728558264 211.70017895651756
202.42311241178894 593.4013243128529 209.90198518950427
210.41298514216538 598.9807603264258 219.63751722450922
216.68765671860038 599.5822865549312 226.24547917270772
225.93991810592553 596.6777631608194 219.44878843722918
218.44325520965722 598.7501290112585 222.47633821886959
209.58250921480163 599.4381781945173 231.98122029839354
217.81285773651513 591.1315927926939 232.58860050326007
221.1765067683606 598.55978614558 242.02618070352747
216.85625318703433 602.3977944632408 242.32162580526955
209.41299491133475 595.8400319644427 247.38102739798532
201.89133195767542 596.4119596846142 246.45525537464303
197.25478571814583 593.4947643578766 249.14247024746632
205.49090734524313 595.6795292196075 244.169083625011
206.899236403181 597.3787727877638 236.10231274194587
216.53622654869235 596.2336298148148 235.21017117804703
208.24851802213055 605.4833004913087 232.18145556370393
199.76300504363454 610.568227172083 222.75388315798565
198.14983984265638 606.2740364334146 214.47863492420015
202.24103356468976 598.2966643682853 217.93468862078615
203.59639657017468 590.8101770379367 208.60643417409844
203.51889692498597 585.6560163901994 208.01517373111813
205.41595692865405 593.1822439621599 201.96725943939566
207.38617081522622 600.2422234242089 208.22760219625155
215.50504333712027 596.6949084894029 214.03018086469322
222.4425246905756 590.5606966800425 208.46020353774227
226.03173336790724 597.7504337263429 210.799139994955
221.62263909664424 589.9841814448994 207.70929452037007
229.56961181656314 596.4522162423877 211.29479529710477
233.40006820594962 601.0297060010323 215.76695257498656
240.63607088756476 592.0578237451506 210.45921545665206
232.1668599083175 591.8121945822442 216.00313960969908
235.61997768096242 585.6522805186147 220.16461817262152
235.85613027593246 577.5701553543138 216.95482861422258
226.38673545179785 583.9700743606012 221.04911906998458
228.97517009552436 591.4470967914382 218.61788967077825
234.75929062929976 596.2488095685216 228.00715046425265
232.90380331643752 591.3847107925669 233.69458174275005
228.63906288001272 591.5719163028797 232.29567231768294
228.52163428725217 582.7527079801023 235.0108057136584
218.53406154019316 591.8269954812657 228.87131261901303
209.9099780256188 599.6723362362156 221.25628066511595
213.0586562005288 596.7432483012169 227.43607787494562
222.16192711399447 603.4043888214529 233.6313270886653
213.23308781236256 611.4110098426362 237.28115015216937
211.55393379830872 607.4074228870085 227.32407811462423
212.96277033445463 602.3455246614589 227.85937803642818
210.3454406504568 608.0674378109782 230.66269036450942
219.1415911452215 613.3401260725595 238.53624066397137
211.3669823712017 610.3734511363842 241.56150495603387
202.95290425721782 617.7270459092358 247.2380214637503
210.47247797845222 624.5112557053488 250.861903757942
218.03923801592217 614.7815636532061 244.94671618374278
219.72130841890765 611.307316070253 251.43403056121124
211.79879129613911 610.1205675940945 253.2501670931769
205.75493218817346 609.9839757876146 261.5429178514759
195.9622177840562 605.1961619048354 257.36147034150576
202.5084700799805 600.0134602174285 252.09878999718427
210.87653557202415 605.0661823571425 252.0498667189574
205.6927702465035 605.2720588721714 246.40577750548277
213.61814566567398 602.2680909096398 248.82176931633126
211.87461839572973 610.7714476476688 246.32168472913796
213.4223228306469 602.3905544792735 243.152874027521
206.1628263240268 602.9442378011389 243.46455044261987
200.29117739228633 610.634209624291 236.0076184694621
204.80154686008652 601.77439420778 232.62436981480866
213.7803389249028 598.2351657906238 225.80990680828393
206.64391616826262 602.797312305043 216.6668821030689
213.8654982444745 598.1477086687804 213.36849612352609
212.20329861794778 596.4798120623699 210.09187440678335
205.51629125381143 591.9166253221775 213.81517781113513
210.03092464943148 600.8952615982317 211.06371826063355
214.83404293861565 606.2356281764362 220.29611617055394
223.61963748321537 610.9434602231072 228.25231858625006
226.0867156696535 612.1792780279571 237.41024436119176
228.12849266761347 608.5330979909984 238.2534341665251
232.87881748522585 610.3176085087011 236.03160211556803
235.99417362381828 605.5586832646089 236.6596232192739
237.97405199010174 605.6896505762802 228.90159035077755
243.00262363586953 614.8455012456624 223.20509969536556
241.9814880573302 608.1354996848806 220.54756475272748
243.67513773420632 614.8918837948468 230.17172823881998
243.13505971699425 616.7581075167355 226.52078808893145
238.42935919400824 624.5576166184966 217.30534044908032
240.88148311681408 631.3139824115069 223.81875975067135
232.0813042729609 639.0500758546048 222.76591026125186
238.0462248524016 641.8038599694798 223.44897760442083
234.1683467098583 645.5230010412539 230.91853227451594
232.88744196064346 652.0435503153527 239.40117944142807
227.10874996281956 659.4962387296647 242.38289264199017
229.04698689103256 660.034217973737 248.80475603180128
232.28723512276156 663.2773056129118 248.28174408598267
229.4302149633157 671.3172562626 247.2878644876883
226.10012667527383 673.2276711949618 253.35189693953765
225.87620117503667 664.0484831954137 246.22999323642176
229.7573891846325 669.5481748092179 253.04864722322577
237.8969391650568 664.4714443622062 243.22805124921464
239.86394975158427 659.9998800699319 235.96634340274292
237.35223232775172 654.3694701259585 228.61694739756666
246.20207059115276 644.8181980407684 230.9555323864477
237.18462320381437 639.4959114404413 226.44582247708664
227.6176646590254 640.5678972066199 217.28644771595782
219.07073012464747 643.2863678243982 214.87920916783014
213.5159272307982 633.9705498981941 221.7779987264154
220.08264883291363 636.7513324454602 219.2157668371738
218.1494123670349 643.8409105327113 224.2933108133454
222.03635542336917 650.5289497386558 222.10156715410017
214.8160855358903 649.3887997637892 224.60583759963637
220.91788291970303 652.5836937893948 215.32304012050554
220.7724752841056 659.3028718311255 206.81096781963598
230.56645627086968 652.7702251431118 211.4408590307106
236.83539257058152 648.70383195825 203.5028341500777
244.43317423094834 640.7770788575287 206.95054513821944
237.61887381154065 640.2313327104252 205.36502679162987
40
194.36962654985328 313.868223398907 91.24578426553636
189.46429089118624 298.0133867899754 84.75387492832611
205.2081229064474 301.18291647358524 65.7565161991985
200.49730399136664 287.5688705208398 81.40324494589316
199.03211356084051 308.79329985961976 83.40633340409593
203.1736695008508 317.7867668722979 68.14433650342885
199.19414298702586 308.77548468624457 68.59571315666558
193.3885891535121 316.92931243223126 68.51630483113614
189.28265593344838 312.2446459505593 71.01989890411716
186.81821358276133 311.4782381078425 68.16465112570899
200.51177063898248 302.9938745578873 60.7274962739258
203.8841052942874 306.69805741229186 75.41581038191336
186.91189188520065 303.9824382446733 67.13468699115191
205.68733396299194 283.8005641712394 60.372675418488356
206.45241884085257 292.87340657981724 71.49249429843957
208.7609931443642 285.87055198103764 66.82737192685117
207.16061773317813 298.9439391205709 66.37478668013931
195.5188364272438 290.77979349413243 82.82463290356968
196.69046197521413 288.7903271840777 74.4264063119518
192.6627236859366 284.30323996360215 64.82476656975186
212.58796552792953 294.62474710209597 63.43744123113924
209.60083260988637 310.0347361272774 62.51287592362915
213.72329296722762 298.2849005368886 66.10240325891439
226.25720306055436 285.7665891732713 62.46536410354515
209.05015894940635 295.75141728106564 57.20462945335261
226.47088263764542 304.88153693763394 72.08124395719648
207.42565454726446 311.54658193374365 62.17677697526215
235.38634096383882 309.8859333715715 55.724890282276206
231.83036590186188 316.223613813043 59.22236759948961
237.92260711474555 327.02453776492416 52.37094903675796
230.94899279457718 321.39114002065253 48.886625303956855
219.505484565197 332.14100979286053 57.32105548502895
236.3779532162408 322.558458146933 61.55637780406289
238.51491251195924 321.29440146017487 45.54764213577593
237.90204056423204 330.3017736246649 44.92869089102579
248.28997602874304 313.0193611412029 60.94793343045877
255.81829187843897 320.0684151663219 52.54167515224696
259.49504168064897 342.0529548151899 65.29097198025035
259.289518397699 335.4353897221227 70.30353736071332
247.15911752344306 331.47043760056744 68.31344511890019
