1000
394.0557038120519 329.4620063298754 74.91754095026347
402.20628755400213 325.44306880594104 65.33235892187837
406.68680969156253 331.2541846670581 75.05264681440934
408.9620245480441 322.0355875486886 77.29668187308178
406.6065982562902 324.87885742782845 72.41082114964522
401.1885401534927 323.9247863163272 81.70157644258953
403.9548648649195 329.80814816739974 85.31791393022456
401.8487063920978 330.0305972978434 83.2697217486835
401.23456362457495 332.68191443657906 86.17487063420603
408.1326415010949 331.98475547962744 89.04642926563903
410.04303259830414 336.8147100098407 91.3584505929714
404.9569820126158 329.758223273899 97.44464706352204
396.7850292501402 336.7017023576512 97.3522174052631
398.2848384877347 331.51385199785483 97.69668301456083
405.88440318095525 330.3737126602732 94.53667485668014
407.7283852527963 336.1269466663605 94.68803898474657
406.25681014425186 339.15655618640614 96.26046079674784
413.2720039595814 329.6457443421517 87.99117097469586
413.5407296824832 326.8913341984987 93.0343744753218
420.55312630691674 319.2635750969087 89.92467273615296
419.85166548950565 318.255459657793 91.62984615529007
414.6551183833433 321.66791447018085 90.94542146806766
420.4312488996864 311.9605812462647 91.45385342887758
426.284888107089 309.25735299901436 81.66135959788771
424.955739322326 307.212898952775 80.72822373172306
419.8259121627005 308.764581642959 86.42242784216896
418.7049830399588 299.38856092033654 81.4259904058674
413.63699748223286 307.66330029402525 83.53437676404842
403.84770414576116 305.9702261560106 87.17350001600116
398.5411339220312 307.9383025114943 85.1570950369149
406.81427979596475 309.18804519043454 85.16775893997786
415.92571246137163 316.1723759045078 85.55616639608184
414.5981074483641 324.49379826914986 87.54848665893347
409.91910507972847 321.03652563766684 81.56330973783348
414.5309663357421 329.9395480595022 77.87248392478665
408.6783635794932 328.05134335423304 75.12760003106219
399.0420150030159 333.982084161082 75.42366522357801
389.6398151614547 326.16625124880005 70.76074421002824
387.6533973654016 322.95226135113745 71.5591329473716
386.3327422598635 328.44442839896055 71.46840009906676
393.874903429146 326.84180251490966 75.88574472405753
392.94715356442407 318.7863648867521 70.1226948969189
387.7469189159939 327.0255835731031 70.54122998598937
381.0906324581131 336.8419345222426 64.9639120869146
389.9290852164595 333.3042310808612 71.55371156676529
383.3626558930035 328.6525221532593 76.52723176328432
392.5292479637262 330.7640616297346 74.41554770336707
392.15390264946365 335.89907947095156 75.72305491039496
399.2208539224878 329.9290050235096 71.39981483105169
397.97252347504616 331.97158362942866 68.90486016219877
396.9962433285948 326.61653265332643 67.56360037970569
388.70313318668775 334.501884167495 72.83465688118358
390.7987589968781 329.2700116356964 71.55863050424729
389.09750300992215 328.42353493809 67.74804689180506
391.77318140368453 331.7190148108683 68.22580784340032
400.5361322990791 341.27200525186487 60.50208648882989
402.1882703944971 344.05511971711485 51.587979475604776
402.2664344368343 340.29779481529954 45.43895527389536
393.3165158046159 334.6194336224569 49.361555745630966
390.94046919968827 331.1076875163976 49.89828052123474
394.48027605941877 334.3066087860277 51.97532059985689
394.7212051424259 324.99385735949505 53.986141587773645
386.8245681471678 323.4878456067545 48.45669946393879
392.8444851329369 317.1214453947427 57.48809297498785
397.60476753419306 313.2771517775302 67.4833589485618
395.9410067341807 308.3401934246126 68.31316650116699
389.5352501024583 310.0727767544733 59.42792830569685
384.98166179413937 303.86956790432913 50.651946756458756
394.4833090887027 301.8631081971982 56.14675382987393
388.70259518215227 294.10875302720433 61.38597273920216
391.8476472030642 294.6857356371616 63.46397560183997
401.0005590496817 297.7321494869716 71.23611783851723
397.9553576296675 299.9677418083236 76.69423950537248
402.1512845403379 307.67120950303564 84.97963768746203
408.79854976752404 303.81634168021867 82.57990766159726
399.1374336392742 307.27447007653467 89.26039556577578
399.54997082465945 312.270913192051 96.07931683570726
406.0083571838474 308.4735395255502 86.36399094018014
410.0712295923869 314.97866945911284 76.75272922954107
411.44730025653075 312.5750581849682 81.78048035290868
403.2673380302256 321.79283473980206 89.18330204254119
399.49727779273894 323.36946700101794 95.20589024021177
409.1612945825254 324.87329774287605 102.11074076309626
409.43908241613406 330.69730166071867 105.10483741656734
404.49490034778245 333.2435927588945 105.35088263495383
402.49489553337503 334.4105087397705 110.05814379086308
406.62541362818115 332.21517084886045 108.86581451463714
415.03556360158376 336.25610459278187 115.01347638770521
421.9662872972445 334.9971754866127 124.21888920967291
426.9580967965283 341.0621324731581 122.5346182509417
419.56869337337804 344.627711385215 125.52445344089283
420.6498320773774 354.12820660778925 124.40050733770468
427.81601848158573 355.70980912652743 117.14362515071358
436.12563131268786 355.59729601137576 126.50149334988782
433.4530680148514 355.16442562153856 130.31434992040667
431.56517329749573 351.13471198481966 120.94995402509794
424.8307254012916 358.9256029337979 117.60511084099463
425.66374333783637 368.0700545080216 110.15294825678414
417.3583987629563 359.2864549846177 116.41556460232452
417.31001518963336 364.3554094073245 119.79188085290885
422.18572276465943 372.8844750122439 119.16470848810008
424.36977654676235 376.7987564057201 119.13774877562705
431.02181217300983 374.2059748961636 121.2239622317631
436.1952614493883 372.12433913849543 128.00413070819857
431.85271939052245 363.69315884362703 121.16833612670845
425.0500471496403 361.9347607368142 130.36711012405826
430.4783407493262 365.1458120237065 136.67376967794257
433.592201317561 368.68389902231354 142.9475573223133
435.09731147489254 374.5761939991844 140.51277304930204
444.6037948886518 375.4922871918722 137.8325529060468
442.8293350056743 383.2956831069662 147.2994514342816
447.1452222035723 389.0899106048238 145.10395176211864
441.2232564978849 382.00226672753803 144.61241612489397
442.9129598552403 373.9873861930333 137.31019436413155
445.28445131506606 365.18023748667275 141.78340901251676
438.6083792627296 373.25888253169165 140.80634967098845
431.14391377076265 370.8655665528374 135.68948603521267
439.88336974831515 363.10663855253216 142.2764332938693
433.18831418995416 358.6130257215029 144.74227071716325
442.7617376888926 362.8816526917077 136.35673865291258
438.70608247810605 359.6590490245224 127.76762928599906
436.844823556893 362.48115374550804 135.1209963739362
444.84341582793417 367.56244220666474 127.3916346064839
441.42201738073874 358.69477987699025 128.14157673506608
439.1339913396201 352.5650913055627 136.54008264806217
437.02086654090715 352.29249698961854 126.6984543778491
438.8381567119186 362.05361702942156 117.31063229150371
434.2588633401031 371.5626466411351 112.99057103032993
436.24972812198166 367.48894954507443 104.79881726736016
443.83307392458136 364.82456642503223 97.45129909972678
441.85938596225856 361.46563689852576 101.14963346360378
433.59810450781805 355.28022285851176 110.07583088429165
441.3264753375256 348.86659389102135 104.23543582133112
436.9255116449563 355.2924721650444 109.59678189003506
430.57651517586487 358.84221146842384 105.565650245635
424.8207006836816 349.5461956420965 108.31240622125671
429.406475267107 356.7902551092493 101.11390899432982
420.31656982586026 358.76053411949715 96.75913459492484
416.08132260636506 352.1115651708399 98.88203764833199
413.5312310464931 351.43721624127295 94.20242823644969
408.2605096064975 344.3457057548487 102.69700118101696
404.90174635845756 339.8495140209482 105.90823739514597
399.61610152889 337.33572569295853 99.35147918601002
403.107231385143 344.378879172801 96.16848321728926
399.1855214038064 348.6935851321066 88.30314276966182
407.61226216129006 349.9848442333894 91.31321127117234
409.5325028619585 354.1799073643461 90.60950626419282
410.0052180815462 361.8112915587781 96.88817012946798
406.1552365031356 356.54330609958794 88.72469587876391
412.8475462942231 364.31291875286274 90.12641050950879
403.29504351962095 359.10812907754854 83.656979143613
411.08537271153614 365.4677493475786 89.78866359817447
419.96472489251346 367.78398599891176 88.32658242666331
417.0982882904923 360.4072134550201 79.6191934136744
412.34052186927016 364.14211478043603 76.1887192438306
402.8605300880925 364.15856123888227 81.20796897563963
405.5014339230094 361.38653576410036 76.13154202811576
396.7704563436687 358.6200277961775 83.12550209323065
388.07889248138673 351.62240149104554 90.54406459987948
381.27198386309175 360.91108621392516 88.34207776788
381.2025691139232 355.93943166267604 81.76299556598983
383.13767891322095 353.2161595969758 75.69787263407757
386.21181266459485 352.90125886108785 84.11038347716423
378.36086874636993 362.2029627771745 80.3591287456762
382.5756230055174 368.64494901934154 89.93575545552248
373.6070669734868 367.0982850580555 96.45249114114178
375.3240809350544 371.7839661098737 101.64447339099604
369.6139898200013 371.7742663770414 101.76477078882164
365.18241984034404 380.96732121786675 102.22177114007509
371.4727904203021 380.95481161110473 100.56523251950756
371.3153725697422 373.74224185699967 94.05197150131693
376.156191069276 381.35051146646197 95.4342549809545
377.881032626761 384.1423617998494 99.41821535773201
375.9925258366018 379.8317521492473 108.56546867804205
380.02874424039925 377.1628725756063 105.24009415598994
384.28063745764865 379.32935229123524 108.82046307107214
388.23327535477165 388.3510407617884 112.44158989663912
385.57711633469296 388.4400820373635 114.46024277145574
387.4841235686919 383.84639355136716 116.59676981721414
396.0935702447778 382.91563514018463 108.225105561254
396.83346490354694 390.26847196807495 114.66482533102389
396.89834984820294 392.7109483219017 121.31825869486981
388.0227413609488 391.74983252641675 130.75748107048386
381.78592297761753 395.394181776585 136.662405816031
376.0393648223322 386.81423433723415 137.43241017128173
384.057486064587 394.81926700998724 133.98000729625878
390.50100634939344 394.4798708219795 128.68791637373263
390.53174374868064 399.0878539194601 128.77965942073695
391.2614853271656 403.2080589644624 129.09514339513257
398.3152467992558 405.771262076274 122.14489926986715
403.2589354356157 414.13072055786995 114.29156193300734
411.7150907374612 423.119349714923 114.108067070275
403.4338653926373 418.08368282347806 121.18794710143655
411.4528816461058 414.17745648504234 121.06859024216892
408.07254710809826 421.5699791325485 128.02530747198654
410.43839056698306 417.8056422964601 120.92497725692115
418.8690868366458 417.1080726886898 125.72643545024627
411.57757978087227 419.0126842708896 132.75338523523214
407.409954693912 410.2101827948423 142.07400622888576
404.4153472736795 401.64425433292104 145.73418916119044
401.9729982937855 400.3244296387097 142.00823360772424
401.0925957160485 409.9645626218769 138.63818466946478
405.86981812001954 414.460487014769 132.50165684189201
410.77818005082537 414.35477944483483 130.06207112797958
408.06159047279516 415.52290300602164 136.9600122350085
400.9252256404239 421.231701044984 143.1870732478772
407.7991864377214 422.7442845743101 139.43797622001472
412.32374917304764 414.5213701927802 148.82179404632114
410.8165861127757 413.01633720649966 155.616057827178
415.5098504875466 411.88838180410477 153.48371671826266
418.3781675639049 403.1245944373891 161.7857176313481
427.6440837063938 394.166136030073 152.39858087795326
419.7870467429858 400.4808484409007 156.37694645122897
423.94432029365106 392.8689818880375 161.75152939873567
422.2656330813067 388.3671004605418 156.13001585369545
418.01993194069803 397.30309606255616 162.73315580567967
425.89579034518175 392.7883443332711 159.3864919899195
422.85489765348836 397.75979622293255 159.5359187603417
413.93184834264093 388.4409587736608 167.38877434055385
415.17735193407583 380.0270034174097 173.83056465723058
417.4367699259551 389.7456998741759 171.24806435775287
419.8590680173969 384.14920820219794 163.8056942435276
426.37536073960297 389.2331103480019 172.00450904886762
429.37731550055673 380.754713502244 169.57929097995878
432.392877687273 371.0190279962476 172.86926444452988
424.0522640709153 370.59036137912454 177.34552003887524
428.49005659015245 368.0284285504575 184.5049746532115
430.4816861036506 361.4160266320849 192.81958973726861
436.6034158060289 356.7245470696649 200.19228988824912
433.31519704467814 346.8486478586852 204.94110124341645
438.55660257508606 344.3645195807657 202.38759870748348
441.73371044392894 336.44484106343685 207.86475695711977
449.0050243356288 333.83605127758926 206.86248117965
450.9929779494708 332.44288286222377 205.4160306736762
450.0399963303675 342.0006858827761 199.7951804924343
445.1544306838496 343.29548579140663 196.72466010058668
445.45970243723093 333.5913829532062 196.6429798138755
444.8140363200954 330.1072439572617 187.2413507384745
446.95904439558615 327.10265608610706 182.12128813761817
444.6560791999948 318.87477151397485 180.22155501978528
440.8331610953666 323.64541305052046 178.1355856834598
446.29284351167735 320.2072555445996 182.34893053299365
445.5078331257951 324.1594895716376 177.2334874697911
445.095485970787 331.71046514102545 180.1256213992752
452.95856558759846 324.13410946868095 177.44544924033653
459.58247633914345 322.8592870496933 174.42048552832142
468.88244914662823 332.027051441717 178.92401155021784
473.16967777862044 326.94632780395176 179.86133958244022
478.8911570540667 328.6696106233653 181.63255850735914
480.33896361071817 336.4257445996971 179.1599870733815
476.1592856922915 343.3771278372569 181.09837789626667
471.22533744419576 343.872942338588 174.07105486877185
478.41676749463164 341.4648946122628 178.70703099052866
484.93299494796804 338.132023089779 185.22321287516567
478.38374103260116 338.63875610962884 190.81422960859555
476.05703851399386 344.90448511709144 187.61521157928252
473.48223489902676 345.7811309735556 183.99313999579647
468.80273861790727 338.36701523023896 187.23204286745766
462.76938622667944 336.54387270724493 180.67844204298524
456.84206693980735 345.4041439524885 178.85578293675974
466.5897869232099 352.99707146778536 181.6455565280544
460.0834659079942 359.46483543863934 188.92850035939261
455.4656076699686 356.54652982629904 196.4943295627795
454.1006434890277 360.1486525345657 187.8038174666548
462.45650739802363 367.71795838619954 191.03793769063574
456.02845438419433 372.2894723117079 195.0012581175038
448.6166473497665 378.40450246531896 200.32120927618456
446.67549685072225 372.9790285272245 209.46913953946637
445.9159023077032 372.89743623127407 205.6001573192416
440.3219355161353 372.30683982023385 206.9671894361447
449.9539240374734 376.3123672178668 213.8665747209224
449.66162104864753 373.8353104572409 205.33151767649224
442.91674563913193 365.6694243322291 200.82518131816224
449.1200210772109 371.46774056969963 209.16259040529496
442.59267181497336 365.3966845606531 217.83839057544444
435.6223761697522 368.00848819625395 219.3552510834561
433.70653893218605 371.18771015206903 218.68574135563654
439.17106479793904 375.16721299945317 223.12427659919933
434.7538612252642 372.88795609823376 230.54073180262748
439.6616748804134 363.26447286670924 238.80096813544608
436.4300023498524 365.57250637044655 245.76415708595275
445.3156399936928 371.72544242830185 240.7886006359315
450.9820420741618 371.54303167783723 232.6770853203471
457.2548932820477 370.7758144456457 223.58388346566886
449.86028575069554 371.8739113552479 217.40357992282748
451.74471805747334 375.5070158541355 209.66685839072818
450.6643520179231 368.3838265268697 209.94007665123655
449.35831069767937 370.2608675015454 212.062674764585
439.6258044203743 372.2028328437893 213.1108260430648
439.0587051902707 362.6326421426893 208.58194202930804
447.40807893034525 354.09271602706866 208.5665198791239
446.61928647426384 360.72973154142124 212.99858264480392
442.80023342842424 368.68072138503595 206.8336555073377
451.73121675347136 372.83043237275854 207.06273216397113
447.6047401048696 365.1162523974389 206.8999773177738
443.43854586547843 371.9181747724718 211.1565747554295
444.7975782884619 368.495833975686 211.5489244521363
440.82839392125646 375.8258741114287 214.6315163598092
436.2717365400039 369.3424512263705 207.90285124077124
429.96128572542335 368.35109734716906 202.59158193914308
424.52823139467887 363.6144871854882 197.0705269697256
417.64783363272784 365.50718073254234 193.98705312180581
414.02162420534415 366.0741891618346 197.0141080830756
415.7220843262938 372.6133375503176 198.60479032764658
419.61316418856455 379.2736956629843 206.4895230903175
425.06718146758993 379.654573934892 206.80958071985373
428.9710172599278 384.3002157113106 198.13049205847656
429.68553713389593 386.2725649287841 191.73550275061677
424.4440123771192 385.8370980370899 187.73950493653135
426.363491136951 380.58781796201987 188.85948949956602
417.8116523150091 381.6266765340862 195.86504180845395
421.2779671271185 374.9349474624768 187.92343800835326
419.56584954556575 365.518004602064 196.93878715458703
423.2102821904221 362.60999756733116 204.21952716367664
419.89192336220464 370.39519708413644 195.82039240375994
411.5002486278356 375.6335176917397 192.7715920160222
417.70815254714927 377.6679402578604 188.21771788335218
422.0011700571379 377.6661617737996 179.27740774290237
428.4603532553557 380.2288922631518 179.16223750535048
431.75730890368425 379.25000925992373 171.57876655064285
441.34234059806977 383.0861992949811 168.77252142028593
451.1507283557697 377.044566496902 173.54656182225477
442.17899033872817 383.42466492874087 176.2471685463889
449.6017958841534 388.5611418018312 166.46111026635538
446.98693341174845 385.002650883686 166.48573027429143
449.17351711913136 393.9377563552155 164.7915161173567
444.08538898925127 392.3678584055065 157.36381332429934
451.9571517624873 399.79764237001376 154.96102369332817
445.2649892685736 407.6320387026063 145.30104569593547
435.36366380602766 409.7599106344666 137.08978893176368
426.2651691060176 419.5887531685728 134.77495420505463
426.00599847418255 425.2616833142585 134.82674809696599
433.89641204873504 417.5571267587704 137.03124449984907
431.51650527473043 413.5001129525002 131.80581342708683
434.8518700853296 421.0013860068759 137.46715799067536
439.27875586722536 417.63957966919594 132.5646178465739
433.3701332903457 410.84727668393305 140.93739732775688
423.53743710918076 407.4944981994825 137.61449362883633
423.69884521704944 398.64391245773083 138.25136442274868
421.1901369510803 398.86647108799167 139.23019839138155
427.6529885826188 402.16660307373724 132.1333940829368
433.0198818732024 408.92008397509403 128.64387544073762
434.99995732514617 401.71221086921855 127.38570948490126
437.8961123580508 408.9831152161744 132.2895779459468
447.25547259983114 415.52289959815073 131.42551343987157
442.65911944292293 411.76500095110777 123.09437095927572
448.5022327762481 421.12854099177804 121.29821227439285
438.8887154877726 417.4194092374071 124.84197272624418
438.847338528242 414.5675173011973 119.69994900379541
445.6842237004846 408.9112446300872 128.59495142385634
439.87450781463474 400.1588240046504 138.1601159457055
438.49587554782187 391.6478266038209 144.594173684209
448.30259138611757 381.87535303007024 147.2606850634995
451.7137046343674 389.94747205756414 139.8564806772695
460.24801745887066 383.3248670844559 133.371009306337
459.50869399106597 392.05443241679 140.86782704065848
457.59895466514996 388.66369442068475 145.89228173361562
467.2753837940455 384.54458462022683 139.93471998278966
466.991176525197 381.08955435722027 131.6023619794089
468.2392299711008 390.0096485538216 131.41482151399535
462.70606448490236 382.33401403443486 131.6892895667245
466.2084202383524 378.1427294303868 136.9451273437646
456.55100778487724 368.42455380469954 146.87146338485178
455.7000129322053 361.7660741514764 151.0495053744408
455.7310025746258 368.37012701912175 150.2421273659823
464.9724587321102 370.3899453282299 155.59673194229902
468.8999619552487 370.31508240268425 147.17443258741798
465.8021439600567 362.77607640366443 155.35931763476034
474.7671972442822 372.55933829735085 147.70736031620356
465.56131993436236 368.11344799433016 154.42043484588007
461.7680255794157 368.5851778176438 148.82479311384998
470.1363245483732 370.79266269361693 153.33909020008176
472.1683523005021 361.0756861523051 161.63982262088484
472.1336604921783 354.5936476623777 158.09832469288514
463.01082541250787 357.0117531504192 156.13282119514543
457.8285063567143 352.0067509686743 152.66892584402123
465.7789666976291 355.3819804110392 156.18050235899952
475.4103724454507 354.2600473507083 148.76143208085634
477.8364671157923 361.74877907609294 140.71917718678324
478.0526301493605 365.00548628277056 148.74153622381758
473.3942806423566 355.905502055747 154.406903371438
467.51041657692883 361.28948496231897 149.05077580142367
463.83857080098755 363.4454626414082 148.06484261717466
456.98936624457644 366.407893750512 149.94766764971246
462.96523910140286 360.052229382637 153.95599258259188
463.57716592330223 355.868004411001 155.2693511365731
463.39278104088106 350.5387301718106 153.25560498793573
464.76650070103693 351.7581127731744 154.46182979047913
474.0017477856318 359.93164564629524 155.29644941992183
469.0949476938832 358.4625604357757 160.1551874415297
468.3781674785013 366.64534703333845 164.79206015346656
464.82065297935367 367.3153902861334 166.72579093593976
455.52675427160335 366.70261731809273 160.04496678561995
450.6621927718315 364.31443701602205 166.7672955058709
454.7418393424531 364.80663705888935 173.52696676902488
446.0509356813988 363.3615892828161 174.76642953528375
441.99539902264047 354.8390257609531 182.0826683447495
440.8800736088913 362.47521258617894 177.42865518461088
438.09859235047657 353.1599380601948 169.73003931431896
431.6337161668856 343.41810714270787 175.99817813526906
422.86123863076557 334.5627462173654 175.9144513723614
415.40899280912856 340.2954415959396 179.72336018289852
414.45925645849053 339.5153633250493 181.94532615926465
411.96317329267805 329.58836675157886 187.51159107599946
403.8495003347563 324.90489818370327 179.39872725797514
405.62794292619833 331.8532295787543 176.29569816429583
401.7932513366481 336.5487337359418 179.57912207904735
410.5538172265537 338.5906721643772 186.22071984436053
406.94060158241126 330.4573306609432 182.9446018945474
399.4794465829873 320.6560351909073 190.7336115978799
398.3947215708581 316.54548553194655 198.6574812788039
402.71458106060254 306.91923393326687 198.22189069406446
402.0282501342414 298.03267485969104 191.62339386995347
392.64971756206955 301.9639007736991 191.69138971064623
394.9628969961488 294.173517333114 200.9591552170367
399.78088851551803 299.8722352477523 202.7313798251384
409.38205860875416 298.64465842094387 201.06991050621144
418.02033222121815 304.8913920839944 196.85193365290326
421.47232569099043 311.1455795493839 196.72188697974855
417.2809260912 317.06804229161935 190.95052191711372
423.52171870046215 307.4725494952383 182.67638460867758
418.1650769498535 299.5473199170025 187.47794190859153
409.24075718942487 292.9331035746149 185.83022163847187
415.2605870296421 289.46669670740147 185.1822904307343
413.7942585525871 296.78591431633976 191.25289847602482
422.62311289853994 292.0278377431633 200.2086408808442
416.65070459649945 290.83751509838174 203.9373822422029
416.3458131479841 281.6504817760444 202.15162389760172
420.4720866292384 274.1612482804633 205.15609766720684
416.7723973748262 267.112562089249 210.08531210038853
418.3256664139717 262.7172134214897 207.6825997844774
419.8014158845592 272.708692217987 208.3466943997602
409.9555801661147 263.7800840018516 202.31504884728483
408.5464330465815 270.1596347942994 194.93172896314252
412.12793805137505 260.3818163828875 196.96995287039735
408.3222212851804 258.78153347891447 196.3669565456203
407.63504302602706 253.62108246739885 202.69532536878668
412.46693954310336 250.15926993856073 203.2257593909695
418.06310196310176 259.99368171252377 202.07372773369966
412.685941521004 252.08829318311177 207.89905034932573
421.76823765613545 256.2740790819744 205.44103833117978
417.40567595906697 252.1440769476224 204.27596832017818
411.91570968868245 246.80956857421967 208.55417256361716
410.32623505275996 248.03151162708298 207.70525494096984
406.4951611448904 240.54390178940594 210.40098534381906
405.08140096373575 236.67370462679276 211.65494785091633
409.7253784082304 237.8808894593863 217.3020126394662
417.13185707382416 242.36172291737745 223.67761649497402
420.0916823342258 240.27898681824016 225.82778812067565
412.96204049356436 241.07177388219378 234.91775572745564
421.0830991218522 236.4828730230816 243.8575332732541
418.86633240154276 239.18766786118255 235.8018345335033
408.91917982796645 234.1083054893183 239.28889978240298
400.82595286152525 224.3547526161053 247.8711370888457
406.90138377663544 230.3017453839781 244.47953045901176
406.50035585683935 231.8776456310558 246.40753479297544
402.01743761591445 235.76075443222356 247.05106204931604
393.6337413251927 227.06748454206883 242.02947743951663
398.62320672205647 224.81322322763356 250.00012133890712
407.63756463120785 227.5528857747305 253.55430985739326
414.61858102191815 234.01509963675605 262.6923315329799
411.8501268137122 227.07430322839173 262.72396258630874
420.8535671545538 234.47843948993386 253.4716385253541
427.30081939805467 237.7455862415529 254.24562829860582
428.7369574806891 246.14529651071837 259.84776420989635
425.3837924677221 240.06639009008205 258.5072492566079
415.8783650181243 248.59393794467863 252.3205720193465
410.5680660856943 241.9118479448355 246.94942690421112
415.3813278121782 245.80788600482464 255.49418737036422
421.45087678733273 253.51663806370888 262.0650763625418
430.15854936223934 258.3416834833848 258.0319991658271
425.2684200554286 258.8327430380115 254.47634211060512
423.9017152512462 268.2322063489185 263.44599385438886
423.75350042572154 262.4568944430179 261.5546675765366
424.5947711340727 256.99751401571405 269.4344661636799
421.11672017070606 262.8726368903429 270.7095764238374
427.08979336534793 263.2726616646651 280.63914964370133
420.4265024575486 261.0181567714485 271.9581828599758
413.4490444385046 252.5916265351915 279.63235635758923
414.6123221365351 252.3505044764865 269.8288154719373
415.3737573042038 244.8229433007783 271.6767992645087
409.54562214090015 252.2799494634295 268.11401360550866
417.1136392337444 253.66015549191505 272.44840550077123
410.23236325485675 263.1801694931987 266.0650118761396
404.52756148214274 259.26120309972174 267.8907972617148
398.28343759593804 261.4771039189815 259.58639494198354
399.7705264092897 267.69724149694656 251.20668354679907
406.3735785539936 266.61506616190803 254.20257897651223
407.28463834485694 265.89099882537596 253.90576112804047
407.79966662286466 272.6356431565114 259.14223791623755
403.90233380953237 266.11196870157244 257.15900095025796
399.22104181399584 268.5798124244399 251.806349463426
398.07013140587617 261.3497317014798 259.3967908720797
402.14938139981996 264.19876616255476 249.6842502643686
402.23515230194056 264.7500545222945 241.03926096205504
399.5340047303145 262.8360619561495 242.95613646021314
395.88559480990136 254.60316835266343 236.6466166480758
390.7615619320404 258.9721775709759 242.04865021408978
385.47668101403644 259.1500070252206 233.31029148866293
377.30354790646425 259.63083269145557 237.51169071921163
382.7048977251648 253.1381311706929 240.95092419661688
386.36561688971165 262.94071150321275 250.2780734321804
376.83734393906326 268.17223991265126 244.95258160438067
373.05019737694107 267.82994912478847 236.43559044300787
377.2997110362835 264.5471818525062 242.46808667369584
385.512568778111 262.550922081126 240.02096303304717
388.9493753841368 266.7935741793161 238.2378765040113
397.5303545385921 272.7696375895751 235.39549760731867
390.9465553465097 268.81568141428914 227.93993463829264
393.32895937120435 260.12216462349 226.7309678211777
396.45452241656733 252.69644426100717 222.6693607951797
390.2311296118474 251.8838501384975 230.40670851411176
386.8367731329147 261.5430300631427 222.83497960698327
382.44140323668927 255.9556211583807 217.6427776791542
383.07170355070565 258.8980973088315 209.02730485819387
387.2307298470263 265.6619659239334 214.51113988106508
383.21502526036346 267.4788599055258 204.72361168984352
373.27372046274985 265.3682596472668 199.49722847969664
366.3702484883781 269.2651033589557 207.53683588002974
369.3041203107857 272.2962183579478 203.97763888416108
359.45377831771077 273.70822360468895 210.49600085084901
369.01417948551443 270.29360847799643 203.19161950711162
374.70777598340305 262.16627089243985 206.41504174516794
369.06586118266523 259.7598948684409 198.12566812508868
369.4521240008879 269.71542766750315 201.9842754307215
370.5244601193309 278.81295072558015 197.70845232287814
375.4285859284627 285.1863717335004 198.521955329616
378.9141788406379 281.44226241390606 196.92245121051894
388.77139344809166 286.7802934729004 204.99221054118834
388.13486448199 278.0117139180108 205.9435945610099
396.2778086190714 281.2127267595888 198.22475448368013
389.02450464827496 281.9587273627799 199.16411003045397
386.72542785424884 289.09712490658706 198.70648509912613
381.44979497434105 280.98204936516083 198.33672409450406
379.55438620687636 274.13762589934555 191.5529769394138
377.827274670899 281.9883931378115 188.72234447840194
370.46831448757695 287.39409880818283 184.88400673261432
362.83872904309925 290.89926313985114 191.7816407033902
369.9167751301736 280.9632274285668 186.75596327024735
364.9068470379979 289.7198806310591 187.46890758146273
372.1440272361068 297.57059170583375 190.55921063631
377.76479974174424 294.97689424525396 188.1091350075725
381.01653045396 289.29779601521375 193.9062557570893
387.37672897065744 293.7468464233195 189.25395699498495
384.79770280173483 287.08157727092237 182.81470552059608
387.997817244277 285.67867028026126 173.41439835165897
388.2292732795066 276.16689803845094 180.8352438997931
383.9805150786884 268.5833589652662 172.61177377969773
386.25921439383063 276.0160741155153 166.6366813726635
395.83278675936356 281.6361195513309 161.59223210270144
390.03922323576694 272.1570329829562 166.61297270589182
397.35117714868477 279.3333071461071 159.20989210516242
393.0055047621339 282.4077506844811 161.55072060676852
389.23358703361976 274.101325981065 157.09682109237903
389.7882033097154 270.74259694561783 153.33107958207376
387.7163254606598 279.9586660201941 145.9832093551552
394.7305375733713 278.52475975773604 141.07363900748027
399.65361850464325 268.8139756590258 137.0771297798212
409.5624121146129 265.1928565105608 134.15192681248644
410.3335829372097 263.49674953069547 135.23111540061237
412.8638234259391 271.32919748152364 132.42418294982397
410.08133490340896 276.2660095646818 124.60271565779442
411.39541858385826 267.5654568883637 128.9368063710301
415.8824556585545 261.4685548580964 120.34395192618787
419.1265844794074 258.79184941471993 121.98566351887624
428.0308308493564 249.26595839210094 113.95215261322025
434.26119567918374 259.07120166215145 106.51005287117393
434.3782915650083 261.14586878213765 102.84339274717136
427.091584804044 251.64685926120274 101.40659598556164
434.09477949258127 260.87852706750084 91.68945522367142
437.57675163619314 263.1045639350815 95.89922116916021
442.3167556405304 262.8282817948074 87.01084470986625
442.9528988150599 263.8675004511206 83.9712396076094
445.010086327129 255.86708643471064 91.34888233299266
454.08017102704895 251.43769135365775 100.29599401519457
452.10108262620554 259.4119185305871 95.22905985909269
456.5106202802995 263.9449861702149 98.0557904796535
464.8886773729121 258.59306895107227 95.76249715126613
463.0932260076088 263.27098289454284 91.0403655809193
456.27231184059417 264.3448761453099 92.09044805208528
466.1458693950616 266.28334946561057 89.71664238387937
460.08623768309565 271.9139132201999 95.77778262139367
460.4882905873752 263.37065537650324 99.38322677825265
452.17400959272373 255.5075671258009 97.35988821780704
446.7522675415561 251.97353060188811 94.17448222847224
448.19134153302844 253.26076461634776 86.74102115761195
447.7461547835481 257.56407758560164 94.88955526149194
444.8412399852419 248.70016576644193 87.27043651433556
446.86706519897933 241.77693147221612 85.60584574591492
437.19379877004553 233.67760773986683 89.69765672178137
434.1257134144894 228.97221259287036 93.95604300738344
441.02705921303567 227.44058507651414 88.94479448832504
441.4459761836886 229.44079261696464 95.4120421741206
434.9853208274461 219.54968164843703 95.02371537277912
434.37246223845983 211.15666155815225 94.11035784021114
429.386452175289 208.63172390072071 85.80473361800229
426.46550565617883 211.1191928413473 80.01507418320466
431.2611227588882 211.50811448604003 82.77373306521206
427.3517612174404 207.45353708403778 92.26487468528833
423.9196504335083 216.96434360564584 87.11004997784589
422.36682855412823 215.32571582961873 89.56721889338253
429.0292226692813 216.69197424732988 79.7437416524633
433.5616529003568 211.0869209417542 79.24251153388937
428.95332354883635 208.07375186998192 74.67785921466327
437.4308528822299 216.04618719932745 81.49580108508815
446.8347668944059 219.16761535281475 77.24661536347344
452.8269474278323 210.9459927456986 86.93666889605701
442.95969121952606 211.1499274391637 88.06035060062246
433.9741779828863 205.9692854724954 89.90121216696043
440.90030977177116 202.57299432440666 98.40592827016206
439.55242997145643 193.00770962819445 90.36560444648431
436.6065142468642 198.90081753153964 92.4053275934049
436.9089881174565 190.57346394541145 93.85447623210732
428.3939049786112 195.64724465951684 102.67642730677888
423.87634328650694 186.05748448759408 94.60246905395051
423.48899548887954 179.27366324096548 96.66523663373265
423.26575142739716 182.86311138331803 102.20292281994928
419.31103223468347 186.2440597854391 99.09121340582662
414.4015171818786 185.7184966877438 99.00766414341666
406.19174123984084 191.9816253253635 101.39190470220356
397.3090207496457 185.0921670966756 91.69702571292456
387.3880068122568 182.85771467582444 100.03773218468837
385.681493048142 186.20109470536588 90.99670350191282
387.40964418307215 178.1184753378944 93.27951837203294
385.6001800414882 184.35139151269712 91.98775405742808
389.24058303021445 177.4332626011475 93.10946112104811
380.9140961886576 169.12772505303906 94.59518461292504
390.12507200910926 175.7429956208121 96.260531532167
380.69963552209595 166.59965679399812 94.93286295405217
390.148729509979 159.6202964508247 94.61327611300733
392.337018260814 155.92182498905885 99.90405204507965
385.8529745985542 156.35363023330672 100.47294382503404
395.67962583277716 148.72258146450983 105.51496879075886
401.62884790829924 148.23596798989436 101.59991255465593
403.1677181433447 141.50383686322067 96.4047364479453
403.485619581785 143.84057320469498 91.5881758739702
399.3191801996513 137.8919985522851 97.77289461132528
401.40355784140337 130.18226952830574 98.31757305345411
405.585738819618 126.76503183812596 96.42246303850507
414.9322951270117 130.702978760622 100.00823367337028
405.315826014622 132.38181303996038 94.34651527736318
407.19382224382264 122.70462704944183 91.4669980670891
402.0681611138387 117.52956223231249 87.18265459172191
405.31576770386624 114.47852363998479 93.45664318860497
412.47718450005766 116.58558583963037 100.1189555256353
408.90720230472937 106.78932720964126 91.30056909044293
413.33548288144027 111.16633025872787 89.55205059345182
417.0058016198539 112.27930574422491 99.33682527616484
413.6209452372427 119.91343902947305 91.35828354187292
418.77777230516085 122.47565212312436 86.29927378701926
418.5188214274804 118.88767381735049 90.49558634564991
422.4421300216662 114.52783452668292 87.0288891298269
427.83557870982503 114.73913285441786 82.64185867276268
421.54243001715207 115.61567561216259 83.7048929444324
418.64662906302567 116.25682460688117 83.86151969739007
428.5708291915224 114.16963989394951 88.45960836681044
431.02724689158475 111.16517729330612 93.92791811435276
440.13934092942674 116.60302786425275 101.92267646536642
448.3608070397955 125.35574963029114 96.9098925021909
452.3632103623851 115.5509812862991 90.87857968434268
454.07071805624525 105.70929997166569 90.1006547548987
451.9412079798719 99.01931560344194 82.79299750495132
456.68863312697744 91.05453123047792 92.10908941374063
454.6747118242324 84.62825363133089 99.23086401541202
464.352924971788 82.37583395079064 96.58427155918231
467.8863169399943 88.8162919331847 93.80517037011359
472.9242014165619 86.17988295477677 102.95404114912205
468.64560985395036 91.24765360014062 106.8309040376102
467.051436822174 83.60233931766646 97.31725766929854
465.6006472735478 79.14468682311917 105.1884787528512
456.49210895671825 77.84530928253244 100.42293272268641
462.8796000904151 76.11159382242727 101.14289701968472
465.4849569862001 67.45001644683357 109.99849804760841
474.37191762458195 71.73707001754609 103.97767090099669
479.51659086962354 79.20122522336399 100.62301027075112
476.53257316358105 71.1494684399378 107.03803706100408
484.92035611772013 66.77517186758918 98.99643125039347
475.6036787358464 70.8685944244697 98.47809008813758
465.633703205941 62.53900570601934 96.18696379036673
470.76724670287405 56.64978863628061 103.12766651286945
476.38785738855734 66.1953809586067 96.14153014239096
466.72034339729987 70.14680816899094 91.58364821800261
471.5943514209915 77.27338956902628 92.1972829525179
473.27212357710096 76.86475703557122 99.1967476840139
476.99186220208526 70.47706240948915 103.92093712578422
486.9663681113657 65.48130468602629 94.74364407353518
482.34564943284386 61.76619286613317 91.15596387591077
489.182397030994 67.95360054350628 89.36024117209418
482.8303436868074 61.78316855347471 79.73660167240479
472.98513536289516 53.27088492015108 82.84802567237405
476.20628267951827 58.752306780922595 87.36524031716036
485.84449128354225 51.26560194431361 86.73215701191693
488.07613106556505 53.94552568143324 87.78344256740728
496.9883065243043 58.93941957285901 86.86971751469628
501.71814078791726 63.069782019279856 83.58163509468199
497.42340887590285 68.1612075917802 82.44440150231398
493.3117997352283 65.53654632871412 74.11454376354618
486.7874618505254 63.71466923917904 71.01374863154876
478.16651342296353 65.84355262025257 65.31654082284689
471.4894926256377 72.41177867237145 74.34917699796769
464.9463641491143 71.21578069996934 81.16227354661609
468.653762052351 78.90350587584437 89.85022917723128
462.93984429406316 87.06617689139625 82.34992844091077
471.9197908628389 79.72082234136927 86.32039960885002
462.05807023446306 77.61459949200903 80.50704305796744
470.0425831770602 84.6559138618702 89.1072463777826
474.8946620806451 87.85287526076236 92.67284228980931
473.2026650664457 86.08722714652154 83.82574550036323
470.45118263343375 79.72154387410447 93.56793103214454
476.0704212469801 87.71237368545539 99.45734203520183
468.4592884267623 83.00625024405244 103.22442743485385
465.49836464309135 87.52204763281638 98.03517225419594
461.0730049062742 91.93949757045785 94.523076401776
464.021475787328 88.01147372047143 97.27241417323445
471.46710304469303 97.20578362293367 100.53605624360212
470.54116289032424 99.53276683310702 95.33566429599335
463.0591624178208 96.4219698088591 98.48271075971496
466.75709251735753 88.37424627096442 88.9153864536323
467.97472476219446 79.56829164726378 92.48979168514033
464.06886592548057 83.92327901049876 99.54089462962828
465.5018174938942 84.60630358285471 97.7979538073484
465.40402840404585 88.4793891010466 102.32106213981565
462.66560987559086 92.44742511360546 108.70647525242784
467.22459108781516 100.9021593440627 110.56406762408436
466.3737789469132 100.43078898193383 106.72497927821064
471.9650251589871 108.33691580053583 107.88395721247676
476.31479527705307 111.06441349665829 104.2266441709983
481.5463046574014 111.87232959447685 104.4262368183366
486.9943278285747 105.07678104076841 106.97098188751251
490.03172478777384 103.83232018903345 115.21678605847735
484.90402897440305 96.87918057400978 106.55759096828781
494.8753107869228 87.04677157971838 115.48752416652214
500.52931990566947 88.40554869346539 108.73773312005562
493.6352400680851 81.71105741606532 109.14665251406471
498.9207074900812 85.46216213184492 101.29252033239703
493.4655950851114 88.68582475801571 108.64318710336556
484.96315139285434 83.49258574598261 99.63661215076408
483.96709555782843 78.18025736594065 107.30300262045449
492.83553798565396 69.39337489751611 114.92100337713963
496.4258989079956 63.937167608703774 120.70853454612775
497.68570883394995 62.4930580742095 121.79667052690492
494.35451090026413 72.37207530825529 127.5841696260921
486.13515880344164 72.3694491364273 134.5205520823463
489.5011315816237 70.89504730712625 132.73662254444542
490.66482418072894 61.82317664301558 122.82322037127776
500.62254819051606 53.23089699737099 128.83388910937217
494.26025736431933 57.42974532830615 120.92670650069712
496.07809995757873 59.95993375964534 122.07350886140303
502.2602187389666 54.046505840004826 112.42911261893268
512.030564536981 44.703880431465166 106.756318927498
517.2665842712573 49.94179293324793 97.60986769888086
519.7093798118422 59.12125247437769 98.00362741459779
522.9612341990492 62.031366829471295 94.3187927121327
532.7967345045728 64.34340938729957 92.06588299781407
524.1297331234924 66.59697402946537 82.4731018272594
518.3869313626938 58.87919727432714 75.51747569625411
527.5358931469333 52.81649833264815 75.58513631573423
521.2942129287477 59.10475863802936 80.59887980428675
523.804751813381 60.77200486286502 84.11933356704222
517.506583195286 65.42453289743415 84.8111743892207
514.1428115636648 55.84769288237922 90.3756605720638
505.9915269461083 61.45857695133441 85.11634020161799
512.7285585012352 67.8444151147658 79.39024411618044
504.48584333744327 70.53109016885557 83.90835035125997
511.141893803832 62.08171693722713 81.2900967817332
503.59156084869676 56.1994450928629 86.10854530486702
505.08692682958065 48.60136035697498 96.02723450856521
500.01232067461086 51.90799693226174 100.98166149829541
492.8605978486885 58.64072190008174 94.23371558039429
487.8937770815672 51.948550254876366 89.03320789990084
479.1704702578138 58.78396553161793 87.60538109444461
486.63613084091907 64.2974262642404 93.81865085650932
490.6271004751988 57.56833646482822 91.34645888573264
484.5723324132207 57.811884260142556 97.60872207436667
485.7080531658661 55.87305333191151 99.74072209544337
482.69198155604334 61.88140327392894 96.83171822680094
484.84330225155685 71.57512121264 92.41002792532993
487.053902590629 81.07649614097592 101.64256339144708
484.9569775360347 72.02761871086767 101.57397754653113
491.7851238860325 73.68596346565005 110.22473418711438
496.5113587912736 64.53836182310036 101.5509137329818
497.40983897284383 71.48901301811038 110.80543528146684
489.7447640844136 75.08102744515207 101.73487540508684
490.49521793750085 81.37124485708094 109.7849760716805
481.40139537461715 90.30438674537109 103.9632776258697
474.29805758663576 96.91950818892079 97.55760273618466
464.7340378964853 102.00290466758517 99.85606186519857
464.41644653176917 99.07115587242536 107.94409950699836
466.44081254643714 106.83149829834136 112.69979894843544
467.5232957248582 114.31474974178401 121.56348183113465
464.12725753911764 122.02997503582486 114.07800135132969
455.63976535981914 123.96891261895041 124.0635087601856
453.7549951812176 123.8833360875888 117.31314232630169
459.4752322323864 123.83888199268368 108.44901989942818
461.1579097504123 120.73307759808111 101.48143302844069
457.7656470494456 120.9087680561122 108.4465173021472
465.33289599988115 121.86824243344445 116.11302422074756
474.19636694312914 122.97003501761478 106.76391592255115
483.5338930071827 126.6677304904392 116.15588540438627
476.7297058532138 118.7218747543916 109.84108259570588
473.3937177699354 112.3146140943535 101.55388097965158
466.74618455656207 103.62042799743405 105.32081466103483
462.96296896496693 112.51234178727795 102.45424295767431
455.6818690274388 118.6414290204534 109.68522670533244
460.4398860495475 123.05412394508276 102.2207148576126
462.0993855965036 122.77872193368931 106.4035504709748
453.1943599203923 120.11658489876073 104.00890220808655
443.3784564887165 119.04763607879006 106.24848481115336
445.6740972521639 128.94969585982588 108.84646262640932
448.4736233352136 121.45873004384416 107.46139651126369
453.4451024736174 118.53290120712644 111.22043254500154
446.325085829127 111.21951363463438 113.10980390792524
436.9668196283148 120.48052813946705 118.15444101007387
433.136188774279 111.69087374264836 114.06813020864145
438.18092988373274 108.36736657937611 112.2965547412385
441.45325195585394 114.51553264497862 116.58677742536855
442.98722563172157 112.86823624586484 126.00298357744833
434.25000873511016 118.52266162080889 123.28097170153487
426.43634250476 120.99790582513309 113.71302918288752
416.56843399818166 114.22356970761564 122.62446015964237
408.981368445588 115.92829589564981 121.45586349464052
415.1784458544535 117.31766691180094 124.34674384858911
415.8153656793878 119.80182751829565 114.41270248248713
417.88958662565324 119.95665504786177 108.6067966114967
409.46788157225274 127.70193859576945 118.0930722441676
417.5156861233229 137.4920439002923 110.802695903462
410.2488633811723 135.96849598054703 109.02998200061892
416.37666439849113 141.55578332629867 106.7872485218622
406.90875925428867 148.22147002163663 110.245898070347
412.7318348590417 152.84524941114339 107.96727237750554
406.7041536457596 159.21966847124392 113.23038913000052
408.0838194588534 160.87682223370578 107.09225608953304
403.9973272443138 152.51974429984338 100.97955610705219
399.6972095127063 152.94385202043816 98.44775550627202
395.74277263460556 159.18875661167064 98.24939747718871
399.09538204429 154.84929224707253 88.60629371295448
391.72601030819214 156.26619967909704 95.28563768241041
388.97822357343694 147.69416303740883 104.34717332960174
397.7961986708919 145.6198228468256 107.65634183535894
401.0576331466529 140.38524581265136 105.26783668020907
410.02930095874717 140.33486636779637 103.7985682070259
400.3162292328708 148.61750702695255 103.46295209840923
405.73528771333037 140.21461748875052 97.77492257698763
399.28624507717973 133.34948756026836 100.23725011452996
401.85001839616496 137.77620200258048 93.44921790092806
401.06270815904486 138.09571377980188 88.4539404416484
402.2488523014444 135.24715964496295 80.47205897116748
403.3711127392373 128.3661185084664 90.43387643751473
409.7817565449891 136.99870579926068 84.06998150786261
402.53110199234095 137.72019273852405 85.8324813024033
403.2864835090965 144.231571220617 92.64201529497191
409.65015912048136 146.51804606468679 97.92403300220741
401.0496714454467 149.5963377006205 98.39112507484691
405.9786953742978 145.8132937897022 91.51282241276348
411.9802637659176 151.46026155755297 101.22987265685451
419.0617544010418 160.1758400756424 95.41396953694542
428.67682203352615 165.39797241935585 93.09492850947423
438.42521551276354 160.23851186859793 86.13512301334951
441.33597390262514 157.78874417598598 85.51128422507995
440.6337948501026 166.32010260070007 93.57177897368257
433.9575175924634 159.46833385933195 92.06703334973271
432.10757296331843 157.92612104468537 101.87460405686824
430.1835278575773 152.0651079138575 98.6566000559362
437.19810837906067 161.99795590941898 103.59180186816619
446.28958363166714 156.94751594639692 95.70271425171923
453.9326081206192 156.0593504489993 96.94613971251826
463.5544770250272 150.02374336617567 89.56498282062566
467.2646924683504 151.52383096493458 84.04043765602869
473.30423354455723 155.780253932016 81.36508548718515
479.3552576502394 161.50052849030294 84.29974462147852
477.9853483388595 163.0938553184773 81.54152153202976
474.77536788522855 164.3095234487003 88.80239367993342
478.7110162264852 173.04859886990204 83.10268436750489
478.74330870728727 164.40823997594404 79.24062970440262
472.1318106282954 166.74375125852026 71.96134318694466
473.84908879578876 166.80568344645323 77.16245767523544
468.9414236734902 172.5164905638386 86.23821135886563
478.4083927091304 170.97264084577031 84.80904526876068
469.8262328989069 170.4649346940186 89.64282917295631
471.7605570875042 163.409454971801 82.62201551306569
476.03904115861565 158.4333554935588 73.26199789855929
479.5555337704353 162.91972307452676 70.05445778552968
483.9437878702615 153.64686960156234 74.22008233961935
484.21393919929295 151.48428452317128 68.77016652493494
490.9447741375938 144.34629851651636 76.659462726734
482.77326874119893 147.42448704765033 78.12327065853005
480.31953619688045 141.39023053123404 82.48840700963859
485.36373097387906 149.21777722887913 79.00411206013179
490.0360718290045 152.78733873577124 83.75584698669678
496.80949362632884 152.11710275094242 78.29370283981231
498.46498297189055 146.99604712206735 80.10783558681959
502.19864731807 142.7837629684975 88.88352327274225
496.74500853282655 140.51300067728462 96.93538166747385
493.82516107748927 135.84049871617333 95.73742135918974
491.35966025580694 129.2960758455929 94.92418139816384
497.0060489390478 131.0089796591545 87.43693542871678
501.3154008143802 136.46241048124904 84.68806055812001
496.6281226476784 128.48667484763752 77.64962904238675
496.9455800266036 132.15773777735578 82.00961617145846
490.5452191887044 138.91310650546416 85.85469784210194
493.7109088722266 132.7887432277332 80.6332663732858
501.6778403714114 136.16143300651848 87.27864508369932
508.7582338096553 141.89649123729058 92.23007897261635
507.2525350819487 135.70368688738895 97.98972432539819
505.60498172208554 127.5547608564983 102.03416460901956
505.33955932870595 131.63305747534332 98.02226210551335
497.98135667482376 130.55107216672 97.9377844588107
496.5584418074611 138.80681776907514 102.19361805443002
495.1840446693938 148.20013446350092 110.3180598863872
491.2112694027002 140.77649785816757 113.8037869551752
482.1681114421264 150.76472385342916 105.50503723542519
478.48442963094385 159.81984671503 111.99105764171759
473.91076878116877 154.388113980327 106.51589816033176
482.76985871158865 156.2700925626392 112.17841694299764
487.91788924661205 164.04333085107115 114.52366185559421
488.0702911857561 163.53086004421405 123.87589898003407
491.47900965023837 164.5097535037613 118.45595852197535
491.445044301928 158.53320277113622 117.51532762755907
486.23432466209516 166.73569623694564 113.37200075810739
487.5172561926789 167.5152505788169 116.09600202762817
480.4796931633673 165.44747742180863 120.54339049840496
479.51889236216124 157.7917292037886 117.15268505079285
488.0715445970357 160.65095024930534 119.86656953391193
485.490117224701 150.8184502297017 116.8910209896968
484.7880006552868 155.00147910029474 121.19236280857761
486.0353118761098 151.65287662615535 127.68377821028052
495.30916695205843 144.52960054223297 120.57181134411039
493.24249058175246 153.48064494521006 128.00140297415052
491.05730410535915 145.34665382104887 119.42661837700382
499.97073378580563 149.23514505663948 111.50361405153014
500.7018573641036 154.7287298928713 105.64619483957478
491.3423651171459 148.37926809597207 110.1973286971238
481.6693169546945 153.8572550663861 100.82331015328182
474.22351106645436 154.0253584251062 110.66200014429995
468.2914310190631 152.2125045025556 107.7099376708481
476.3114630553104 150.1351021789803 102.00649429320104
474.66985000762145 146.7343195941574 104.93255514122166
465.02461182518584 139.68649689379816 99.72646598108044
468.2274878011669 140.96003546118604 103.8122656267692
476.85190069027175 150.92067991256275 111.46789966900141
474.2828484519915 147.0804510050642 111.44814622032142
479.0897602505836 137.8079081837002 117.04214393599793
471.00877173904166 133.73430558790955 109.04810288135289
479.64896230626744 131.6034485753803 107.64663618484003
471.94897733409243 125.6158944711726 101.65804399186369
474.8744296374426 116.96568570448642 103.33725171633957
475.6247347262256 126.62498566933597 104.0022624407037
471.7740974884576 116.9610449539586 108.83243450122538
477.6736296168662 114.57909133219547 118.55428593590447
481.732105780736 115.98807436925063 110.43783635088036
480.4785837516285 110.36578398146519 102.29680217346117
478.3196683656966 102.20207144931703 101.79732075301506
487.0012889944709 96.83813646606 93.14960717291163
489.1852363581242 99.81687962145479 89.80561473592138
480.63471064234074 104.76628889306123 88.46107198602895
487.17038660085393 99.86663300718901 97.98198306781556
478.0021312757188 109.19689322324038 105.76703565449108
481.6765020706595 108.13373845822844 107.74248627263563
475.0983660541651 102.81443164260635 116.52744325462103
476.39964611995634 93.53524590026227 119.84065872147335
473.3922350838349 95.29027354425614 119.07687489558876
468.7678988913046 104.2187056635736 110.19143875243289
460.13619332384064 106.16547019356341 117.53424335188376
459.4189505192166 109.53543336068408 114.70808570406894
467.8897954263743 118.17483098520408 108.92737139853715
475.21910431332395 110.9697738101585 111.80008122788128
482.9075266724521 119.6297854386118 118.86016228797331
474.4675061746407 120.40413317188647 125.6395864123736
466.0409530527305 119.72774902718663 129.45760884464738
457.6910475703672 116.82133618824248 134.7087023705622
447.7399352166075 121.2832019963353 138.30569083032893
444.21944410575986 118.37646112897278 141.37675871894598
445.76588285674467 127.45045408594437 140.3556838474254
437.0482200242414 118.89575403419818 134.0491728165847
427.0822623296379 116.12492719533267 132.371984750017
422.571310929365 117.65057193942886 126.96823610436478
429.8121145387695 120.94154189978244 119.01200799938695
425.216864341114 127.23784540648958 122.98418059246883
425.9529432712389 129.22836406988966 128.75255507982504
426.2715149317054 128.7067174223404 136.66480221574218
428.4868358622842 129.88891135088778 127.1694688731497
434.1156827578647 120.5750557716745 136.56588735042104
432.4581909922204 126.58300630798821 143.6993513477023
427.273122517161 135.5840727047169 143.41857116811278
423.3093966518505 142.35668082088614 148.88275726752786
428.4201205988166 149.0924666814987 140.66822379534992
429.43453229213117 150.7994248210297 149.3922533533707
419.4566232110723 155.4192059260631 153.27280379657643
413.1949777425198 148.69443608271254 150.05434983185816
421.77665993803373 139.7130646782384 140.13702745374434
426.1586377561815 131.39061019107027 141.50197885741127
416.5827134690564 121.40469894934704 139.127665916451
426.5699582803436 114.13670670424483 143.28329691565798
418.48313547478335 120.3852567717963 136.04304193368094
411.44442703375785 121.2420260405424 137.62391772226118
405.5989535805063 128.71926362432436 134.18658810179457
404.0294376790187 133.82774531842776 132.3918419815433
395.0749453698485 125.30576920953469 124.46774111438097
401.1058384982734 128.30671230630207 134.43801509059324
398.86164205342914 136.42673350416223 134.9723081186936
40
436.0925375027777 402.4673713152953 122.12557928880561
442.39444270560307 411.35162971479485 134.483851325782
439.1879347128072 413.79568036192654 124.81586362330471
438.2576453565679 421.05352343173996 114.09386985250666
448.35161157023106 425.18665443370617 126.43460303226324
441.6947525746757 424.0832025525055 123.83777863544984
448.8261342450354 417.4016015204872 119.10288242026384
445.06219808879945 409.4794052660287 126.05293881618535
447.57541883645956 408.6509358179595 141.76064476010964
440.6400014133959 397.26801561455727 136.39142272910087
453.7612565706792 387.12032507070654 138.10970172940895
443.17750384319976 382.4153959360265 148.7551695192638
450.9904831666962 387.24235884210844 140.36013654816873
452.7022871688991 386.4592839548534 146.8346416249575
456.5895858484136 380.9985936850878 138.60415992172182
476.3433497869243 392.5662200209227 143.74705668328667
459.1146581051563 390.8178999182187 139.09963766068194
474.6031098531491 397.43889442768943 122.64312178900315
456.69758070119457 389.18011934400437 127.27160743480455
459.6484037872356 369.1515327494227 140.07452713284377
446.71006835700206 373.54361477607785 145.6852598496884
451.94629537947014 362.7925522463416 148.13034640106036
448.08831803409737 366.1692437486991 146.68745744933096
468.6002648276425 366.4608829128346 154.56760947611494
471.25196992296424 377.6390697239782 138.9859062119117
474.20102700662926 361.21299431303953 152.06489636020896
472.8270197341722 370.5887956634442 156.0993912611511
461.934370616052 375.69035279858366 157.60450283895534
465.14414044873604 367.0138491027692 146.6709929051512
474.5782020012143 368.67261563331135 150.04547254257648
472.28050433563175 359.419425838038 168.6907575711253
477.9837816508247 360.6656069610886 150.9297853400288
455.0909036603832 363.36355295267055 165.37831381616658
460.70856236147915 349.8868854979643 154.07794073315003
459.65023746858 356.96299739672094 150.6651872297717
482.4636637189158 353.7905434762089 140.78649659823625
482.8553678569021 364.62649718823883 148.44815621886173
478.29969911218006 359.9763138550821 142.15485060217063
471.1151733240647 352.25543055493296 148.54276861596398
457.967109821576 361.3976910154056 146.75171168710858
