1000
231.30115107372706 400.89877753813374 495.01150309051707
238.11159589207764 403.4378986435297 487.4959490603949
235.18072948542329 395.1825555809056 482.84834110377267
231.52737245804295 396.3093524210515 477.54794363855297
223.83106062883112 390.1518848483529 484.7607153739457
214.24751537783712 387.8770002844874 480.0306567755081
218.31721573638094 394.96528727877075 485.2052586077752
217.87687518619876 402.3593582289878 488.0012842689226
218.5254147736493 394.6160148020193 496.15065154800703
218.07914736230458 398.105473582082 494.49113229595764
227.37224848623492 390.0450441311971 490.36503500968
225.22533197931946 385.15391715660735 495.85631766078757
232.75571077207212 392.66840919214974 486.90906784187814
231.60706975842967 389.4536336348954 479.6950232125082
230.55568230297743 394.12933371168015 481.0942055536156
231.62876866023694 391.3424781735755 479.6379209881356
223.119195993132 386.94141230721254 475.99042688572183
221.72278527657002 390.9192494111221 482.88284166869363
225.79411419101953 399.9079019808837 488.50243221886325
220.0815112437314 389.92809159406784 487.5200640681588
218.23942852560197 393.1941478689458 484.2560691865056
224.5409983761845 391.67966528466434 480.7646619305123
226.54854941333014 396.606982391341 488.5960755035382
233.58244319756938 404.75901230161793 489.88892258755965
243.03860176533496 406.02289345555806 494.07263874324275
238.13403133164857 414.0522132440679 486.0638559928364
243.74952377500915 423.0143888966868 488.20114802585863
236.0514222976881 419.0069756050184 482.6888547377601
245.33662591092173 426.23743674444466 480.7666452666687
246.10108719364337 424.5869655105664 489.43509651609855
239.3014839977517 428.35382717815014 495.0355771186687
239.23511259154458 434.73586887033343 488.01727891083806
233.5313323188132 433.19399075562814 493.8823133843584
237.69706270300117 435.21031950431063 495.0751926017469
238.9064476130842 437.63658922391363 494.15513875788696
241.92060565100255 434.75605216110745 502.3171759622277
235.6627726708659 426.744582626092 501.2630593487251
228.69204326983194 420.61407893851964 497.7217106981074
225.61532357449778 411.18448085046333 497.65814279128455
221.05232392368094 402.2884246401217 500.49699382606894
226.49845590560778 399.9927358047833 498.661733310965
227.63003877983613 394.7761153033601 499.12294033375673
217.76764578895722 397.02527578698465 504.8845467962933
212.4616631761643 390.0842258099292 506.85959403273023
208.58948121692842 393.1455113276576 500.2394004815919
217.6400159193935 396.7215984630427 495.41647319640776
209.63150383068336 403.7002138465912 492.46476294717496
209.96603697830918 399.88495761556527 494.9254817178479
203.9576741138535 395.7520347169724 490.6388177084273
199.7720340419944 393.14929709632594 493.28403724400346
195.9241486336221 398.5353826223763 491.69000935424606
198.87386346118765 395.32262963313536 484.84706538040336
196.27534288221605 400.47190897643605 486.6480542212269
193.26594722672394 390.77909726204456 484.26424466554414
186.26933887848972 383.44475840375134 478.64162502265685
177.60322638448233 380.35903567189445 481.54872215220183
181.91265332316266 373.00927852932887 481.2199865041513
172.48106057276817 373.96428514049 477.36052175863006
176.12972022151675 383.8071397814651 478.9119077704976
180.18496702754064 380.0726464358831 473.4119881733711
188.94600609184616 378.71034825743004 471.8409607455005
194.9789027740038 385.5553880761616 474.8995235288449
192.0407227167395 380.38534147824726 470.8204093793373
201.64381540054052 377.53511567258977 473.0008090541662
205.61796785607 382.5785556582886 477.68929877159024
208.56739814743946 392.45002737499084 471.26711731438115
204.7939531689587 400.60749327445205 479.1420745269914
198.5152566158922 403.5880716893316 483.97844005583653
200.21434626043774 409.9846634246776 489.1023777926744
206.73955771860017 414.0345905854631 481.82719040902174
201.7615989434141 422.67826416639326 485.89615436259
207.8779738532098 419.37788027346295 488.1309203666241
204.85264990945103 424.1093017935784 487.9210067849162
196.66811533100062 424.8674718877274 485.7465087630632
188.71324977840246 432.1052449616975 488.79574395982866
197.93643376886922 440.83514117162 488.4698741524514
200.22477042886652 449.68316551180084 490.3195545191719
191.97335853525706 440.97944995082656 490.0797632505926
186.31116265882778 441.45049208633066 497.72626574991364
192.90520798452957 450.4158366600019 505.7594293040606
194.29635119824275 460.365178199786 513.8545199105602
198.03571222960187 461.2269125780883 518.6289447185505
203.06716047441293 469.23614900191063 519.6181598342879
204.59893991239082 470.56821801744746 511.3818850734546
206.19422588899982 467.6683304460159 503.1287060332996
207.26147902194293 474.92446424692673 509.1384471895346
216.5386837912474 475.8643489854031 509.3267324040338
220.06069906589534 471.81193339976 503.56902058496854
218.77611628377286 462.27548360702633 496.5004683160282
222.55563827414687 466.28336555998067 487.4151251013882
226.23073944243774 459.08303868840557 487.9217007843826
224.28784299562233 455.00828790420536 489.41264551950854
215.5767387552059 461.9208249216587 494.77007282214765
209.1130646781892 454.2973148126653 486.80608655533376
217.86988008130928 459.0326698275234 485.72315905235195
216.26044506853043 455.0916869881173 492.40702268419517
210.08665973238757 445.5295962387947 485.7927677375991
206.50101467471666 440.3545954642954 488.99575464370787
201.62963313019372 440.1539826929835 484.3087980054398
201.14643550752803 431.4631950443537 477.43510250914267
194.19894586686536 423.152180463518 470.2024815844321
191.0268693872094 431.1276436757407 463.5834450810802
196.7262533295254 433.8858477072537 462.6139278398449
199.0067093869295 443.29581528183735 471.5443922944148
195.45966056244532 443.52735583562844 468.8380302786839
189.98960147168006 446.63061751186854 470.35742156626065
191.87022635083736 453.07193308015127 464.25091545989994
195.05838727370383 448.9734266384051 469.2863117099129
195.02101772606983 442.7316240452725 474.03713840904413
188.25677369732784 448.3758507754373 466.46564832680986
197.22963421050127 448.34122902579827 467.8183655558817
197.79536036463205 449.3246502735329 461.86183714489584
205.576374775417 446.60479731043137 467.7802240242936
205.04883570491677 455.37734269197705 466.55109019813176
214.45764921630627 464.79932772655025 472.25148379473126
221.7357320463447 469.9042890683567 467.99453344895466
231.70006924869915 472.1130151332466 460.71168270225434
224.21256863287655 471.5816522731008 467.75864130574166
231.61838386763498 478.78191168503713 469.63828795070805
231.80255054930947 483.0646128072024 461.43649021575624
225.78748021367437 480.29229954797273 467.97705673487934
222.93875849992955 485.4844114855557 467.44449970077744
219.9619057681589 494.50925337969494 472.2006665255921
228.88241085824023 503.68680302551354 477.02503851170195
233.06047519891916 511.79404230180705 482.8814460320639
231.7489595851528 502.86571285477913 490.32170771871813
222.09429174110105 494.47558135693635 488.37577513150353
231.95661552630924 492.412097460884 496.77636482164974
236.01668895545203 494.67879424374297 491.71267454090497
233.69087771383045 486.89526494267443 493.538241659166
231.52652274231406 482.7206687996302 492.3632589834458
239.2697198086672 489.2841104307279 494.34549650979227
245.303417436624 493.6277890471991 484.84415083765543
244.84314456271343 498.6197625508511 488.6404269678875
252.26495791855282 504.58627280341074 498.61534382344377
258.8948663458308 510.69119698900835 498.8908545761726
253.558057836691 511.26281760042855 489.775462346898
263.1994945755364 508.0225692013448 495.4010686506152
262.1098339559541 498.2885919460033 493.32756364316845
270.15779836047295 496.7264911401044 503.2270218221538
267.1005309579515 496.23366446444106 504.79095126036793
264.5504406002081 504.10183291732574 499.6594425166265
270.44268680323535 506.1029274413874 500.75272862821083
274.6259075298616 497.4365452022054 505.30586978535445
280.04544916560747 500.273779112549 498.48948003346936
280.36446563373204 507.3402248857062 499.3195308359762
278.62035042027065 504.52531897132314 499.2108752711366
276.2287522984855 504.33641718877647 493.07573972301236
285.1372016522259 508.4512052814387 494.10514329864446
292.5407394349836 509.34472069784186 497.1225983948122
284.5679761819839 508.70616628885404 490.10380634626654
289.44772135431066 499.04739157226504 488.5844525935119
295.958445693335 495.4463093128994 495.128863818287
296.12990625583313 486.1195370704926 503.81122806262005
289.7389454125178 484.67938063789666 506.8002931442137
282.4336025179143 483.41100088181224 501.2026957211923
288.34005763103335 482.9973390413885 509.03142407262817
297.7474526449632 492.2244957137399 506.1945700330629
295.32248530223234 491.31074500015706 508.92184969182273
303.5947576317714 485.86220170927373 499.1328112888717
309.3303425068507 492.10240144469543 498.85617055196417
318.10472497976355 482.5371337754129 501.76376770556135
323.49491427844094 479.8721058173724 509.95936209892983
322.1060298627477 484.6776051723868 502.4981701272496
326.1064819142342 482.27414270926863 507.2554009957831
328.4672328560651 484.14320093476766 497.47485055678226
319.6162068620686 478.83354151359043 499.92848592342096
311.10967114381293 473.11461061838395 504.28993691559356
320.3636397086105 469.17284395373355 502.90686658240173
327.35643722945383 470.84748114038865 503.87787158574287
326.8905131317703 472.32680667851895 504.90456565281096
334.85838974282734 481.11447501164724 502.85994230384307
343.2315942638672 479.0371689955431 505.8312816044292
335.43324967477645 474.6594818440514 499.2339224164009
325.98158076586526 471.89326466274815 497.19755403225184
318.61869830862383 463.50558844499136 497.4949415429246
327.6118222037279 463.65468501040067 496.1630124122081
320.69753415405324 459.6836541922743 489.5433729379338
315.43334020964306 459.64573438848305 480.1834603541191
312.85263080167044 452.9529835116279 471.1495865148807
322.07430524775896 456.2804549755421 470.5670007641859
320.0908504140235 465.38158449392984 471.04485121595883
330.02353874315867 474.1916737105982 466.39048793783047
335.19862014011267 465.89175602963974 474.43109102175646
344.23167806483696 464.7051496069411 478.64769591689026
345.563523958152 458.9977775385049 486.2007760348684
351.58641886589544 451.9335956400657 491.4368806297325
358.68015924307116 453.41838059958906 482.88063944981104
352.750739795794 461.18708130315986 488.4092936401539
348.7311857569908 464.10173225901735 495.5185267480811
352.73876214863293 454.58778450407436 494.65878420857774
351.7501808703133 448.22528800714343 495.8676945428936
352.54597931536506 457.3125802788909 497.81801599380793
344.92029296587435 454.5514356990414 503.0656055128122
345.92925580839386 453.0114119621855 500.5781942758107
346.3385740742387 448.01730438450795 501.398375627144
351.3821735003314 455.0363980374399 506.5763846056871
349.7642156669853 446.53177845862433 511.93094068257346
359.3178340800491 437.9249715563421 515.6457977103084
354.2195413628205 443.10723678792607 518.9071652672944
351.07715792063436 441.7252165916139 514.5082907458979
351.066349020211 444.59952736680583 514.2042680344504
351.91202353014893 446.5897851556614 517.577815005975
355.6827513912448 440.117054138416 524.9756031861237
360.40792600407065 431.16148263062183 531.0289462206515
356.4348668290754 440.4514001408006 540.4557917574836
356.2865306869404 440.88690841362643 535.4109098082945
365.36669451153506 433.5846558758649 531.01895914477
364.9249093766608 439.25418640782124 529.1362643203469
361.403349904393 437.44945512188133 532.0695479896881
363.0165753912401 432.7023157543075 523.1464143544271
355.0678865717577 431.14060735939256 527.3292621270666
351.11995074191367 430.97035050019974 529.0829271986288
358.82353467865215 438.0637886358151 521.0981755562208
366.75442133148874 439.0909747194344 517.9855194441263
362.29844889904007 443.8869254134024 508.952063215012
353.5901555683816 445.91926015871127 504.62747257803034
347.3597772492397 439.6142852231405 504.4990431011286
340.9227806427824 437.9829314525538 504.8757813444739
331.58098711813534 442.0153253508704 497.62445415892654
325.2387328080847 445.250145819065 494.18874942625337
316.08453674279815 453.4565187357319 502.19790386070576
316.07555645321605 443.684731991234 497.3059055726758
312.23370707602027 452.20677960360445 492.8477833986106
314.93092297446293 459.33960983739166 497.7581945450964
315.25498670360065 461.4826652099485 490.9227740368346
322.15681144566844 459.65453310499 486.9783451978345
323.212886522118 464.8600380898286 477.3983562014326
324.7912576224914 455.0080226989288 471.25418443293825
316.2815941706247 456.16473362143074 479.2656397359998
310.72886332699255 466.0477669218011 472.66672116244325
302.3899781494407 466.08779811429787 469.4991543740783
305.27165707106525 461.6841394190235 464.90716365877125
312.0037861665473 451.87031816845473 472.3406688259473
303.2801370812023 448.16373089803795 462.76944540011687
308.33579695336743 439.6983346103502 466.36256254942083
314.016423226905 445.3832193787894 475.3108630110495
309.5747272944327 436.5550242221159 469.98477606368704
304.5060604348713 444.56104708661223 472.5693615348083
304.81840873313797 438.95493961787594 478.2098844157257
307.75260767402114 438.26758532884855 484.3075890884593
317.1335777053243 432.71819233135096 488.5875876318747
318.2665928292336 422.9248504266878 485.2517820513561
309.24124512337363 432.1651353744238 486.21817538042615
318.8452754729843 425.3443329374771 485.4314611225994
322.7216250442086 432.6920162557171 488.0752590619704
314.8880810976645 431.5930388418782 497.5688339454752
321.97293478776936 438.9843282712836 495.3894282852971
325.80631213393383 432.7172412132544 499.28580547032635
320.2386693963987 423.328679342835 489.60866283093696
327.885383603414 429.0604009958125 488.65666769199896
330.47993295737257 431.90359673110567 488.71335682512324
337.1768975490511 424.8018206179588 490.101852825217
346.8527560967948 423.8818797373696 496.2811442479857
349.1977840208234 418.3986616731649 502.15896490913707
345.86209985332596 427.2706293936406 504.48470477380675
341.29515826875456 427.99543296062035 506.50775726552104
349.11301549917397 429.422282188646 498.5630450592526
350.320821231152 435.71984492814755 502.07661436324514
356.49970210118215 429.76825146121865 492.60241920584826
357.81939390187006 439.36966562484304 499.7088982363498
348.807535560819 446.78385456068486 507.60668102222246
344.23125861919453 440.15488840444783 516.3761244258744
352.12477710602354 433.1066442646729 507.3135897547397
354.56318243769624 439.34792162665883 514.4668947583272
356.11047007573757 443.81647102121764 522.0146447637197
363.2573333856348 439.14491637026936 527.7912350376172
369.9068249324415 447.4164705575363 533.4617685091531
369.069120372031 455.2482820705489 531.5145396016806
377.8020371377825 453.5003702920594 533.4388036426479
379.4148004396468 455.4304030328808 529.5793182574884
374.5318710874087 454.17936541458334 534.832828925385
371.4516689228234 449.42873848564733 526.1820700660677
376.2000013632504 445.55438818705557 525.044741415831
368.51398520053795 451.1743364601706 518.9368939645236
367.94612601124066 457.3400221209883 523.663387459128
362.44003679037695 462.9848392363383 523.367789736838
355.2688248406743 466.37795215394345 519.5954763510254
364.2122350828338 465.5132443233945 527.7051341580014
361.61484803787624 467.0271172897 536.7605402431158
369.85898748097344 466.1862747707501 545.5047764695217
376.72846394797256 465.4363611339345 555.1793158989015
369.5114712645048 471.00596198110355 554.8860215257249
360.89808761204927 473.7865312011615 545.5031955862645
362.22399888669713 469.8883780199975 536.193242314171
368.14329454547743 461.9701840143824 530.1674097602273
367.9593164463101 459.93990277458545 534.1022870991612
362.1517303463822 453.82323548425495 527.3304191241126
366.94845438427336 460.0872955234428 529.4863427515336
368.3523885876808 469.30970863935744 530.7596569164086
374.39274739878806 476.6440976237937 525.3806760742448
375.14542661904636 474.5178442738486 522.9239810785216
376.4926641665244 481.3042544825395 525.4257783563929
366.6061126929561 479.9259579637707 530.3968393015697
365.53587984721065 484.7994843901959 536.9009314713513
375.45821581561864 493.52109603623524 541.0690626544505
366.6301765640212 493.5138638211852 547.1254339134866
367.9321087966404 490.4156600533422 547.6744699088812
371.9454194272809 480.69187505960963 555.0716620813364
367.91712134547004 476.4698540449271 553.3134888580925
363.1489636759652 475.32766429163206 548.9678420796737
369.17583302452107 466.8786475868448 550.8024605325951
372.6538468298718 473.1043219734679 544.8102385281762
369.39605166518606 478.9622602494882 545.0661785865137
359.50515362365365 477.79124189007877 551.4421005350769
365.6958587835446 467.9832445704907 542.5487611475153
372.32019281807214 458.51732000367343 547.4839773724601
380.9899744521806 450.8284509298842 544.8003710501599
379.0312204603121 451.94755936775056 551.2110450970166
386.99791488561175 451.7607456757821 557.548803384218
386.32058677635047 454.39003180876506 558.7526598318655
380.9442183856831 449.6241794172533 553.7838423664343
374.30717489093195 447.61546836924816 545.8838523829525
375.49875724247073 443.86274612100766 545.4830020015289
366.6925993231392 446.065929863742 536.7957262137054
364.9916948756587 439.4137358967949 533.6730511477525
356.74960215293083 437.5103939219101 528.9230242534348
366.6387738740919 434.81041214236143 522.8997099375263
362.44102090597517 440.2507502855987 528.9223940325188
368.559437295695 442.9457122306071 525.2022783649505
365.8795843678386 450.86049680380586 526.6866736742949
371.0084499071991 454.3240072487205 527.9281370430094
366.88084996152185 459.63422707929345 534.4503748530927
368.6797706819077 454.322018050774 532.3837455214357
371.7921122280447 459.37491857264695 535.7341615400767
381.4976339302679 465.8127582821126 529.0127147229489
385.62940948659656 462.6853979330893 521.7241967789396
378.214107114744 461.17605262691063 520.4966567956087
373.9686136187313 467.26639503005504 522.6539736667729
379.514356115524 476.29537601644256 520.6383194092152
383.47738234339704 474.6674211990638 521.9732964703418
376.82202075897516 467.356059028002 523.8914235396757
373.11360338537077 470.7277166224578 522.9073468626761
365.14283282427425 474.0817338516948 530.0120923423806
371.38338201377076 483.2956718644923 536.4526108279019
362.88929160682846 479.87821385799543 542.58763950126
358.63206581106476 474.4626374124309 533.8716930604398
354.3467152119617 464.4973703707933 528.7551308295583
353.95976907567103 466.24580498137135 536.0905798256106
357.02738464419645 464.83551111176206 544.0221656604414
365.67878889183476 462.9384242671416 543.4306276347781
362.3648097786972 458.36954541020447 538.3404681953242
368.7384304129541 467.7553106639314 546.2992658012814
365.36683277643664 471.5761973147083 547.0361627528313
371.12971103704194 463.72674021094394 547.1265085890744
361.3014249600846 466.9813991263377 540.06153915004
364.5111774040027 461.86666582672495 544.0094068773245
368.7365533492892 458.39254362154253 553.549907474202
363.78970453301264 463.7443055811788 560.4840027859943
357.8543680727784 459.70778765301134 570.3347578731701
366.47282936860694 456.28580607162996 567.2431290154403
373.944244047647 454.16432986564837 566.5845693862058
371.77882632853147 460.9780033647951 570.9585447527817
366.6266050915984 462.7963634303874 576.9118139822257
369.8255181004579 467.14178966867166 573.6249931506634
376.69608975323086 472.07465738290904 576.9210845763458
386.47746593777913 464.3216578909668 573.7715636595417
378.05080933474403 459.3308471744219 570.8367368065735
382.12858932799344 458.76790643708915 577.0753359562214
386.2751004211762 451.63855824510784 578.0451616356095
388.21450499502305 441.82450598686165 577.2903450007395
396.89883075597567 436.79429633390964 570.0762657138204
399.31442840342527 441.30385878878684 566.2792691535525
409.07653202081144 450.12066961296165 569.7788410575849
417.46617250585945 452.714911025952 573.4068132437792
417.5495430585134 445.8308606504353 577.9221714302384
419.29778913227295 449.44963224476913 586.9673765727807
409.81480328363637 443.6016872069038 594.6097249688027
404.7304127040737 447.9983552207111 590.1305258477952
395.1937118042899 443.0407733413669 596.7537723330291
393.77134167181515 445.735497198343 601.6915061276836
398.84108576510584 443.6867971549628 609.6843010929637
395.7932336533367 442.0164864784438 618.1479154957611
392.0565564613244 432.94267089518485 610.2707997606253
393.63681934730914 442.8495311774295 618.220130262685
402.48979012378527 434.57427296991284 620.5047664767974
404.04428495067754 434.68190889221273 620.7456950689686
401.63854287858146 431.5670226466601 622.162199324666
401.58663905097126 433.1307047446734 623.3672312378075
405.9848369182368 436.2884896746542 622.8732492128929
408.0966444787241 441.73864836189966 620.9730126267193
406.64643653240057 448.39386667172585 629.941730549775
397.55910562393115 455.0257678421261 621.4716802058716
393.51125413636555 447.4217256891523 617.7698685001071
389.28855177518744 438.10848921205763 610.9113365130395
380.00140456929324 444.9460227407022 615.9742432428868
388.6975754857612 453.315267967637 613.0587668718331
396.91021214945494 458.109008569284 607.2236906983865
387.3875215281527 455.84780114764425 609.1177527179374
380.70140129196034 459.65653202554336 603.6637833241765
384.1711059485507 452.42300025223346 596.8152685794088
388.39329805411455 443.40643206989193 591.8827763698473
381.5576144466273 448.6145964048202 600.957106962743
388.78898494044716 443.4234663560959 598.3511086457929
398.58801834163904 439.5036346006914 589.5020928005642
402.6201849970697 448.58068239067273 584.7243972139771
393.08742764897397 451.7796364830878 574.8515233278665
389.9112874708794 458.2614141478975 580.9989936050179
396.40267432308053 448.9535766084198 580.5448067411382
405.1926576178421 453.8610963487378 578.2782673975875
404.2411061404549 454.1636987728263 581.3549111256217
397.0973842737297 461.28239102409736 582.7361443106861
391.68391366809817 469.22522541829113 583.2424218378962
384.9296844432208 474.38202607776765 590.8079095108926
389.1490771882883 474.14464824785915 599.6566443645036
396.7465498560759 477.59275519767345 596.0173240765965
389.2413926411634 487.2791352048304 603.9669815973213
384.7010550735211 484.7474861226969 611.1814564847799
385.98156179875895 490.6532259075807 613.1952268482411
386.74275362427466 491.5934351259363 612.0613897017355
393.9911459771899 490.38499348099504 619.1651306059214
385.83287070900366 480.85074630425987 621.661727068717
380.290402776931 471.6317621813605 620.8596808837997
387.36047011393794 480.4930119922298 617.7899072279588
392.95695700001943 478.9455670513461 624.2115785477857
402.8030437267484 476.7124613287819 622.9763231264817
393.1428574502289 476.6199241989425 627.704678359618
401.0399973226847 477.8233156284794 624.2260272415472
403.1929041950613 474.2372384422891 618.3372134601617
404.8419083963228 467.5743547688464 612.1805742379272
411.4559366909076 467.7217826462985 611.539312235791
412.3180309852859 462.88298859879177 616.3077667377863
412.5289389071123 456.0538805724018 616.6459193653632
416.6160079944347 460.9356523721862 619.2560537599478
416.39115725277316 453.29352031208583 625.0180427978671
421.503501727468 452.0150216269091 630.484258626119
430.4014232195679 457.3748713358754 634.9874801210118
421.01132598422606 465.32617433459893 635.626084465736
423.4719316544277 472.426274841835 633.2975991162983
417.1867532167102 481.987117436982 641.590831156374
411.6698850299543 482.24427047648885 639.7561468519216
417.93426532826084 478.1487231785041 647.2213627325012
420.6968593293119 487.36642473143115 638.4091591120139
412.48162047936523 489.1732118447721 630.6307126879653
413.0220327068518 481.40555933576184 633.1593746916855
408.7278571017089 478.6145080423119 629.9472222444659
407.4774510701874 487.8174139746711 622.6485744655047
406.4521739997226 497.78984107497877 617.6150737420253
402.6564463325484 503.6189349581632 620.1283231010975
402.01115404175397 511.1574689154999 621.2874060963044
392.67025326158 517.4806718191979 612.816303307803
400.3479345604542 526.7952370887037 614.0436835583844
390.7387364970088 517.9459783401196 614.9909704149518
399.43806235330425 508.37672535076314 619.217586001634
389.75708653307123 500.20052886834674 627.1984078505033
386.9232303319517 495.84932282066205 630.7126981788343
384.050427416074 488.40641383814557 634.3453510739082
387.15156233271176 493.7292674722993 644.2389350515754
387.85658149502774 485.9246359805727 647.0489152574033
379.67115851847456 494.8315258141711 638.8944547939043
381.20101227890655 494.23518558306716 641.2794260172197
381.4690106336814 498.8031971102966 635.380576448414
388.3333463898605 500.32846543756335 625.6168092278176
396.23242430992786 499.90264246273597 629.8477208003258
395.2624520175897 505.91776281890736 635.3628484986824
396.2899027660556 503.98651818726273 644.3668891518055
400.02214501388175 511.4618261359709 653.6876839086186
404.32304459507935 507.92010675108105 662.9162685652577
400.5039913687184 515.3105629830192 668.8093246249836
391.3405486659865 514.2928953348425 673.938274689963
389.0077857573079 507.56180630698077 672.6328347912137
382.31847322973357 510.26038217922036 671.0606243815548
384.75550800337817 503.399898103038 666.0605161782005
387.7999676816526 505.0249075009077 674.6578359101372
387.6435413796761 500.6761041722814 683.5965100336466
389.39513830132717 504.6129971686039 679.0127726453144
399.15813939268844 505.4851777973787 683.4852383532054
394.01630129713345 507.17346910313717 681.681729901514
403.95089107551183 505.7082695743783 686.5672594167718
394.28232923877067 499.5704641668285 691.3360739250242
400.1451574569792 496.7523792343903 697.1360415424141
398.9412464113491 493.027206519831 695.7794906964455
399.90601677804744 501.37455760820296 691.6825664169434
396.8371344757451 511.06236311602015 698.6278584369122
398.363850964672 517.0504112077325 689.4154958210282
392.5522513046512 511.5148286426458 692.6248232528003
401.23285632047595 501.59057040877485 697.4341915916627
396.2411649413182 509.07707491280644 700.7130568050841
396.73410876591527 500.77561089790805 698.6378629580612
389.9480707901902 496.64887999282183 702.1492613176706
398.41305320236086 499.54219524375674 696.7964161878425
404.23417455941825 499.9780227830571 696.7426378286008
408.09567060956493 508.09127372971597 689.5050091100168
408.6758197726172 512.829390634793 683.9221656173223
400.7022420945867 509.7236343247251 676.9284180968554
402.974127460597 517.0386799585307 670.982924976658
409.3296826570191 525.2486542409913 676.6887673280648
411.2081759600748 516.7287662733823 669.4452312513556
407.75740887366663 524.4847952876455 663.8022232523904
405.61851121431147 518.870200585824 667.7725788138783
414.3821305647168 511.1157712838866 667.1584074907375
409.6447608107884 513.2752538988201 672.7034029721443
417.31414041886666 519.8455607548743 681.7533983684708
426.3952299380124 513.3690449982264 674.4811474766948
416.39917218645974 522.5785149705204 673.3423000914951
419.08190125642216 513.9200991802401 674.648745179825
427.37995894614386 506.99086611107106 672.1226573438456
433.64270234775785 507.07692946976874 680.5050243618939
428.0433117115954 509.22155267692943 684.5532766598395
431.356874762562 510.4142879091888 687.328433429866
437.837901945466 514.7033047581285 682.0376753307535
433.0961426765546 524.5455126688718 687.9370134409886
436.79382699373895 529.5077768788956 693.1119793502315
437.37798028265075 522.2916628967062 698.3891934666887
436.4538307717233 519.927371974864 690.597028695907
434.69723615642886 524.7832050782173 689.7086353899086
442.493681166862 524.3963328231232 698.546925301246
449.81722692077557 520.313942944821 698.8954622253342
450.0072901871385 520.2934057183369 688.9795119095746
451.4039017774753 525.8591566060165 695.5080337468512
454.3446855082527 535.8292826599702 704.5701651160961
453.03001225416654 526.4462324055718 712.5784956203299
454.317131803109 526.6410462731934 714.338145526462
456.8950983110694 534.0205862225482 719.1429667264673
452.35575940596453 535.8047247328803 720.1954983226351
453.1790738067532 538.6391474406819 725.2449945689475
453.3266318032146 528.70406807325 726.3322266203794
449.6082124257714 521.2560912283017 724.2491438753004
446.37099688031304 519.4314507489519 731.0539910680254
448.1432425134894 517.9080743797791 724.9901506333515
445.7844242476423 512.0586712362963 725.3833759831767
453.4495460559267 512.1146466017843 721.093710401424
450.0876112421034 510.9153771932394 720.1977808693903
441.5771948122074 516.0791655164621 714.8963555403834
436.279138755102 520.2849378870221 719.7974995682156
428.72605098576474 523.0310458007942 716.6397838839735
431.44424886836896 528.5167372049966 710.3395499788323
433.7786475567636 527.3328940722932 713.5826244544903
426.2039880320475 522.2736389719751 715.7063093651068
434.0386190645638 524.5948373913463 720.1022992442719
425.6018997641775 520.5649383967002 720.0165699691851
433.8475836816851 511.58140567120574 717.1636530287334
436.31249462606854 515.6993143651599 724.4632864651155
429.07732745278054 525.6709063851706 729.6974525579418
425.72096909629266 516.4506421308545 725.3242301431516
420.16259700263623 524.6084422176559 733.3843472383835
425.4398086116512 517.5741466027009 733.347243186204
425.57393309907144 525.0531905995782 723.5415128313005
422.4967682272589 527.9243846757336 722.9017120382579
416.39041650050746 530.2885799645688 722.6046653719931
423.47414562299355 525.490621141785 715.1745043986288
427.3005912814436 527.1391307000929 721.7990950280298
424.0339292614903 530.4753807130534 716.6172985675787
425.76941070826354 540.2998935832924 725.8932731909271
429.9776738640282 533.3835124604711 735.2361869574048
436.2319386233736 527.3810220608974 730.8529405248672
436.2416393246223 535.5314957686386 728.1759033362109
440.6069108528921 534.046906400633 728.9962613992003
442.1368014092068 524.8956313285943 732.2351665413191
438.35965147954596 520.898530951614 737.0451148551525
448.29058999922756 516.651457485858 727.8110175165758
439.7083182369654 510.5108658594201 724.7134202951031
443.5516771763519 502.6144090397557 725.0641238462498
444.99238233510243 493.328114055975 732.3594955972317
442.13022737927827 485.7982245461612 723.7571200137768
432.4230318198225 487.8402248834353 732.7347258784733
428.62077070433804 486.41329445660523 723.1478656510202
420.88142323116006 495.4882328314732 727.5558751418995
411.6353067376621 498.40557815239424 721.2069774643684
418.9383941877831 499.3192198286411 716.636487048845
428.120368525747 494.4979271644308 715.640379263455
427.75358308339344 487.25670664824975 706.3600815685878
419.2543177166542 488.30616644465704 708.9532778409161
415.43499469757256 494.47109167840733 704.2987356084958
416.76406135722027 489.5913333459708 709.2696993813124
419.02218078937454 498.63041962449023 713.4974971340973
425.67249213376715 506.31503931130084 718.1424721797288
426.8428705598444 508.93161218697924 718.4588190553342
427.9685914840995 505.2740294757474 721.1554290742574
421.23514694472993 507.6291056941528 724.1243459519902
412.7157174551772 516.9584893485293 717.6749044467263
403.8998567763915 520.297620874438 719.6423165813893
397.0355975765281 520.6829463259418 725.4108502532376
402.9514495290261 523.1000771388053 718.9553313932856
399.249537687583 523.433121075309 717.4356340880378
407.38393277392584 521.2748744790035 720.0941159383559
413.59731588018667 520.8291733127037 727.2412858912119
408.25183320172846 522.0428364212162 724.0443306981424
401.9125376034521 528.0581348133117 732.1581272804525
394.052156282215 522.9347335593179 730.6326566617576
390.036892116987 528.6840120365131 731.4828456501704
381.9354757045526 523.7543185941671 738.3758315963926
384.9074526981988 520.7208403938877 747.4852557006697
380.2893709397831 521.4056061827062 743.2921767045194
385.75093472578266 529.6118030341013 739.5035486212654
384.8201395581457 530.3368298163897 729.5598732997097
380.3024057863362 531.7389336961332 733.4390962217881
377.6196359252441 527.5809231429283 733.1464277165975
370.15692913633427 527.8704834846446 725.9145922092613
364.4076821333878 520.9097996082783 727.5597840157104
367.59174914516024 525.7787051403604 721.2641537907238
375.13259080627864 520.1910868886719 729.1170914969306
381.6067592735461 524.3842935825113 729.4900055827494
382.7349559782697 530.6519430888935 724.8945901240527
372.9605923729795 523.3350727876852 722.9511354499283
366.5053255671612 525.5759027079273 725.1170838451586
373.75624111223 523.0516167782371 719.6940553649295
375.8523305743607 523.3704395644535 722.8015976564952
370.7059849861405 532.4519059021142 731.8466741019354
378.8423800062962 526.2897470373404 731.5021893433095
387.6491056928266 521.8615135417853 735.5263267544101
384.5642784670728 516.622066637181 734.4491599077028
378.93866408953465 524.3007337527016 737.9045769726982
379.74558445482137 532.624701958669 728.6497759564725
377.39132715891645 526.8196467453932 729.5239523301881
386.1191403367099 521.2356755255412 734.3047604272043
392.09081023512374 513.4817654676988 728.9104738636781
386.1182772363865 510.4564262524353 737.8887202234787
383.8303947240891 516.9440201897089 746.122810565041
389.94597860505763 523.3658396913529 741.3037448999369
395.73813722920085 524.9747619471891 734.9790929463317
398.75216279291834 515.3318720247045 727.180910107928
406.273593040654 519.3785567140433 734.5601812371445
415.5171106527379 509.95331911779243 729.3836910751727
421.5659507437231 501.88145541845364 721.7773288912931
430.3824460946899 510.7601018038358 730.6700350095364
430.1991535947219 505.8483569152848 731.1960809682611
433.1349880535339 509.426642446819 731.433893425082
440.61001411974974 515.1028620544687 731.0734827368384
436.43361880733386 506.4673233815871 737.8634129194891
441.2594723367532 497.5999153405318 740.8236654857005
436.80424955376964 492.3023063733561 736.1328909789156
438.43058691537937 496.30032713201547 745.7462790063447
430.1367348126501 488.2496473645491 738.5373867011756
439.8753127466525 494.5961720230101 730.2403492116961
439.305490916648 496.05266268182066 722.7004179868048
429.9928941063372 498.2072557852025 719.2144867117755
439.9080951544846 497.3347447003415 714.2512479579981
446.779440868121 487.99450333473 713.7743212294948
456.2338736793031 495.8982155581072 718.369938190285
462.16492855102956 491.076708179722 721.0006854364281
469.77426494336163 500.4511668507292 726.0265930015739
474.7444660433228 509.7031954867324 717.0169565105974
483.8846096993849 508.97997157265934 714.2028374878422
479.80592050571045 502.99193290191914 715.04190877423
470.58963312039293 493.7078753212942 709.0660841994046
473.7211557677416 487.9663529727315 702.5719145727035
469.41872015161323 489.1508701021346 693.6558351722969
464.7977654413562 487.0144927988531 694.8231991528594
455.71897856383646 480.6048811117545 702.0323283630681
452.98497697424943 480.5187856188133 692.4679284089094
445.2512852272947 478.50408442870327 696.4122739162036
453.19069820052215 484.04741140785995 693.150880156962
457.2798185124015 478.6814748700625 699.6942977210925
455.88596324155753 476.5517599805608 693.0196816072042
460.57855696412855 474.49090203366336 690.2698461284062
462.2824962180475 482.38911208817666 681.9243789392209
463.6878990630348 483.8715250623888 688.7879747397674
455.13471056993427 488.95236174518817 682.6896879197834
458.87922471013906 488.86256191226397 676.3940601263671
451.05347443202817 479.4662927350844 681.7114940989442
457.87740121086733 479.47159679283527 680.5089347432331
457.5860469495147 482.15529819256864 675.0093585194866
457.87568928790074 484.4850595641232 684.3281455116858
458.4778416298279 474.5441696224876 686.6787899692732
456.0822393305249 476.85350457703305 692.2969865078617
448.665006951718 471.92535445464716 682.666724780264
439.27710276155875 479.5334459527802 684.9993627962579
449.1497654617083 483.45521725648115 676.1972538407434
453.6188544690773 492.3977223165732 675.2425347745268
453.3783774949008 492.87336931168835 674.6244200813195
446.065099008951 499.7840754186072 665.5239159785966
438.6892352034775 491.9387451385869 673.0997564350222
440.8553749364577 495.4250315013046 678.344644691803
437.56036584743106 502.8704938354437 676.0674511307539
444.1333379443512 509.43197554945203 685.3136663676696
441.33924013224424 516.9968453152687 676.802058122027
448.4426094961476 522.3588585102326 680.6739849360588
443.10516661545864 528.8223812662143 687.5908959474148
434.9453925465701 532.1927621414424 684.8127265596275
429.1396379470619 527.991189076259 690.2689203106664
420.0908270272183 533.3867149675592 684.6289373892268
424.92341793569875 542.310020519349 689.8447285210343
430.21881972403935 533.8160393968499 682.5538500690109
431.5828849703287 530.9071160195242 686.9935773950222
439.3910800394743 534.0545661376967 684.4107844053606
439.97122983687876 525.3804223938275 687.7927478830608
448.7649849181102 516.7714921666826 679.873476690496
441.70876566071183 518.8113410006309 672.5083397754395
449.76094878689975 525.7155023596556 682.3358141675831
453.09847371071174 522.5647664155852 690.8962956242631
451.3007273107869 517.7316661621566 699.432398557532
459.44134273816627 524.6816899801944 703.976917225824
464.39196436916313 525.7176540597927 711.9768263278302
463.947902430406 519.1117460087243 719.0798026131168
458.3351349303025 524.3500138815122 725.2534791046975
451.56109860751434 532.4109590896145 716.0525147036221
453.7103517734245 535.0988145972292 706.3527611171739
463.0748536184237 530.3796341377138 711.4093714621902
464.1111719119043 529.6724861417396 717.2949244464179
469.76533745026376 535.6482006891507 716.9734983819969
472.8569674589229 531.0800013419674 714.4160359212595
468.1629012102473 529.0980116592003 724.2327786787301
475.34243404294295 531.0624963843528 717.9284461445743
476.386391039969 527.9333615030612 722.2890032503677
473.9632522270094 528.1567312213599 732.0948011637721
465.64957323393327 537.6891545678143 725.4037396816456
460.55415622906 530.2000160167395 726.7157005182561
452.5324887230201 537.860518359386 734.9204257367542
461.4494093858267 528.7897049002323 735.8435865029614
462.54389919015244 529.1570223628017 732.7899934747868
471.57315830583383 531.5996683581564 736.1232427408609
462.9278203021381 533.9829265886736 731.5153736722176
466.6043715639176 531.615791269555 723.3331210508347
457.71883957676505 537.8936957187681 720.7006888532688
448.72440292245426 536.651557633008 723.8420326289089
448.0829585354798 536.7256946482141 726.2545809328223
438.74107190103445 533.8150583588038 730.8105797678185
443.37428509927645 541.3191793683857 735.439936022268
451.89669425312707 542.9224686473128 739.9404964884571
459.21705149899304 546.3179771137211 748.1460362672931
455.1400674492387 556.307015642734 758.1200864056004
447.41716479639086 549.4154858884357 761.4174711057179
438.4781016279364 547.1471811664633 757.9628952453696
434.4563697198095 555.025338952866 767.8114932714404
433.99588587047975 557.5325434504467 767.7173042445611
426.48552388911094 560.1872308529198 776.2146283589378
426.9933167722269 567.4458845928846 767.6741926732489
433.3899154576442 560.0014844270614 773.3564705205604
423.55953441471445 562.0432736346129 775.0544219976084
420.60278223599914 571.343725529529 772.5483565078945
422.02584444663717 564.9156756794304 762.922446639959
426.5689459245986 560.9774361824217 765.5186868946089
417.2524981077189 564.9608887928966 759.8490024825775
424.43666277168256 570.8836336819584 758.7027321663525
431.6360259932055 566.7305426855639 755.5522866281981
424.0361115665199 574.9731110352399 763.8369522918409
422.9147458940403 577.3553426847067 767.1337134491482
413.4543557339653 583.7943638535094 758.2365878267555
406.92771470825704 577.5407787236231 760.3189660942587
415.7351223290024 574.9154084608284 760.1746364156439
424.5317564239634 567.9107953594221 765.0199978027401
424.4280452111133 568.461091594601 755.0674445040336
421.5384943991118 572.7101158096996 758.791894825132
418.42350914266547 574.8592438213528 760.4741253138767
423.84486126185607 577.9522332469214 761.1288476123855
432.399358915392 584.8365435128096 768.9592099812976
422.61548915024287 589.7558133227736 765.4201418844415
415.2728847277552 591.0666429696403 765.2879202532957
425.044904536698 591.0258965009806 774.1410289976019
425.4747939804916 596.7229074710054 777.7455865701958
416.9992937353385 599.805637543048 787.6927391383509
407.1146991131326 594.431147222305 791.915922087725
414.68067891954854 595.28474613497 785.619642864917
414.5301756677435 590.5030008165187 780.8062872807071
422.4493494045008 597.8743625748416 779.890784717119
416.2187645087661 599.6731918765255 772.8823461735681
410.3663465403371 594.7074016619137 776.5232754154554
414.81128836720166 599.069643336886 783.8976645614634
420.98993641436755 607.7703626529525 781.1762155763128
428.81683306102207 608.7571615652441 788.9750873376045
436.5132750531037 611.9815722762107 789.5098293454856
439.561951226162 603.4390526967023 781.3275297930896
431.18030092827837 603.0008980521785 780.2258707049574
428.45043174754284 600.1238607062795 782.3991567955951
424.4310810581975 607.0894113679326 772.488143845729
414.66595411099166 597.4873934216338 772.399229680708
413.40534005464764 589.0545103203593 768.0767150906545
422.34159947193257 584.9964865217419 764.3799610588578
420.3619842076613 587.0447339292676 768.0722721829388
411.58047419000997 583.7044906971662 777.6160509976431
421.57816817095113 580.3119403993471 768.1287523532093
429.2972845894013 582.262805499394 762.6745247445014
437.74371713341293 586.9675789393472 767.4697250851201
430.31449412620964 596.931553358017 772.1191416856248
431.705260195068 602.9699986917799 763.6816880029982
438.9657761236644 610.7044084214807 768.9508071441059
442.1860509586371 610.9340744064509 764.2691050710528
436.31937465621814 603.5345844920969 756.6811707403887
441.0805144103679 609.3688601599985 763.5933005266573
442.76699043464833 615.9644398139028 756.0177607761597
438.6290519863946 624.8771152303874 749.5937329109113
445.7289163433346 633.5609615757297 748.5937024400538
454.2293382205703 641.9802042815206 746.1823416514098
460.9868038405325 639.0292016389656 746.3127000006444
463.7309656069522 635.9694578374279 751.5731134679286
465.3103415162182 640.1905840867018 744.1530063558356
473.62387501643667 643.7130765127089 736.5971082525111
476.62446713632716 642.8587040643976 735.7374764826899
468.395693583696 649.6464696142068 738.5513103186885
464.05066138455754 649.5988147779137 746.4847248249981
462.3626959466311 641.1112920258017 750.6062283153268
461.9925477096295 646.6717431283168 743.8965209517394
456.14793415416455 642.1104220539273 746.9887435034606
451.3301511910969 633.526268903908 752.6283370256319
452.53827149185935 642.146324455428 760.2120598439814
454.8506868095355 637.97613255825 751.6223046900978
450.8571780498742 635.623710302569 757.1575391615245
456.42676872890587 636.6357952287818 753.2189195672622
461.84234542776034 645.8392409772143 748.1457265626831
462.04478417961445 653.1123573315626 740.4110494076893
464.5175210594761 644.6916523636787 742.5866116086079
465.46125622812053 637.9668607180784 750.6058988678135
471.7947284388293 632.4259732247801 748.655886276824
473.76077922572097 641.1950183483909 740.4463900781648
473.80641639162275 641.5088643848025 738.3407768434387
480.37169099019104 640.3400291271892 745.801381116215
471.2745097297362 634.3260494594585 741.5138933218601
470.1892740081434 637.545745518754 744.945166528387
460.8531433511076 633.0504970930347 738.1537086824491
456.6883418324195 633.2646196642224 748.1076237030599
462.2493162688628 640.9900207026319 749.9542309221297
464.4516680196526 643.7472412604789 755.194980331899
458.35952720592843 645.9699168713574 760.114088199614
463.81070680318976 646.6047268564868 766.8933105442012
460.13310354904576 652.5515944853978 761.3755485585315
453.8342386273956 660.2780404818941 771.1586454874071
444.0038820904451 656.5877720056857 769.6735397913968
443.44462179968076 659.451180617818 774.1169989968024
450.6171678129692 658.0900716319211 782.7660179032334
453.943057744878 665.2396431918671 785.4755860168113
461.71861212432896 658.6488287376826 780.667754921023
465.3461237214139 655.8410093277008 783.8538079431102
474.4640845191863 648.9731109571006 789.1781457832651
468.5081310868471 655.9250177866508 796.0029130373554
474.56035783468747 658.3144368286255 802.4155397575938
469.48472604433624 668.2907028250604 800.1116983926229
478.6722405776739 669.4486575273615 799.9473904672603
476.0212138369818 673.5270642741633 807.5682825439821
482.6794898241864 669.302632972549 811.9939914316313
481.53575719718395 678.6717982215827 819.8008688422269
472.765160715345 684.2671270140078 820.3833969449605
477.27663495780286 686.7702873752781 820.124647347555
469.9527597738382 690.1424029015911 813.255935585974
474.9352834828762 694.3403540205652 813.1721865880176
472.71457430822676 688.2531160270413 805.5926394811161
480.5747251474463 695.3518206859644 813.5065418410587
486.2913342859031 687.0789667534019 807.2410717421025
484.97008637537914 696.2458478955768 812.832039388931
480.8074113239278 693.9842720835485 812.4830927890772
476.41371748478576 700.7690824087869 810.0307258154712
485.22971681949605 699.1891675765074 806.0182590716114
490.2641956071554 699.957481655218 810.9249942016343
481.85957934207323 703.4177278889669 807.3067158135113
485.43519511855516 712.7074442599861 800.8641952924743
476.5993575760598 716.982956166486 801.7689720661646
475.4732123148206 710.6514444939673 802.9222769947464
468.71154939596687 712.5752335104906 812.7904884158597
466.7702658768743 711.1973110068889 817.5118908491074
474.2258952195682 709.1443933321375 813.2838067752541
465.96486975012533 708.3888136532685 812.9857652748245
467.9524927074024 703.6856883916552 813.9372964986229
465.26204520945595 698.7217662186056 821.1238666062288
457.4209747538465 695.8366235758062 830.7351334848149
459.3586577357903 697.6876240951051 834.2757587697733
469.1673981519076 703.4083794300258 825.9748522060399
478.2647091419795 711.413630263173 830.1341716111965
472.71716635414316 715.2093968703463 834.1171874608348
482.45329534711453 720.9431569937434 830.2626115116478
486.80087266129203 724.5017966442919 825.469539111865
478.1724648960824 715.930325165271 822.3971577067559
482.80465234681344 713.9147752203538 820.5708686101884
481.64771343499535 708.9405393974282 819.7426274849086
480.67605893085937 709.6377538323526 820.5009476822253
482.9287643956376 704.8805356569617 813.5886127121363
474.6224805278759 705.9117684895206 809.7627085420485
470.38509287834273 699.3615530473609 817.6969528948055
477.75541958646875 699.8565066594924 823.468519985964
469.5276703795912 699.5403138709464 822.2015614040561
477.6844886890535 703.8021894739948 819.8321240858345
471.8568039520268 712.9051190800635 826.336498750105
473.6268759588056 719.422663033025 824.7627597979163
480.3597679263068 715.2706502359375 828.3924271611874
486.9660360063936 706.9404995679298 830.3283020220009
491.8580793963888 703.7900282641812 835.1047586039065
484.6376628257526 695.4644824389269 825.412301706339
477.93221560225953 699.3064156373835 834.4854520329019
471.1643958803957 699.635494892549 835.3086477354989
473.60829560774465 693.6458236119473 832.241564690598
473.4993626736574 703.2800754003343 840.1162847527235
477.11566743502493 698.7841313382088 840.4831384142018
475.8372804767563 698.1144451432623 835.8953835265681
469.04610361758773 691.5556998288644 829.018794572226
463.8108456085071 700.1523527803429 829.398055986803
465.37332742576433 701.2291929144064 823.2602892291255
473.2987509928254 698.143918780296 830.5875444027054
481.2630090847269 693.1887905994138 823.4618781190158
474.18063805055124 696.3421607607603 818.4143108366659
475.57011758077647 696.9377184713859 815.884019694756
469.26967983941324 705.9787414778469 821.7469520505634
477.19124067081844 710.9388168762607 820.7041151670312
471.6699889939948 719.727680646795 818.8137892750168
464.3211769317083 720.2312277993386 815.1858922701128
457.965676034227 719.1779839096056 810.2060101181252
465.9459421936907 712.0722529720687 809.2300609682125
462.62704458842575 720.3390169254658 804.0252571629936
465.74782423868515 718.3168206775255 797.2778408600534
473.4681304810807 709.9102501340232 789.0279532453716
475.646024133897 702.8324662127102 799.016853356779
480.35125779765485 705.8300569691008 796.5717363977913
476.01238184811746 700.5456530761013 805.4067714982681
480.2931874748715 700.8797333775175 806.2630122376725
481.21125681756445 693.8200272598748 804.8943069139146
478.5645285234322 702.2999806754995 796.4543553380881
483.3068251063479 711.3950458275962 788.5677054595185
486.40626089652295 715.4045293775864 788.4093406978652
478.0961827779539 709.0943633804543 796.9108801203769
485.055385669999 703.6670721760453 790.4452713005913
487.56637440431183 701.7308983518889 793.4020380517917
480.65166575351157 697.4807131123658 798.6739972998673
474.96927666597907 694.4613674047072 804.2177410876719
470.12250291737814 702.4785173010939 796.3375536840875
477.12088064917657 707.4111238539409 794.1126554728737
475.4162123556729 711.110883093482 787.964177478259
468.94933247184514 715.0472132950769 788.3892914180414
468.0473581804154 705.901437246833 793.9311261925402
458.5990263332989 695.9795652372127 786.8235345851037
454.35550802765147 690.3128085440337 793.6376377467672
453.94451255931455 698.5010714305919 802.3821995714533
453.4398707608613 705.4585520544807 795.203886892232
461.25359276957823 704.3794538853755 796.0712069448635
452.83588954431156 713.5497737171677 799.4353284724684
458.91798899895633 719.4132357064801 806.6509138620672
461.14462483003445 709.6276795556322 802.5007900675134
462.9068860871762 712.0153082863145 806.8989453728605
470.1449837881784 711.3513952910449 798.3051418689577
461.97494381092355 704.3895392611098 791.047664123227
469.0519897872451 702.5621684542201 798.9257356822309
464.4233741038152 701.8571291656464 804.5632922290915
456.0516341283221 704.4947781069981 804.8748059049665
462.78106132635924 696.0723488998335 807.9216081459531
460.8351818877306 694.2107913766937 817.5837546699795
452.34127784240906 687.8304186931944 823.2788416287312
461.6302412512573 682.7770655204156 813.2836470708637
469.117592801324 680.816620929087 817.5425308997499
474.813996273774 690.395579061822 827.0927784760239
467.2196219609807 691.3753171569372 823.2196562323372
475.863020193026 682.3394310878764 815.0972286161104
471.0785829259856 689.7578606528219 811.5106595480721
468.32465785718915 687.9967890921635 819.7071814978569
465.5430685859677 691.1942945349984 825.0805565226959
465.7954611095142 691.5702306912566 823.2866338803605
469.78497781389717 683.1869685905916 824.0958639002657
468.59193141305934 678.8335195161364 822.3664740053907
459.04111363264747 672.0318856510349 828.2133757088303
450.69566589769954 667.6789797640886 837.5433308175415
458.1069853802541 672.6171631600556 829.7145663370495
457.1366993283092 671.5057435991758 830.470271621671
463.3253065915254 668.8012206604024 824.0546831527193
467.8263228852429 664.8423603384547 826.4807335176089
474.2836010859446 667.6909205844192 831.9575426208966
477.58755436911105 673.817519911472 831.5298365143057
477.6467269798734 683.8167430336176 827.5925455138492
480.0385449290784 678.0605181325006 818.3220093909918
471.0942962801541 672.4356462164026 827.901288248982
468.12680857493416 681.9043062555427 827.1622926854153
476.1220388111887 681.491811804956 833.9620340900584
475.2022749833253 686.0275225644099 825.5191364602955
470.48341569619043 684.8396524063636 829.6345063181401
472.87493249882215 692.8776659956668 830.5743691583365
478.81212720482404 683.4818148662939 833.4788053749595
481.56268293481605 678.786995137784 839.0264193296375
490.15967574170867 682.7040956662006 837.9957704925984
482.02593825384156 681.9568446716579 847.4708607998757
485.3785292007819 683.1781563773458 842.987913711861
489.86189518346026 686.3602451299114 847.8157537775452
493.4470868208035 690.3197183618378 846.7464004305225
484.49156150390667 699.5318066555676 851.3898371559064
489.70219026032584 707.5315120498746 847.6501317543162
482.3763016702547 714.5227853026466 848.754971273258
482.8745699490365 714.9829136272505 851.9826850955085
492.71070923881376 720.6464743623641 856.3538095623921
485.9638913036411 721.8426565784811 865.5199627966716
495.4043033820377 724.3114831757553 865.1048742845372
493.81175703375453 716.5394885922608 874.7536376122735
486.30656734143173 720.3463524029185 874.0578723529067
478.5524724148429 719.3866744967141 876.3641103675973
486.287692023556 720.1710554035225 879.0865570835531
493.82067717483466 727.3296222871192 881.4925760618746
492.7746003286739 735.4936962657205 872.7486552764392
500.8825218650435 738.9870616848068 875.1906452572179
498.79720061857705 736.2833530882959 881.3763532563614
507.12897512366425 740.1385697440461 883.0502048545495
511.0154221427946 746.4786945940594 882.648263135353
518.2572095561554 750.4303479962612 890.9769851148903
517.5555698716555 751.3704686332044 895.3715488673048
524.5870008035394 750.8471400931287 898.1063744040446
518.9007441626588 760.4569498322743 896.6100109619133
525.836601780748 761.6158885274734 886.7815267611888
532.8581813594649 770.7525123274993 896.5747172593791
538.7766873313384 762.1300607053606 893.1695494613894
535.2819233529196 764.8210636420831 885.701401983472
544.8379672141767 755.3880884540662 884.4640060301808
536.8138628002636 746.4348449148356 882.0827259555778
536.9818540105017 749.0911990305024 874.3086897431782
537.2487873943194 747.639154199691 873.3492062994667
539.9078590637571 751.3031251367283 865.0976217894345
547.0830912501884 751.626630446566 867.9703450886099
550.8962763085409 758.7211504139236 866.7620724329497
558.668191600331 765.1471577860193 869.5614594669337
559.7061924262782 756.3447252628895 861.2350891215253
563.9550040392938 746.5212341464081 865.5516733754293
562.4073682744782 743.4488942903055 861.6309284651153
565.9248918647942 751.557221193736 860.9016969165364
572.5619666191335 760.6383941131922 867.0774772623766
574.6441708987714 769.7976749772873 857.5868976531101
566.5795703863845 775.0602476086588 848.6256443917875
570.7800418649874 774.6282737884657 839.7870603626249
560.8892114247858 783.9118564045574 833.3088259516252
558.8397209628548 776.1676511887316 834.8749126135734
40
463.60663188590354 688.608614155331 806.1521433526431
469.5852257502685 687.1439513654756 814.2727916199385
475.3495395820086 680.3584157865763 806.0730247867002
480.97301089537433 687.887500346339 815.9412662672818
477.70058271761894 682.7985882193044 806.2378096474641
476.91479927809553 687.0092519296618 816.9934095489921
486.4382171493131 685.5978400711964 813.350161620617
478.2620928842105 710.3904570370321 805.886848258081
492.7724317034072 694.6519325016594 809.6858776729296
489.97675246195456 702.01131892381 805.3979006854989
480.04130503645723 698.3284534256451 808.8681411575833
478.775691019732 707.783549769995 808.4818204348593
474.76845943885456 721.0118574512923 809.4370237331074
481.3676772681472 718.9646371898334 800.6644397473538
459.5730740852472 716.2526918325871 806.8369930313756
459.7665414948627 718.7137705572221 816.9589675718285
471.07556204574786 706.8312147971427 817.9006612629852
466.31745691402114 702.6934308728668 813.3103524365886
477.10665648552725 707.5485573914702 809.9702653327005
472.0994424869779 694.2075556850601 816.8656887262941
465.81404937885026 705.797286920838 822.858675183159
453.53657146176477 689.4302862018025 839.6312233174654
460.2523676479785 701.1357794690783 827.6139864963163
470.4981793968952 710.5657681640099 825.3862413646079
464.04005290833265 717.3307533985001 831.5855769879171
492.3944143564873 714.6487098469447 832.6943666330761
483.10005933306456 721.6388807087147 818.1553303343898
469.90055354615936 715.201397330758 831.6366659679652
475.70600477067694 706.0499036457782 813.2310955225767
476.85325187727756 700.0921831252023 818.7944376080374
471.9509862700986 714.6224787912632 829.1095079671816
479.07779076758794 712.0293159858055 818.4268154388587
464.79686892706536 714.8478285517461 803.9663843386003
469.45438874798833 696.5962428972733 821.0396927651227
468.76560528426205 690.2537130586973 815.610979194776
477.6633182972076 697.9046974651278 826.8087087229567
474.38338146766426 703.8802076055142 811.4835359688389
475.4602181363996 715.1712618838504 818.1141990903831
467.6723998016885 714.7084644386188 822.1775624733534
485.14475639867385 709.6949335655369 821.3218064345675
