1000
327.8521808409486 46.450161481045214 390.34511253370357
320.23470147235537 38.95976226985503 395.9989362344569
311.66376676510896 37.70743700859067 389.7965577863957
314.32146749597047 42.32686045503508 387.1708025115518
315.2302136627455 35.64369028844859 382.0961932731827
320.9961375397297 34.22879183069636 388.3893376382067
320.5161202681989 25.716824327254297 387.765072020179
313.235479647217 31.151658615965346 378.81855090071315
307.8721841076998 27.136290622691618 383.3266348464181
313.6503762561941 18.209024975866694 378.86897742755843
315.8600428623041 8.853837485400295 371.16473665601586
306.2360793103307 8.947552932094357 364.5759469909478
313.44774460875726 18.838545769393566 356.2688540635241
322.2475316711279 17.732685340191832 361.59638562762575
323.2570331153015 24.2134176797999 367.8803767044433
320.08179206943504 29.554802743637254 375.1357548009809
317.38498241746925 27.169094083411323 384.2488189000461
323.4698632629591 31.84406851904977 374.8725241238342
330.9839824942063 29.40021898643538 382.5539775189739
337.81586443258806 24.215656452055285 377.03881406145746
347.7395381218729 16.907893166602882 385.2839731531914
353.5839565257545 26.157313994356763 379.45919113700097
360.85814228958884 24.91106469671802 379.2044464341944
366.9307820984799 22.16323817696132 380.8104969042944
367.73856135027955 29.391528830678062 374.5658696074059
377.6864121532842 24.521444679797323 371.69580496303706
375.13488334720256 15.506656609773245 364.9056067958611
380.56343069471797 8.810771685827447 366.98953187958966
380.28289101557345 -0.20960532213600658 366.5509552010273
388.8312219332495 -0.6084202985231495 364.04046845294454
395.5291527877442 -0.5076825862309757 373.8344535840056
387.0754379153926 -4.955376344410261 363.98945810506757
392.2965389268141 -6.229840281453734 366.3046592774198
395.5354235686749 -6.580716270821788 367.02441241540794
394.17429068343284 2.642902434059029 369.2268141804775
399.15209511964684 4.763205410878804 363.61795491751496
398.92117995941106 -1.1242736298001539 356.67318203211744
400.8461821407236 -4.4107434951902365 346.912511796988
396.60619661373704 -5.07940847672204 340.50873610809344
393.81591493972536 -6.115164058646991 341.0246194745786
385.5621859470565 -15.19222524198198 335.09143785542466
390.92402866712945 -19.237347678346445 328.6799933530287
386.4958316574388 -18.677027325144557 336.75768308189373
395.7898862276898 -23.392213700150993 340.2142474987288
395.754961286348 -27.41644787634295 349.7696076866998
398.90691889320664 -27.077163149941153 346.26399418177573
389.3411104334486 -23.573878958512378 338.34187019129575
391.4477460297277 -25.208957753278586 330.7616131358112
400.79697409518553 -32.585770179881564 336.85402913700744
402.135811923171 -27.964854689221458 341.72016863300206
394.6073022223503 -27.161078595268055 331.8733007530095
400.6077661222837 -27.56191448740751 337.8315985139515
403.9779230732647 -35.66241702883863 340.1983125529249
412.1122069009669 -42.58997793793165 349.0485644379057
407.2415715906476 -40.69175431359762 358.63096326955474
397.37553496921385 -45.655342189990165 364.94419721892655
400.20356297040786 -37.35591355260406 361.0791870130164
403.4821149351397 -28.107528162802986 364.81699988757674
411.7599080076734 -30.458818805537156 371.68724271259117
405.5119170297433 -21.516388526522945 377.6767463129242
403.5188066447447 -28.094770804479975 370.5531492179477
398.7374910006354 -29.498123902105448 369.324875384205
390.26817829082853 -23.708154946028714 371.67632959389175
384.86771735014344 -27.93822563242655 366.89463455507075
383.8839703142439 -27.06186649326528 367.28050006555725
375.2813411652098 -29.85582502851234 360.84903973273043
373.0456286730025 -33.61538622086568 361.3846101431171
374.8624322854517 -25.05060116306959 367.2094803120867
376.5451403988244 -30.067947485515155 364.70882257573743
383.8801445401597 -38.33635730752989 372.669208001485
383.3070411026589 -45.81305141434312 381.6231815712115
382.6676762053546 -55.709732676624455 376.10577171314105
380.5158722620833 -61.013065268776096 370.92864109527227
388.1270448707435 -54.31734343459741 362.8258837777281
383.2977977291976 -60.53156283525165 361.0516739797442
386.635765591958 -50.70098875302395 362.3936651364978
377.9851585676324 -47.36988206046557 356.45697208147055
382.62164630581265 -56.982009254614596 348.4028081782262
390.96951528588136 -63.234018577141825 349.40624849408823
383.0564208806789 -54.171274854097774 348.6384215781842
389.51891562674143 -45.55273620020948 350.0509073971186
392.8843568065558 -39.66348396407905 340.625374741025
391.0292671348485 -35.7151606103879 347.38018730016506
395.76094320621337 -43.59158285064723 345.93249692132105
386.1873585102623 -37.79002064046633 354.7489955068899
387.847688692836 -29.07194078085368 357.9463372238267
395.4355654703852 -35.61939273454152 361.2465665059999
389.65916287222876 -32.7063825777832 357.47289140613185
391.1545060401279 -40.56570852822167 365.3897022650727
385.0567837755954 -36.06032112862115 374.3496619972307
382.4475545701594 -40.976806522245894 367.8088624796028
389.81879245836535 -36.35854726412936 370.08928825963284
381.8771380896348 -32.73583741290169 368.30936021013343
376.91251566040404 -29.92726013232792 362.059530873261
371.1388260969265 -38.16888148841082 368.78079806597856
376.1986983407373 -41.25331906088985 363.2053351809709
378.7604894707184 -47.25799280114804 367.15260100971796
381.0378477057955 -57.17596009535757 363.08590500603606
376.19792914333146 -60.46179242657169 358.5071463011678
381.6719482893954 -62.15629247088622 352.1933676456871
378.57355682211124 -70.19640931787609 361.42528459470935
386.4963633784835 -74.92682176782756 363.8543488148517
383.0282998945085 -78.83277437146518 366.99879379882594
377.13547977626416 -86.49684487592845 374.8584410039982
372.85883997005124 -85.12032732917906 376.3645040698021
372.6162895130254 -95.0810756517328 373.91453405727526
379.0387296891433 -95.53069691855531 372.5679493275444
380.53238813463855 -93.25136250341006 376.8084741257874
382.0220336212861 -83.87797153733592 376.25002932492305
380.72402880093205 -92.992208776893 368.60867798468945
384.79528657912317 -83.77145686210355 371.4586917491792
376.86881384187814 -79.78958632283114 370.93023661367477
385.16512251514206 -88.02099377469084 361.1107664013598
382.26288224476394 -92.9114242514729 369.36054068145864
389.14973096252885 -96.57393730076804 373.2204561949908
393.27641488468663 -102.70105678722489 366.9845793892258
384.7219367420301 -102.17886663070465 361.0573494689956
389.7664189257594 -106.33732627588991 365.9009141229802
387.1818148256861 -115.07121357432162 360.50682644331926
396.8304895235477 -124.29123009740036 355.4511922498944
391.10469024042555 -122.61765042717998 354.91264256053574
395.3089110526603 -126.70478099253117 356.9824130792179
399.6369285371312 -124.55421165253978 354.83192710381445
396.1590205533159 -124.73462932471844 360.4494789702389
395.7031089632884 -132.30829477345404 355.6547037108755
389.12344076217784 -139.32153842396113 348.67404117042963
395.96368563082103 -138.66985509641256 356.076406965611
387.1964376825355 -146.95932509473437 349.180575511682
383.1964382888453 -148.47300793356828 348.74143483130393
390.90136498788513 -155.37755477532082 354.18448174263114
382.03731223302793 -149.00183177306303 350.7834048425384
386.37617084402365 -154.09608188084397 358.1797280052638
381.4242179850752 -148.9659903303324 353.33127709667144
380.6511980970054 -140.49918277330946 354.988034956887
383.754411852201 -145.90501834049326 353.09170640971354
383.57401603915304 -152.84590187680607 351.5610382753968
385.6417809322536 -143.95154259508774 343.5982525172365
386.32140124980236 -138.83322844109577 352.8141678589891
376.5023003064331 -133.53390946178618 349.46643297836744
386.30318388742114 -141.50304527175695 340.3311392263794
379.4207266758223 -131.5441449285412 347.6369952719582
377.4124418208488 -137.46452468255805 338.1604834525041
373.197369389703 -127.89504411132424 336.3300024922951
370.82501546479796 -124.71605978011421 331.754137297501
365.99361230775224 -131.62756624190692 332.20402520035043
374.0393253386528 -138.1051515751307 325.12427034787237
365.33066099505925 -137.17057411722084 332.3479292336741
362.64034906579144 -134.27909815630764 336.29731255830353
363.7866147520848 -136.95747167970978 334.86112809452555
359.0580039076814 -144.1411599723244 342.46025573817434
354.6491968640748 -136.09044015219587 335.88842714593676
351.8350487071872 -144.1952573949402 327.01950593781055
354.478137197741 -145.73174176071785 320.14533976021113
349.2260053488523 -142.0520942207269 318.31807893489383
356.429583602136 -145.3754426927663 319.04075361770447
349.0679729185227 -139.4261662538251 326.65543565884997
342.45505612426473 -141.62144676412507 324.5332258602814
334.7837402626851 -133.42460458173852 327.65300637481073
338.5062341827628 -133.88381814451424 323.9251258536551
334.7818942842798 -125.36274454800092 325.56459591497236
341.555991607515 -121.29238983957137 333.1140736869422
336.35890105403064 -128.01811434611056 328.90335122837405
326.4448855499759 -129.17059544980506 335.25335562660496
329.7102366917874 -136.20477843662948 335.6664559875698
326.03600025444933 -137.49233169647744 340.73966585793397
328.1771577871235 -140.18377002139061 339.225234169058
333.504294651308 -139.10270554481275 343.266243036797
336.53391459992986 -141.3500785019193 335.93574057585835
340.93581031593664 -146.7614962673222 335.09676627717624
349.9017803977441 -139.52059929263584 336.2454843434358
356.8102763334488 -144.97350148491395 340.62619414886024
346.8147650043599 -147.99725080420302 342.2188510684903
352.13860391023155 -140.36487905551317 340.6233449430761
348.1898618700596 -135.46375153554078 333.01390878138096
340.20065318240484 -134.7103951765219 342.0104452479616
331.97431260182356 -142.62901557117087 337.35760891107344
324.22066448118176 -145.27705296409144 338.42744556325613
324.4704115576127 -153.65418264266535 342.8247177970862
315.6033263741566 -150.98517248447504 334.3615240674107
307.42277030715735 -149.06353178647487 339.5136700178188
307.0855707030457 -154.29029564233963 341.88477924766863
317.0332014769848 -153.15823440842485 337.07341724567755
322.3641948552015 -156.28075629737532 337.7212309252397
326.7049574051313 -158.7260719107121 335.4516656499483
321.4037166270295 -151.91170648053398 341.3441013978774
330.0227843709368 -153.66074819469745 338.71317251530087
330.77026562371555 -162.02866024847734 344.15413790964175
323.8647711514285 -162.4221227584424 344.5070535047189
327.5170542802954 -155.62528504250463 346.01850478904817
332.71090431783875 -148.87715968671972 349.7647523410739
338.8157979031784 -156.1010921257903 345.46544402280864
342.0379448519761 -155.3437388457252 351.8157305152548
333.55142284855845 -157.017417166498 361.61921359626973
342.86030965981746 -149.83027912029002 369.11582910284653
340.3312493581317 -155.6094900155261 359.40722901609774
341.0861465337291 -162.04790403439057 353.53190937930634
344.1033377944179 -160.10457059774404 355.97249831965036
353.0210757846932 -164.9561185374502 347.3390523842337
350.3229677511489 -166.01484988576505 353.4724591432699
351.9032235048308 -166.8044389986395 347.7709884432577
353.8223571694899 -172.59207595659046 339.3114077101571
344.3543443048794 -182.52340984330294 334.46687359340405
348.6119285384503 -191.6674357453645 343.94109078912885
339.52209094645843 -182.8139803979107 336.37214942334765
332.02062949925164 -175.32414819123807 343.9414176928149
325.2762816370691 -175.89853144007236 347.49850591020623
332.963461436593 -169.2207966755159 340.08676601899964
340.8109125481227 -177.8648656897699 335.41905485548625
350.750884092039 -168.1658046056646 329.4688857065539
358.27303921888677 -175.86029884485984 324.01372629024985
365.0131015603746 -181.00837893291003 323.88884923516883
357.4354240441578 -185.00748823728617 330.30921499896607
362.82967716333803 -176.442400465044 336.9142929564264
356.06466568448707 -170.22048407520785 339.2361261711289
356.1424751818496 -164.03758532740719 332.6856217840142
347.4945780073244 -167.5483374707941 340.66409345884483
352.5933242262789 -161.8686760250274 333.9229702325495
355.57808975816107 -171.24023216962405 325.7068611613379
356.174762767081 -171.54486825041948 326.5067869126129
350.00581784246634 -177.89031773189603 335.9574027252939
356.885385722588 -186.6518946099766 334.381875389172
353.9971845967389 -192.3840696443519 336.43242023412813
352.17918482063584 -185.1408273147186 345.48523249868026
353.6956458467981 -181.36691873038436 340.18445971157433
360.1074257420382 -171.82270477367672 341.7452361450053
367.2669667075854 -165.69433470223018 344.6095599387627
371.7012330444613 -175.31307734760358 338.7801314961607
380.5199306375001 -182.3783634123368 331.6750656238134
383.8441987706116 -177.33633788795436 331.79800824171474
376.4965991239918 -181.28653497158516 328.66784694713573
375.05946715503063 -189.36586809684283 327.3254920570422
372.9561220939806 -179.6095028038827 325.2494280494527
378.1632155840383 -182.83914900150722 316.13809318274747
374.68249588764223 -189.87830698049004 320.6325996684086
372.6808285568462 -184.73609600765252 312.52158579628303
370.08715611045443 -175.96029328485236 312.3820650302072
372.3150831943533 -173.0833001111652 314.6134595305176
369.6857546167101 -177.75846216245716 304.68133341712894
363.4076024219805 -187.6709023547314 313.780490208909
353.7285152130283 -177.77905453946138 307.8580148481711
359.70352501802813 -175.72919164971452 304.42222274358545
349.9577150639842 -170.26779837116365 298.79255493116955
347.74074679639057 -170.4098522815505 308.1665288406613
340.90495917427427 -172.67948825278705 311.6924481321323
337.5216094718983 -178.3028734172576 308.67422932559566
342.0724794003467 -177.94809227804134 313.8944324005357
338.74927892340656 -187.20215498234285 323.51959769792876
329.55786794194785 -196.86724453484277 330.3561955535955
327.0309092758067 -191.8929107695001 333.9952841842219
327.4900102981625 -194.44127306817865 333.92601186105367
332.3281207688375 -194.39710778667194 334.5229780942299
324.93305261219314 -199.1207454001833 332.71601245033173
316.1624919347438 -203.87736569563882 334.814026416464
307.1836006271697 -205.54569871437832 334.6979774803224
305.4760930516685 -211.27447908431702 331.7256824328393
304.4492424934481 -214.31154034199108 323.58363565399065
309.17876859627796 -214.68325025436323 327.1737757738065
305.38323149282 -207.15545284870063 332.5801656468332
311.56823467407185 -215.99904265813802 335.95450295642047
311.01024301255745 -217.0163170850374 332.78097435049904
316.631156550709 -212.34358801039545 323.87564415019557
325.3434442766928 -216.20075882067934 330.27408700685186
326.60355906187607 -223.83398631517977 331.29333499198805
334.844179721013 -224.61507564282664 324.0139241720138
332.8252589260739 -227.7730967862688 321.9259351419022
329.7146467487486 -221.44560076119348 317.26995563103867
321.652840162614 -214.83949693751427 322.1236917342208
327.1776060177842 -222.75233228250755 315.49806563126754
333.97247445819136 -214.9403448723149 320.08742796365465
336.2411553091147 -222.586503974915 319.3134772448052
333.14318401637735 -230.820527944053 325.6918342298204
337.4109325333909 -226.27951306073254 324.0398544839511
338.5796061507403 -234.1441354816839 329.3082785606083
345.3592951908843 -237.01652856608584 331.3524883907084
343.21927674210644 -231.3594039062437 334.97643719340977
342.3870441313374 -236.12416509363067 331.36708073340236
341.33763410902543 -242.98517722043005 339.87829779416603
344.4784805106017 -234.1729476024986 332.82038746869245
345.28016566755684 -242.55872152737726 340.88762679783355
341.5239337500117 -241.99528424491393 341.9159739442715
348.5366847220213 -239.7348182363005 349.22734505423
350.03945654762305 -249.66955593834103 355.00451354595185
342.177106631039 -256.801146440949 349.62106296797594
342.22899031915983 -259.14364803677915 346.002677664889
337.38784438019854 -257.33243446956783 346.43965824102696
328.38663845538736 -254.35593487705867 341.5157165975414
336.8452421446609 -264.22972253725214 343.04800677182965
345.97060653546515 -267.2620838266887 351.27795311238987
336.0223126998409 -273.003985507139 342.07465016185773
326.04786772616677 -274.6264305913376 350.3808444164455
329.22687105202516 -281.7359995198598 351.69815598655737
327.7000022382062 -277.8290537207273 350.9022198059892
327.25829684036194 -281.704144721178 359.8863680933256
321.56924402136394 -280.26682373998904 360.52495748360565
313.23644569373386 -272.5459634594829 367.2113125331139
318.3094826049334 -275.3109477824991 366.173405225766
320.358587770866 -282.22525863421987 376.06566217442565
314.892540281581 -274.1140516109464 380.01384474268474
321.1124345426853 -264.68006719063237 372.45061981065487
330.92789147139166 -261.3302937187207 371.3954794481603
340.64378044603507 -270.9582687093472 380.7914110934956
335.1797922218735 -274.1139834263588 371.1282946804161
334.0198173465741 -281.5537887030339 380.5292640685016
340.44360747394745 -285.0044726262014 375.55972138597303
331.0556200979623 -279.50251731793287 370.90743349282053
328.0384332626554 -288.83334032156716 378.50578926217287
324.0437933857989 -279.69038179694275 371.9259880964414
333.7465508193043 -286.8400016640063 378.4202975194895
329.0214664036632 -277.19651918239595 385.1317579752421
332.2788810137674 -280.28053693507394 383.3412488780566
335.8745746871301 -277.2530213470245 374.5187192600672
335.64155887420105 -280.2669177834941 383.1133681057969
339.75134298224623 -271.0424184191984 381.9587925738309
340.38220981239306 -280.8357767840583 377.30893247771644
342.80040131922107 -285.07425678781584 378.8210759304317
352.5849952868184 -281.88185751090265 382.3616956889689
343.78050904693566 -291.6881145160074 376.08464129007444
346.79059881108503 -299.6650696218333 368.2513506019787
339.38166821001244 -297.6348658077789 367.4597339429421
331.5941128105502 -304.4810154002727 367.57013927314244
331.0085814640857 -306.3811072148428 371.6476653905672
323.5223862452337 -316.30167532268706 381.0741135406422
323.057186105606 -311.0897587051843 383.30112164357246
319.80296476049165 -302.2549983186914 379.44607060549646
322.76702618209254 -297.98805948772207 383.01731751103756
330.7743062277412 -304.06669892514526 378.97648517012317
327.5603465895831 -296.4700294380541 374.0789449668714
329.00575061962263 -287.2528293627645 383.06888872022756
319.8885192096966 -284.3862157300747 386.4111007822531
310.02370638597057 -291.04204110203455 380.3986156149242
310.5064106392961 -297.95871250176805 370.78460928128084
320.2620955552783 -303.6778222880372 361.87517281338904
312.2410917974343 -300.4377215029495 361.500490674242
321.91396563146077 -299.7966897158617 366.30617534019416
314.3585083697509 -304.4899472087176 374.66072820883124
305.89164166263055 -313.5699769884561 367.7639415347797
301.00220547301257 -309.9084396690317 376.5112117263485
292.4913398610408 -312.1910976288657 385.9143549192732
296.06606930270743 -305.0902380199949 385.66261249885207
295.0772561755956 -297.9699850151052 376.3635688014681
300.4079597356776 -296.1494344393559 374.4945546307374
305.3457798025938 -301.9068995638654 372.8628224238612
296.580602280161 -295.88227459387736 367.5462272314771
294.66210924052695 -288.44651158128414 363.68260159617955
303.2830333659467 -281.9212241448505 369.9403046634259
300.4633559275664 -278.15798283864586 367.8357766103471
298.9219046971589 -279.46880238551546 369.3647574028821
307.1328244845125 -278.8595311217498 367.90038165073327
310.21434111175876 -278.79659419594554 358.54562930390114
315.4851980980498 -269.74409862061816 350.03604844409165
311.37232213674145 -267.84191448114643 341.85601550951
319.2219787708701 -262.1327448111938 344.45357748492
327.6684484825304 -253.27277924954547 352.1773456657439
328.9256962509415 -256.1815889430813 355.4422549366166
324.0752740563087 -264.89196208255885 346.8542349750549
327.3454523351038 -263.5719483367127 347.08532421515747
321.6387427981122 -258.91959377801766 339.3148311982649
324.8987729282147 -258.21171674015073 332.51402736798417
327.7243936627472 -258.90908484239526 332.14829516398396
322.57504500401734 -253.63290931559433 338.35109931245654
324.9117676329828 -252.4729162347771 343.03822162831375
318.4242993576511 -255.05449676419607 336.99832567060247
326.3225476622679 -261.8902096274068 341.14502633784696
328.5813375036254 -252.81296708926152 344.6612512826814
333.7373524180335 -259.83494323543385 337.65808570934405
340.40518706646947 -256.0209816093942 332.9765812463933
348.64383225871836 -263.3395797159677 333.2229749248109
340.520667073032 -262.4750149061696 331.71846246898883
333.85903465861225 -261.06819404810045 328.73257554676076
330.56654213185885 -261.7129922690807 327.24094140091205
340.49546821385985 -256.84812090915705 322.9463810864398
348.2660153821734 -259.07841972658 330.5781525573129
348.6388316855433 -250.22868080888725 333.75518415801184
341.41748881279125 -251.966510652414 336.2129630322398
336.1579346091558 -251.87365653197682 343.68270657176373
340.7433398754782 -249.68768520087565 341.2987889209724
335.9552811760578 -256.60705274917837 340.0522968894655
336.1784508159415 -256.5073254114624 350.03776410434824
332.37399899733595 -254.6005414760084 346.7639025932436
340.86171590529835 -251.53016313926653 339.21795677539603
349.4385205971569 -250.65401535294143 345.8832304192728
345.24931489095866 -251.60655277636636 347.37874622804986
342.4550285443204 -242.59821930521915 350.62836763710135
342.9330878562047 -246.2280383933436 354.4313980436898
346.44329294229135 -248.6261634633705 363.7818192732398
344.0994497341956 -244.96310569101325 366.83648237177977
338.28817142829257 -251.2460846831862 359.8614839318911
330.07526395720276 -253.84954168073835 369.1122702814928
333.225041723612 -263.6455712205558 376.3116341545082
338.07767067225916 -271.5626691515802 371.05381631781904
346.2686610109909 -269.85441396215356 367.6549156926942
347.53348354544573 -260.74777229100516 373.30903056321745
344.084648888395 -264.335406854629 368.3257901096872
335.3032119531015 -274.1667257229344 376.01425837902536
328.3443375430462 -267.1501628911745 369.3685074596695
321.7951078703927 -265.47037615078784 369.8586255061053
313.5255736528711 -274.40394596273387 360.38892247507374
308.83015135082144 -281.7762721887761 359.90500576506037
299.4107193133947 -291.1746175796812 361.34181883007585
302.6559824921518 -286.4053730918545 352.38751648872966
296.4073474112366 -283.1112734511048 350.39628618503184
306.16626353229975 -273.1164344684279 347.6945081927537
307.70981166158543 -264.90432088145764 344.13984037647003
302.25827684206706 -273.604613587265 349.8509489872448
305.83676247348694 -277.6536360394992 353.05260248259555
299.1807838538853 -275.13401306619295 353.82320875920504
300.5207901798524 -275.73752217695056 346.5581183663348
305.4819003209539 -280.6801909818576 356.06497488930535
314.5107353127337 -280.26815234660404 360.21811585560323
309.61090006410234 -286.2943128090261 366.27850027630524
318.14214141896554 -277.79466859192195 367.1888271569156
309.52139215515876 -285.60362641281716 360.05260550553334
310.0885756845584 -278.5327202683748 357.6866548835021
302.28724364691533 -278.8645556737268 349.40931096883924
301.7931674679092 -273.229956356676 345.73812079659245
299.20010387068334 -266.85011238307965 336.1288436189471
289.8851533030736 -272.5246885969852 342.0576678318314
280.023501274593 -280.89852162867356 332.1550771832122
277.2697993376372 -287.7868998518845 330.3035443265393
274.1053165145291 -295.4892456315996 329.4156523565429
270.6382745951212 -285.73251633146583 323.4115351532701
280.47800726327506 -287.24645411996653 320.2455176952889
279.5537730527568 -297.12587411833243 321.9293073678079
282.833280246547 -288.06105329497586 320.7454655862022
281.190097594216 -287.58204212922817 328.7275221373506
286.41070968958667 -278.6787188301188 324.1870055216287
294.5663447713952 -278.21725503019485 322.1073162633203
285.2310637912561 -268.2882687316502 328.08144732334233
290.85065979623596 -266.5590020774249 324.4665567415161
290.73227324272085 -273.8584944165631 323.76894954796717
299.5618572610694 -272.74936385077683 317.42071031410103
301.12435043394277 -279.54744564646586 312.2985228927329
303.26996672865016 -270.4373964948524 305.3768596986902
298.06929086564065 -278.14756443287234 306.9194277061442
307.5947080301247 -276.13350322282344 302.1686155515791
309.4376357429818 -273.2983223686877 294.2940007988881
316.679897141898 -268.66127002683606 302.8136614431941
312.6421264390026 -263.94338028982685 297.07198659818073
304.47465645650664 -258.4112476333435 291.7750742431909
312.6164071995421 -248.94974207828886 292.5873151142285
307.69245309440174 -253.21695255888199 286.421115020893
299.2849017983576 -258.541185678548 282.50821182985226
295.71832276810676 -254.76963785362483 284.0684975748771
305.6816704128251 -263.00522493772803 288.67704770324747
313.01720387637425 -260.88576192850604 280.8089733261171
308.80071480993695 -263.42463088344266 279.386882059883
314.4857819218117 -257.44869628842685 276.00708694607846
313.46120770451296 -259.3632176564808 266.3912766736678
304.77003780051075 -268.14163515627905 272.4506369260199
301.5947015485958 -265.5283332657987 272.0691460017609
311.58332540370486 -258.34589399289837 277.309235370024
320.3148203218218 -255.4549975591038 277.13495582234447
312.4926493635536 -254.20175107420746 278.11779820659007
313.53382714690025 -258.0147809732122 272.7497547920075
310.3362295185895 -256.43162326599077 275.63777867895095
301.6841117897204 -264.269629209197 280.00960624912585
298.77799589706956 -265.3391669355692 272.8398966550491
292.31865535126786 -258.8274642271256 267.43302972758426
290.3297628424526 -261.16712787172753 259.94348997045176
293.65644355861656 -264.4894976833501 253.22778643435785
286.8457433918716 -257.80896000348076 247.87869175984693
287.2485287058721 -259.11067600223834 255.4590390090755
281.4848472402529 -250.505056463144 254.39716847872407
272.42425246114965 -249.49218453173668 246.1908340902779
265.98389318226174 -241.6177562679778 240.80547711780153
270.21353028052937 -246.3912904141568 242.47788285453842
274.92119841024726 -241.4538925984076 248.15984365665392
266.06926262430216 -244.9265087955356 256.88422921749793
264.6027891163251 -242.62180959720686 253.10583786616968
267.5163722933757 -242.8768816233742 249.30470230570884
260.5598586725252 -248.06973496048158 245.90108373274276
261.5303030501599 -247.16046497581283 242.7434828576023
251.88804905005148 -239.24343933457592 248.13441293454562
246.7792368490607 -242.100641890396 242.5766179848238
236.86625441108646 -234.33833027353552 237.53911670561178
243.61387933972546 -230.93282948427225 236.28788799210176
236.1134637635557 -230.17072075708128 231.4319881002528
227.89649802680933 -230.2999196520596 239.82877668967166
232.1471512911287 -233.16148308250862 230.4042123190775
236.34362291652624 -227.9507476359752 222.41834026838404
226.71339892687882 -227.24889350156255 224.82525324620275
235.15644581254296 -233.78211829134605 230.1545641004801
235.37710705521104 -235.92483429752443 220.60618472665172
237.44767692286777 -235.8908359472645 225.4870890138852
233.04152667866472 -226.98858452554407 232.06688699844298
230.13657338063575 -230.25184352017556 231.96540673434228
224.72825620221846 -237.35911027559172 222.7326852486362
215.45429129829094 -236.7523222720004 221.04099721588332
219.61159225826577 -237.80086331641562 219.98313629835963
221.1136644610525 -234.04084284656625 217.03595556403937
225.5770737563762 -239.1936500265987 219.45094212761734
216.71441915804257 -238.7927262093976 217.00660082803125
213.8059326143147 -235.84450568712296 208.57136322720498
222.24302708775753 -242.06811544438597 210.2647197392194
228.73377918652852 -233.14277000463062 203.43569303566701
219.45044004281536 -228.50368238220403 193.63962625370684
227.74661875273148 -237.4201444877896 192.60676037560378
236.2449941748556 -234.26697156761028 196.18269979212957
239.49959546608923 -240.9509584774749 200.74810710097452
238.55865217549982 -242.10941560131954 194.82944901378656
238.70674567856742 -248.01146596802582 184.87159738542206
238.75459451299378 -256.30971569608016 191.68347568412176
237.62111028178552 -262.7668149848294 192.19672455755384
230.9991136958098 -264.79994641280354 201.58824623675068
232.617046922778 -265.3889346133455 192.20132441971867
238.71966551909222 -258.01689053164495 182.7215504096783
245.0948406799172 -264.77501981437007 182.05963400032604
242.7085656919664 -268.52426570456026 179.17088405998885
251.94417922949722 -261.7578308906977 180.35770985953704
252.73798607302425 -271.4306364927356 175.1702404418403
260.31089064974736 -276.49911115176855 176.84601527767174
267.6703518812752 -278.81001978568037 183.16863920564248
260.01171933430186 -276.6109368739841 181.30053834152858
265.2431092497828 -272.7061782909556 186.40495357329553
270.0228827539226 -271.0763425919828 189.18725748418586
270.8948877881807 -278.5214058414744 181.58460034280387
274.1225790571144 -284.0748218483893 173.39844882237048
271.445275659797 -284.50501265700916 171.27381926635573
275.82003913611464 -290.1720503593099 162.2080630186276
283.9963935637044 -281.59625480921534 158.3987106737152
283.6433838812033 -275.12745694140716 166.02439034563056
288.9718543941353 -265.9206959871152 167.9305081462034
283.68418769165805 -256.23958439664256 175.53567070113468
275.27897962301233 -247.35652989672644 177.6051383504981
279.29140698691106 -254.92765745019722 169.07213946401313
287.6905525132556 -261.6178463293848 179.01762901122498
296.2261272650667 -253.0363243187832 188.38849755327283
296.2927520706291 -257.03953724312197 190.68845177001572
303.3773432414402 -247.44724226974517 188.06579575110092
309.1683183457532 -249.70841549612413 189.4826656576451
318.17364293637064 -242.12168422504058 195.92308189005243
317.36669956824153 -246.19109058258587 188.74995724133794
321.8122112136159 -255.97203230249187 190.55346494695544
328.6949718523733 -261.77675024338475 183.04118683465856
334.45086948847967 -268.48874469920224 178.35534875529032
337.796370293838 -272.06039588117966 181.41373712183506
337.98988292669924 -277.3243170151144 190.33226328072422
345.52528180582834 -277.02477232527576 197.25830815276137
337.89812021394266 -277.08700244425245 191.80906144366315
335.18653093894324 -274.80956266141226 182.99751015483693
340.45559432486147 -278.77086477101875 174.74298076231858
346.4974102975752 -281.2513982505851 167.5900215923635
343.62392496330375 -280.3103255151497 165.88855091865054
341.63473039592463 -277.25057573910107 164.84514465097106
345.27542331148106 -279.0897192867018 160.03075233127134
343.41275283805487 -283.9362934795977 166.33282625840286
335.2151473622922 -277.16356027917334 175.68054966786042
341.578382490849 -273.9390265176286 169.91866008783734
334.78421364340556 -271.6537842614596 166.3312192585404
330.8092043283 -264.9744478981415 171.53591901314218
335.44088168087643 -260.3278103700755 164.99164755677185
331.2774406830288 -253.13347928651342 159.72246686707464
335.70191648247544 -251.98791902372744 162.54399159398076
329.5773285507753 -251.16585234449218 163.3199460036276
336.7684860521732 -251.4765763660065 161.97730977255054
329.21406449966923 -250.98580733807847 171.22928994915242
326.79537906753507 -241.17831039542466 168.3665659639359
324.3709582085335 -243.61159832591326 168.68658554151762
330.50805762984226 -239.49856299982022 160.97007407907583
334.7368316738204 -231.03930268314232 154.64117797431697
337.0076134838109 -233.46740715624233 153.3013646970792
327.6338000863416 -231.74095045957978 158.22612182644414
336.78836298165373 -227.11427316383427 149.68272425689955
346.2079390839818 -234.2398587922395 150.93376826288966
339.75173452985354 -236.8567627656032 148.35430151331119
342.44956045015743 -240.5534604541041 139.97613521859657
332.6661988661686 -232.15546018564453 147.41436019817544
331.3563789993888 -231.17665754107836 146.13653934111176
329.59188915086986 -228.05013570800506 152.78353406283617
337.04732603499207 -230.34508423401434 145.15358089886828
329.78417811629527 -234.49094588176783 144.17387210107356
329.17677473860925 -231.5092368244255 134.8062067894578
330.3215413634998 -238.91430040150811 128.8548439532616
332.55188968661156 -238.0248598524776 120.79532014165247
330.7772112233442 -239.72245539327443 120.37775742317875
328.27389308255124 -232.01607951955322 128.65116796608828
328.12132452063776 -223.08989457905963 132.55414244886592
321.2223056186728 -229.93665997512184 122.73040723330529
315.3420120160672 -232.2555788263004 124.44467865771439
316.0913192843393 -230.02572727578573 121.8109739452789
307.1487977960675 -220.68717389644655 120.90159373452235
301.05361705309036 -225.44147377243945 113.33204430474771
295.39006017427135 -233.79615156926664 108.56915370399287
286.3750453989811 -233.4397657152953 100.12897196636374
296.09966346918594 -230.9053172735781 99.91766685491896
301.8134556612275 -232.23980644730653 95.2539348249553
307.99249171884435 -227.7859562637188 102.24896364791341
315.4662387317724 -225.38401575241534 106.87956187602079
318.0108224879136 -223.30790326823376 101.34600675659014
311.3474667532434 -230.7402505177204 94.20368755653864
313.53431653684294 -225.71621035678461 103.07646319799201
316.1702833638602 -225.24600877235102 95.93598648810871
320.3695817441097 -233.05925573971552 102.49583906446995
314.6851724550628 -241.28543199386772 105.6690896439979
316.20862399589225 -238.60263533977374 115.49581157050767
308.33912107781856 -229.611891783027 109.15893505710298
298.4602917475352 -230.30842515580906 115.52081607296958
296.4364443177442 -223.04685776221717 112.2166104850528
301.86213857278705 -219.0169107543106 110.01231956193405
295.0802853182423 -227.21924572131704 105.50791290132263
289.8047512891585 -227.0101161220565 108.41606910595495
290.63308640495114 -224.92315166216045 109.70903245429618
287.2490448837447 -216.75962780812372 104.51241201816872
290.3335228814872 -224.69946168365476 97.1295934464477
300.0323301661127 -231.84951271119593 95.5640261769996
298.1897072814428 -221.87428407508207 92.91527942395676
307.75058428239646 -228.34107741295074 99.52447065025149
315.2634132793831 -226.0484410865844 93.96490419177928
321.11375277502935 -234.78470634113785 88.03245573279298
326.6346019570626 -244.74147186359053 92.00685064345804
317.3211585072451 -247.62386382667233 101.62000106441944
308.4928421284724 -239.6059158542162 93.73663088129898
311.14917431352626 -231.6810512456514 94.63286768192366
319.82785767581 -225.89854570781688 89.05570332477836
316.40534221177575 -229.3081741269112 83.84781512243869
321.94185303608026 -220.36553940469526 77.88139954768444
312.0265505763559 -220.0511529489307 81.77891321106911
314.13414538107435 -224.42248090898025 73.16485219039268
305.0684264095961 -226.73373389678238 71.40504987997895
295.9732481032284 -225.5512308657903 62.22492713846553
295.18521714478965 -232.69314005980448 56.02001718306596
302.34912112894887 -228.98685315199728 59.66180383454891
309.32196964187614 -228.730255166225 60.75574051261488
308.74587763038124 -231.75274004659875 57.47989085224304
316.93775093064727 -229.61974998595093 67.31281674035651
317.5638916543216 -233.65267159312586 69.65915990205397
309.32900580058134 -232.90919331214303 65.71296995642037
313.3039275379616 -227.02143852965852 68.87078437833169
319.51444645248705 -217.15979032854403 60.55512829545163
327.3897046383033 -209.6442158535532 54.26410621411525
333.516469010446 -201.80233056245982 47.89546627768512
324.1939998318487 -201.25755429410677 39.8799723870898
330.97725320659754 -202.37533575189968 47.04815102650765
340.1204399297093 -210.32084586417633 55.8606616525468
348.0408519202334 -215.49516299755533 51.629529574485204
357.77361163599295 -213.25263013872632 51.73145719494783
357.16665452754023 -220.8802494836044 44.129895361921555
357.5698268769971 -219.1892758455865 44.07348058597952
357.8447704097024 -219.55785852310305 54.02416292227656
353.5314098326387 -212.30015606473114 52.97189598843504
361.4231776410027 -206.81592537094875 56.063756174415396
352.82377275056905 -207.28860977715038 48.446880390353826
361.3869036834406 -206.51194540935077 47.4523454950093
365.7781636053968 -204.28333192464862 43.129690629890874
358.40793381839245 -200.9353712712404 48.88589416738323
366.9605570317882 -194.35420975859182 41.62095406733707
374.86942668804124 -198.63309057040146 35.0632730249275
377.80657591897295 -204.9541467073377 26.942851427027378
385.41277179351744 -198.5359175063866 32.98952247848008
380.0597035634014 -197.42393987457544 24.006569992886348
370.26528641371453 -198.75959400855749 23.95813331762155
371.4923197896339 -192.83649033599133 28.065390015548097
366.7776242010888 -183.71817757563568 26.737822565829298
366.56131233859446 -188.8149668825586 31.030631106717106
362.48393489108764 -195.829766098498 35.82798180198011
352.96592645383043 -193.34565074754974 25.846394390311133
349.3144513625259 -191.29097588115306 25.91457466512482
355.0572165193376 -186.6807372655465 27.386324905601445
360.4693779201482 -195.77626294818361 32.44152935764429
356.74487263861266 -204.80043909120383 27.852241713550637
366.4137582232873 -205.603827028645 24.138764776678165
365.0306728575172 -202.13620831132704 25.58848292235005
355.59552127607026 -199.19528321295624 33.17570338328094
360.50676561212555 -191.00431332421834 28.83372344467317
359.2096690915894 -193.6035932334886 36.288215635620034
368.8997578239303 -191.1051833245061 40.92982708243469
365.65495923376096 -195.18965709922324 40.79939007167078
371.2872903945194 -201.82161283466905 33.861558702973326
369.64497718202995 -201.41069279782937 26.039414262121856
364.26221187276127 -200.29603507913416 20.273902034881807
359.8327366010104 -200.2621057574344 16.290737336175805
369.63159245552856 -203.68203722414492 11.853490697854529
376.83712027663165 -193.75824426224753 10.562591651054685
385.7481618455879 -200.42799764873595 7.011643219374065
377.9536843845519 -199.3771424751311 16.225181027966617
382.0791453623606 -199.06316761700668 11.988370750899035
384.10988301054533 -197.2859405755849 2.9286885908787497
386.0636381045039 -198.96792613016336 5.495290077175725
392.16179194568394 -203.3276023905147 2.111700983484841
395.66680499827675 -205.4295162405307 3.484252394182963
404.6345264989652 -197.42799424859538 7.606915747414986
403.3069362225694 -205.89859613643858 17.46433357542432
409.5397802247796 -196.7937092638745 18.972510728653035
419.2883951438615 -198.90503362934288 15.086991684232068
416.8126765052142 -208.7141198805239 19.07566652038323
424.79856702498944 -210.5056494793147 11.712554555501269
420.094185483879 -203.52919591585643 20.232854987500055
429.6699382559996 -200.8393423386482 12.99991608409686
421.3757022018956 -196.70453263469977 12.341785330128948
417.3991959451812 -203.72580388214928 17.848663554580238
417.927173402563 -194.70145044936586 21.201823218338795
417.4103926071947 -203.85037551225741 28.815120675737028
418.73571564951385 -207.91642700719416 38.12602102431646
417.1052781179934 -217.46387248529967 33.346039224818675
416.58192862673513 -213.1755149746814 27.916109101294484
414.29233412595613 -217.22714064645805 29.722328189538644
418.7701814755266 -211.95137750495226 28.101196497488655
409.56281623224294 -218.053479258644 34.57591798458251
402.85685368772573 -224.65276822330472 42.28803546547577
399.2820566007993 -222.1728136172681 35.28831459300109
390.80852683118945 -225.50902879037275 43.46957357513412
399.0182302416195 -231.41876676754123 35.23397329987161
400.7208097884488 -230.29272236016598 35.01428578647554
398.8862659964382 -221.8625898116932 32.0986866095764
389.90758926304227 -221.28731864960355 33.619580146279404
388.33055972730216 -222.74865597280373 25.20371061115337
382.6954241212729 -225.15416868839242 16.384381996900476
380.90520695778457 -230.97062346617847 9.531191441977066
374.1816617812563 -221.19373099926395 9.679838518533936
377.778771474552 -230.95631409441947 1.3394971126948203
372.8493629953893 -229.1576877822663 7.173874225300816
378.0707438104915 -233.5083285641744 -0.9066651269989183
378.34041683699525 -233.2419450539051 0.46520191239388176
374.8492022448303 -226.43783143358027 -5.1753502161249525
381.12975823971857 -225.5834185848968 -12.596002425956206
376.2264099117079 -225.5729574710977 -19.845593733435077
379.9599120250293 -219.79672983140713 -18.45434859469145
371.8729906040816 -225.75895768749018 -14.568303672917981
371.6289940536681 -234.60072705832377 -8.591794572982987
364.5241078581938 -229.94030391470017 1.132966835124627
360.4678145797113 -228.2598215674352 -3.197978979333211
358.88540986027846 -230.3468570931246 0.7807804768789666
354.36867077588454 -235.52368609538092 -1.4572890807846735
358.09147140571946 -236.727313718125 -8.741662595548359
365.9507233484417 -229.0143507435706 -4.171362398116104
364.6273486711009 -226.1913155370007 -0.5574624981522378
358.05203525785777 -229.78620746454544 -9.430574176044264
367.23061138331764 -231.19071519635952 -4.373625544433357
375.3561695170189 -232.96288874707048 -5.750973945881629
383.78194524827325 -234.60210076127345 3.7593155331813897
389.03989766355136 -243.0667710060024 4.673685058880491
393.62944187376627 -241.85194402446615 6.312116285368354
389.9534537431449 -250.0588498516197 1.9816069116592772
391.16301726796905 -254.04650240996372 7.727235468591836
387.75096850365435 -256.1638020527674 10.819411899816117
393.86399525022676 -249.75680168544832 8.048058374917332
403.83167939006273 -256.88967570618934 15.317572584865353
403.1129640544723 -252.1762232672602 12.105460179272406
409.3974534795202 -257.8126604571964 2.192432778753176
401.71825250832137 -255.59674904483776 2.8439445185028176
395.55013925802945 -246.55675295590717 -3.590960094296268
399.5131712180979 -242.88187492677534 -9.638082027467542
402.6333827742201 -250.49912140094096 -11.322870250138552
407.89120601778035 -252.51788699042103 -17.76118009430509
417.7869924669487 -250.6595870969804 -9.088990244444078
409.54038373685347 -254.993214025027 -4.245617477269418
401.80785989304786 -261.66554780395364 -12.026380861786592
399.2420739695061 -270.5300279077529 -7.979695567931748
408.6057059005957 -278.37493965051107 -10.272950973335584
408.3492587872897 -271.9432098258958 -12.183874405937347
403.2971430707145 -266.7813036414149 -11.980253330434774
399.6518170155093 -265.7312654258468 -14.518082520092864
391.27442225615516 -259.7900700025678 -8.641843087687556
398.4778386326651 -269.25456640445765 0.1857947734655916
401.1460616478257 -271.58440637487195 -7.4246010526187085
392.3273723749527 -279.9895958296898 -0.6389337319495043
397.5068629903037 -273.1921672285021 -7.063658297072574
392.2454430245489 -267.513568816326 -15.205218229486167
397.49535809658636 -266.1782367321458 -22.945952407305974
405.06277635793225 -260.5985851266246 -16.722676976865074
407.5552573944573 -253.27074153948934 -14.488004520035878
407.98718344111 -262.5232305054396 -8.118610710451993
403.0407249803452 -270.4653618427787 -5.272029929748779
393.4826876663246 -269.08189696110827 3.445272719469134
395.3977210942262 -264.8186646453261 0.4877318928077674
403.6791108507354 -265.0973708279178 -7.562384245488428
409.8323649004746 -262.7040123954565 -8.662551967656984
413.5415347518811 -267.21390822596254 -1.83821532417827
418.9414109098014 -258.81157531007705 -10.832199225328113
424.71207895490465 -264.49220801356665 -11.012499656705744
429.46198529021024 -266.9400015937198 -8.659869779805215
424.43796269068804 -272.72349067829106 -15.666667307397274
415.33602371116984 -276.4140269930251 -5.814230230214045
406.14208476395186 -268.18205543699185 -6.281287988920298
409.61610854709136 -271.85763778566013 -7.8048353299436535
417.84816188278927 -277.1770223062332 -13.45304101331319
419.7858593692215 -268.8194387114996 -8.17741395203116
419.3263594089808 -273.06618198997376 0.8553546440613022
421.19103354181345 -280.6007963007688 7.054545656517604
423.04705575148904 -274.52382756316877 14.544275305481223
426.61646847900147 -278.87998779932076 17.928308766756498
428.1371445711807 -270.3372039814178 26.198667248900094
427.9667871117919 -271.29753395570515 32.76159950351168
435.6913218971106 -262.3808255010715 41.194026188688625
440.0201429071499 -263.07779771475776 41.686827397454785
432.18102926481714 -258.6335769459735 37.972157012950206
431.39590384332143 -257.5192034203476 44.454905914960044
440.55409909523377 -260.90663533975453 52.77528190071425
432.54663040431103 -261.0523927377293 49.96459868668808
426.4120152823421 -267.0942345148718 49.9913379039924
431.7420269050042 -268.40366944372147 47.14110557190482
423.4324732722643 -269.6594656882562 40.30439818722097
431.8179993042148 -274.12410958632256 40.34692916509498
427.3257336670054 -273.43917874602147 38.283462352962026
422.22815578852635 -266.3053007995669 35.359069194808924
419.82394016179745 -272.7289318479209 42.07299553512117
424.9808880150235 -266.59373499525555 40.7778727082932
426.5238269440717 -274.68464872381173 39.5692842767749
435.62654010263515 -281.33829755810376 35.77839476553941
435.59086962826115 -280.41622747064775 27.296292519427617
441.55191998854474 -283.94756646473314 27.671625722015612
451.0889081484696 -293.01427088084904 23.982738532647303
451.6666089160499 -295.8406310372873 27.44962991084866
445.89018257089225 -291.3595735029326 36.01723638108378
442.25326125122206 -297.59789520872926 29.347922534183315
440.2688603156277 -291.33587482503253 28.72903079920771
440.9136453711756 -288.9621952383973 24.21333323612334
440.00488079318245 -286.43742130582166 30.403181773270873
447.21564433172455 -295.35091526332997 24.081109374529376
456.2425431558471 -296.76583805597164 16.90274521677108
460.05827655618003 -290.4155625865623 23.44148911698614
458.6679565921417 -293.1707696683886 18.47779676214607
466.72481709657046 -291.35344390157394 10.714563846772014
473.79731734176045 -287.18227035359325 13.0191233137582
470.54753934137017 -280.3858581887868 13.64318405959964
473.6453547336276 -285.83103511046136 5.128501389629202
477.0454096553399 -283.33322338118575 5.291541097070104
468.83742164018787 -274.8103032085638 5.513935350328857
475.3629536680809 -276.56008155386206 14.073771737327132
483.80354184371254 -275.8302015768416 17.35154436262809
474.6550480017953 -268.89632086333336 22.656161423631026
469.1097873242202 -278.8423017692757 24.582020688337355
474.00866241060567 -272.6538820205704 28.267802976474997
480.55498605523167 -275.1791789335882 27.054241153524103
479.41691526901616 -280.8029070541532 34.55692181990675
481.9726822915171 -271.5109452914278 31.316002685876295
487.3353430179362 -264.372829875974 40.59285387180024
481.69143477220405 -258.84790589230954 31.637885144398037
478.9163030705145 -266.8164149572386 28.744186407863335
488.3981013113587 -273.1559562900403 21.04495712358738
492.5112041846687 -268.32422419826935 17.887731004296608
489.4036278458473 -261.8993188466156 23.620674988560495
483.759761703524 -270.4627503935548 29.12593257792427
480.52397788461974 -268.5595105547275 24.878783826643428
489.7391706453092 -262.6010706482085 26.88696030576809
483.86244770696874 -256.6942175531715 36.353186966022335
492.13928313227916 -264.4120704696615 30.422438556743746
487.15720328800404 -269.1136290011133 25.62940131464113
489.2774191576033 -262.06812912526965 33.900616832864614
482.2547687577189 -255.78433693638348 33.491623931391025
481.0029908637124 -246.48853254437984 39.69872061317002
477.71844326054105 -248.08672842331566 38.86366593321607
474.12912288748396 -249.59216628790983 28.99980003449409
469.96446063723386 -247.43381027253676 30.428732876961497
462.5521357065217 -254.65067242915742 21.480347392824704
461.1124265334486 -260.9382357453518 13.652955001679583
451.19644433234083 -265.443169836437 21.921576191343966
449.83907984648994 -265.59314986992575 26.82424454236822
441.4336951555773 -257.80248389861316 35.308435154768574
448.05098758316495 -259.9830988621391 37.036134027942275
451.5683786651537 -266.42630181679755 44.836817177676586
445.49179494498094 -273.82367003194526 53.62869946631136
446.77982606675687 -277.31893888877664 56.04544069712603
440.48484594403567 -281.9758490640625 55.98246350036926
447.3587798400545 -286.92182201804997 46.707937317249005
440.0003571070582 -293.04124191502905 53.23112465711685
445.6072221119565 -288.08252134731663 51.48166502848951
445.22237019729545 -280.97781912890946 43.86238260696542
440.9720137794715 -280.50970976847594 53.43357607047029
434.41715064649446 -284.9019069378813 48.9049743325224
425.197716713703 -286.76637224031947 45.31245883093456
429.52571810770945 -286.28470672595296 43.605642258304286
420.4507095922483 -288.7513149214219 42.22888005770116
426.80166611996884 -282.9593868054219 40.20597930248062
425.3185200484104 -285.8560688753554 39.05989147057405
425.19581797877885 -293.34031953100094 38.87617507028703
415.38177105115943 -283.34540785074284 37.0394642019676
407.27682357699314 -286.77273235218854 43.2719862506311
398.3284035526535 -291.11894483179765 48.67275058792386
403.32848258669003 -294.08505574790075 43.667701413336985
412.11707198198576 -290.8879566232891 37.95687646865565
408.2292393856903 -300.84367401175405 44.08020120195916
415.40795935268267 -299.06908191061893 34.18825288031741
408.66136984127564 -308.05144417692844 43.36895229058863
418.50093706194065 -311.9165045557954 44.812024625151786
421.8080919675631 -311.0042036112407 52.8980914707711
415.83356529582454 -317.28759485141313 45.502499723028315
418.7447047307707 -308.4143004983763 41.43691987663756
412.91737454358264 -299.2273777059287 44.29703560334137
416.9161381071127 -294.3037863506136 53.82329931590147
414.06686841845953 -294.13556789877873 49.837291355564446
404.58970012290746 -288.87968908321716 55.36113959108252
413.88467559613275 -291.4507882184347 47.930156533498355
405.11878542310586 -293.2418196631762 40.76882552950152
403.6867423450661 -295.60355343298767 47.75980241518735
394.9361341791028 -295.0820524646608 52.886262646782
404.9254563659759 -296.1587322012543 46.62741237466228
400.0000511986204 -294.06793063978733 50.773288306605195
401.30811138250533 -288.1798467513499 47.95947351431112
404.15178917808225 -297.80073868148 47.468460419886796
402.4189051720153 -288.24628581781917 45.59340672776252
410.70904866214937 -287.81536024974804 35.87699712171816
406.6526606221922 -281.51335626267564 30.385596477516955
416.3033978527017 -289.1809881392256 26.75427005789035
411.46965618912424 -288.59580744046485 36.73221076467706
415.50132918431274 -289.9491946006566 32.801359294577345
424.6662396040916 -286.4993585389209 25.740727681690824
428.22925058921055 -277.7882548033915 23.42810805626615
431.5828688251179 -282.4073088323175 23.97330952455012
428.13259817662265 -286.4722732670442 16.757253939808823
429.24015943964065 -291.4246546355721 23.437229860763054
430.16678180472815 -290.6557025599429 20.912399503845293
434.663304351019 -283.5973211465339 27.830326110259406
442.98811222690045 -288.0931717313667 33.682473449453646
442.0701323994729 -286.0121828888739 25.4246539441889
447.8543164070931 -276.19015614136515 31.23769654312253
445.3164371718563 -268.22949190836624 32.434200997021
436.0230033925785 -270.99587338929354 35.33916189426917
444.54406298311835 -266.3284715674268 44.895709511826325
447.156422777766 -267.25709341055676 39.2314105743708
442.38065121422164 -270.30126909799606 44.38398810277051
438.09668340742195 -264.5940336596519 40.44555177719599
431.73895375431204 -262.45069123544056 32.01176523655505
433.11941876088724 -267.67816256233533 29.323175463950506
434.606708682538 -261.1431427130633 22.057710099732027
436.33341066035246 -264.61793525619714 21.532566126514
437.97709791681274 -272.85911780930604 16.00467741390329
434.3621285986721 -266.226853415295 13.557191296256367
438.0712737596596 -274.5384530641098 4.666112356401856
439.4849960966544 -278.4447706191482 -1.0968469106547936
441.8715729522561 -274.9143402021608 -0.7731721897030703
450.5636427232423 -275.7909612993716 -0.5117906035917414
454.4651282285307 -266.07131033233526 -8.594136436911356
460.7939281487044 -275.4106755300166 -8.106631438107298
456.9598991169121 -278.8155354546827 -5.966815566080525
465.4256377188532 -277.1055765814076 3.276127094675706
466.19171480125505 -280.50537808773515 4.608002884068835
456.87128650824496 -275.07793956354806 -0.585967322921702
462.6597776622661 -281.75746045422375 -4.865912495216447
460.442650169736 -274.56898768201415 2.059651640903798
467.2998343912759 -272.64896877771565 -4.258527449418047
470.46615884703675 -268.28311354449806 -13.742193333324936
466.5052485642398 -259.8059282461074 -10.86354672100422
469.8843451713431 -265.75663808469153 -6.281219706155779
468.1867427263334 -273.84891181029263 -4.749941734445867
464.21497396620725 -282.3814656667835 4.765460235429137
473.6480373503015 -288.17417389314926 -0.8064003131104966
477.8347276067663 -292.5245722648942 6.8217549880287045
474.46032652725825 -284.5798443641881 -2.130284384064147
466.345451686842 -282.509053842777 -6.29740051916849
464.5521771414532 -288.70515888719507 3.546914619740769
468.2953494914604 -297.74616249729866 5.026095870225318
466.59611597744674 -291.33188617268434 4.443640496156609
458.8026289852928 -287.37756903389635 5.100724132272495
465.0057188890502 -290.0156180372694 4.268446546708033
469.1601852714828 -294.01906358358804 10.7397546533856
463.2244618760194 -288.47186373569895 17.302972682350973
465.0077559012789 -297.13497468025633 18.889402260809135
463.60663478656 -287.65179428318817 11.345797657961622
455.95846629046895 -291.2299675293672 11.860645080316893
460.64844692602105 -285.9529730047095 10.335070363244743
463.79825840612085 -278.7843558855026 5.3720252694864135
470.7475365440994 -274.0108303315639 6.92936448293435
478.8312610793543 -279.2711414371806 2.778928618501956
484.48476327199654 -279.5207455032813 1.9141562389501945
486.1411446164659 -289.23410610261453 0.16495268419184939
481.02035632859247 -295.10450288681716 -2.1281082861540255
489.69222312837286 -289.56509822667465 1.9541766410154495
482.6614721545608 -281.52362979845253 5.523404776401123
472.8408622535429 -284.9656270652296 4.053483292028865
480.6762267025505 -281.8228280248767 -4.145186601611114
485.09971237667315 -278.2405279579137 -13.669500434417872
485.41538380135916 -269.69398316113563 -11.46102864142058
486.474738968442 -265.1800846093248 -8.386957040212545
483.3033025197419 -274.88827001052937 -3.8057454967276545
474.1278069629448 -284.5524271817393 5.861532935305819
477.5473524704268 -283.41566808386193 7.227666628004891
481.2166390016941 -276.3290552848654 4.963198937877904
481.8805552271233 -274.03527727309387 2.1840219075371654
480.2655576426861 -278.75060045781544 -5.778694008417238
478.79244220928626 -269.60348629302075 -13.075046627959077
476.04896026388724 -276.52401478183964 -22.798125213435476
481.0515871416753 -266.76421305006215 -14.14223401634344
474.0794986463792 -272.88535073385503 -17.51460236405065
472.21408125365855 -279.3909806844482 -24.992887163049332
471.425535224253 -285.72130679681266 -19.034011162132412
474.8210236721397 -295.67906735338033 -25.10801056794066
475.3150485750001 -288.8605802162829 -30.025372888509374
483.9607275875175 -285.6740949092875 -28.887323673142014
493.2284447492926 -294.05880912727577 -23.99081404112892
485.6905864593065 -296.7216828345434 -14.078673645268585
490.98973040905196 -288.05298636876427 -22.001398511130176
483.48692211775614 -295.8118767343237 -29.461740044404483
474.4156668842704 -302.448078300564 -37.66222643276554
481.72118364382266 -294.57486514978916 -35.10916176539085
490.8999335956173 -285.74659348182496 -39.996138765749556
487.69489966761563 -276.6283709762433 -49.75590345429653
490.04344715004254 -275.69356396034283 -49.53570215491082
490.25612004963784 -285.3942335514226 -52.05977378524839
484.63096233844055 -285.4212808079988 -50.43152853503268
484.4362739016668 -286.3252754041781 -57.39074667968592
492.94508282965745 -286.9981968872889 -54.66647073020566
485.8995799762025 -279.5889948736201 -50.39251274072149
490.4900317354295 -284.82505142148773 -58.967704993030466
488.9410963717481 -277.38442394887585 -61.519069108504404
481.639022318789 -277.32457974477745 -62.284703958880655
480.9726442359437 -276.66488078928586 -56.41008089397633
473.68478317555713 -269.423739299708 -53.0277570161217
466.77214171540277 -277.7583917878045 -57.605286574843824
463.35387068997414 -274.68805323795647 -59.402283945211934
40
471.3339110335321 -281.7304021753854 -5.623979062131182
474.1967950887566 -266.5020750691639 -6.018314065048202
468.29952848483526 -251.07381874801393 -20.349990569518077
471.8189330739196 -274.3708390491972 -7.080889684287507
463.79759146448714 -273.76006864654096 -11.71245742724972
464.0400757299001 -274.8640752911448 -4.605090607439209
479.52488912041883 -290.6293314871759 2.5100738183944995
478.3663186902832 -298.1181997584267 6.566772913261935
465.07994998155226 -289.5345833853181 3.080197902417008
462.42503923051044 -286.20497363083564 -14.308557493023052
467.5205480279926 -290.5360654643497 5.363239288715425
466.1029813833054 -292.44521905751196 1.062515929485928
459.02455610993024 -297.6844124298832 -5.434360281319451
448.8442518578496 -292.695141412265 13.722530693819795
459.39083425717286 -286.0251091856918 7.455206833947635
465.8208247834631 -288.2000257579251 4.105686102389573
454.31261888429333 -294.23121616972963 12.770745089893008
470.2078204218798 -290.8352406498374 11.86435313091916
458.02375073000775 -291.76583478143226 18.41908461281395
463.5239978608543 -288.32412328090425 13.348196224765491
464.20770324716227 -278.59640071399286 14.186656028196438
470.65271457371625 -286.3512345470267 11.78774735532544
473.8604027346069 -280.615234761865 3.1684298168364773
475.57521376331306 -281.59862662081906 2.1088847877332264
485.6548275090483 -270.96874361095246 0.34801127309554225
480.64986946369095 -279.41681772373863 -9.29905319148677
477.8676077148446 -287.0081262361728 1.3474486101433238
486.12621875047193 -298.15083067589717 -5.965606082143237
492.5811729118936 -289.9832338189469 12.358576193120303
469.44659964035316 -288.57622819700543 1.1956800014740416
480.88996753161433 -289.6590891183074 -5.908894647603551
481.2892939469246 -287.8825958201811 -21.815981546099692
487.3387666381233 -262.86345364159797 -11.520501472989691
477.49066623188804 -273.381707435199 -10.547804324121165
490.80131764246147 -280.2409663354512 0.4856455673262037
474.3064465811213 -288.8662293604368 -2.87660150435255
477.2628162882784 -280.61448858041825 1.2838317002392339
484.3043199536477 -269.9228166006213 -4.064343583650897
474.72492522881737 -267.22350567305597 -1.1493142872458577
471.8581852114309 -283.3770397499882 -14.242422241727033
