1000
326.61273482547756 175.4343950028522 205.7929147546524
329.739695372712 179.34839563571586 205.7106382527252
327.570458130381 188.5070319686294 210.06340751892463
319.30734868593794 190.42111363834675 203.5388782540159
318.03084003147876 197.11942827573912 197.67990191779947
319.0098082464517 203.7647109526007 206.42317396159595
316.9059573353521 207.10053804963778 198.41670292893295
318.977840602653 211.43962433974343 196.73316405870924
327.7309185767802 217.6758782684199 191.40355258429807
327.73557426203797 216.89858482391554 194.73867800576355
322.86396594944546 223.65162875732938 188.32205251941878
323.15936534665735 217.2544973020155 178.33391021097017
329.9180337327112 219.1543094426362 176.1402258295478
338.4338669013431 213.37884688783967 177.2982116727204
341.7126189512487 211.91014858588937 184.03400167223836
344.5082709298492 213.84381655836586 177.6168714056698
337.7944694311661 216.3148914219863 173.50293630599103
340.4927471116206 224.58974683988419 171.4645207430159
347.97567475135503 232.56663837396061 177.45194106847975
352.01886001989516 230.6055280367262 183.93282454895882
342.5017760721253 229.90166340462108 187.17883862762804
335.43106910748327 227.06756241475526 187.15264475559516
335.82695497802086 221.802698023591 192.91709167647508
341.3492789795877 227.10881238306246 183.28437235870229
349.1023046679157 234.6570987348497 186.1831143703887
349.9393198487238 238.20606412942064 193.98102041674224
342.69728684448523 234.31146767015431 203.89259995428324
338.8775732366456 236.17262788557397 195.25783668923398
345.61032989954293 242.82431045381358 186.49383112178936
335.8699719747851 239.0768103213161 177.62193892501514
329.0467195007147 232.6997721917671 168.5421912223567
329.975932441171 240.9561663869767 166.79406759598956
331.3680912223256 236.83094956421957 171.9410727880359
327.70370420252164 228.3832317567094 167.76811696158558
327.6392563935707 233.1706362909518 163.34823785901864
318.3961204454246 232.6262520473323 168.6253672294737
323.0934320371867 234.70165410226176 161.16517612234676
321.5299939125974 242.3344530282234 168.34624957894385
317.34986171021757 236.71275459950613 174.86596960699057
312.3736745971919 238.13412193980398 179.63695096424345
309.9866838679741 235.6994549850559 174.1469167300189
308.059360636435 230.32433487376846 183.52858903091152
298.7348981851417 220.46799928336762 188.37703268194667
305.13401126081254 223.14095138616761 181.30203457405176
311.1617780005807 216.75164825529487 180.94536902459916
312.07008061409886 212.94671426495455 179.37806881736654
315.53518056483773 208.80337470372012 173.89512492259905
309.4806357675205 213.319973736949 174.7017857164039
304.9847457086801 214.8317797536711 180.46080557833733
309.5644648173074 218.48915086086328 177.02460564862798
309.197021975622 220.7107106842667 177.44156852803874
315.02125605392973 221.02902389805294 168.83354737640542
317.34054636592083 213.9354528233594 170.10490282556736
321.8317151377614 210.761114847936 169.61855367041304
331.33828916079005 212.19176172206247 161.4613995007941
340.3133438393935 216.38784527491333 168.2049699044502
339.5900120700372 226.00026371255268 167.1003519428049
339.33027373242334 235.04734763122258 172.88351601290847
329.87922608205946 243.6463789075808 178.28375664688994
322.2523419637575 250.64476329770235 169.33672947259078
326.46209029336114 255.88330045461848 163.81522288419666
321.0037504775718 251.194157089918 158.07059213724807
321.07843060237644 257.71892954253775 159.9380232972661
312.3685686634658 250.3119561041991 150.29104833365105
304.0562783542911 243.88762719430278 148.25777219403062
301.6267764552649 233.96820615648033 158.1487860896297
302.55306611847084 234.99759466451425 153.9557005584742
307.3816734716607 230.7702217939405 147.9662981793015
303.8359338259535 220.971315530175 144.4981918109639
298.4649145711894 215.02859222081966 146.4753717339466
296.48706542896497 212.8741893245709 153.97604895108302
287.1128238473896 221.33329510731792 146.67940833058944
288.4675557157509 226.07657703146884 154.93816640562483
293.8717516844514 219.1167923590971 163.65145148669453
295.60207041002815 211.28891043034804 162.36243601861773
295.04960037317863 217.47461834842383 162.92559560236893
296.90942680900054 208.32013240017812 165.47256943568794
295.2775631206921 206.81838519211922 160.6281122626154
294.71146448355904 202.414249335967 152.30780286194673
300.7550785874102 211.65363288890728 158.74505485400334
303.6745982363154 202.69953267528854 168.25561818991721
300.23370147085234 211.26657855521023 164.15344967493502
309.99603970669125 210.34156781018328 158.72744380158602
318.5056754276063 218.63736466669278 154.87734028895525
320.6754671636363 218.86791189657941 158.36070038260917
320.05863675937655 210.26492795414384 152.25990481040614
316.24479660367945 215.92947313186053 156.94576938243202
310.79646803813137 209.74015371332052 162.25509758453148
320.64250977455083 217.59275538694538 164.38632613558798
314.01382289259107 222.1999937132092 164.31614740242793
304.1237645050529 225.57709595569676 158.04618365691493
309.6628408052896 227.43401365352042 152.3505472561947
299.6979451922278 236.55275380492634 150.89447929563298
307.31261759284826 231.93601298927322 142.31495305936656
316.4264835117786 238.04253007133107 135.7662538866078
308.370259835543 236.90578407064606 131.39227272367933
299.5955559910099 229.5341457581319 136.6244501236346
295.36434886805057 224.7963480884108 141.88544895358106
289.9318570928 221.56462720237838 138.68084349161467
284.40315279662343 217.09861128840205 131.46378791563626
284.7193927581477 213.45104804423545 134.40469848154888
280.4691781272332 212.6659999913023 132.01803285192264
286.1438043704036 202.88215782621666 122.67637104093872
284.70059123284625 207.51444183865524 125.06681331149018
279.2040928594742 209.08383277209097 132.68920535111656
287.825693629846 214.8125383943256 133.5812353762836
283.8029712034379 205.5845810808272 128.76713582332275
279.8022708721398 211.4616203078695 134.77362279354142
273.44324915187826 219.67778825183498 136.28560819060792
267.84261824000777 220.45275199921076 142.83951976257396
261.60001360266585 221.03660443773225 133.1645938718032
267.09126920611254 219.31202054074154 131.4777279018953
272.6555737745296 215.25216693473837 130.6440121860388
266.26498768588965 219.17396432990452 138.50207116991407
270.474356340442 215.25767940029314 138.6408705456813
273.3218345739215 205.53310649500057 143.56807986635388
270.52086420201374 209.35705490174865 145.73210125995516
262.03067769934745 218.9817525459727 142.29486730241555
265.43980526563956 210.92774633494125 144.4841748458361
274.2804001197685 214.46102484112825 149.28760108581238
265.19116665456386 210.01015957562308 150.49353291598266
257.6588259102795 206.2360600623239 142.7051593835531
251.2000952561965 200.25815952879162 151.70863906893698
258.9629357610858 209.42071340565462 150.46372540080108
258.5474291198299 212.563433318361 142.79728121553697
250.44443756802303 222.18004947633824 149.50089095755627
249.1258473101297 227.96591468414422 158.7977682174075
241.23790894623966 233.33424069910393 152.05326591267178
232.73086085473489 228.81411046949444 148.63359000597924
224.424965343448 226.5471261075195 151.4401462686318
226.95007706068583 230.72173225313963 155.37676524291626
221.10708628489445 232.80546675890497 150.50888382505727
215.09208150297786 229.7029213083194 160.28890067050187
216.6343111840371 221.0238651009194 151.04510446315047
209.57667250317917 218.1094748179546 150.21853070925877
210.3780212821773 211.00172828879863 154.0292220012765
214.58082463826045 212.90527533219216 159.2217698466613
219.93797729782608 205.81643138202853 150.51696175427006
227.70364832324648 208.7258529136753 154.1347985214375
224.40116675627627 211.60995075187512 144.68185730399404
232.6031264564142 215.81701652329488 144.77560208457123
233.04288166123416 216.2049865146497 136.52111986186438
240.08459472158842 216.9474321494967 127.51421909985186
232.8399431512676 214.19615656085966 128.0874177695826
241.8539045923605 214.31790659689074 127.2539978634604
237.82078393349911 209.39960783270902 118.85290744503916
228.73816421212817 211.958157582647 119.95855160609918
225.0365458080349 211.25439870425214 115.28809358403834
233.4917578700856 209.60860837049452 123.52401699538188
225.38351341057142 204.00827546412705 125.72131538584594
233.06383280278314 197.52741985659875 130.10401048575733
232.4258496305092 204.73444555438326 136.5036287394118
232.75875748210495 209.4453131715047 137.47579870238167
227.78063088804566 215.8456152521951 137.44780543567092
227.1163881705369 213.26305939418563 142.79800135625848
233.6078767074634 204.41751542216159 143.04509459323182
239.25767281888247 213.36927579232335 147.97637060900956
235.47922412727556 221.38248077527413 145.16102064370784
245.284434832961 222.33515087645642 135.34796513439363
239.2190043820084 216.84089663214556 145.31426963921484
229.85309887945192 214.39487569467767 153.61147145394526
229.34962568345782 211.6947917427647 143.98617962669792
221.2270834805825 201.99971962703415 143.78425223682862
219.20798190493366 194.7909920328351 149.7110415246972
211.98701123391754 201.5078646451685 150.48469264253308
206.7229711522564 198.02906469657918 143.88190347594397
212.55952544626666 191.63286521787887 141.08342675155802
213.61366244078127 186.9043509929971 135.50080250552213
211.00543359454159 196.21146989323535 135.77372659736392
207.61828681547112 193.88782183140265 126.38017899472058
215.3451544298089 187.81973085172848 125.72715420085758
215.81152288234966 193.11975740257878 120.9736999936779
209.00333367632365 196.24374028921537 118.26881906990103
216.695793439178 197.57369417211294 108.27125255185274
223.0430907597097 191.3788003504127 108.70501863172952
219.78407362940322 196.18231453610946 116.75046451929782
213.5005333401775 190.2017469752319 109.56607486697925
223.3841679652885 194.32484424403785 101.05792203069639
222.13193772338718 196.1451352366809 97.88943235075622
222.05205643570812 200.75994856761153 99.49533206547301
214.53263919479258 209.14191523377687 99.075771388767
209.50355678863616 212.51679629708352 98.88035467828554
208.50881014238297 217.85422344276742 91.29291291952975
216.50424644298513 220.66049151848293 93.35425941980948
220.9591194391835 223.1352255375349 89.81934591603057
220.6177884717295 218.83543130786688 98.87915837895189
213.82628709438453 219.84027362745485 98.27444381550768
205.24456349075132 223.41438006882453 107.76944162472431
203.26967323878918 225.38819310692125 106.10995697048135
208.33399029688186 225.20953458841237 105.62433366502573
201.2983781626829 229.67874991861507 107.96954440186242
197.77724727885052 225.19376575801132 99.40416263584859
193.1228246764521 228.67734481382908 90.34111234784591
201.8929921001358 221.2470592677846 86.11900227775298
208.9624963806936 227.7763303189374 86.42113064179442
206.89429091534376 231.08263181825183 89.67386829097683
206.30850834919528 235.65338150586538 90.491326325894
201.22964777107327 228.03353390540363 93.49124032927577
192.63687940914977 236.39281566607968 99.90347816649485
186.80780080751694 242.03055922934016 98.39152164245651
194.40976281002648 244.8663237655611 103.94099385040462
185.47790969988466 238.2900323408375 106.67809894746537
191.96997181389582 238.93764354307947 107.50626406271442
198.96226448428453 241.2477280860268 112.73656044545476
201.65366860712103 243.96910922338387 120.34352499649174
202.0224169477217 250.46867882444647 123.41825477004546
211.04484792416534 248.8650974981048 128.7249705070258
207.3774427031387 256.0070501635862 137.71120542007768
201.27210302967546 260.8457498634966 129.04299013522885
204.67132439769034 250.85632676616078 136.3699130363032
197.18861736545932 244.4635602865074 129.18865042337512
205.43649382984933 251.92627179331777 138.3052304427416
199.34455259714542 249.78066577900282 129.0594795798562
200.98591775727735 257.3301199640414 138.1501524293865
195.30349852017943 254.12418054970675 129.13119292952675
204.52051193815382 244.9480854899081 122.26003283141524
198.99420569696375 248.92452722794928 126.3561525774685
198.73559181845835 247.34168778928688 123.68184729966595
190.23949740353856 242.98972046360583 122.503743663507
183.78952146004573 252.96406857542286 112.66073941686933
177.1248791255315 261.2243704387407 110.26942816897075
173.84259251964517 256.5230625985947 115.87203564758046
181.76582628045728 264.88673459516497 109.93772235172563
190.00300625160503 271.42167772398244 119.31516686478776
199.69086078822343 267.97327193581765 120.05976484553526
200.1776062194453 267.0201540909211 124.4714965497181
205.79567807240122 274.97365144397327 114.76555096785596
210.8631465127609 281.74425388565896 115.49607464805297
212.00404509839785 286.6979402348448 116.9477816008672
214.06361741087704 284.19484020191993 117.8104451694367
217.76726125627363 280.66641893767707 124.50598076562082
222.9197055751444 285.20531625393676 115.37554475961034
213.3525584329488 278.0331098233661 121.36350183568575
215.15978034094118 284.53529264498263 122.29838817456977
215.2005094147484 286.7627642203259 116.3314990650841
216.4448291377287 289.10313902514304 123.12306327488412
216.20393855693385 288.77756315909204 116.24907556094638
223.08770212465112 294.9670778114247 119.13185259170265
223.6707401665855 301.04509838232786 127.07284529483005
219.41240240363456 294.44527115757626 134.8640729059372
219.68419355024946 297.2338607397976 138.26153133536954
214.1872246679091 288.8395864781957 142.23579221738112
204.59790609381423 295.971925311205 139.31206996029277
208.53456501459368 301.27263929233135 142.4977989879648
214.90616789547474 310.9183400351811 136.8761563677071
223.79280872196256 315.49565345896536 128.04443876318211
222.10942334755686 311.98440444200156 135.6094943278684
220.67630912424346 319.92049108335243 142.00370045003854
211.54470377999237 324.07196482751095 136.4541347795951
209.1185295301602 326.7854039278315 135.65939086470385
219.03362460872856 321.23965223357845 140.2481902392966
223.8232248072191 317.5016548397061 148.39259522944965
222.08112934054387 315.7841136019464 149.54841591757085
212.62254661948202 309.6054254400804 153.5985788437153
212.18233129836892 312.78560950155145 147.5695780122557
220.11847705622532 308.93720490291696 144.34278599365274
226.0105579576235 314.3068724073009 148.3903881855664
225.287583927872 308.0462660011987 152.20446943532917
227.7515914947448 313.5311175545502 149.62640399056687
231.87657999532777 303.62631816906554 157.75377618224707
224.42958918276904 305.23108526715924 157.82590068140985
231.00478253541624 314.7507023750218 154.80254962950647
236.45600277158525 311.2122958854354 152.8084547346606
237.52129935135483 317.7535066780126 161.18528171972653
245.8119769319162 310.84949647805036 170.53165714850547
249.57699145037387 310.8326941030014 175.9974006447485
242.64189570386247 302.3552295831633 180.71262713684558
239.85138578432048 305.57997291565476 178.6910081808631
243.94364854360222 302.82115005758243 186.56721406569937
234.56036259802227 298.0847751919686 194.96404512274532
242.32076736032272 289.4881135310547 200.37891037472647
238.97825990125008 283.6178647541578 200.97139575353336
232.24592023653622 284.15371591733657 208.44306463054602
236.54477380105106 277.12026671849964 213.6995190803411
233.71870239582594 267.9998324906804 220.5975537977629
243.71073914821008 267.4598769517234 226.383919846234
247.7174697005875 257.8544723903768 234.10104244721572
252.42774228937728 251.66692965254884 232.99942230898412
253.26423271266214 245.21569978440607 242.6026419467025
254.41903652713992 246.80097670775834 239.92772677060395
262.79657073012305 237.55201333425444 236.99009969985778
266.91936041006693 228.40135070901582 240.9722820836184
264.0562077108949 225.9757240962263 247.67851603217122
268.43114645029715 219.13586851019136 250.52579676748283
269.68774512658786 218.0693819165934 253.74568557720792
277.78216524273876 219.2836471383584 260.9974617891898
286.35095536448256 210.233545255386 255.41837295856521
292.5392046163499 206.59789026025013 247.65745252726873
289.9298829732187 198.42530080089608 243.9878329659437
286.4524639712131 203.25123241245814 247.85149180008284
279.47324230679175 211.19466095467152 257.75377479779786
269.6007680775421 209.96354826353146 264.0101517413682
261.2035476908079 217.25920850769774 268.90428559741645
253.97728952364363 224.43598271975182 263.91893892093634
263.35111354344144 226.36342449118666 264.0510780118231
265.08101150168454 233.962064551691 264.594405195782
269.43428328409635 232.98742431505264 265.5592939590525
265.9291590284614 233.43756367336402 271.66222641454885
266.4761885689833 242.58551053853756 277.021737996254
259.71452824470987 237.8591929083523 271.1102718512612
268.82973698782 240.20858894579652 266.4455762051694
260.02907531427314 237.4401893645091 275.3694062719187
250.22488101925876 246.15255642884327 268.423492545758
252.30005666376323 250.19995120127098 266.8678965918608
259.01334207569255 259.56110005343186 263.31563412948077
253.7962106204265 259.1716727379715 267.457014960342
250.42419115988397 253.599798936029 271.12643290389576
248.48444851522044 247.01447387615096 281.0964298093168
251.73016793741212 244.8177637938298 290.7516117277179
245.78338040134534 237.74465320270315 294.5336901783233
251.74167639837617 242.25981345450424 303.1749161616438
249.48577058617872 236.82553141699267 309.84540579045273
253.23291932932617 232.25896871810232 314.6052846482378
244.13990798834078 224.00729811330697 317.7329990660166
242.11458208661463 216.7710382378217 318.49139590320027
249.19900643612164 226.20878432695386 314.7421704956442
253.931446410106 220.9154757240037 316.1290456542363
261.7285475964461 213.37131232366892 312.6124714290627
257.10783613697475 217.69142263046552 311.52099630872056
266.1721768056315 208.3258394952657 312.20977759117994
259.98482871294806 199.74362244088042 316.62021999547824
258.1891571415504 198.65909445331195 307.90582450160474
261.51799928779724 200.9564069002986 304.7622098212137
259.03736556956494 202.44508704646614 314.6329808949184
259.56456343904387 206.43001283838433 318.6358293732842
250.80153513559364 212.52483259741115 316.6643756016133
252.47022787098712 215.2520948008394 322.7858171182966
255.85214191758897 224.1064422067422 328.54539713221794
265.50426755236236 231.2098114229504 325.573709170688
266.71148811246576 239.07819273540377 316.6781014646431
260.59630763383416 242.45394696251913 314.83166748286874
254.70305485297183 233.29039131838175 315.6319800110659
251.74222764954817 239.12758220789107 315.050821806518
250.16434305296218 236.3356237297084 312.4291898569924
250.10808730677405 239.34519176337758 306.7176156513671
259.9159628876019 247.79182398904646 312.18921305200365
264.9453567844526 255.3437858019473 320.45042598200166
270.2742173845613 254.19416480927768 328.60870293457816
266.0022416709663 257.5138362034051 326.62882527336683
270.0029812258305 261.5283698398706 322.4207823478201
268.4986480495619 270.35633264514274 331.995620572871
263.5526421970552 263.2651664894149 325.0337108644237
263.9100666802566 261.10213638373085 318.3194483079601
265.14721099399003 253.60006610117307 319.31864996508534
256.97049926809154 254.73544863959978 324.6640816447509
256.5203227492086 252.35385955337472 331.83775545981075
247.0706650366281 246.98440974037948 339.4337250910143
240.56574647709922 251.12375160176936 332.96025669995385
242.57525453245407 260.0077187409054 338.6908053491226
234.56113090995552 265.0070009445323 337.51269484368873
239.53570584011075 270.1688668135211 344.96204011649945
239.43403348729365 265.14870074593193 353.5110552629349
230.69522124738006 269.4340369449967 361.32340931746324
225.04223978640715 273.8473412042347 364.5615538208925
234.07614809624172 277.08966000945253 365.20895608239505
239.47608825319264 277.81540215407534 357.61134778283815
233.76179625615595 280.58136658301976 352.11882225820375
239.1964533476887 279.72196777322154 342.186567086926
247.94904568901578 273.19635364402757 342.2955155869942
244.50499403965725 275.32945319033394 346.305749794177
240.81608055938267 274.4531300755313 345.8092567561847
245.87988916425385 280.15633211256096 339.9242568374078
241.59550147027284 275.0470868466199 342.56577642724125
246.5275865066432 281.5566418744995 343.1233129305487
252.13883631524303 287.4403399564665 337.6784566551778
246.51980321729556 281.24721978730054 327.7951290142615
252.04032584505165 275.42043720337466 327.69971088750367
259.6127411690627 266.249893072177 328.89001971325126
256.1878207781995 263.4266316516592 337.9218678309003
251.6573890164046 258.5502768445839 332.16762621435663
252.73207147114476 265.39887301294345 341.34395657866156
258.20919229737564 263.47253813586264 339.9158744416377
262.1172955561373 272.37176154755446 342.76725811267636
265.5702733128429 272.2682387391507 340.76809157069505
275.5675361348169 275.6399540436855 339.4203556181594
271.2685036739395 276.9221870619472 341.40045866552254
263.8559464359261 276.25085044167315 338.86629051851577
271.8418736100517 275.96008483351335 347.65160874568267
279.35192665457737 281.4335034495825 351.334749697578
271.57519522734043 276.9461190774363 354.42060910560207
271.92171411281464 277.15238624187964 351.53422580321245
278.51213572445835 267.9817739051027 356.9710402575852
271.9968277968544 277.92217942275096 348.74012464716543
274.3233602572589 282.0715462945856 357.6954462986234
279.86949980545177 285.2465365513765 349.157837257417
284.6701050885981 277.7037877297294 343.010044796671
280.82376550145364 273.387143334367 351.99524761465756
290.009379247431 281.7443847534797 343.37427432332186
289.1583291775303 280.9739939772378 335.42921826974896
288.38426589155335 289.35162914045145 325.5771173284894
290.2841109224968 299.0866729345044 331.3738517375001
281.61606532668634 298.1817151327572 338.30200260772364
283.5585864254317 292.90507836230677 347.7107073396247
290.484914223404 295.536159698063 347.3868103586846
295.7505025495546 291.62471309621 347.5964218431197
289.976157163903 297.249829724654 356.7465428898156
296.4638409659099 304.55733950768257 359.86853716464856
296.8576667401865 314.40952439729176 353.18975074424117
289.55459112827464 318.3856008166821 348.60777446984866
286.1660055983721 325.87199306961577 356.17569402566073
286.8329600584114 316.15310846612914 355.5811542709692
291.14067258748776 322.492267626632 363.2257778226935
287.7054692746339 322.92428835808187 358.2788916603169
293.94523639577255 324.85950549847286 348.5650722295589
296.2945907269697 324.05107260402406 348.5066446040714
298.1921112227878 330.8985271046583 347.4487678526911
302.0367957416688 322.150247107729 347.76134493019754
310.1671670841445 323.1114984507322 347.1252624274581
307.4243162022247 314.91434772173255 342.0490668044135
302.18624857393826 311.08783397928767 334.62390844026345
308.00427665558834 311.9659802850461 334.7007756628523
311.55614971923444 315.08533216201965 330.09879272737453
321.3144884254122 310.9168830368516 333.69307838849835
326.1676162551188 319.88197008059626 328.5607700939451
324.756109526627 317.77329884389223 335.26708317833254
323.40724974623527 325.2964858379476 332.9602131654976
317.2864975281923 331.3148391255622 330.80540286615525
311.996081062484 322.37444642836545 323.17562004025757
321.89530048813856 321.5875469422572 314.94956410303513
330.7733023642895 319.9618136659668 318.5326516480642
325.2945648593333 321.8436259312933 314.1025694279159
330.8868190876261 315.0865243591337 314.0064939988179
329.3660847721473 323.641783379407 317.33963370341337
334.9316485323939 316.3221744892757 320.2087763052137
325.1567479789707 324.35847568215456 312.993022938221
322.5316445803018 326.40486110441157 313.8537923850272
331.8370348575873 335.95723015025374 321.46825303535286
331.91263029061105 338.96463451602636 327.1561461290176
325.71599442019334 331.92665141310334 329.0977873571036
321.16006176654196 326.82673488189903 321.41285494919345
319.34960950210603 329.4275156194588 317.9175346448551
313.664422773595 336.22683463444525 321.39953388398027
323.1739294494824 335.80315259229036 322.36637203762314
325.9887704208539 342.29999531571843 314.92963658648495
332.04518460263046 344.0884595976042 316.58374835853886
339.95465680551916 353.41960716214413 315.8944726048987
332.53077166955035 362.4407844774354 317.0477059729953
324.15174863455997 369.78380533026973 315.45475131079127
331.5144036012384 375.2743145110177 322.41207330195436
335.9069876440358 383.3441197938933 321.4336894231174
330.9373688798542 384.0994288734745 317.46835172943725
334.72629490386277 377.26542360903267 315.6613554102294
331.3498862321407 378.38635659392776 309.1433058947663
333.7573094522361 386.38679656639033 304.78970438812064
335.70183885595975 390.4300298856438 311.2758922439203
342.49441064921126 393.0021885114457 305.96504611383875
334.433526921051 400.26482873674905 304.7074381706635
331.72698752270475 402.8915036661299 308.17308434558595
337.3645023858664 403.7702731401932 315.5001317787027
341.49155934774234 407.9581090257338 312.9596990035011
333.3149250920553 398.9139474532198 318.17046365770204
327.70531498092254 405.50447436596966 323.7633300851096
319.2960154263088 399.17661004005475 327.13108436843436
328.40237067256 390.8350271609399 336.2502075419252
325.1228681239224 385.7651493423823 339.2187083532207
333.88877558081356 384.9327512838544 346.0992160262599
336.16687406724895 382.97458567773515 346.4427706307663
336.2598182962389 377.6982547014554 354.85514931353356
328.35378034305114 374.3351475253092 362.93238058628936
329.3640555764893 371.4754499411087 363.26736535386715
338.31363507810636 376.98944911381096 363.1178256752546
332.608844640998 370.57672934302263 366.4151150609769
335.6160953544486 374.7752518162642 369.6826106975658
331.2047216851425 371.79293834335846 372.24628039916354
321.72535943404205 372.72749733420363 380.11121364847725
330.057270294648 369.5411882915942 372.89443258914633
320.9921128179895 363.9995976218536 379.54134827366556
325.7339745597258 360.31192296114017 379.59983727191013
331.51486384209056 370.3066244706368 372.94218284892344
339.7398495688627 371.89182138289146 380.6697307951234
347.2145485327473 372.25853803988963 370.94011775600416
348.7744337722614 362.51387523000074 371.9978997573809
345.24231906181006 355.8808844401531 362.0942857998979
349.9134216077324 364.9103647293387 362.97523465774384
354.9917115501407 368.1772276432101 369.8336585964189
355.3613878579465 375.945756576107 365.1883898594198
359.81671588242824 378.54350157465296 373.71033410366596
360.2758559940327 387.01000253573704 373.38892005824977
352.9724117214209 392.79018265254655 364.24685629813575
362.93971613373986 393.1421887898621 363.08357915809216
361.5894697013768 390.77815593114764 371.74228150627516
355.27194614668696 400.37119068754953 365.8786697515854
363.29023672482816 409.38594543410125 358.5328791091238
358.6247219883949 409.164242351392 361.16299722387544
354.80639911395144 410.0903618160894 362.4043456658004
346.6968643432654 417.6144015861444 360.1424241647502
355.65008788648873 413.70433505606275 359.39432636619
358.6977601935793 413.18760575850916 350.8721018651149
366.2437023507208 404.39892971313657 348.91787944849176
376.1742211581557 411.67094289358755 340.7719185149259
376.32560857721376 405.93774581873413 347.6892909888119
380.47276280644695 410.56621262826656 339.2242138200201
381.1715832551148 414.4115326954111 344.4520346448857
374.24787755181495 404.825048881055 351.90453858705575
370.2407190580396 399.7627294900123 346.0266176326912
369.7215844020687 401.0367008347533 337.15573963604055
362.7122793505483 407.1380756715684 333.94843932696205
357.0512364092822 401.7439360375786 339.07660040991624
364.7271320412386 408.91707397502955 338.48570001379653
366.30780994703673 415.40089032342274 338.59587934404414
361.1260420774124 414.267067379574 337.72808881577987
364.1857988506661 419.01479474080446 338.5962193414706
360.61696856406286 409.23745476600095 337.39305465732383
353.41026445000745 404.9511049893 345.5310588427044
349.387936226514 397.0567600389088 337.1737586514265
352.53961579201007 405.0425918573861 334.3783443104519
347.66615246477113 400.0945809517526 337.6105944048127
342.349789759299 400.8398551717214 340.10478273776573
333.30233816353535 394.2810119140939 342.04409948815584
329.7282034098194 397.83763050813724 334.00169241802985
327.2456602973066 394.7923576322456 334.7361454355426
328.74267049545074 393.24170475868715 332.1696005124212
325.08479065494834 387.5339700715977 333.8621869068823
328.5521062965551 396.85811650875075 333.8221973131107
335.1007495804291 400.4310881521274 337.21518789266287
327.62883819508704 392.0248312121242 327.8277241660833
325.9289745251281 398.663410603704 323.87792850299917
328.2428976372909 398.1765404096318 322.05089168818466
319.0461941140265 407.28602840635557 330.1892631922625
327.05337772529447 416.3844828528744 335.5807217160047
321.9734700578889 417.089635622882 340.6054216770087
313.819220934541 408.8496736051961 334.34780238134084
313.43853576241287 407.72412554714373 335.930083714204
308.70511442366967 401.32556315899177 327.9956306527538
317.49223790512787 398.9380524635628 325.85011607193934
310.6399093112548 402.76031061661666 320.60801499565
316.0553279995937 393.4910882499336 324.30157801001025
319.840034416962 392.4352427107178 326.8632476373527
319.481525705359 392.83439395485317 329.9060072439067
311.8427087604674 387.78687369606644 332.57138688425954
306.7535860639963 378.28403267996333 326.93960834015417
305.8150178776242 379.2734774663221 336.4923631544158
314.0108713267893 382.17064196714716 345.32578412398834
320.8696430301514 377.9764544866469 337.2693947086556
330.19707109364174 380.9954194514806 346.67013030899324
336.7712773929728 376.63955571269446 355.6418081453528
338.7259400362103 369.67693414730485 359.9384799796555
333.62686345613713 370.8075814598537 359.53576436332895
329.13823072462185 378.6471748454925 353.07441577051844
327.82837867515667 371.2642249048637 351.87810711852717
323.929731103086 374.8906950146789 355.5843588456116
327.8727463450407 372.45122324317396 352.67760487639526
337.73918413102166 369.34390645181725 345.6932944905407
335.5580185124756 376.3792481003786 353.2852620708673
342.7429777168529 380.9495095951784 355.9010249010296
351.83438800490444 390.7849259179706 346.4567028759841
346.31290731247685 384.3571027394451 350.927004608555
337.0657771268789 382.9822109525628 343.2628397027786
346.2720074059842 392.2793342789985 344.56957698439703
337.1195757158334 388.21250056437844 343.6033823198242
339.12352747161697 396.08057034073545 342.56397175677057
330.85466813050925 403.7201190388982 335.84850224596585
335.1270119335175 406.2057195253961 343.97638540444393
329.9918862991842 408.0270960443617 345.70847192218014
328.1269140568135 407.62953879752837 346.64092152951304
336.8718959670358 405.9686268321352 338.4809782423363
344.0982300497924 407.07051950881686 341.5747053527367
341.2857000816686 413.6543908577058 348.0458623791564
348.854554297292 408.83666710672634 349.238726510974
353.3749968494976 401.4824601116417 356.0042555342244
352.4363554890412 408.28278220283033 355.2681527854465
349.2487361003497 400.0457139423698 348.92927815717667
340.00128519098575 394.742180867737 352.77874564239664
330.4586151660785 400.87498055289205 353.6637760193877
334.89795539697434 402.90593560584773 345.7118778818332
327.4941572434445 410.9233949745582 337.34408094839455
318.92446264303953 415.36120567632133 329.91014757199036
320.1309581861586 416.3675639249443 321.30680191774496
310.88061112484064 418.57675189354404 318.84644168367333
311.2167337686438 412.5356903296497 311.3337761583961
321.06349779289457 404.9611821953196 306.09319785280496
330.92369199810963 414.5464156945638 314.17264783482386
324.3604036315629 417.4987622797837 312.0041047979397
333.8935674070091 423.277390889409 315.34170979753947
338.18994064853985 414.338714414728 316.9661855113456
343.6055474435566 413.3564152757108 313.604353848811
345.411337148471 421.87659936332443 308.2715275463479
341.62576885998715 421.4902866738774 300.3430957819729
340.66677600112587 416.8640741753035 294.0302488411535
348.717505781056 417.81722139623037 284.4892782038582
339.73327073690876 410.25309258866633 275.04354037838186
338.6887259595146 406.2202478661763 272.2289479568187
348.61507279751606 413.1975121381634 267.82920777636843
343.5675638815943 403.32937564882394 272.1221156564283
353.2505901276056 398.5345761188352 277.2554480139177
362.0886376823947 391.8537692518513 267.80256867719726
355.74560812821005 384.6006275560651 273.02832089056574
349.3507246060465 378.21074127744913 282.7916550110166
358.245133319173 368.6620309485982 275.59182740086305
354.96894746112145 374.07226377506066 266.29039454336356
359.15818733681186 378.22908864299364 257.03284952280217
363.0429970823281 377.5405459631734 257.19921799830416
357.4122938385668 381.9434695725837 252.23622163174417
350.2405721026213 376.9706325036651 257.8107282385149
359.3712631034358 381.19049997657 251.82547413737421
351.6734038143255 380.26406172213143 246.9035925085222
349.8822960129624 381.5320268401834 240.45210136032858
358.7651314880693 372.73440051556446 241.82606920290195
367.6340110076014 373.73955156316896 237.48033871982096
372.1880368624659 375.7081242149672 232.0124324954052
380.0633287176767 377.2866189391069 236.47661257578426
373.7386421279062 371.8063809788011 245.02211683501477
372.1067872332898 375.2284594487268 236.04351243536917
370.21078212660746 384.5315346150201 234.73576003800756
379.0938027980097 394.4502068540457 227.36616838918394
375.10515458373425 401.6752665170786 230.64810893517497
374.5929635306056 397.59183875882485 237.86752628066162
373.32787187769003 393.2110350635894 239.86990977244332
375.1344863045323 399.39187627900753 232.65154747057096
365.2257040236851 409.37159092044305 241.07444308285986
358.2645017904396 412.5059064541119 243.2572301868907
354.9768057154084 419.75667749215825 251.67828594252313
349.5676706503827 414.5957204441804 254.7742415620923
342.79016606986005 416.57307675862484 252.02090914575362
348.08098029588587 414.8663599850631 251.55630540411585
352.2085122385058 423.9852286836362 258.02291747385345
350.2647583176767 431.99981717060706 250.30415045612907
343.534522556679 425.8908589672397 245.13832219587377
349.4975783923637 435.4725457139911 239.2211696539746
341.365958443493 429.0750340636114 233.34947234441236
344.7641557227481 429.7974361920754 240.55225960458264
346.89985318644403 426.87698536408976 235.69394748765734
346.984295009925 427.59844019989913 230.4164768805662
346.7775039363968 430.3730395166561 231.59600084053693
338.21375355906264 436.23231384483165 234.77216566350657
348.20220067087774 427.22353097256064 228.3141184354854
355.1228270018903 425.4094576821058 225.59928697062253
354.987025970961 431.8376171333583 215.6631338352774
353.5212642675936 422.17459726218317 216.17907262902324
362.77215425302745 418.2131209151813 210.8633394346179
360.67627282184543 422.966068291871 211.76300239424054
369.21407616585856 430.6493214236874 218.2181288854878
370.5110471220114 432.9701134335174 210.2852047951989
363.3667459909436 441.69329036049345 202.53488666807968
358.0407456743225 445.44323503919173 203.96157668199103
366.6214404488717 444.5706438965985 204.7697804360516
371.27008078154654 435.1047534525763 211.43496515234452
376.37005452593183 442.8332190792734 215.60770494995595
372.8153391885022 442.664298904215 218.1117814933581
378.0324641985993 434.81535097685986 225.21311591852876
369.13874331294426 433.83007183698845 229.0456629181371
361.3779966550734 425.97957126721485 219.88219353383883
360.49647479438113 426.99651693063373 226.01892058264164
350.52022471217646 423.0129866754539 216.24313788858154
352.33125228168245 421.234452739948 217.02220490161443
359.7042094420535 422.28060038052234 218.62876222363656
350.4571727521935 423.0172782606584 217.0474653864824
343.5326070747575 424.951020953422 219.5712328365017
350.3202692004397 434.42413062128986 221.22259275807752
360.2177023835587 434.9176119583264 218.5793765016236
353.8364558173819 436.6036312689409 222.9654334615733
355.9297926188159 428.2621747065504 221.5030091204628
353.27254356808413 428.1134866273847 230.45774870614807
351.11563737989667 429.36416853348527 235.20466317577458
358.88280567520565 438.38629345307027 236.60518500705712
366.36701796612914 440.72191346276384 234.5525609120682
362.3640800838811 446.6434175091369 236.97465945377107
354.2776293898005 449.63220348127373 227.56044040848306
359.51187810276247 454.4235255943725 218.93047527423664
363.4719189106872 456.7008754253509 226.5003836318693
369.98395384354035 465.55882721136015 229.6142867145742
378.93991683257525 463.51640210185997 238.72141161544016
382.1850136442677 469.927892729895 234.95095407760223
383.900005093618 473.90729807388897 243.56844355433438
390.9434382352955 472.5136098673254 244.38952888097793
387.41432299903505 481.45786759402085 250.68801018537445
396.4858978992302 474.9119622737031 260.31817551392913
399.18453163738025 470.69236650759734 264.66010100524477
394.58666630260853 475.31853837029104 257.82938792261706
385.0281578922512 485.1794432850328 260.1121748988926
389.0971586924248 491.11728218426913 264.04885596149796
392.2380066973466 486.3747301976716 254.7902506257445
390.68569961652395 493.78289512406076 252.81223264686517
392.7569600868373 485.34748126350286 249.32811278941435
400.90491929517697 492.05064956370535 250.96217480717755
396.71393005477773 484.0168053187218 249.4372921141542
400.3131015180899 492.68493427481394 250.1846142391907
397.6129137208595 498.0998276969101 241.93400479771373
392.35319109842135 505.50136814689535 245.05613954393866
389.6286141171153 496.32323053042273 243.8909700700153
379.6433207744604 486.98626670609747 253.48357152130964
369.99010245341543 477.9676641201684 253.71809277482828
375.4550845244716 481.6439563605056 261.5889385896785
379.2594778183171 475.6158413300507 262.1488596930592
373.4371945741623 466.2674623246928 270.99923614126726
378.9698100100244 462.5821283166049 271.13188470876713
385.4181067530089 470.1711055111124 275.6352497848839
395.1785590850083 468.9340535877281 281.8868738849116
385.5359761885646 463.22033925070764 284.85551174073976
387.6901897803943 470.90971244619254 290.9946301866795
395.37885607477136 461.53962953110596 282.2284524703368
386.3427474218254 470.97675410178977 281.760004874522
378.1563192813181 473.6442033188961 288.2092925956363
386.8771558680715 481.5786941130275 288.1047659835796
392.12672358563447 480.06871214038006 278.1105478047724
383.96862969171553 477.287581332485 278.04225989992824
389.46742057911996 474.0312531284039 271.58943401717676
387.5477079035294 469.54792064433326 277.36503078775695
389.0901553423157 471.8124296342588 278.1277444136502
381.3197023780076 475.14035544666797 284.3796811471467
385.9222858429636 472.7724823394393 276.07419199292843
387.8936090000544 477.7426435932521 269.49734365684435
387.8225864677052 478.9231358588686 261.99756787513
394.73518022795787 474.3316957166067 258.0037490604412
404.1721695756343 464.425327516285 254.28276502097734
408.1094389509893 459.2948897875683 254.15921480038136
416.34699627028806 468.96811660765286 262.23187874920086
410.425309824986 470.6106461370897 271.8855562899853
405.871720236944 473.7117172261298 276.0605687666106
397.6882589913775 470.21325002037725 266.3268232205011
392.3167169262931 472.4148560875655 257.53174765332335
401.2814213450574 479.1513460830892 260.8446111312467
393.0172206519541 475.417874515309 250.96832340027103
400.915574285105 475.26932836929507 242.83104255747912
393.02372839718015 469.96688489202876 244.83595024864135
397.86135458469596 465.0701639964526 246.74153351980445
391.8718479558246 471.3932913957027 245.26810558795626
383.2885357170823 466.7390634338772 236.25350466081076
377.7822894096545 458.297085509399 236.51738208869764
376.02284813948177 451.3010939072054 239.95102669477237
374.1459359585874 447.808653523505 231.76650400018428
370.5231146421593 457.14495807690366 239.17283729705312
369.05818708676964 465.318491572152 234.31010596259043
374.8033215585713 456.12487506644675 233.79414484051102
382.5647038243227 449.63959970238216 230.1017726941981
378.51077837438925 451.1560279618417 234.2162373511269
378.1450057608317 443.21403019845326 224.36470344795697
379.2850500321886 449.77215999097047 219.91139191410113
371.528777571074 450.1685320144699 210.59168318709334
364.8747424987052 459.4981019227518 210.67868509945535
363.47412836622703 456.6239970145681 210.611024097943
361.0628389703119 449.0012872248451 215.9766694244613
353.4994536731159 447.80139119743717 225.96727974772438
346.7823525843267 453.39203324724303 229.2412997499528
340.024443592431 461.03627712244537 232.2105644368305
336.6080357211389 456.8294985060504 232.3991451802902
335.5245568383899 464.2758162544244 233.11185789926375
341.6854024163003 462.03390518421116 239.03528257487096
340.0876671245664 463.4192971690157 247.02675004385455
331.01336269758843 472.7200828628423 241.46960389453972
329.52689306548604 470.01317239951175 244.11574011496117
330.6722362752401 470.6404452625225 243.73106870455882
331.35078845009457 468.4041235691371 236.152425596049
326.36538257438485 464.5922151972779 228.72214248202005
319.3007942697053 466.6262668685219 234.48722790355066
311.29868932335665 473.1679061280793 239.8949866344665
311.02036939534855 470.4259113060891 234.28203112237927
303.3383851791068 461.93738132226844 239.2970429421979
303.1376519479875 469.31199448393465 233.99221966124642
310.9260964636607 463.07387195420955 243.841356860675
320.2551066952083 455.1841495327193 235.34056451927876
314.73072897087206 458.70227434391404 226.00096527833125
314.4787865060605 461.4531377940565 232.47080255123237
323.7351239138258 451.9352723687577 240.48040321717818
331.41052731080225 461.43489846931243 244.99698336719584
338.8021147248873 463.97282276853934 245.44947066389648
330.68035656402253 455.58132976666184 253.88849387644987
334.3367027783869 446.05609792757235 252.27724072914572
324.4265332764865 442.09653900851913 254.22206310329852
323.17183231631986 451.0683560740982 258.6846855460108
316.46242049905203 452.9833139078703 263.16598706912055
322.88347835522467 456.03509539401836 267.7292714800803
317.3015500883512 453.4781964536521 259.78702650924936
312.3468298647918 456.72574680099297 250.7292424279046
314.14279586963136 465.1821939091996 253.40864410232513
312.5888138666088 467.9980003432598 263.2467773863763
312.63120111479174 462.99216267504414 268.9136594864261
314.7078894932813 458.82685795612065 259.83718186377195
308.93894533808304 450.2330459779125 265.16542189774
316.317288317008 449.0053284042795 267.4732785272195
325.4225724482967 449.0185977069629 275.95078215082253
318.10703580156996 455.67511224508394 285.36677636838647
313.7108985523696 446.0557123939575 284.01987876896845
311.34125355159176 454.4873069088157 283.39270264296425
304.9961203825096 447.62890154602684 277.16012872907453
313.8453368329193 438.9097364697284 273.7576726583592
317.63279875271826 447.4728286663926 283.4405902926438
322.6057368728278 455.08345647341844 287.49159780593766
322.25940132565074 451.15129847745766 284.32652208331695
327.5362810897038 460.45055723459757 283.30329425798527
334.87872496736566 450.5821125963485 291.5988499874164
325.3906821706545 445.472200037342 283.38228017550745
323.4781949279876 442.4268285563057 284.70836960287903
321.7916495364818 447.11068264628057 274.8441140135492
326.6317295143121 448.6779890331345 269.35099680731645
335.0269870157317 452.1439485584651 270.105783495738
334.3096383309427 457.6069575389541 267.21287464056155
331.9063322609045 462.27686586349455 273.88154887280143
340.11357379292696 454.05915093419407 273.97382031014735
334.6404662397394 454.50360923946374 269.265066366942
331.49208952320714 463.36943502827984 260.4364236746797
324.3038759335216 470.11945252850717 251.68154180464057
320.51280400487656 469.3337699072945 251.99164155808933
322.81860389153155 464.40292007627767 257.4905458529834
330.4006206665859 462.31749530402243 258.92563851328146
327.004241407368 459.8949088963001 264.63785565045083
319.9092876609467 456.0737392354278 260.9484464836015
315.0501424178117 464.7362346611494 261.93524740201076
319.8070766734109 472.01964537495775 255.2939924202261
315.4746965819626 477.7847881207295 251.73346293270072
320.98747998146035 475.45685711832976 244.15876567753372
319.2856341922178 476.934025963669 239.17767075085683
318.1006716422581 473.6505845926721 237.00107093164857
317.2441978077583 475.5356359291283 227.76737641245532
308.97265209546146 480.8166890446483 237.66297886767563
315.18062340977986 472.4038720753402 229.89321582968506
324.8356071740734 464.3409377800827 237.69394355709244
331.078128922434 470.684889071631 244.99910399559164
332.05013891050413 479.67160174673074 247.67969364658333
322.6319087866296 485.4523816191384 257.6616103730174
313.9815658258056 491.5829210488091 255.16665961348417
317.04815171356586 491.7082330878262 258.99172217251885
307.23899150495566 485.61060463351726 249.96496460860132
309.40215451001166 478.6262937475687 249.52089971441282
310.31277446922826 486.6681522315572 251.60215637195566
308.628676585423 478.7277316858745 256.08005059149315
318.31582082552757 480.4305170937859 257.55020729088847
313.8861875027618 472.46276747933973 248.6782759379716
318.96981920672386 474.19162227779054 251.13472708145792
324.6624198118382 475.96571361285845 256.87535390632644
332.2614808461008 471.07575659894906 262.2443919638674
330.5960856825163 466.4037984839722 258.12878968001706
339.7508834672373 473.57099319638655 251.2818584747181
341.27508915707415 483.4349107542564 254.22519258799196
332.81984655556835 488.78664761783244 256.10947334147596
330.2628355288376 486.02302345954206 257.1792662657932
328.8336859177529 485.87498653426906 258.392741943884
320.3591770434086 492.5724586056714 264.54251258508367
316.98818510232854 488.3772667072002 254.56200088060612
320.81667940764953 495.19711690713115 246.44035876945657
311.2983636356908 501.08160911024396 249.82929083417403
320.20755648264884 508.36400561840026 240.26556053463167
325.4899542820011 503.07828128124186 235.22303491191647
334.8147105058749 494.64161958730665 244.33864519098776
326.2008910338773 502.81769786027616 241.3215360377414
321.23762516485044 499.08040970785277 232.91187517708428
312.71109272172436 502.76927347223193 236.06145956519904
304.75431104259246 500.6706123552361 241.0950436722555
308.91665852931277 497.9606520512628 246.5266651340648
315.1320246772682 499.3760189973589 252.34771716648504
309.39420092554326 491.027019064286 248.07106146500803
312.42097131533365 481.3677038169134 239.9561899615787
312.32322068911583 484.0818190269336 236.302247856189
305.11649958391445 487.44997580166626 227.1441236283912
299.33044436382266 486.0874158285884 225.36611577360202
299.2234644308007 489.93666255336984 217.99548762163028
301.84017943323767 480.4841146055029 220.16653312239703
307.9478734119412 485.0660637911924 227.85749988312176
298.3401674780778 476.1273881833798 229.10832221665694
291.3565307295241 480.8445519063708 238.33931754740647
284.3845301178194 473.0810787756401 228.79320637559684
277.6710294730106 475.82227980762525 220.34217927281898
271.19679647605204 483.26210703983276 213.45666853382582
273.35464317695664 479.6739237168604 208.76151241907482
282.35667255490125 469.9000307608556 204.35547880810518
277.78039679644957 460.03596584574063 201.5190797672615
274.63572288786156 468.3587597907269 208.37180204899306
278.59490405418023 458.9026827825905 206.74125854200207
285.1376942005804 450.4888784362342 207.01362687646017
291.8600192460437 456.3346753195335 198.77248399491123
288.43957456102544 449.7168119059996 200.625818767045
289.1412765425153 452.18513256483686 200.5957473888341
288.56936076302605 443.0923584050783 207.36924981592932
289.8028899939456 450.6354876135638 200.8269846584342
295.1146209796454 454.2151917536939 204.33117766055517
289.55757443941 451.2218753925982 206.47111906315052
292.04315909449286 447.73053576192444 213.84969205953905
288.9649646591945 452.85327101937435 206.02348693343453
298.76496411505 455.987754415396 214.4661226308283
299.91765252847046 463.2655963545102 204.98219726033537
309.55457396268685 459.71931259421416 212.5128671220981
306.47596411393664 462.9737462262194 206.83260451890985
310.3035477795765 470.0926112390759 211.01459495793736
316.0934039122715 473.6964312063559 205.19505753652865
311.72820982752904 480.04151840551884 208.67771795867554
303.2668409900583 478.74625449939157 210.93651543501576
301.28450028011804 482.39738808814 220.44591560837242
300.95684899052054 489.68271959897123 225.31748920786657
307.43938765163426 493.62496329044995 229.34765672979776
315.6437475333796 492.9490152969185 226.67182995251753
308.6975729594841 499.32876712544555 226.7041805625392
311.9705474648939 507.5933561495365 220.89340546863409
309.85889828991594 515.3078612859348 225.43488017482343
303.6155440020417 510.63493076035553 234.52528736588872
300.4912208733113 519.6701788124166 231.1057293114435
294.47885910336777 512.0271368854609 228.81857715080915
293.8352353222848 519.5160850492655 234.9309456592196
300.97667968087535 515.9067634084055 235.96890105515192
308.95069437838947 514.9290828300617 233.72376711349872
299.6066447496998 507.50230451082047 237.54024996256197
292.19116346141897 502.6030614249782 246.38468910838893
301.53343191044263 493.69275911513904 237.1669364395655
295.8433598411757 499.599455688017 231.377438926274
293.82849410173986 508.47829003624975 229.96412777258328
290.124285327546 509.6429621767552 236.47522670718996
281.1947306580331 499.9281554090275 232.52913849651605
280.7763446854868 494.04415149469014 235.7643081694341
282.388794446259 489.4852995001221 242.81553472360076
276.3279371760781 488.5696574613376 233.29526902605517
275.45951857656024 486.08871393281646 226.32557088252227
267.7975756114711 487.9729893097389 222.46500579143253
265.75809464666696 486.5479051851221 228.35234484156405
257.10420743612076 482.0244473885366 237.94781358077975
265.91179665024174 477.9359079500406 246.23085561879688
258.83820855601556 470.1609564612238 243.96304407167779
265.37571607135095 479.37634741243227 235.1247526393736
258.2223176561989 469.94038523073067 242.84349666852881
259.00356799844593 475.1132551167607 238.23628877888024
265.98619151660665 470.2134379497683 243.651677691036
271.33548151123597 480.17726522195494 240.0911815452896
274.4479298412781 487.21577651294365 240.1288428578088
275.2461163614633 493.7663916941906 231.0361562988284
282.9731993899677 500.20668819121556 232.21732439405986
288.40191340277784 500.7823392925991 226.20741242236392
291.42649243196473 494.4078602488371 227.35714338297285
294.27351066655217 488.7055145454423 236.08585759367796
300.8730657865271 487.34670136346205 236.670972506225
295.02309728248485 489.60723003101435 229.8486292213808
290.0313287669679 492.16428967944324 219.88536839651925
296.2797516654153 494.65976452377106 222.9784974918435
289.53520165586235 485.93242706805444 225.94115240945177
285.9095658638047 481.7091108862558 233.69446964323126
279.054718167376 473.64623814777303 225.0720883446753
275.6031172051616 471.68005085231596 222.74500530764195
281.24304205247773 472.1273062066071 221.77737717107104
283.464183226549 463.81154456798384 229.15378749493036
280.24751702142964 457.6347785221112 226.00704836076457
280.300063627016 458.4138190545324 233.85279821821598
272.0212850555426 450.51393469370987 238.53653914430956
272.4635686654105 443.22235568692685 237.89431958671548
280.2262563681372 434.0723191227463 246.33913290231115
272.55291506428307 424.71797965787096 238.36567529663301
280.22019108455476 414.89903908735124 228.74135720602044
288.333255704885 408.8765821830805 219.4122265686874
297.113371994057 413.44108336500267 220.66621012265156
291.87869428388535 416.5117725088053 223.06909845596135
299.47172535464136 424.4093449353849 231.15404781786822
302.91088237788813 429.97002996812984 231.09194067659638
304.46575287375515 438.9860300242763 228.73182158041084
294.48966743171485 429.03077025973585 230.26479466116345
286.573577509222 434.2994122561966 229.13089256639148
288.97842257247095 443.76723462245144 231.75454746519074
295.46985206036555 453.55541364614044 232.1771911319459
295.4057750646461 449.1707880376078 225.27921386920812
294.4403447521558 451.6118277840297 228.84469621711392
289.9519194208126 446.47973469853207 238.10203605506666
282.05311076635047 443.83395245385776 228.88887367151386
288.6751271257654 453.6974009751507 229.8509350033208
287.28439112374406 455.05403518299283 239.33235277080803
286.85471702429214 446.15990368974286 247.50672753568352
294.95311374879617 438.37406627890306 246.44208692374855
300.6608534917845 428.8071421628902 251.868806196954
301.0819529462233 429.5785408222995 243.88181678489443
309.4165720006453 430.43370418070305 252.12908590236026
305.1784546832398 425.4314122520973 258.108744168323
303.76385266320244 415.97007234708326 262.0185494358667
300.3690320455006 411.06769296432003 269.78602377457815
304.27803628267463 409.75815301202005 277.4359228797597
295.03288757056265 414.08048561028545 267.6122359705436
294.3581343388643 416.39545638557314 269.70841393539934
297.6209773392012 411.3411459451587 273.8169447091003
288.7163176807135 416.60565378615877 279.2144202691571
294.8230567020187 420.19060320596253 271.3383237666033
302.161339208761 412.0420197803241 269.26580457211105
298.75105568455746 406.5867159424797 261.7778541355507
292.96158588234755 399.55789461654007 270.5220598920387
292.68355999128323 398.6869633560589 271.5446548448252
283.9881314117112 402.2082237497591 268.08323874286486
291.194930704869 393.43273828986116 264.4855339082342
286.31700844350166 396.9728020129154 254.84763250835687
286.66455863626015 387.23550558075425 254.47499141527163
296.10822771724116 382.53134721425215 261.22247202938223
301.50805187196033 385.01783872980616 258.9070968952822
304.8904770157726 380.5479932199559 256.13166491052567
307.83917585241784 376.34400984658964 260.59024055076895
305.3648584919756 378.8540910244045 253.01763905553707
311.42910763025196 383.79433723650294 252.0161474881794
316.29808795601554 391.9441237376451 253.28692105430179
314.45439763354574 400.5716511664265 247.37103011426657
306.7816440292601 402.67082822901915 237.86594811804792
306.84136366550763 405.42792195090044 230.6290579792528
300.50139030971854 396.1022131099424 235.38556328099133
292.842456223214 399.3770002283252 228.90643128535498
301.6309743609301 408.6654881324039 221.0339584602013
300.15033299023634 418.04903348360364 220.17806896114726
306.7532152531086 423.6229192941865 213.86510099462365
303.8871241360088 415.12391953942506 203.99245441313053
303.8046034040136 413.1962910905841 200.30143213158107
310.42748098256004 410.75248764582943 201.40523916018373
310.44943465747275 412.7067342480252 203.35604201430132
302.4721238609962 411.3262247677937 205.40306834980103
310.98985478058745 411.4666534476396 214.2703417338388
311.7672088165292 418.102171799055 206.21085144907173
305.87113449233516 422.3855991551359 201.21273238693365
298.9341314188619 423.73317103964854 200.1934023877784
293.07964175568543 415.54640735760506 207.12281743547834
300.85641078203804 422.01561407917256 201.962880476883
301.4543762273683 421.68722734347045 203.7859662917674
304.56452363783706 418.24038592675953 205.24570337269122
313.8393836301256 421.6026495280213 201.2612075512431
40
356.9241764668305 372.34231991169736 367.4194409251614
356.1732970021169 369.12363189165967 380.21267316077945
344.4684219731104 365.50558360241985 354.72730547583063
355.3200365477844 365.0678750291248 356.59583584874986
345.90449062411545 368.71308893442034 363.7433799309259
351.8317169932585 375.8026279498056 371.58272378640373
363.5911472696892 387.22243449750886 377.3980650921376
359.16064942821214 393.7241953683943 378.49199893253217
362.9151990233523 400.1128939581815 366.76146147776325
366.3469168371469 398.0117324985293 366.1004275623284
352.2488721119151 386.44287592429924 362.02589982015763
357.15135724277775 396.75887363116686 361.79010097449304
362.36246229246785 410.13926130154846 349.1906534743522
359.4154432988945 414.15532096836665 352.18550722292605
364.72727012501144 402.36636446623413 370.79564741137
347.60467230360734 422.3637785942491 350.9960157922955
350.5767075749835 422.24583028529645 360.2156467920934
367.83878933051886 417.99785218253584 357.48961645142606
371.75568396112095 394.53375743074014 348.72793830253164
378.3269282195252 417.92941036064366 338.98456272720836
372.80353215449554 403.9643299930591 357.6691014069951
379.507091909083 405.44214783197145 343.57330432355036
374.1781455795893 407.2233832635357 337.2429115395495
367.1013892459033 396.93687941893836 361.06792465408193
376.4670002502076 399.7680368301142 347.6350157335277
373.20194052355345 400.3563915267458 331.3629470231328
362.8596888554773 402.87415125527093 336.42687247983974
355.303721114303 408.3389045500313 345.7709358926958
371.019225469427 399.2668016896803 336.02397678636055
362.5188486443173 418.43160079317295 336.9260551299484
363.60230050457164 412.096306318678 330.1935453409587
366.1295685210438 412.18187617046493 338.3663847800084
360.7858624181491 410.1914042567897 328.55332638526306
362.32873501060897 401.46273055932824 349.4362331437369
344.5717364769599 389.3213187257071 340.98962122114114
346.649031231534 402.89393170240743 333.12197172600526
346.9332758618812 405.61382811811205 332.05744775736804
350.6544214775961 403.787046940224 344.1711640221472
335.71802977836023 385.9585436356337 335.2889283595891
320.53403698579854 398.3139967892937 328.84936873362545
