1000
407.1638938203989 439.80481024637083 161.93604805595135
411.3219521182168 434.9175918406387 165.27331859663403
401.7414726638103 425.2762636337735 160.10920155063693
403.67021139445427 418.0238012031617 166.3995650529164
395.3336355491015 411.2062605955836 164.64874542640698
394.53521189649854 401.8495085236298 161.22801560940312
403.6608612732324 407.7261189589992 156.82016865588898
403.7790942826597 410.91667197649195 152.33379814311277
405.71857812337856 409.41890498445315 143.24131676113365
398.8933476803919 403.5867975909814 135.54868601899
390.8404912692994 404.71488694389194 140.99806498001124
384.0878419337719 397.2085109725199 136.14158418788773
390.7235505388978 406.86192686977563 144.18634060194756
383.24160242335734 399.68530419749817 147.61774028952578
388.5904390767219 396.46285051109817 142.92792012594427
391.92046230743284 390.629254630572 135.45214931828394
395.9353499243888 390.7750817001271 126.12620123396178
403.0911680797549 394.44395363211186 117.10777226687412
393.99807201832783 384.9234476616832 121.95327270662801
395.3306722689775 385.3790743210476 126.74774729272418
393.28417890956945 388.6068868369829 121.92353446124345
392.9761700363062 388.026791380092 117.56476297998309
390.79183416980993 397.76797547019527 116.10024167693483
383.35587303325474 394.5436066839146 124.8182705022601
392.4452584349942 387.77584008071966 132.98958783624383
392.15472679357106 395.08744160045075 138.52237458485183
391.5197832344218 392.7791897813846 133.7422898871081
397.89459996291095 400.92002687100495 126.94741129808705
407.0768929280624 410.03496501938463 134.366236751254
407.0305906431031 401.4526312389736 137.4611900384687
414.8383693761152 408.6998718581695 137.74432215917287
420.75480406865745 405.581058359023 142.1137734738313
423.2002482974255 408.5352903685102 136.12120217085777
421.7317807736632 401.662661162257 130.45289277382162
412.88244898865435 397.2466397433967 123.7105746381632
408.4336753228472 397.5692534499266 130.76444560799155
416.56095775719626 387.67958724650725 125.79962376768302
418.64549339753836 388.38001331549856 123.56329292542306
411.42677066472356 392.6827724840871 117.67554789496347
411.2899824792587 397.0576437975255 118.47831643618551
403.9804697054137 403.08936399566295 120.23413238881454
403.4492199697229 393.72612185652923 124.67231174593456
396.01601837074895 398.94741556761767 127.48436450918453
386.7855726183724 395.49061943470053 130.4095083315005
387.5157117577781 397.92790825649297 126.98426875071219
381.79944800530103 390.74212674472153 129.2623962909403
379.62286546865914 389.18535519057025 120.8920238183821
386.2292948299532 390.31869949730776 111.80416665062229
377.4664003296622 387.5753388952501 107.9824458294478
386.17103536051945 397.4515084063596 113.84556780142223
386.2337683867759 405.3400479661896 112.0732644581986
380.423851278372 398.2370321794386 119.56607677816731
388.27821208533743 397.2720916784065 117.04156290911993
385.498331880595 392.29918592651825 117.65405680312335
382.14212959597836 383.5423412778891 108.51051732883444
388.28250466781486 386.9811199724572 105.38316214092004
382.78789684193447 382.58870419926745 108.54005221910083
374.03931660597016 376.1489015439635 110.39345026025806
379.32055302600367 370.94370119646965 104.44030421333368
375.56859450912765 369.1478186628366 113.56444477627974
381.4119273109239 377.76675351134793 108.0995469968987
383.73069816080726 373.49507143252504 114.69823955538831
385.3096690994958 363.9240272308024 120.81651471789628
393.55679753435675 354.0493067323585 121.24711317754485
391.4943684996408 345.26781583182753 111.96910684856095
384.65211872290115 335.80869428600374 121.06925638024975
390.10605574777355 344.6807091926071 126.66953555821283
381.5884508723787 352.1342786252951 136.46477033248073
378.6598709167369 353.0418796552915 139.37863928645044
369.33903610759444 356.9730705648399 139.1799016858794
377.6656165192183 360.6409260293114 137.96088713534672
375.742384557421 364.6002781106292 129.11243372434774
380.07887675541446 372.80079767373456 119.68890858488372
377.1056407964585 365.36825370357417 120.73916701088645
369.2948172535847 370.6427275264211 125.39879737861952
371.70293236353166 375.72882693527833 122.17245045355278
366.88500083593453 371.8736445120635 130.49445629974272
371.4252399527669 366.68733023054284 128.48319970934114
363.6279697794238 361.71835388674316 122.52500915873006
354.1565281362032 353.12798894994654 121.63893618673572
364.0292063725887 358.5108503056504 120.64466686324744
368.42667278749536 362.17100951116686 121.38097008464112
365.1909399883724 354.7231634425621 116.44567070023932
357.8659777690643 346.56655044667843 112.00817871467969
364.68076491663527 342.5019633857954 103.5810303473483
355.8381533396806 347.9944336354629 100.95324751431124
350.7255409292668 350.42774441485426 104.79662121415967
352.2609233971152 355.14617891102154 98.6231497688598
351.864572154172 345.92704696458 99.97636260463969
351.1737907795807 353.186176846399 99.30728466596736
342.5155161134707 352.4050783346761 102.17429845465107
342.1950501587583 354.79124504970343 95.30936425149508
343.4378624904188 349.04628821853345 101.6944160299343
346.25650107612216 355.9108211832984 100.67123791277291
346.7601197226927 361.1580849161077 96.20286405768907
353.6726951398559 353.36174146542635 104.34840632537703
356.1107627116468 361.7587003277905 101.37416961098597
357.4793476739463 371.27555019012823 93.41303267136068
348.96994466316806 381.13602435835867 94.19144860146855
339.4735196182352 386.6877989959244 87.03852165692703
349.3673656805565 384.5823234766597 79.60358194763825
345.2619214920067 379.0363129267356 69.60525590906667
354.71506509189726 388.98699446242784 76.34411662186496
350.87974181558957 393.9114040814361 67.14195801918355
346.4177352071802 385.1760587513298 71.28273301811421
354.5250659475974 393.2068392522656 79.55103413710108
345.3872253839433 403.1952692242729 85.48866152743193
340.5274312272102 400.6065620330593 91.68156225200852
346.70817925314157 393.69549426853683 83.60457421848938
356.4763806940965 402.9784808481428 82.01571505207004
364.8500799580272 397.5738749015576 85.86964228546755
358.9627182262635 402.3599838335154 95.03618934597118
356.0690406153257 408.17171330953823 90.01284566965968
346.8086229412881 399.2251297528317 93.47560660963053
343.04123814571886 403.840268303599 84.07203633411902
337.8158102943476 399.3556904692723 75.93927825555117
339.6493958358314 395.5770005250301 83.77856808864206
333.886566723342 401.360719716192 91.62836866672636
331.5534323825401 403.7200744405103 82.67527923217962
334.6950388033454 407.26470768915897 72.73952031172955
333.0768061215896 405.0424160853977 74.17452892145613
336.49837972234826 414.78417185895756 72.77386205499998
342.71826118068725 413.3074742053549 77.62345204993943
346.254071328763 419.7315159442389 79.40578436169106
353.2574226553008 429.5371914746217 83.66555943229042
350.36732885947833 425.2760440261819 85.03113642116105
356.43509841198227 430.55678429944464 80.37832179139619
351.7499966140447 428.23500998362016 74.40416421970019
357.0354684638976 423.38495970688786 80.61153540743463
356.80059865324495 415.02762749946345 81.04182596893236
356.30340172824685 413.3920792493167 88.90426096446811
351.1648264554772 410.2426496515747 91.05023222010144
346.59223740064795 413.21512378361393 92.2444479733441
341.3504997800496 421.23347000273935 86.43408912984147
348.3983081460765 412.1708691694559 79.7896628579333
347.22888136490263 409.1568199940542 81.52589678390765
352.7976364731996 405.8677178647966 81.36773342736579
356.68489403308837 396.4776678377543 71.66344018933506
348.11992655743535 405.25748463159005 69.61788850491224
350.23631071047555 398.54788995677364 71.83766911972361
354.78677315617614 402.5283630170569 73.32965958220475
361.80695113431744 403.41701274429835 75.6629404675521
363.0400841269409 402.6096720951705 84.9138366712636
363.4246343513275 407.158151970628 81.81994759461692
360.99582129434344 399.2415650263275 84.2050583127962
361.4461912663828 408.8276186473572 81.250848308647
361.49100078218396 415.88177317164667 80.85135573235728
369.50636431229765 415.6209135548355 86.95847600163509
377.20117442186495 410.8598782002133 92.3344524378849
376.52468179030274 418.29075082072814 100.70790163834378
378.1280114759194 408.90507291425763 99.11553438743125
387.0251223003278 404.96145766200243 99.71549484675549
385.68452933914256 414.4296990724599 95.37763790490338
378.68922880720544 417.4244162711296 92.91349352404802
369.8434148071996 427.2580261135114 86.21044651190766
376.5901386564977 436.74911600914294 78.03456581111728
371.9157235377672 444.88961844638635 80.32706003064065
362.03860704304657 445.199425206592 75.02364338347756
356.8813375403102 436.77834545372247 67.7755773358464
360.43009410007346 436.3624808384432 65.40636044454396
354.5169605394051 445.7469065331282 68.1671561768787
350.23977795773106 444.2521715737421 58.58424882978312
343.60219707337063 442.9100722324428 54.21477495793846
340.70151033354944 442.36989742220857 50.678617743445656
333.2451879767181 444.9211227541959 54.045102556575884
323.41952499977725 451.04103974578817 63.203950394228066
316.857718572269 460.08450083693356 69.7097255686894
313.4420897675818 467.6772293438943 68.58364811926356
308.84345596331025 473.01320385530886 64.31568933885144
312.9230934666562 476.8349775551486 69.92484680492277
304.1729117492039 478.6460545055193 67.22627265205307
309.8140810959868 479.83959377471314 61.38495785021634
301.6262944538996 472.6030014197036 71.1436677736062
295.04771282108356 463.3459811578951 75.31594992757566
302.1138652937813 459.35921267776297 79.72112061419128
302.45981740873054 466.06119439708027 87.48258968929599
299.455436303899 473.54739243022425 80.23979127919897
307.20245556209545 465.3530099996475 72.47016892421583
309.625886050529 470.2528519532766 64.49615404122987
305.48087691256353 472.38176567030547 61.126872289959515
300.4913893665306 470.64374739866935 54.65393988590928
307.74976321640247 468.96332172973683 61.67933099258254
304.6738532735891 475.3150583868591 56.160005127747795
296.39654285391646 485.27780969696664 56.722073708430045
305.6117699703305 481.3138411457331 54.63883201481353
299.0521828087805 480.71715772052096 60.91882140088534
301.2051855077495 477.64159991181856 66.55233380321657
303.2240995562519 469.3038454199729 76.17718269199489
305.6440240668933 478.198698537095 70.21453982679246
307.87723137550137 468.29500080999196 75.27544983388017
304.4131659163996 475.95492145096813 83.7636203092226
304.26003615992136 482.10546474508845 85.10671774105722
299.81498891186925 478.7353053879469 90.90844739047256
307.07385026983496 476.4389585278574 83.07106914192764
303.1199961823953 470.5921157792662 90.47358636462239
307.71202203869643 468.1434847336191 97.34420381191383
300.6507726355891 469.603464410906 103.19876182205466
295.8193901221922 468.03438803196514 94.95953671681093
302.8959991466045 467.12659548291424 85.63187209878859
312.4226792951272 470.31212195201755 91.60264497695086
303.4076680434759 463.45699702212056 86.49622846917792
295.1937882105737 471.1819790206904 92.60755151958378
290.1216020063232 465.7869698595086 88.09733084992025
284.60809552852936 473.7368487703419 89.02953759616358
288.26304055789126 478.41080380590984 94.17370093863435
297.7954205481921 475.94616598674406 86.51526992336753
300.4647103925069 477.59738736282054 87.72162399287237
297.3894930805559 475.87776773199806 89.15843700215412
292.919082803693 481.6198324100779 91.82802892812086
283.5805597142813 479.15660364938066 83.97358353111608
282.3827913090873 472.0055030960929 83.05890818860928
292.35173737023115 464.68636212408484 88.0454844675658
296.2960232496369 459.7723559342648 94.10351916588866
301.8533381035232 468.75945144834526 92.4501916106969
310.4429341130208 473.18414244274527 92.59131505686034
313.7169642915595 475.73259141924507 99.16644390644305
311.09766749975563 465.9669318140663 91.66058646466445
318.4621319090778 466.943441098307 83.33738121796635
312.4785310831691 464.35083354909074 83.95030664752397
314.2207700767711 464.2963363890938 82.71432733454607
324.2173626742893 472.8173963654204 74.81849807055757
321.3182952109564 476.26109953676973 69.8665290740733
319.3028556356204 479.21924603916744 64.42476610177424
319.6551378064412 472.26670817169236 62.220963933892754
317.501557654554 464.6766516536361 60.989825176233225
315.36059886963494 466.74768120072036 60.74381334401295
318.8778106768882 470.0009873843205 63.29698122838062
318.62740623449463 471.26855859201294 71.73923960189548
311.621212546726 465.0165740724552 67.39350659481408
321.1389118388099 474.9585459177973 72.94089910028858
311.30074880429163 481.7138700982605 76.91896266991175
320.53228012916867 487.5004325609326 82.6165530781996
329.188624021464 477.9777622379108 73.58053295796007
329.16991974889555 481.0933085576534 69.77534808759376
323.2342797664161 489.90926105210576 76.74913281810804
322.7056905766675 491.3338444899776 71.59455177932422
321.8851444026406 490.51184901466735 62.47056236149637
312.66556952355086 490.1561081832293 68.97553319876282
312.6147589106658 497.4500580912824 72.49630663504664
316.49524467674905 507.1246521972743 78.0855932838821
314.6629497133625 507.13935786842393 78.92320832169692
314.12079989234843 502.0596337895955 70.54382581118651
322.38209925879215 500.0539464176484 63.54605692465192
319.1603232800808 507.4317835852597 70.31089523403104
310.4532442369014 498.7250672138196 79.4799281330411
318.75323798281363 507.12562352657096 75.41750747651385
311.42740045838696 501.69779999660915 80.39874485693878
304.78522832091323 499.9317836573909 84.83215424036855
310.97026546961024 490.30864986018685 85.36275898433749
317.15214623654185 496.19181864907074 76.49809474418753
314.49253873276984 493.27916887915177 68.87862435380133
320.32954123865807 496.69381167188226 59.69178926328878
328.60948187134466 490.0405511208902 52.78617593739176
326.6583502142918 499.4301278805113 44.68997054990533
317.60836361374083 508.2255771622411 44.10915584183279
322.94777414310175 507.17779712256004 49.520347880215866
320.94359922283206 513.0009050069078 52.5716420642367
326.7656501504667 516.468773019695 56.32983102557636
335.6230310018154 513.4450847736549 48.430344367024155
342.32464249805486 505.67329600411483 45.68254620652273
332.88403253382097 504.461401062522 53.38664070687532
326.10230713795266 502.25863381284705 56.807860915447634
316.9741684288471 498.2027247160904 60.05866022223079
314.16556143964704 499.18696319132874 56.83117747346073
304.4485972033 496.7514685503815 63.99615263174683
296.05209309478676 486.99671920777774 59.714262577010665
297.0391632383841 493.2451110949421 58.329107681692015
287.56259756078833 489.6623031992167 54.271012206133875
287.19676850570085 493.1537888620832 62.02110562139624
282.23207188610814 499.87924309401643 52.64286803762271
285.0780721006923 501.22494001127086 57.18059843586303
277.8548291757425 510.9637218372691 61.72878409308567
278.9114026699548 518.8474096185058 68.22143951650496
279.98792400081226 519.1573217651711 75.83258385614744
288.776333062179 515.1724556182122 67.19292490916443
290.1508216730856 506.5123800916375 62.42904706309793
287.47532637496766 507.3802712391295 55.61733265865097
277.84173451349926 510.95584266132715 57.44165692908648
280.54227472736864 517.8513365645468 62.89164833236762
282.7242644508148 518.8112523880651 71.68322133482857
289.84647392936273 525.9902205597266 69.12906950296973
296.4004107305864 521.751284509039 70.76089477931161
298.1809529343937 513.9694500592149 77.9982634607417
302.3635414405402 506.98004976838524 85.50309764624642
294.9833679617483 515.313279669946 82.93925263406877
291.0645048364256 510.1614206014919 74.48567786045034
293.9308885099669 505.30443176600323 76.68289297724202
297.39251834528585 505.98985258892185 71.85210513544398
300.1327874513636 513.9127550893348 65.61016175649704
294.29896241531617 522.0451524032082 57.717718383834864
297.74407908916106 520.161325961326 57.67754705117523
287.856735399573 524.6609578115597 57.09806342086048
293.9442501413553 522.3552623712069 48.82243220906359
301.130883709196 524.2076012618485 43.51178414116201
310.3027778285438 532.0323414595792 47.353471150066255
311.6153626637536 529.3873271199195 43.64876599187426
301.8213051083448 519.7568668313319 41.77981811046769
310.2681655712382 513.5310879571522 36.922464914431956
318.7033822851301 504.9324641358749 37.0838993272776
311.626691776643 497.0623552615567 28.243475530468498
317.19118752131146 487.40116004602004 19.170398467372493
311.8409282412771 486.77410394696597 14.442856589126665
315.11552784700547 482.87541902786614 8.475869514689771
312.17936794491067 475.34296933116883 6.874948713910927
303.10097239888097 478.55160187420984 14.169609785027284
311.7501578048544 471.4760954611588 7.184541312513847
317.43221357706915 472.1877428702903 8.089144599254915
312.2952060959935 470.16877198532205 5.275087368565265
313.13133468579287 469.1987207997966 -0.4379730253408134
306.68038741826547 460.90554822194287 3.884058807497764
308.38312956784233 459.11185049174645 10.642670342802049
313.3231013288331 452.4541202895483 9.945135080465782
320.59063626421505 445.7476902103036 14.209049583052376
311.48185313588635 438.1903136552998 22.656277425761807
309.0554532511651 447.5718182884599 28.4236635749119
311.8822184312683 451.10485459019475 36.75849139006681
303.10031065167226 454.53913673686776 44.5343104605714
310.87975715585713 454.3794008573434 40.3765580772545
308.14325574137825 455.77257944208617 44.1172664638112
305.121824214345 457.4850729977797 52.554756325431484
301.5984002626159 461.96372538557574 60.92289086012592
306.47253512645773 458.46211258235184 61.47763469090753
296.6422120428878 452.59165898109137 53.46363519665844
287.6704138110993 444.0392283888376 49.420974771897384
280.1613538157025 447.1428162069528 55.33568618873608
272.25585747072984 438.7161033302687 58.86540431799956
277.01689988584064 432.14899346810233 66.20364569642723
277.6279682618043 426.3437022284023 64.69089514330093
268.56897420207014 428.75963759817745 61.05373126028231
261.4643494753402 419.4856649644081 68.26149852822397
258.6768089142193 409.5044521323484 67.82807311093622
266.16055868872667 413.1423397683811 68.3346612724951
269.170579702322 412.87242307473304 75.5259343013682
267.4955154924977 412.8888006359161 84.09380074859301
266.94873649029256 417.46277470932546 89.71253425976056
260.17961212310195 411.4928282188549 89.80171312681885
261.54236034149756 404.29463584989475 88.4874693715745
254.36738277384268 394.8776363695652 91.55757650305397
247.3345965022609 396.37074503832434 95.36093458884923
244.145047617582 387.8638447854961 95.87499557395878
247.56194824225992 387.72225286664366 103.2297433147468
249.5769159479649 394.5156436384909 104.91810914161724
249.9779340675541 395.49870373179687 102.6549023977096
259.78255880711896 385.96597888606385 101.4582125791916
252.72293919894736 394.5661897044802 111.2126931749325
244.22323606694388 395.6821346339246 107.83687985554384
240.55464936099676 386.1384556823535 115.10796802448164
248.24266991635622 385.8312730638293 105.89499609905762
255.04887793493373 384.03530593011345 97.48467270463743
252.23738707679215 378.66420244976393 96.62431898430981
261.9586688924786 383.4030881235491 103.49960713878224
267.4155286681436 379.66678214953726 106.40366722813339
260.08504656821606 371.3257810444415 116.39587432316927
258.93367931165153 363.1893115278206 114.64087202397782
262.150608257265 364.797188481467 114.36427972545621
264.41431085608696 373.84400861725186 108.28181631288535
254.6843577323462 377.1547381778991 117.0050355858767
259.38145753579187 374.3945806250237 116.69961752510362
267.8906922672684 377.3081362889374 113.43568102147879
270.55920003578433 384.03836932242626 106.95463846091569
271.69117283688786 384.9282881967771 116.08187528105402
271.00145941383056 394.7447735256383 122.5737456654315
270.38255130869396 388.9532186743472 122.72601019477578
261.15984442028275 382.5626540552535 114.28447048097178
259.64075735956493 376.4180699352371 110.80494668961614
265.382249414653 370.29392517959667 119.49017536744866
270.4049277910365 366.40107258148964 113.2631591100157
274.04818224730076 370.73697705136715 111.70648212208128
279.2942100921959 363.455109925178 113.89133301619795
282.5708775157049 356.282924763526 116.06985061317707
281.8571126865641 366.1030154877351 112.13238931169232
284.674115600966 360.0059946328091 103.25972200766417
279.26252784688216 353.28072035774574 106.29757480010215
281.3687274879745 348.15249020916394 102.2843592232368
286.0943355525408 356.51414365319687 103.20058575101204
294.60672768705297 354.60534125134666 100.96045160351933
284.9534447165578 348.739294966279 101.17994644295703
278.07121605773585 339.41778316532805 107.04046006079926
279.8018844963627 341.38251860270714 114.72321146241734
278.3627555472776 347.0741652643922 109.12184011591859
278.5674804749803 351.63722889912447 110.97567767030829
269.3746948446531 352.03069834570306 106.25217116757133
278.24607730430415 361.0411211443487 104.67524047918353
281.0015414983829 362.2345506624484 105.3263344067238
280.0512734476855 368.44415899644537 106.42752686209312
279.54652554730706 368.88323236455466 109.44779476342381
276.29528123805704 365.41117965394415 118.63904844612742
273.0303313834439 362.4850496544492 125.43381436207981
264.26062005637124 360.3286173872148 130.470892548714
264.2293007150249 368.11427115398834 129.68500318273112
273.28588716912054 374.7309466385319 122.3315606207359
272.647864146428 365.82798328855 130.73039493127044
278.8754544467558 370.02397546010445 126.2680927774303
278.8803685988472 362.6570057877174 124.56832243147126
286.6786625844406 357.4839817847544 118.9060597615776
292.57231484036004 361.6227248735491 126.46487854307736
286.87548493718003 354.3557954079025 119.83656117257036
279.3620669759598 346.07258182263865 120.64435704426793
278.45567260389095 354.222717641592 128.51645253892897
282.4992124530556 347.69145742432244 119.64052508186599
279.7985179846402 352.80150599757394 125.98476548679848
279.41248348253043 357.87502222813197 128.88651669235233
269.5177401707121 348.39089976492176 125.85519275531986
266.34556149617197 351.63502875748867 125.92558156314448
271.5272474748331 346.21684268604315 120.53243545766618
277.4926611250625 337.49467733249736 113.2316095322432
277.1182345227104 333.55481589283966 107.47971239849862
275.38065571470463 335.4593959294844 99.31631599874513
278.3226693535095 337.1404689392388 102.39803035549991
280.9132696661312 334.21413628777873 111.25550841368144
274.0572641527405 334.1813728820233 112.76745198517203
283.7127971052703 337.0473632462246 116.86276234661105
289.4515377253727 332.68456474876564 126.54442349842496
286.7738563680052 327.7948498259309 118.50678624372608
283.82877973305585 329.90245559408885 115.74958036201063
283.3968323458571 335.2036395049547 112.81830142584698
283.7431515222466 343.92255442247074 116.97787590768299
288.2542745730818 338.74056263588164 110.0405885128268
285.2972621682214 331.32518035406383 106.12621936660582
277.2749769567345 339.76336925265616 97.62933401795169
277.187073380644 349.53403742123675 105.4218677467198
273.79235166327305 347.5508478931854 104.49321898795836
282.3230210200895 343.22354460450117 108.44360135898492
288.2325614991965 352.55285084665667 110.54332493704929
283.53080836513675 342.71527318669615 103.26546284819318
281.2787709910759 333.99304110163405 103.07714159024174
287.29541885378825 324.8241355801397 112.5154503496853
282.6935328819249 317.0221081464407 121.06059663417135
282.11661995379563 314.0157874852887 129.79908160694754
283.17993374602406 313.9811378289052 120.88960963423023
283.3672229870223 323.1967047007545 123.07348762964475
275.82153182364294 313.79220701172363 132.81577483665473
284.4396041750223 311.0868219315286 136.96337718397018
276.55890694923244 308.0107436388739 132.2580656301276
282.90248432559963 303.93671836371624 130.69742934990592
285.97068193929533 304.7255027108793 123.36162249008258
277.3988922798108 313.83668520090686 132.5276423707108
269.4159210002615 305.4755019790448 135.468427128525
270.61906404864664 303.3971202206695 132.85291702060277
279.0850487420348 306.06245377849496 126.92871231881246
281.6588296571574 302.11726879784027 134.85774132913366
271.7805603233448 295.5275143768655 132.86125579631553
274.36953663440283 291.98393799832485 128.8434629606148
267.57672318552295 286.85928219016495 126.07078871306004
274.6699035668137 278.1598702813724 126.9457916513846
266.27358177544477 275.714318959433 129.95396944716862
266.9752623656732 279.62696360504464 134.41112162159115
262.8498888449199 283.6469852367741 136.34520518658462
258.97766818470393 284.97947834628593 143.36678942160034
255.31362887784377 281.1263683157934 140.74305613441987
255.4228345146282 275.68105243266865 146.46437310134465
264.5506336137719 272.73650708777313 147.9945315621567
262.2856342309525 262.862572708825 155.0064689800723
260.7025873715763 257.46661460086375 157.49012139528475
266.66879899112877 263.8452951395692 162.12882663765012
276.53535017905256 262.958127635857 166.82925678699237
281.07974621804516 260.32612753618236 166.78629747309762
271.12249508150694 265.01031207126 164.26301975970563
262.3088816463578 264.4426181879774 173.30077936281637
264.30813322824554 267.0519859836126 178.72449957184787
268.4639642389364 269.22021649987744 180.59294111987157
267.50162377963585 277.31731799661355 177.2556374807369
266.097256596265 286.7337590173311 167.75190582252563
271.7798228164232 283.58713444562125 166.46728727936022
279.76862308167443 283.45805819335305 158.9148578664907
283.22707395130993 288.42609205084165 157.45065342649946
283.2913133399517 298.18122835582807 159.0409320259961
290.57934238081157 291.80480157682473 154.71353582133747
288.01812464275383 282.41647525756696 154.12487078156352
296.4419486689166 277.24225351595544 147.1962891500077
288.51568433858904 268.39488916683706 150.05853128869654
288.11939633085194 277.1654811163896 148.7894290146666
281.43677983164065 286.24695529200346 156.524712199394
288.42013054479537 295.8158592143324 149.80580490650942
293.9212716957476 289.295919194927 158.62439627363554
287.1581065882286 296.9201185314811 150.69107230316231
277.73956152755903 300.315808823409 157.880431165922
280.5407089053346 305.10047471843717 155.52135476102765
271.80956038118825 307.34809763309556 147.57268658257
262.44178548483745 305.78904195580463 147.64671104107987
252.69603535252375 310.7591522798465 156.85878457409245
253.2106767497718 320.32948836259214 166.44003920968026
259.62896477755993 312.2101580681058 174.42558136505275
251.05175254703207 322.01147385786965 181.22566349674156
252.29119612576747 323.8424495331142 171.69590342405104
248.2144281518381 328.0922631545755 165.31922509780327
251.30166521341494 328.420537080077 167.49509200261906
255.71400566339648 320.5497941624746 170.6939308439422
250.94645320760074 322.08283172960813 175.27172065655105
246.1837642209282 328.7139825895174 181.39770867618017
251.07342693272633 329.19403781440866 189.32610027437846
253.3050949721653 319.50215996043727 183.12448852394854
259.4672797519105 320.05870410901576 175.16470299135264
252.36018010328473 310.947647473692 183.35529448747513
252.344438043145 320.1628646581509 189.90794010037231
250.98855880688416 312.81621160820214 197.12596200797898
249.21605826036577 313.58618312604034 201.75585361998202
258.31932401994516 321.83947918052814 200.06702771855123
259.31792878678255 321.6105734004474 209.3113175261604
262.0803071635096 315.2915265116022 206.25581681245947
268.0937879343063 308.74310943631946 210.60157364420814
264.7635647509206 313.7170220039739 201.32292796060855
260.1350399979964 308.97226057534766 201.33870766087253
256.94784527850135 309.893198406895 198.85021965363006
248.2543109714279 316.01936945864907 200.4994628320587
255.2935942337533 314.910433023473 209.87274233050687
245.97951718671138 321.2106711509554 206.70098669868133
236.32009772660032 321.69113477163637 211.7688124239977
234.33896991299474 322.6016500631156 212.29995428886306
225.40902244003652 320.5237897444923 220.82348432553357
218.99135997971595 318.15205503732443 219.36401237561887
218.7946481501226 325.56262612071595 213.3387970490196
224.02079815266228 326.3352337667218 214.19052439711555
216.1881470822285 328.3996767537891 216.8519108883835
206.3187298522333 330.33373732051456 211.43632567735807
204.3483248603561 335.520586868898 216.9505318593922
210.74902898996766 334.88024214625676 215.91144574489047
203.73391244637924 333.7890690365895 208.76586521065673
204.00301859687488 328.7497068689941 207.93029851257106
206.93556416388006 332.0460499763544 217.43583201980954
209.44210751363613 328.6344037728218 222.06055618319317
208.4524422771325 324.06231853201825 220.3645144474815
206.87689976405403 331.12700977282464 221.21700947690945
215.82277307191075 324.8915342128232 223.83113087481772
222.9053245711756 321.4562657167864 227.66158568660273
216.36900993774412 319.0614431893917 235.38102868127928
224.91710330062813 327.89535428711645 231.64738828201072
228.2020832019278 337.52210111689726 234.4735961152278
229.66024889510226 342.76014559415717 226.23699717777637
228.93757624415414 345.4333593266636 233.33591396189215
230.254947200019 354.9580928264512 241.47270627256802
230.0666405286433 357.90419516816024 233.6225141528991
226.48742205155992 361.5922629781703 238.39359932279322
234.46036110045 361.69535135153154 247.80698502662514
244.21859222219146 356.00526437697596 249.43233694254172
249.77224609045575 350.2391404870218 243.16683045452066
252.789199277579 359.89291688284266 240.01755847932043
256.891706288342 351.5959529126064 239.43607447017447
250.83465691180194 355.44695749799877 248.28498489946256
260.1831681416505 347.89132366664836 244.118838472605
253.06112222667875 348.864859130056 237.73061491900637
256.32833193040375 346.5409057143752 234.54850258470444
255.7232369612824 343.2559917515121 232.1005031774241
256.65607251271524 348.31698018213126 238.3832462918035
246.66710818624162 353.1930462623115 236.20378711664682
240.36060680688166 351.6675985022499 233.99755198023928
231.96754560451183 357.66776641933325 230.0446620722082
237.51596976637921 354.54578691248724 235.64686304354694
233.71449389668444 345.86783138307953 225.82237621070834
232.73240558814422 339.1076919375963 234.81697072862923
234.81426270162225 347.09520032066416 229.14405906479325
239.51173943720792 347.46386664805425 230.20573219024647
238.4235734943344 341.98229698012335 229.46877628799143
246.0547541540478 348.2660929141488 235.7541020007367
241.8787721651003 340.5358140160375 243.71164228753997
238.3086117428799 336.514237712139 252.97951698929896
240.15322995323427 328.92372393626454 254.43265587722257
233.70565698436113 320.51837190449135 257.0276661452812
240.71192383499837 329.93378998310203 252.90776120307618
246.4051485368075 326.32887068916517 243.565675537709
247.32982172573804 329.9649064917506 241.85826264210854
237.8892576553877 326.23480362285807 250.463106890973
230.3978644527866 318.01037305975524 251.33778701258043
231.56811057642338 320.47545411005365 260.6930889766447
236.72543120378413 317.9575788565782 267.49787831737035
232.74888044612428 316.8378357956685 262.32289773645675
236.40221628223028 316.21398083658335 269.0310179295558
245.46227226616887 322.81641148781205 269.2996333149515
235.5652722551072 318.35047072461515 267.6143192125705
229.12746159843678 323.6830437629187 274.36678380992583
220.7998527911104 317.3162966682771 266.84193442939414
221.43211677851042 313.1888187965996 274.56987640247485
211.4476789043594 304.33378882065847 268.24749032142154
212.0169832203963 306.71172219476506 272.02539058689894
211.1798144752664 299.93209776499765 268.4024908417303
206.26292422526345 302.66999860761257 263.7564538294964
212.92573507680484 312.6384557850348 264.4390934333251
206.34324435124756 310.51046839569455 273.01786242751336
197.2536946620723 315.86723397668675 281.7277764073911
199.15651856300914 318.6345813605531 290.5697740134134
204.3833591313914 311.2462028227631 288.12252939238266
195.77505661297613 302.6715098815499 283.3186347653793
192.21569262055436 297.95953427347575 284.23237147580113
188.59830036653815 305.0372092115462 292.39173551790174
187.0538598742804 295.86356635364706 299.5255119645863
191.58379149032726 296.8858384750339 295.2969431994615
196.6523416549155 305.1879971472295 294.48471454649507
192.19215729634752 302.64047531312315 285.8464177808382
198.65784024752793 308.6891642605183 290.9558310856867
197.7461807816237 310.13066773156703 284.6979294135941
198.32612416199402 313.46643225811425 277.8026346849
199.43654463904187 321.78790886234697 284.00574381996154
198.70559510729714 314.3557597072883 284.11466616098437
190.02397598987798 310.5376930541285 284.9759085168769
198.54800322096602 302.481642905092 276.01106332867414
204.93674318275814 305.2118187783097 281.0356023663603
210.50480381722133 306.410883633066 286.7638965073494
210.2588067601654 307.08452918167796 277.2873996818093
212.37112545660636 313.45351022601267 271.81153523654535
204.00617270172 316.8901481248057 269.60222094601204
210.36082286684325 312.86594164150864 270.41977143846356
203.90414679906456 318.3607176774191 277.2592089627179
196.0116331789323 313.54937654729514 274.9537050416346
194.0538169552866 323.37759919659715 284.37262755695883
194.88417928859533 329.4870610453793 278.3763436929812
191.2869476388629 337.79745611827684 275.0888562544645
190.70783625743826 345.0294239080953 280.14535708450023
186.6126016660992 343.51588466097746 286.1968886712648
195.16697478723026 334.59632556644897 295.59565459935226
190.3407183847707 332.891973289362 298.53250953869525
189.6806664117791 342.5081690241209 303.91886032926874
186.80922218447483 343.11863779528903 303.9773691508689
177.28704174789158 341.51327625888064 306.33044293811685
185.7205459936014 350.7431103662264 304.0301282474376
193.7308979830896 348.5726057358199 306.4230621825093
196.0493583720278 354.4161678574033 307.2312597658827
189.0620100355032 347.26294293905335 301.8798180501532
181.31600352279258 353.7264851905067 303.648953823313
180.46810450052496 359.285130974345 307.05895170924913
170.90547343156015 359.1780956604183 304.2122918765411
171.9742195632904 349.49432157674056 307.5356069719107
181.3298000190863 355.97301895758176 304.705852459836
186.31113574302375 358.24194879301757 303.5119479807082
191.25495687732786 349.71641912631736 295.8807922272629
185.6721812602417 349.74791324118405 299.9592595480624
177.49637890755 341.5900789608436 304.98672922557313
181.4349734803358 348.49338341490864 303.39918466589893
174.69422462987922 350.9045735662336 307.2212938196917
183.14633975737664 349.2501729287495 311.8571685563136
182.932746899637 342.4011793215671 314.1316734732028
186.3260774683373 336.0821380693029 319.5939083216631
177.93147651954348 331.67787636849204 318.94641397765025
171.19937383990623 337.87534792852813 325.7041811757123
176.5906234846392 340.52409553524075 330.7225439365371
170.77939080560944 345.0543677547995 325.39853892682584
174.2975662255624 352.4465046224877 334.7100966958678
177.79661893221143 361.404898841736 334.435051708025
183.21234654755744 357.4344030646619 343.73763456826384
181.7333915861568 354.37771987850516 342.9570807689103
181.03603888851381 347.9696810513011 343.6896407164593
180.10603602112303 338.6986393318858 342.6650379746313
182.47427362862558 331.66683363476386 343.7496216106125
187.06485908804888 325.38527608219033 350.188230132754
178.85494484152426 329.5680113660925 359.48023749866826
180.45737745007594 334.96126942729904 353.5749545299809
188.01727343125827 341.220943404563 363.4931581480663
179.22679670562957 350.38916006652846 371.00095703389604
179.64077377901472 355.9237113751069 378.6310982491245
175.93663161645267 353.80022149471506 371.7722386031559
169.52267955493005 353.19985233515564 366.7445982658133
162.77176430457334 354.54027344086353 367.11779360993495
160.89479117021986 351.5019937662743 370.457362157549
151.21778582438628 353.4900949477905 366.88734298385674
148.24164397266173 346.97406688407034 365.92759695577325
142.2467011095588 337.42069185191536 364.4682187687537
141.06257698984442 346.69971538476796 355.50950833036967
146.12521124493907 355.7539396193231 356.00720341644757
138.81693335100627 362.6930307690193 355.1533365915566
130.96826871724497 370.752353294302 350.4701545726816
137.47682457611145 379.923728234461 342.12021727470847
144.60509244052383 383.2956972089894 340.61729065306037
140.1201566370647 391.3076820102827 337.95724380732145
136.6894540701679 390.76576479284716 336.1060240942528
135.3510946427538 396.3493245285114 327.85264754882405
138.94812583375173 404.42414390863894 327.71872131236347
129.2124468352213 395.1102427303206 320.4840334644628
120.90715018766433 396.0927448657777 320.96544254606266
124.28484548488628 394.14790004009774 316.0497095939554
124.2083987178488 390.3759735229809 313.5412968127282
119.15644454583081 389.48706909282504 310.6536983154256
127.36810630223775 399.41612777460006 320.55532444577125
132.3526898982065 389.4794356088706 324.44779794865707
128.13719876870158 388.5156396861074 317.7238706442355
125.7329563654615 378.60687239393735 310.4729143540866
125.85985355409018 376.6116163221471 312.8162843828982
133.91497427618953 374.21803119968956 316.6719296632498
138.86540467673794 383.7438605960549 313.99928010344195
128.97366227040777 386.95183631925823 307.08853160549364
121.65428091309987 388.73162279623574 310.7752917238751
117.75541770629812 383.81357423785835 306.6888427938242
115.88471373820974 377.9185025745753 314.5297192126835
120.18863905021058 385.7686124069172 314.41011493188887
126.85489745667226 395.6009451733609 320.5354003998468
120.24183858440483 396.8387866438854 314.9558846653315
122.66485773991131 395.55982043234565 322.573608005375
120.57803806458406 393.3841373948389 317.0122441329098
123.30572293203741 397.00125149193667 326.5034675423875
126.0502171945943 393.2973958050553 318.6936308832663
135.5461983428067 397.88153637754624 319.1068295997907
142.35249524775446 400.61379620688734 309.4684414732634
148.61766959095846 410.05621002657085 307.38656944333735
148.1072587747093 401.0596455725034 316.0759107128491
138.61482343527214 407.68881202000756 315.0801196592185
141.51652593158855 401.8650100041944 313.5106217086235
134.09490372419177 401.70911178717813 307.5731604277184
129.26803233538925 399.88344104133773 315.96297505244985
132.58774798936682 398.2709193900073 309.14187497998216
124.10581183424875 390.5583210268296 311.67362558939556
118.89506426760246 381.4137126865877 314.7672063351584
120.62329140927079 373.88634780527536 322.71237840630783
110.99603498498554 371.49061747668253 332.4482383119216
106.61907242131214 369.9137198677224 334.8249445125482
115.34190965295278 362.3080107252933 329.8507717515451
105.69294581436192 359.28018478464736 322.5674173965289
105.62178306766626 352.0788697246152 331.9505947638265
106.41677566140348 345.0532487476529 337.07686821895186
107.62148204880177 345.1774104975971 327.64058297888914
110.78870841385779 350.8221203481113 328.8702740907249
102.2882429636208 360.25491040888403 326.80066777715945
99.01375014315505 352.0995440536348 322.43681938002726
92.80707768290992 344.9538411001781 331.7109942755069
86.92154520561382 354.2812110544417 334.975580766641
91.73563199282412 359.28246652581424 333.7740941164585
98.82405700748812 364.6562694051702 333.6847401621648
91.70908624135802 358.28524190745134 325.2739267849639
85.46273503398517 356.08616940926515 322.1649676461024
87.86375942829359 352.9258662793706 313.4373301353091
93.28543813855458 352.8769361904483 321.2305612529492
89.20699545852462 355.0683893433343 322.95561420585955
80.18024213056603 363.3879154800346 324.249434228861
89.38323112826558 370.9078346829553 325.27005962401887
92.39862299728688 368.43369056631053 329.7710275793258
100.17865582776946 374.68157445892456 330.32761749772806
93.13563332303718 367.3189482841214 321.1101353037741
96.42281632363867 362.21549275834855 317.54687652855336
104.80416993864155 359.76481990733134 313.5776639853694
102.74880069059239 351.72031364742827 322.13078761611723
106.80925330514664 356.674140978799 319.1350823360315
107.25020009299988 362.9321418291802 315.48382832216606
115.91181869075344 370.16364258231835 311.32583522056103
119.73804982480135 367.031826213206 316.31332601662564
126.57922976572935 364.74283500544146 321.78472509264054
134.91790159391067 357.230332267842 312.14675255678503
133.77113705020676 365.22027949091733 319.1052983514692
140.4564589266024 355.8838404765342 319.6020419766217
149.88355710664325 362.506827901631 311.92270696942126
155.94923676376294 354.51128117422934 311.9238736284406
152.21569000661 354.2452142716066 305.8772718032534
148.3010780726831 363.7661560379693 299.75317562031285
147.84994057898334 360.1102265154396 305.1607262826243
156.5878116474546 363.3494912342942 300.79977371100824
154.5434708855422 357.8721681724049 306.66468931494813
159.84524804854237 350.7085309516934 313.4553405197157
165.9380729729079 357.38268331103603 304.7097127364282
173.92288146634456 366.2469790735987 303.9737125775869
183.2668793272058 361.76455875682194 297.8071137602006
193.03309070887653 370.1347392646432 296.3376199858859
198.96836516386134 368.8282813052391 303.8975405012396
203.35045956131705 363.3970002100156 296.7798113524255
213.27636052213876 371.0492422641815 292.67655441300667
207.3093480055174 363.98782982305374 293.32136804535236
213.5402645791428 361.44132614519765 289.2253720740494
205.89002063113574 367.05052330136664 284.1408464560629
202.51244728984358 369.7135162758571 280.9397704396157
201.3151590453739 359.97792727227966 286.2657091601923
203.71379316804425 356.8691087358544 288.671076391235
203.16349492186475 349.7300080880095 284.7408114906084
198.58663744389472 346.97803818952127 289.8280370223353
190.5993321407723 344.13568125406675 283.9165393690344
181.95805895830745 335.0715438618388 275.41442350171997
176.11193367455613 337.53607948777955 283.078045141013
169.64420277166602 345.2442379726081 284.0821747499881
160.20578594640227 340.0705719971019 285.11701829726127
156.70609674690994 331.43853210859606 281.4152713581771
147.28798186175902 331.3076074745998 277.53583740324535
145.05110585527882 335.1229251396389 269.70435669989337
150.21391060889454 336.6462953465086 270.6292621950285
151.138194879672 334.3627341078838 265.026317848964
143.5476942138537 331.4460724966292 256.58964110550556
143.1397860763024 336.9073369061562 260.9328736911284
149.13039034629327 337.77566914657615 254.52706749218248
150.25738876542434 337.47248683604914 254.25920683181104
159.54827786574967 341.9328121482719 245.77488569676925
158.44778961270327 350.70080545921235 245.1020201862509
160.31224694025627 357.12303651644214 246.41073567006288
157.46538251355207 361.19122309720547 254.5911728729619
161.921434197084 352.2005883257755 250.51531070675392
155.15054735291366 342.8040076309309 253.2979635097133
158.7342909421533 344.34321058971403 255.38890241656546
160.4452836664829 354.13178430711827 261.46861708455396
154.8827878327727 353.8202011809719 270.0828205654647
159.61134377054586 355.7432045503961 262.0027697488103
165.40865982328486 354.6739297917113 262.236617562148
163.01945302284307 364.0342113507756 261.6326790413144
160.86919176796437 354.2503909490524 258.2376609314902
152.4337378504264 358.8656439256761 263.1678019230743
154.88065244308012 350.9217976038693 263.32556342984043
161.13781857760088 356.25472492857455 268.42446612727576
168.40365718891763 362.6739395682692 277.9746470465308
164.24175368550712 369.4256937073799 286.90491298369346
156.01217828689255 375.2107779120291 285.9621035556456
164.62978133405602 373.9227016155318 286.58511899875185
173.9410226066492 381.25182557835296 289.12394637974614
166.84600233530432 380.41336150560414 280.9977082722928
174.90501723340356 385.1353365549565 272.78680281161024
176.15905630418567 378.386111416798 264.7864700319879
184.9817034259482 387.6390009669531 265.33471664599097
175.10401052692487 393.51039120589843 274.17072011636
166.37921073683742 396.18955440746714 275.13946981597593
165.97219554962822 388.8922310058015 272.54536804646295
167.91070093055023 391.20550877052244 269.4159232138099
168.47135048980235 381.45093042491055 272.5226562490943
170.77071186296052 383.59901091105604 276.1008927385851
172.70376805566565 392.48397980645956 271.652293529949
169.56466913242613 402.28635459010894 264.4521140996377
162.19630845274077 407.33272718506936 269.5095286435447
156.0450449315941 407.32520205842883 266.9055318117685
147.5049148298909 414.62151242990996 268.62650967456744
142.96749060484834 414.76032519926844 259.27650116813317
150.60578545495923 417.57445557885904 253.59165908201436
159.50545452282813 418.21721699495595 258.2185932046354
163.26183858367125 416.994219788973 255.9500772025275
164.85297750669045 417.8369853093491 248.34673198717044
160.0240519259243 417.3099084615243 243.2936319587731
151.93487419079352 413.8306884594336 251.33490318441406
146.92374203940975 414.6453826911234 253.70998620458423
141.41586734564913 410.87384328864437 250.1320359495661
143.27433887908398 410.7198276308043 241.56094386361477
143.92886734866102 409.4829832306452 239.63792057027925
152.19906974900942 402.07360889809826 238.17713311599576
151.107548442664 407.8769862527661 236.58530158303404
155.94371790746473 401.54612832329724 234.83438203486452
161.46331309291733 399.6241603147612 233.52343626441683
156.9709684843541 393.7751473051073 240.84217502397246
157.74264993253908 389.3868636745365 231.9694038834307
157.88743121792115 382.684590781247 239.98843912919324
150.6500529024601 374.1054816129997 236.18207029686317
157.4203454045918 372.72492209195565 242.6285642561674
148.67098695647965 381.4348246295499 243.96406897906877
153.01640722239028 372.9013286867746 246.08729716143998
153.4390501736279 380.0108253917109 247.10732504732243
157.10779992229754 389.4182991618739 249.30937033192725
166.52550033990633 383.3300611558 249.26579853265156
161.88608754798875 387.4580368701204 258.2339835241725
169.60237838707454 380.70594873728186 265.57118720384295
165.62366166753228 373.59299695481053 271.9551441474668
166.10522845837153 375.93516465018877 264.3907581738914
169.02241312708298 370.16601048807 261.0622795750762
173.92274682903314 374.2015842894087 266.32409884807856
177.65220938668978 381.16058201453836 275.99704052423033
175.9027309528493 376.12814279699495 285.55866189689755
174.13474956592668 367.31302029566683 291.3857708547336
165.26515362421324 369.40628389219813 294.2528970904901
161.81975009246088 376.2557900298484 284.88081019575685
158.68958939095478 378.5744023689173 278.37807514527725
159.82832636315837 375.7016784573505 270.3956232057139
155.53993874837076 379.3335016195779 270.94344248105875
156.21444881899384 380.55388676997 274.0664607170295
160.2482612303029 375.30216943686236 269.26541311247445
151.644755411057 370.6974823647329 269.92921086891675
153.79919230110988 367.77452635534917 272.6822496392739
148.80054733108258 373.2035216043683 266.4809472877177
152.6945044665823 371.33159769573103 263.2177777380493
148.6138364161851 370.50468614582263 272.83355628378877
154.55696678683398 361.88510587042214 264.25332133788913
156.6417762180112 353.9294620868155 273.9321888697873
164.42630462353878 362.57783706435663 276.77434249568574
154.77473998785123 353.1703600713863 278.8557423954902
149.61894293163843 356.36483755275447 276.19008065502265
141.87233095329069 358.59900983778607 275.24085995268547
146.49947616340876 349.18848969029534 277.667990900027
154.56535419784106 348.3182516418471 278.7148856171669
160.3359502048523 342.90244474406916 282.50441323263294
168.4488528671411 341.77181338817564 277.94128970702764
172.68334423710897 347.59127312140475 278.0381777020899
175.37025196043282 353.86763877097513 285.5141176358519
168.1375272873191 347.388326715823 288.3738296107617
159.1992572112633 356.74900140669916 293.80450423308923
168.56040405915073 360.0360211730412 291.3093499303274
159.33673925168802 350.79174987157603 284.2142325915837
157.88167254575407 354.5049820483604 293.74995852090774
165.7157703344147 348.8045346945478 289.3881854651517
165.9848275667695 355.923877131275 283.38067438938464
168.10452449183077 365.78274318051484 284.38095310325986
159.00270921603888 375.7447394591066 289.2612223937209
152.00318820823185 380.049325529835 298.65974896376065
143.432284567447 386.8916331947978 305.48104572147986
137.08589302470875 379.3608023490381 315.0215780091866
137.95838915229658 372.5985446526592 321.7068252988466
143.98807912759426 376.38472631359224 319.10183293915986
153.69903326925692 368.38461661491976 321.4485891581142
158.04217422966 374.92884835908825 316.2320302075057
157.48314661554755 368.4970611226318 318.6057066731339
150.839242428159 374.99945543033647 310.43787836856325
154.52419057611715 384.41901581367955 316.8781158728545
147.9253039293542 391.8987188287743 326.0338790973801
148.41821852679493 391.16149239521195 324.1475434114074
149.85939351886313 400.6965906811837 320.21771293624863
148.01224046225477 404.584102200737 316.8324288532804
157.16535323267792 406.6884176828082 320.1512127108
161.72178432445776 406.42325700823665 326.65174393642127
161.50121529210662 414.8279252009313 328.30374684158267
155.85466408519008 415.2322090915081 329.50559400682477
151.7221053915428 414.1374797083506 331.0430269056786
145.92755929392578 405.1746478510059 333.61821190957636
147.60107539111533 411.0736464211429 325.8955865289694
147.690806929698 405.5807299039683 326.22572043982495
146.14855052043566 403.3101106911032 329.5432685283774
143.76410067817469 412.69508439464056 338.840156354811
142.1400205610875 415.59755272303596 339.25676614135284
134.50572851164512 423.2194344310933 336.2670425596604
124.63826129728241 419.42285865901437 340.81592317099654
127.55493528352841 425.1715098581225 346.1390830758152
123.87270300057486 426.2985971181655 349.6688964864002
125.94328063637673 427.09719804195606 358.11862733535895
127.17301126247041 434.59444715117695 361.566861454367
136.5272797060595 425.65716879469727 359.9620725738072
129.4158796597863 425.1350575912851 361.4153944683027
125.11851508276858 421.61522778988444 363.8093053838825
124.07492331929052 425.84786704194653 371.3274917709889
124.09888066637218 433.04968884641187 363.157726223831
127.6579082778575 427.9599343034095 354.6801551522861
119.66139691861055 421.6801668842163 348.4658600183572
126.67383890810649 427.1395043964405 357.17367428393504
133.28744631561236 434.1256578438956 358.3777957395904
134.96021109298303 438.2705105395088 348.3906620488353
138.68473942501325 443.546238652282 338.8803581942514
135.48698983242775 443.6566876383212 344.3253362184806
135.45606626793136 448.77815010509613 351.6516135562424
135.5422044054468 444.3066610498208 351.13806322481673
126.03860593444521 445.8917725876917 343.20374924298056
126.17590258602819 450.5627802008118 346.119511358701
128.9937698662173 458.68078423738086 338.41226392785
133.9355479617573 458.4282051990241 333.4639771096468
128.65631094948725 465.9916072116094 339.72377699420616
133.0912190721304 459.3348510422412 346.50244706590695
125.05294884459104 467.3787672415797 349.5027240960663
129.4657660933268 464.2779204929979 346.34975285768024
122.67540643306259 467.92493600092195 350.8786928253128
125.78712834998325 459.1202288471482 346.53748095412357
117.52892702730384 460.89986530464097 339.8663047587408
114.29907437516799 464.1762176762046 336.25138449105475
105.83973644800227 461.1644859794539 329.7925817228547
99.422085531378 468.6916300071071 332.4328093235254
98.07509791906126 477.98969226962345 331.2015512639189
89.73148641248767 475.36418473120506 330.63275881569587
83.72631747370158 471.8509850072407 340.573962612217
85.2665651045858 474.8841735837944 345.22290847818425
80.28549208777342 471.55407384106627 347.82965512593603
83.41004968053389 468.82174516766304 352.6915756092725
84.0816410950642 474.5846484011428 361.31894262140486
79.39705199821702 473.72028705420615 354.74502086199675
85.186988856156 482.858022446474 351.76655461797344
83.20416067081793 491.87311566394686 355.00335814224945
84.18604163493656 488.7734590289403 361.5424893534595
86.1877450417188 490.8640005873103 369.44860986611826
80.70684210023857 481.5255253799137 361.87258285120765
78.16450455436464 472.3167946847478 364.1077388278249
75.55342446167201 470.12832470675005 371.6089745357427
75.30334429505055 470.8913885506576 378.39705847369765
79.65194651820973 467.1200994437178 369.9514292038586
76.84221247404813 462.25252566518407 375.6786192607276
76.05379139998787 452.34163672462836 368.257406913221
79.50838791094348 448.8444343914927 371.7717669672297
84.16144017313486 439.11077051566525 364.91906979329997
90.57095651666111 430.14331879683886 362.0532034468968
91.79646508270969 431.7652975527196 352.4189432802561
83.7500212723547 439.3051487729958 360.31500963266177
80.80042727559831 445.7757862366439 354.9038654807721
71.31778619698096 448.5640436101441 351.7929279898023
62.23344200085238 457.4005863619258 360.30028720814624
65.04326682713422 457.4765639783706 368.323824670997
63.98774290672446 453.2118301028912 365.00189520635155
65.45040518102142 453.53446693896336 361.9304621677868
59.16594994488313 445.26758008722203 355.6508466618312
61.75894263809765 443.85963028918366 347.46746662827064
68.34559417542421 443.48678508262606 355.56969063490504
76.76104954467301 435.47759259901886 362.8833203720207
79.35282767507238 440.39945143309177 353.046748353499
77.86380561888905 444.33500860630113 352.12661297679125
80.03910984241178 441.65078274510256 347.75693426088867
89.2069606565414 444.72648431215777 346.60720042538725
83.8194275905011 447.4104244276773 355.6417418889581
75.41723125672107 443.31410474408716 357.095692472996
66.3768278804332 448.4325665544695 347.81602168028263
67.64294630806911 446.01313747119366 349.6494576820159
74.13770126200214 439.6654758835592 348.6378057441927
72.04540435747442 431.3041538029798 345.9262127659885
65.13503982100188 427.7948001785288 338.046546962184
73.64085085753473 418.70814189624696 344.16909620375833
79.69039902801998 428.59130593603015 344.4115333291542
85.6685742443892 429.3918271646722 345.759121650325
91.91421644833835 420.86902283430516 350.43738601680644
100.87780786051474 422.5408773379558 355.13858465907094
102.28010730790474 428.658767815373 356.582127511613
103.07770425321827 422.12509647233964 366.26216505638155
107.457207079282 421.525772734369 360.7689748200915
98.36553414297234 425.31323438828616 355.36788487099466
94.93366659869599 427.607029694786 357.63043394820437
100.84832292558485 420.5270110919682 366.890001281585
94.76764018757555 425.9560509812593 358.9799610606506
86.63015960095369 424.2773317548466 352.4631418934209
92.02508282779571 432.8495729539307 360.9431604031742
93.811243062173 439.14307174006876 356.4357022969418
86.51953815189316 439.3647286352243 349.53055980875627
84.25732369770218 434.8792205571645 357.184706908657
93.43155541917083 428.3001041388595 357.87712370233237
99.03380646737199 419.33459261804995 358.70812663287916
107.96048551694317 424.66446941275643 348.76016561346336
110.60130898301492 425.3078655220173 353.02232720708645
40
306.26803522147 461.86463812518747 93.19860283963983
293.1189628584367 478.7031498593848 97.594376141065
315.73120214657274 478.64110529312575 99.95111956346446
322.1149455051818 468.78617160982395 95.69379259445431
314.797531730831 474.57749720779753 99.27956316576021
326.541305036489 476.4462626829936 82.92939353886275
315.7538972948489 460.98309438493214 76.05796537916706
304.8248076160845 456.189498154089 74.1884452704889
330.114762860237 466.03864110680075 72.15692485712896
311.6089904691884 477.242668863168 73.39370764174069
322.9889384195526 476.8069994886045 60.07362003638735
313.7155289268547 480.5887204058833 66.39607356144018
312.45978360677356 456.35877293859966 52.823181056241964
317.45264073542245 459.8884599780504 54.20683420786522
322.7092361602687 465.57908724087537 57.65833673155733
318.8623664148145 472.5195729774987 64.12307575083479
305.58436167604583 467.86470639864547 65.67785479781097
324.30719841062 474.19596725109415 76.10131837792295
320.7339807255697 478.9313307756992 86.53341000519914
319.18513869814376 482.2454924163533 78.82793637057205
337.64937828959916 472.2115499220058 68.02629443666646
328.12798377042344 479.63082383652466 75.43505228811833
331.8515547653797 482.2014653120902 84.4865441647734
314.794227534716 490.4506006557744 69.13504376051533
317.74909100976345 485.30435628764513 65.18737531020969
318.97580964932837 482.2352590702702 61.66163229866248
305.6454567230998 497.9941971787547 67.7561733159121
323.2158475655048 497.96610895949885 85.1715543525667
308.34901844600023 505.6288140623587 87.36766684107698
319.86737843577487 500.49034903793944 71.22894707098914
325.1791615965576 507.7075716647611 70.95194257130211
314.409761884746 506.90057168633876 65.81640299620794
312.70290113833755 507.4848693723492 79.47176195025868
321.91509589387385 498.7350847327417 84.518234045324
319.2760079693057 503.15946710045813 82.37431473267911
302.0189941235916 500.38772423836787 76.76076050945161
314.74451521113656 489.29324538366643 80.57982680498188
311.873533075856 501.26248836312595 75.84491602076668
321.14076164393543 498.5104682514404 65.14413268137285
327.36706298147647 493.33269447636224 58.538311231206734
