1000
71.05369520580345 36.62121292229954 144.41207423167722
80.59291676801092 28.501399726428886 136.24468347005745
77.82632044109604 37.23269306632031 133.44206969285645
79.71783065671288 39.473604714602274 141.2146935116952
71.05689529046657 46.210934550546 138.68900512232685
69.24385071572308 40.84256203761788 145.08810831896793
61.51912809859046 35.64193076895453 144.39076557105727
56.110565980199624 41.89930344291487 138.96320167264784
59.62345380373846 37.60482533823316 136.0706496557016
59.537562436663286 43.18288020843962 145.29835146596497
63.99610154885418 40.25988935032 150.2307272374493
58.31938399530749 32.49036901416641 157.2260220190696
66.98638380157904 30.62740980860329 162.8876540588844
70.60447973800923 30.469461321541296 170.99861731357566
62.06147167387627 21.020295354482684 173.42451309311923
65.09984520308313 22.15408581769359 168.34906883573584
60.572683371781466 14.30951215106839 167.88414550626047
66.03071251422158 4.512357051660423 163.34784536255407
57.275565117400056 14.273244529274653 158.44081637160804
50.29372390809432 8.920023569218245 153.14743140728544
52.422349290287485 1.3827550043791588 144.00435965890762
54.3190469571496 10.769047569260263 152.86246470714445
49.20720216026198 9.489980179435499 145.33456545846798
51.009887167412366 18.689506677813682 143.8367003069125
58.48784807591349 14.778739950739784 142.7660172634791
58.828351469275376 24.542010080885007 147.25192121312463
64.56828660092566 17.754639755642106 146.55672677703123
59.880743172362905 22.056926862903875 139.6447185978549
55.05147197340081 29.321527879481557 144.08132002093294
54.02391698967907 36.101277663269094 145.1999203742321
53.1631061392498 43.02285772422172 153.69626083376244
55.95550431800884 41.173668385426886 153.0495084778861
65.83609727306283 47.29713589727948 159.49489208526265
55.897045079299204 38.52559540811694 163.63990956445022
46.883757867308375 35.29867752661851 160.14725486955513
53.31696367852232 30.69107189324626 158.02605514159214
50.73466007078161 36.8546891067103 166.50078197137447
54.73089903862042 33.094170151168456 176.28401610017036
46.30645321948712 26.075148519237157 179.89750430904348
46.42145136434834 30.42249604559725 181.43349118045546
43.618500557164126 24.248580699180312 190.4238692115672
49.43313425848811 24.811051337405278 188.6309244237197
54.47775382587998 27.8052514591293 195.9061840796782
47.89568727795269 23.384465281724573 201.6305357654399
45.80982916590215 30.1485926476607 211.55189417938445
50.548456035873656 26.482320148525528 205.81612026402345
49.22198430902046 34.81323314053788 214.58933517121037
39.68459085784631 31.13936183404881 208.02359155397897
49.1838966248193 39.45288617703484 201.4056705956405
55.363411401077485 34.82464910457948 205.52293709604245
46.746167723702825 25.523308650470874 207.6211904881096
45.17374897310037 16.92664761397883 208.71435212287588
49.599766744365134 19.13954513458234 202.9728277005253
44.24099851356283 25.370628558065633 198.36368077515755
42.626148356041334 29.15021555000584 191.95459110926848
34.551742473658784 29.58484880998585 183.3002694222264
27.077339725043842 27.900181226257864 190.54607172027465
27.333249937773243 33.789225550667325 194.37327502813383
22.419981121003296 42.603146730705454 202.75063794083528
14.620931624887557 39.76979636241427 202.67904265764236
21.83810986798424 45.984143175082735 204.22646519487216
22.719836384210506 48.413254780662875 199.54483648190666
20.8930520834971 44.856424349148014 196.24578625605326
15.706932009122264 49.30728640933597 189.9379269895729
17.222016792016664 42.64871938522798 185.56976454732506
21.29876598935374 47.7445069269267 191.9947963006582
20.707231483568126 49.23156225798951 196.98367536451457
16.04353710431591 55.07275876397021 192.13751633242907
9.184726323996799 58.44871060226596 184.17328849627236
16.597259218420206 55.89794351248047 188.87663747863724
12.753411778402008 60.931236319842725 180.5942004282653
11.624665218672348 57.573336271959604 177.56565761092435
10.216409752222763 53.08934431789131 171.3665950190812
18.69792038289652 45.9593990513063 168.3563030239046
22.725267497290208 51.82660798804609 175.26071963049634
24.270219640673556 47.80660325083234 180.4105574850796
20.628726435022106 45.7282880907624 189.98602428247813
21.204937815201617 43.702617257093415 196.94968309129598
15.770545461966243 52.258945993530865 189.2959479801784
18.679783145686702 45.3654744279797 191.56920044231546
12.442304687137021 35.67155673359409 199.23339350382355
7.381532039489592 37.63986761543158 194.37065523394213
2.6445303828777975 40.12013527682175 202.87759711227926
-3.7844140203805496 48.17672950500808 195.53584195933357
-2.364332176976328 46.22402765578044 195.13216452535883
-9.220676536604023 44.13016709042908 185.82346949697217
0.05313620289663312 39.78315061366635 180.83738266147012
-3.7871087809228454 42.757210878018185 182.65521438464003
-3.4638499140390744 43.23260610223329 181.4994504857645
-12.720968889613829 47.37220796467502 185.7169905304441
-14.677365192795794 43.47470897067377 181.53079232414808
-11.116447206176106 38.153478406325505 188.0773003109232
-2.4470158636685007 46.25022477761616 185.93912717997617
-8.538564507637709 45.692173908634146 193.6150891873634
0.1312201792488974 55.230572529200884 189.90160407754672
9.82405661610999 58.69319838611629 181.85326165214565
16.301450113363003 56.31971677511158 185.43719671950623
25.59871835093133 55.607875213404824 178.3552343137737
16.701504142896667 53.67360607948019 171.9363285203044
21.797922287518254 58.265887608433204 163.4163558047924
20.347136710204783 53.669248620407075 156.36858498409757
13.294780139675069 53.26269245314588 161.1479704117358
22.035412473027392 58.92025108688592 161.0767903663471
29.77723993755785 52.750338247487704 154.0237723581849
31.805972954441778 61.542499560136704 152.9205168320297
27.2099577382996 56.94620526634189 147.10961074377227
26.684545255317584 58.418453095593044 137.40046797640957
21.516750189030553 54.02501316063453 144.54556411008477
31.11913582791785 45.22231878745906 149.42475054887487
32.194091782464895 40.432372784656266 152.59532722135174
34.95701365481902 44.54756735298223 155.97394586861822
40.00315553178472 52.53534459448752 163.08007984603066
47.241677349782634 58.662888164088095 160.57926951007332
48.1551393230191 57.60881030351233 150.75896735227954
48.39083043889021 60.83153892038339 146.50544749735815
54.307374392131905 66.59602655663687 144.8510791799242
55.14459146422162 66.43124858364514 134.93826692800425
55.72878685227861 60.82375585596888 131.45928702588074
54.01734300098876 64.841949069402 130.31815058744252
58.77335825907597 61.799734719547125 133.0520766750535
54.16286511044606 62.303408790148225 139.02742215605878
46.39328647942403 56.57300178734862 141.32171349635433
38.14879723233051 55.31145348754293 145.95128969523745
44.26718457544466 63.99193016353267 141.16076580646606
37.12959243941222 70.92638083267657 137.7820708250693
35.36332111611934 65.65132601033979 133.80790950433428
28.98946284131162 67.9375259664215 127.88927884989488
21.109568686895972 66.80751347977673 126.87460754000745
30.642688555434148 69.2103050772729 127.14382735666467
37.853457909555736 63.11681083726432 120.7428192574833
27.854128922076782 59.25407849742225 119.31488259223424
30.45171395853903 59.57471574871759 117.40790377421048
39.48224236531385 64.81072758479958 124.50834223814998
40.2644972600089 69.65015648542388 126.59940088081203
40.62831394437818 66.35731873522539 124.46662907398141
48.004639097840524 67.12597230528769 116.63971731534649
50.932814938629484 75.94465460258002 122.73072534628817
45.240716828107935 83.90179944325375 130.7747035172083
48.79631489719273 90.04594020727045 122.71432397955023
40.06693161015236 92.45291810386647 115.34096773520001
48.78934132730722 100.27879121210545 107.64698673646858
45.434526601662824 97.84005487704786 109.07418125798944
52.94407087984492 101.364265437005 99.12446618436303
43.394638982137685 104.94967599396422 95.32880642997662
41.47893452432002 97.42148231425375 86.07699473529033
35.20379050517077 96.96360164744428 92.8851312603655
44.11251226441983 105.35316283004781 93.90633546878513
38.24880198193791 98.59785441580414 101.88626581405566
46.63586531174158 106.78294349311048 100.25700708186574
55.8077415651815 100.61007712657627 99.59043788202887
61.12957663769072 99.41172779232126 92.11099378257812
67.852747516076 108.55445615223745 90.96594493972506
65.53993155345607 113.70341099495953 99.18730591510273
65.57186265366103 108.41578748736346 103.21513542636937
75.30070015107457 115.98568090946745 111.4068814407835
84.01199221607266 119.2387054512914 105.55191691247946
82.53747810892429 120.5349824107818 105.47718470483913
76.97645919794347 120.16023272654432 102.13054754077771
67.64213915379784 112.66496681486603 93.27681974816356
64.98719211440634 105.57593667277838 94.43267892730113
70.51500608812367 110.03103053391123 101.5420996505224
63.16371106227816 112.74308609436211 106.55822962501868
57.56123673777582 107.14276170487682 102.72489747040822
62.22944828836658 107.02392381085478 104.44553182642251
54.046906593129414 98.00955858094235 110.18373876557418
45.70462584359847 99.50347984242164 105.65763042941798
43.25770000249186 89.95360475151848 97.52028098513797
44.92482362215588 86.72488670438734 102.84931153035504
50.45036977540814 96.44945264481416 94.47636980356077
42.544286427475356 99.57811300523397 85.026584185942
47.29020486634867 104.27586795096039 76.49330256419408
38.04531071488266 95.80482200560607 69.17483964691428
31.935979868385886 88.95473037273648 71.41169469092101
29.853428286477374 83.3678464001452 67.05180742948204
32.923623981862484 80.90717804830929 62.42135578851664
26.61404696166144 79.95631484027471 69.8262196890196
33.12195887678037 80.2903430407214 62.75100331172908
26.876229827510652 73.93726563144483 69.92334745424448
27.13636783062106 69.9686911137788 62.621683657844045
26.04365676152081 61.77314102189823 55.33765998239108
36.03376475095293 54.60804874682839 61.91031982242269
46.003365150629364 46.6664416097083 59.73274128870475
45.62551738312176 52.839515638932774 69.43068419828148
37.76534346295389 59.431408169953734 61.315460689269614
33.10534604680099 62.76865383084096 57.781675905597346
30.694624166384372 53.86565498694516 65.44627926585594
30.506669551679938 61.69687466768738 72.2241198107663
36.24939300886086 58.0358821192734 67.40969676475743
38.386138460658934 53.397636112889664 70.0169626761437
28.773016944352612 58.278607775742195 60.58707164113879
38.30541417907075 55.59963993994561 51.503755469821485
44.51427768354314 59.4835202537536 54.85829028964012
42.3350819141057 68.93674946253098 55.38743887468106
44.087044770520194 78.04629090243924 59.81461151613287
52.65585836042814 70.84664367823373 60.753209767604204
51.76333684346551 64.85872431157534 62.70598075806891
61.73892555682956 70.12729690202445 70.7756240160258
56.47114389557117 74.71292808970648 74.80416505034009
54.653520194421326 83.73574701248339 83.97131366942669
58.42338615957356 76.23690404376967 79.32542370359033
64.35447602732332 66.95917164783108 87.35099621171207
71.68594474693893 63.318989818493925 82.49338647634245
73.65644363960479 65.56467701406962 85.19811870558132
75.8387562517941 65.20295389290794 86.26669508707718
79.97837195308463 69.42578442766755 87.19999652209731
89.06929177943886 61.578526000160906 78.44182256609547
85.95728179915464 54.811135960838484 81.49071804165119
87.58596927066966 58.61916603446293 80.64541325358444
81.48468977893556 52.16629378603328 76.49064918414892
76.31464172713116 53.92911324941039 76.70799987289821
75.84420519591903 57.435942440402584 83.59367854537763
80.24558555513276 61.108547747859646 83.07627457108305
75.96580248672838 52.132581131289236 84.54725328299365
69.91324062349808 57.907400477302566 79.37267077674247
73.5024804418894 60.648779423787616 79.51737252182865
65.68037529224267 62.1752484492523 82.70821515940709
72.35072137335875 58.415544072981284 78.87492508131396
70.1379554414583 60.55701585835805 76.04106634893235
79.08678189346764 65.47206561941903 82.40799874065743
83.5348142739337 65.12263877078585 77.40785301670881
92.58928475523375 75.11000142296315 69.2775812805674
94.63926746971724 72.13387079961902 64.26528880948449
103.98025087235744 74.74550715650753 68.68620083653212
108.72912043903781 82.9390327069048 72.62203489846691
114.39342919872567 73.97956170834256 64.35303536088169
120.41012581718445 65.54184679806826 58.80888474777163
113.49429831239422 57.98248426470498 58.05530588184544
105.93941934530989 56.87251103798456 64.38462573909085
114.11832994340585 55.974638929595905 61.794142344371345
114.9885047873798 54.425266960063105 55.90040502089783
120.8897296350396 60.980524143768974 49.92041309526671
115.2908703206927 59.97359686445466 49.91087062881273
123.0133829272406 68.60198770620276 54.89805092183564
130.01645084767122 60.97858933969466 46.31328958927703
123.08930307509584 62.30819817625317 52.68736249788675
120.02618452813437 55.647281921558395 52.47036742903802
117.95461583060477 63.895286010074514 42.50820458458078
124.90938397961249 73.17989996005743 38.946759244454604
128.85578400974032 67.84385798155546 31.246632652435288
124.39159029618651 75.12399783005714 37.846581544810114
118.79335730454815 79.64424582578248 31.935323784373267
122.33205715935334 84.0039678275805 33.25667067362286
114.02598814850406 80.61041665456437 38.55905353397782
116.34546130651455 90.28775335591266 36.04225555480669
109.83010904945377 90.40719129804552 40.156192778326854
104.1068157847371 91.00233238135607 31.324175828080946
94.99365316758832 98.11426693822811 28.22051367204757
102.78822311551272 101.3999901289823 22.393407812079875
103.24269365907168 109.39120003381902 23.449477006473217
94.09146320490912 102.69556067576642 19.006229833632663
102.7094110726033 103.4995413008863 17.741186719864942
110.65618520653292 94.4176146761983 15.415148611505558
101.08702645150623 87.74911086339485 7.051969775529338
93.44372634188346 78.00688609316094 8.557750704490358
98.1023915445325 69.47171815834616 17.40563237334259
101.54141640816741 68.67067212148437 24.682343238808127
109.7189597675643 76.36202231238826 22.536461118303414
100.77011000616179 79.222790430253 13.602748843937082
92.55517819013156 78.30182857774759 4.791576074067011
101.27412833053916 86.7328206930572 0.44573116582268835
104.17876987043263 79.98825044533837 -9.08581918990334
111.62363286416458 82.01390067613232 -3.9048790879430264
109.0815968733489 79.16598683497311 -9.254735463197866
108.98345356466044 88.56741282348443 -4.72079343942902
105.65287266288819 97.59831043469556 4.961103854798139
112.0693111905758 94.35233402565295 -0.6313256392951327
103.55065011350284 97.18088998571842 -3.7853169594874925
94.14418456028862 98.25545438565814 -6.960097470854889
87.10002202880929 95.597569467654 -8.40718509763375
91.22663092574588 99.71422164478946 -4.717927924920973
86.64451208126648 97.64950442709976 -7.949672187340475
92.81417737686384 90.75305745352196 -10.552037614061067
96.38427939390569 89.39273473345037 -10.542954473171942
98.37618566890639 85.41841221435125 -8.266766386721883
99.51964036731601 94.89992059696348 -13.226593056007665
92.81641382856874 92.74556958892795 -7.035674791275673
86.9825699809514 101.74506640420566 -14.446596612819265
96.06707941246503 93.65659557685618 -22.39060164137871
98.22412793151967 90.38387367905531 -24.431244257811198
100.64543679246395 90.65588677801344 -20.050153845906404
109.77042071882542 96.28152909664958 -27.940905201978868
101.85834171459128 98.26796075234536 -22.57864344608412
111.2548055207182 91.04299820468994 -27.024417547305198
109.13180078961452 96.58333342984498 -30.14356657879535
110.44122669438049 89.60796864725724 -24.94485436792157
119.11102884631455 89.98298668451336 -23.589523719630208
118.98065774021383 84.9184557803714 -33.017724794572956
127.72034283276716 94.64578611024326 -38.59991732002647
129.52873904317744 98.27731948298003 -39.5811865915031
138.27044269016088 92.35655772658053 -46.67714312187175
138.66867980093951 89.38373219198704 -55.48765962590799
144.59132096806937 98.62879728080705 -49.250881573830064
141.52460610395127 97.46061594812797 -48.87084977986651
141.86960882960938 106.58429310834056 -56.58440896237147
140.3697967852509 101.45944482187538 -63.77444956846254
132.94010462364523 91.69677943671613 -70.32082866615349
138.87521720222355 100.89598466160713 -74.11124422840325
142.06708252302988 95.15875474650956 -80.44306287684697
145.6853874383932 95.10868230254697 -75.65933664900052
142.43564486458433 88.90063299989986 -85.25778662251685
151.35913400334115 78.92001236950341 -84.92445260615625
145.7590938882196 87.16949940516284 -84.20665386812885
155.19268789269384 86.37378542471839 -84.62843943616558
159.0461356624224 89.09982068422842 -79.0972196380406
151.11056851779406 91.28793153012488 -85.56683950517542
142.73250618373936 101.1037463402191 -75.95408383936991
148.8861116035588 108.1697907835761 -84.27993125274456
154.98536972771768 111.86377632614264 -77.4524672649907
147.7430467483855 119.3446470118704 -78.37541549246154
149.73429438072768 121.57930074967739 -86.25123538445814
155.04931094572274 123.52072789079571 -89.51110952469338
157.10374364533916 130.6215328468447 -99.17233566578358
161.22998363489413 126.74382919149213 -99.20707633675183
169.83644243193098 119.66173999342793 -101.27206127383069
170.17165871357054 123.44508132453883 -93.00253479791257
169.54271492768547 122.23332441027752 -100.93926491547417
174.15863426762556 126.48290456682491 -105.77722959001933
178.54282823204684 122.1396067805418 -112.79289197684295
176.5342010213375 116.31257298733793 -116.05442512578183
175.11836324296124 125.0278853955684 -123.51179215762305
176.13350428209253 120.373640703541 -121.05913434975518
181.7031454902751 111.1733761446512 -128.26550376483584
182.82524554050497 105.47778030068764 -130.9453218838417
174.6575979381098 95.66066327182021 -126.76618520634989
170.51953336479752 90.67975547993811 -135.57693372278803
173.1883104822951 99.3697519774775 -136.05923249300176
163.55946518963466 103.94920433203525 -133.6482472036971
154.00604383380607 108.74032942268059 -136.22817318140102
151.02056180641486 109.47752354984473 -134.20585135093987
157.87149908840013 102.79683563631198 -133.95582677445523
160.65595100781368 93.04968255150902 -139.60052222571983
164.1409183420317 93.49466123060897 -131.4302521555321
155.04403719407392 88.21145133214804 -126.00327985002744
158.90476898988493 87.13596990539695 -122.06506860514544
155.75983961573047 81.38332203927347 -127.65241193495078
149.18644044689185 86.91887697293988 -135.5299848609785
152.6650218690053 79.31240316983038 -134.56223828647308
155.20447145244634 72.07968857894936 -142.8116386754293
157.59955069440664 71.23028758715647 -150.65943980002396
147.7212487234359 69.46810257540277 -157.0852859310288
147.797457781087 67.5138194498043 -148.30113403984564
141.34936193842543 61.67896499778574 -144.1818205058333
132.23953350262937 61.92300163170575 -147.6108379454369
126.35679667930452 66.59538087631978 -156.01572027950434
125.19384308966261 70.08966699064332 -161.03962159585873
119.81264118006881 62.880870949505095 -151.34494057920588
119.18515369935392 55.66813760011994 -153.4418740487916
112.99214306402898 56.56956924324743 -147.68811871981197
118.65742106076901 57.954110569694215 -139.63789034159933
121.47265904391276 67.03400204337503 -140.99884479754127
119.38823111172222 64.11113481086836 -133.13386215435335
128.62219235245402 62.53852196778122 -131.11240125720403
133.06645924714076 57.842203969448946 -138.6061159170782
132.58283878241687 64.22176059950206 -128.97331891947218
130.31740430865676 60.129658256570515 -138.41927424267317
124.39285109847653 53.095190205520524 -132.23630083911706
118.95050905278912 53.040506715111874 -128.4702500022111
121.32883289072613 49.65032013225097 -129.0051361318989
120.2621580798132 56.79600663558217 -133.86221205266014
117.63561569371912 48.42338101084897 -126.61521061056128
118.95120489864699 58.047339639386905 -132.84477376213752
120.96777599413595 67.66613921219484 -129.96393074031667
121.94090359616526 72.5855416432174 -138.43259694357445
116.52983945039325 67.79185383295224 -132.98398602501788
109.84649427994482 66.89426959540313 -127.86568621441636
100.95912457357193 59.80520799250621 -132.97018269316462
99.35179976286204 68.83943646363197 -141.78720019281246
91.71391075329521 67.56745666500231 -139.85643753574735
94.52258733024686 74.9618701630011 -135.1687789658079
96.76952638541368 69.23673329317725 -128.18003190101234
97.2101057140147 71.9408658859512 -128.9533194368038
99.19366327382889 63.82246456078725 -119.95658895841487
109.0601649618963 64.98955470912944 -129.65022093164012
113.92697489185875 67.15506257059458 -130.99714935238526
104.40574560162767 67.70399600610523 -132.6907658677975
104.86764644695378 71.47717435204206 -136.70348891548034
101.57758408342953 69.84200029675078 -128.6454900725537
109.21339685343237 78.90509006854508 -123.87045070334801
99.60462810818106 73.67993093726602 -120.17829879663968
97.47724838950823 75.69342652616831 -124.63118533645775
92.45759670585282 67.86091082714849 -123.18021917747157
89.26475667859907 61.58477510854712 -123.06152728551552
91.8696376920183 57.96469999086267 -122.62566823833605
99.7064577751368 60.82815766669945 -113.64054604542473
109.39530021018201 57.04140956590263 -109.41331485881432
119.32193200747524 62.319721817301755 -104.56165466953469
112.58057490640091 65.90515845053751 -105.52416911576483
118.49871311860365 59.1734372788672 -100.07390713237723
120.2442889332041 60.252267426422186 -94.08942358056105
120.33858467342343 64.05236238266775 -89.7108803190587
116.76857700443107 64.35321448552678 -89.71601264928505
124.57890460567631 57.90057035413541 -92.40367502706444
123.00859255684759 50.955356122620145 -85.94118288610896
123.74297623265136 48.39325652711531 -93.88590435868626
125.42903079208132 58.33316254649294 -96.63837535022748
132.3053203210604 48.79565072313927 -92.09192179127128
129.8360460507949 54.767671099808 -82.79453419936867
137.72470712629917 48.74492041463363 -73.85042232204162
140.2613998817622 47.07277275029675 -77.42790125087201
150.17908888506946 45.97200677669368 -72.85003435275543
159.03688032073754 53.459862474893384 -71.72882693549549
161.50145626791914 52.30748320394328 -72.2463602156363
169.40990595991252 48.801654357302795 -64.03654653467672
168.63615955293622 53.961827100633684 -68.03132728443872
159.49014589837847 57.681029565449286 -74.31081165439863
156.5454702008711 51.0164085895964 -69.03811641581555
157.12408645686412 46.18335324562487 -78.89423586941635
161.31422438281302 39.450542393104506 -85.21252680721268
165.44759142859954 48.485832922506674 -90.11151011572758
167.61879095992862 56.84088898941784 -82.31184071542138
163.85376718173228 62.327309902964814 -83.66418968516611
166.55991729743724 72.29267596650638 -81.99915968462679
161.9725215076019 72.61288361457291 -74.29558669680246
165.74402642069805 62.61297793222536 -65.14723254788235
160.87877409230344 66.90385048339799 -60.55056933453469
152.8640649892994 60.96459610388554 -59.81870244228269
149.16387492254387 59.33242959067315 -61.58434181145035
149.02970482134552 68.25727998655961 -68.95703092637389
157.00063454382112 69.0690652238454 -74.00999709652108
147.46039694739147 73.43199243933732 -79.2109791479443
154.65665064934709 79.4330050690711 -85.12046641306706
164.2298546489967 86.25489212814381 -89.79808896399105
164.58646748311898 89.53559973074371 -84.77170266857155
171.31450860656122 91.69910234366984 -87.47409805655704
171.9894424662835 99.13821709165748 -85.7759499925058
179.08956443126746 98.29111714139492 -92.29256718017616
184.7357806533019 103.1315852840865 -97.63612539001277
180.07374025034102 105.10830048239282 -105.16992708098397
184.9312496958279 103.27556543933484 -108.46360457249774
192.15541185628618 108.0201614285255 -110.22876655478603
198.74483238945666 106.10928490517482 -107.75529388221366
203.48091396478256 103.15955038281578 -109.86429253957104
213.3374240827239 108.81722913147065 -112.25638285507993
205.71452437067293 102.81250876583759 -102.85320374009652
214.30793261567408 108.16569829073296 -96.11591578851376
210.25486560189012 116.23723380999303 -95.55546027240766
219.2695694066724 106.27915275843289 -96.90904700541466
218.64564565587665 115.88712761153243 -92.09689057008221
215.69203180266234 120.3183633720158 -100.46719457410961
225.34269715551616 110.41809417609193 -109.37211690596811
222.38405807435484 110.16652312477726 -116.10400465051788
222.0294202522907 108.85999901269597 -116.0323732851841
221.13191307923412 104.25634609826906 -118.04933142440606
212.7302909485855 105.3921437705662 -126.40521475197107
207.12283377540442 110.87604350955124 -127.80751119484441
198.01696801327842 106.9696970980714 -130.25929813317063
197.9850483400021 115.88380054277303 -128.7168503020355
201.5097733574948 124.85934515812214 -136.87752391206322
209.27855378890382 122.86685482951984 -130.56522362115513
206.33321493617336 118.07797429321059 -131.26461734626594
209.40111514502794 117.3500293591984 -125.44590119067081
210.88535260129822 120.33391853463088 -134.94159422173314
218.8760703421009 119.30605632694225 -131.1289833593702
215.62499282788218 115.26207999957013 -124.00987908522677
212.07294668396895 121.48685815960701 -116.32725368138146
215.49762882396885 127.11515125539042 -122.00891684837691
211.79451104568304 123.44193776315159 -126.87785712024508
219.5975606726801 131.70316908974672 -129.85148841339011
213.36858507969467 123.60529391165146 -126.96273435813296
221.76610585259127 128.12029088368388 -122.89511360548678
227.9272347817021 128.69247831690416 -114.10747271847298
223.84160039463669 138.01124358401532 -107.28534556907391
219.11183956112737 135.79167648366445 -100.89748283057071
227.8881836028785 127.31580740266088 -107.1519511651758
221.3719052828797 130.85344989608973 -115.55073764142666
224.28707732597093 125.12877839431037 -111.32956495034057
228.7758439285941 115.54842896919232 -103.2293929488435
228.65814433905584 110.417956873118 -105.6013396791674
223.86684685999796 100.99005908095766 -109.12097519186113
230.8473178327498 95.91485080472688 -117.56201372991366
224.33357233847084 95.0081115023737 -115.24253595398889
227.08578616693066 99.2628636495915 -111.57338347557798
231.31286284638068 92.73115719519407 -102.37535260041281
221.46991009711476 100.6263264216559 -101.79202268592411
217.53606116602916 107.2638166565823 -97.8237691810874
208.09456694886637 105.38340927174849 -97.62043905817885
205.61444487899516 107.60254187041191 -107.4410508047739
197.9925173619603 101.1722653763209 -101.17209052695901
199.59320567340038 95.36379428888014 -100.44531371674489
204.37024643731738 90.59094315367935 -105.79719958177829
213.7120889205423 84.13330412477495 -107.28990173893709
212.53210189127043 90.22069168908439 -113.32032245493153
216.65890541542225 82.09379725920309 -108.27422546715347
217.6852863591253 80.69204549912381 -118.0523802942786
215.59189364555888 70.97147908733157 -118.81234726758855
225.2390086249707 70.50550003947752 -118.25938380444806
232.58277672027504 71.5840622325411 -117.22788307017656
239.1340636835476 63.7820037922894 -113.01207639641025
244.0860348596818 71.75691975558892 -103.76040770996688
239.78872209059875 75.14013396127295 -96.5353785551341
249.27339091189495 66.47991731443693 -96.02517766470235
247.54599275943764 71.17289893805699 -88.33919194576801
244.1467612077117 76.73487252117344 -92.59051493935044
234.9021474100206 77.81696263563627 -93.55228836847724
226.1282995716025 72.87734501785887 -102.49643779287851
233.32450369334776 63.24238268431854 -97.00387485142683
237.60976164929775 70.4842891572633 -99.78053430641725
236.054107200618 66.21988060085212 -109.73519691783942
243.19133638089912 59.00207177390455 -115.40002039451268
237.60018864354217 63.131116887946206 -111.48762004800496
237.81347827579768 63.34478047989889 -116.2463840428239
231.929731221391 61.945480750670285 -111.67644398544833
238.15435866421797 69.2504493024779 -105.0255744294517
241.67432008979713 64.53953659658913 -100.85569329120523
235.274106166273 57.71408996734394 -95.53809886449507
232.07056491362314 48.491233770009785 -94.59123731845156
235.00671317998166 45.765158812930764 -96.884095740579
233.65929061449108 37.525109294423416 -106.70496952352907
240.39533399957023 43.818269238713754 -100.6909941513671
245.24287782964697 42.09829482518569 -104.79216651969054
246.03594903855802 43.229380472104026 -102.34864843648039
247.1777429663236 39.75338033322484 -112.14258204232864
248.14277592489066 48.840119892116505 -109.05738248982992
242.7935866340655 42.00792093807908 -104.75832043057765
243.99973061044955 48.22027556533769 -100.13481074846335
249.47608452096722 42.524424046164484 -105.63332028326995
249.35912217627427 39.733443663159726 -95.66414386825703
253.25227827297977 31.23877479675284 -88.52930409251594
263.0106722727524 27.28356930133702 -79.61816452693796
261.6154974152456 33.62445459795866 -84.43452159182445
255.64859371458013 32.98097478213887 -76.15152990406615
257.50093909916365 31.30751435257705 -74.11255974864328
255.0153016824254 23.422539757052917 -65.01495386592545
263.14106957141576 21.2658331570697 -62.597818857068035
265.6086214907724 30.107464743518317 -59.43558262065477
266.982170184527 38.08501292505526 -66.78024204259864
268.6016255973999 43.292350495697086 -58.95380837367793
264.6067895982762 40.795974918360386 -50.58728688524078
256.88426201266543 50.09693124133495 -45.982396944723924
266.58724476444826 43.24573842988141 -54.7110907420717
260.35718341538836 43.20946833864133 -48.372300889120524
270.3096667207881 50.39824475872817 -44.322348955375006
274.4748070179474 56.07174299569648 -38.07781981018937
279.66033369752773 56.71111381378781 -47.10472257155446
286.4645089032735 52.60351138030568 -47.339998526000684
282.5243689028308 48.89142710991414 -39.39700953257275
288.1614541941337 57.410371422284285 -44.612859632386744
281.20488868847536 54.52129207588579 -40.481426553828285
274.664291946512 63.81333377683056 -41.52473039237865
272.06397978680684 65.62933934195678 -41.23678741375283
268.0578518774315 63.535940294017024 -35.997873639908406
258.25699479115076 58.945636617066 -44.94414725806696
265.351758818636 68.05671302997854 -50.68791606148042
262.3028383418503 69.0008871324944 -47.83713719227259
269.63735718203134 69.0746287849257 -53.4841963125269
278.57643382135103 60.57417152452696 -45.76745482458739
278.1415334921876 66.6244766333369 -50.806218842462236
286.40900033133323 59.92704999775214 -54.13063455486282
279.9336673133271 54.32672964203609 -48.47264299666762
272.72644251200194 51.73725551914423 -43.52098596498552
265.0551594955558 44.72734916669788 -33.86868238575124
264.92220928049056 45.366903034977355 -41.96180033065912
273.5121992134426 38.54481934453701 -43.879656973463625
263.82325009976427 29.72613176460451 -34.72869588721544
267.0368992175723 29.895925674932236 -36.13914672594364
275.42407039123225 26.12275654169501 -36.73193649181225
272.8735557502055 20.364278607874454 -40.37807407673914
273.41341651414126 26.461124013066772 -36.91377024633647
279.70939129201224 22.792941648433374 -44.44391521001727
279.6292932836513 29.51015849401223 -51.29443457310898
278.33249361679276 19.916688936901515 -48.365526653090825
286.5303740906612 20.773629797507425 -40.58873905182584
282.2661243556883 26.417358063081394 -50.34370347923134
277.89674520183155 33.94184917287406 -54.172589849767114
285.98452611538966 38.21735036011757 -58.274420371946434
280.0251897061565 39.068830530910176 -64.24919146525339
271.61129631510863 29.599901618735558 -63.77125696027347
280.46225841091507 24.302946403983086 -56.166909618204926
282.7073801798576 19.6822483973077 -65.54311556383577
279.10335288867833 27.100582839845345 -69.28078591362997
271.19760168281096 24.687462476653625 -65.79968913982367
268.94256074078464 28.12324179091545 -56.094514827061815
264.6951414791402 32.963013621777066 -46.34887885843993
266.160642354534 29.458371814733166 -43.81291433659598
269.2106718847915 27.762056953175048 -46.76894214031049
275.52009237631563 19.950471763825462 -42.94876847598047
275.19119400638164 10.469437760485942 -37.94146103339732
281.6139464670115 16.587746425695947 -37.25779787584787
275.1573160594784 17.144345539949683 -44.86255200716022
270.759466699725 26.16246253780271 -39.436438599788595
274.7430189916767 35.71334069932748 -46.34909233088459
280.31942831566516 38.30747378259199 -40.52425912249025
282.21960173264745 37.44439326443655 -50.11467449068654
275.35923766358206 28.508299477699445 -54.09797734336598
275.6098991253675 23.344486633865493 -62.71002522736206
270.38776694518907 30.077204909532696 -72.09823291540843
270.4927659756786 20.549023471376806 -78.08803258192289
262.088188791474 18.130209582293134 -74.34749101286155
253.71158846483746 10.971586434719221 -68.96713226564428
255.56216819324393 19.40857880978175 -60.31100605668602
248.75902834934692 20.34687389064494 -50.608838171672915
255.42912986573 10.766613923730784 -49.460689511431106
257.3834832123148 14.944489342279086 -41.66622602305882
267.2460413981782 10.437805922128966 -48.210917871714464
272.29253459108406 4.3654663873560535 -51.23691294735146
268.03692011138736 2.6591589361527452 -53.387177655670286
265.7850086263607 -5.3942210715427565 -57.583320059281085
267.8566191187828 -0.44994606366323264 -60.775795627593666
269.30332805354425 1.879168192307644 -57.028856571799174
261.8774147464669 -5.7496771352684775 -66.47233977201626
268.7415536320305 -2.509762976886768 -58.75991221328076
260.37829034617437 0.39040734210177375 -57.22964839432259
267.43217326048295 3.941087649994178 -55.34838885877758
265.54173604141266 0.894723860803118 -49.0367167008349
257.52297561066445 9.148720200719259 -45.85225989505289
254.37965562408897 1.1712227245385174 -49.880653574213234
259.11535854618586 -6.704581512931335 -41.049747551929
249.98176528438017 -14.753213223918031 -41.0352979663197
245.78217045206992 -5.033978687443055 -43.26197375099858
236.07583700549236 4.683307429662909 -42.99540650949623
237.34065525879947 -0.5673465951902275 -52.84141948627397
245.6652873417841 1.704286294990625 -48.445176253414076
243.75598746943712 2.6229634879569534 -49.504434594681314
250.67606190998512 -0.1415479878047461 -41.409587004840155
243.2046999063883 3.669525609224456 -42.43525407616592
243.11374666867016 1.48916472564864 -50.737349857292074
240.2806383738679 0.497016944279685 -48.64039701673326
244.25775192110186 5.394025081296035 -50.38233189766946
234.7259490882617 7.648068244548403 -42.17530548683886
231.9960191795775 6.6584232719573055 -42.318060098749314
222.81972007951038 9.504495252347064 -48.70991801311435
228.05022179388274 8.633392489605843 -48.72929383058771
224.06084704901505 4.471702727679608 -57.08584800066136
232.69111328589298 11.749206906813917 -63.43525956654822
233.62887275999512 11.889615898406106 -60.04799704510455
237.09887503645035 16.722555712641284 -57.78366604155365
246.0562467435186 20.887338417587895 -49.00770731503604
249.7943350731854 29.738990215458838 -48.28922606709791
251.15770950025805 33.331158787704396 -53.81907938887124
258.2834862550218 29.07033354911881 -47.779953841564236
265.2498543633296 32.51525712397253 -50.47612076914717
261.38123756604546 38.02965002282596 -47.51273764953754
256.93263475159245 42.126459860022095 -43.24473709039814
250.50665556813755 35.44789660960798 -34.17358734017088
252.77287801615242 26.795365023002983 -29.213514098020035
251.32881626240666 33.479026985424994 -19.75387944437073
245.53811512624958 36.85248682350702 -17.35747722533185
243.45338220547893 36.18787844251153 -11.527073832879665
241.7859720520083 33.88531565126251 -4.909240100710692
246.0978248305831 38.73050446561213 -3.9482542258578186
241.20227257137168 33.321256575908144 -6.494511133497486
249.51123332807072 25.32725767411103 -14.326500338259585
249.65820690907418 27.006258189200604 -13.626440528528692
250.57701476851935 23.740643954583437 -10.93262045187892
244.30013063270883 32.351513788964105 -19.133001776121596
253.78399068464495 38.39035601757493 -21.437981041025196
250.87336411254572 38.225464685467024 -24.71352591788322
251.92719739397572 45.616802493528205 -15.495622387997257
260.37797303314403 54.85427111044032 -12.950270924463146
253.87737402668992 54.436720353688784 -22.81792411625506
263.6344743824118 49.96742875193513 -29.626633459628025
265.6004758903481 59.12045789756138 -28.325235038548097
274.0066557061012 54.7816966811609 -32.78925184510103
283.29430227351946 47.96136921921491 -22.835774528831813
278.007457592239 42.09884428042274 -16.76538576003339
274.4783767954965 47.47842364884537 -20.7014471672883
265.15004976615353 42.39938816299243 -27.20807147141315
259.85958258464797 36.572803222438075 -22.66406860332949
253.9071892525606 29.777547148060037 -14.85608964198937
245.43711760285504 24.84497778326801 -6.872863879294277
249.18236452295318 16.802014144208986 -4.7117485042575264
255.8058934759662 25.743487991874932 2.35990382429188
255.59870111031807 22.998597055749947 7.41452100219939
250.09904561727092 28.174860644097276 10.345676463880244
248.90725494292715 22.227345318120094 2.4848321424599487
249.88521819329532 20.762833749004713 -3.9128543383377625
246.41578260445877 27.639954359614855 -0.0686318383082054
243.76482469608015 37.09628297635159 0.03814646777482755
240.43140545585496 34.7112666798417 -2.718557273528676
243.92495668378427 26.278106588373234 -11.180297033556293
241.81237837406147 18.16626224223591 -5.4593133949908115
245.48768455766844 17.065362617049786 -1.8736255532942128
241.186516730518 15.426033660636268 4.799150541214216
244.6881712143325 9.732541730345693 9.964097422021748
250.18729076841404 12.463976400301757 15.662940338143784
248.25348488045015 8.448164727598384 7.260509892518169
244.63443338550238 12.704498492446174 11.487057537978929
253.3320086828168 5.770110927677278 14.516649903598625
248.29744878317922 14.846065458365972 24.482410811781932
252.87474367105358 9.613210600283109 29.005305193870328
258.19802595003495 15.839869009234638 36.23070701695211
253.38674272441716 20.13252363517676 41.634102259450415
257.53980733950607 20.80737396157273 46.76270662300559
255.31217041520785 30.529676122224267 48.253183148248105
260.10101849482743 29.64940515330025 54.16005638320755
257.48968651987576 39.323461824018324 44.391503792955085
258.39650735788996 47.85879386481094 40.30682563853394
256.38556969090536 43.80319788543909 37.78923448514783
259.5284746750926 53.63606386419028 37.045693003470106
268.288858676389 57.31374016702556 43.736854926892555
266.919199111023 57.875383733658694 51.68014016784644
269.90050837911974 50.174839473270644 51.154058834980745
270.3232481933886 48.72061257466143 42.9970866677444
271.7407898628051 42.71627786138876 35.0682020408899
270.6125510423619 40.199335622061525 40.280118426004364
271.5116809201806 44.341045717157954 37.018989322392095
278.7794544801968 42.88476157245184 45.538108056283654
276.8858410075128 45.7641945205744 47.02612806802664
278.74428648760596 47.35659494999014 37.96545488339834
277.54332550624366 48.87011539163595 45.58998858497405
278.9886686761701 52.375815667356704 40.37567596361468
279.7485259992328 55.360079976703844 37.61980584560561
286.59424799056643 52.94760459504664 29.580447801417307
285.0967904384534 58.81209414710431 37.599615672244056
281.90770039304033 60.93748178930645 31.891989479151704
281.4648660433982 67.77318690931959 38.58876063932545
271.540430652697 76.06546775683898 47.8757394976058
266.90294578445946 84.57612382598258 38.63736399371099
261.04097688456267 89.73525603276775 37.892616465608405
260.64609783316166 86.00833064675199 31.536153021190913
254.05605708370172 76.66002824311778 35.25347546840881
249.215337372584 69.43949889050641 43.11228791202584
240.81692060559328 68.32152095873444 41.879639394639305
242.11296776679131 73.17753205665562 38.82160299882862
245.48861921909295 69.23962328994607 36.15154733610541
247.41647397424555 72.14650044577111 29.427278680586333
243.77981124914265 75.653789781137 30.01979147494357
233.87227611426871 65.73684706218474 37.13746671771199
240.51166487993126 69.957985778823 41.653284498326215
246.95406530906985 76.28138334575046 39.857372529489645
250.89800662214236 67.85344286490692 30.91134959148574
245.20852890343173 70.26400502371523 40.341292223714476
252.3018772651496 72.66162846174124 42.854417501385356
261.53027380061735 68.8782971202737 52.674736444144024
254.95046535536437 67.27247784625173 53.1054627373756
247.5081302412538 57.65974487037768 48.94130456082912
248.71771905165264 63.2820150991106 40.73135123439203
242.5796286554159 55.37098496453321 41.76869823533142
251.3353621527391 49.48655804231377 43.355145394005746
247.673095874195 51.04748165588716 33.822405850971535
255.9878279389344 58.816254467148816 31.94199497958659
256.3717319447286 50.21321598557972 30.039486620975573
246.60475813280385 49.45145851534664 40.0327712413649
251.07825062640057 44.62112805952556 30.240075642490822
254.40861186144684 54.257692031356115 29.561648226861156
255.10806625816633 56.683732736601186 20.235228699995204
255.2200425696683 59.516235685171075 16.076114435108373
252.50451243688164 56.213589167893616 8.570564128132514
246.70970383617387 63.29759094241096 1.8457740226168458
256.030709415412 57.3077837882011 8.166274798654879
249.59976274757932 62.696628223072466 15.328044400613997
254.13556673860143 64.19292500447499 14.061160025230329
251.59119449777464 61.27249389159479 7.771929531941378
258.8880826386269 58.01412203418679 8.674812466004008
266.42715062463554 53.757042662142744 14.988765079131582
269.44711967328055 51.93009172819673 22.03901958509696
266.8167481814286 57.190339264552755 21.35431686026096
276.25762565663774 57.125449133743054 18.094139653476166
278.26767698279957 58.56229173236296 26.478191522165936
277.1009916548154 65.37765537785715 33.25761955181392
268.33989831976305 57.506845144775504 34.953692892232084
273.28105903850525 48.62917536348698 27.796323707577734
279.16228259321053 49.75168192841703 29.122565517732536
274.02884809342993 55.819198581062324 34.10129052631746
272.36475728696877 54.846535691966395 32.36460191918639
270.88033191811417 47.79240890356566 34.950049604981444
276.5090619596647 51.264290688556386 38.43006190815925
275.2674474938803 58.227684893519836 42.96747066595247
280.1577798997999 55.152578110585175 45.97691382875433
288.1501525842175 51.08209992956904 55.97481980989497
295.7417711586685 50.977041292476876 60.20433737325341
290.8005691622338 55.00479593353216 67.31811426904783
282.4215094466793 57.43969375664919 75.71896165726658
278.5495348079863 59.60346935268641 83.79893727968248
275.5264680917271 56.478430858524845 82.90429173746853
279.462040825064 66.22863153943149 82.59912348010468
277.86158171793636 56.258807904068775 86.9780362433595
273.7524352080112 53.890313155128155 89.98428185904181
276.3889063643091 44.00808539135434 98.22712660400637
281.8904059040793 40.21674196458727 90.41447573970999
275.7281341568643 31.737554007022947 96.52976091807825
267.4339681367855 21.923565616729906 88.34735360802146
275.03973916107196 17.59178013697051 81.6803622117075
267.2893911486959 9.70272652119252 71.97758656301073
265.3567224016159 4.361463600965861 64.94618896256401
255.66144768506862 7.7284456244548405 56.54166143420274
258.51706588607857 8.165236384031317 65.14492657014995
254.65223724709927 8.577338895096116 73.83528372463525
255.72235435682845 6.134738798008058 76.66347164482794
258.3289487090991 13.178897895461024 67.510480199872
255.60469447965164 18.92603937262324 62.18790118615525
253.9883890480939 19.950547983950294 66.36932385655142
253.75268689003113 10.465927298559187 61.705049650929546
261.2086701066019 1.7827654964316633 59.63514427361758
263.67732016644464 -1.8052140138398918 51.33562006668677
256.13621878379024 -6.013072675390971 48.18167200417308
255.12303844875996 -14.176484024762498 56.882546336964886
252.33904177337533 -15.201883906927236 65.88384305563062
249.8418143754903 -20.77952643721666 56.756939017883454
247.16168622746682 -26.289594939889582 55.88206952137238
238.72075212615187 -32.65073656367788 46.23848224280899
234.9615884001997 -28.768472629808876 51.56588608937478
233.1840225017489 -24.79825150522088 54.495077649682806
235.05883958141885 -34.48242057024713 57.17983003778185
236.74290118454178 -27.023061672858123 57.46169019401435
245.62224584488197 -24.91787273627111 66.18496425189599
237.23417485715532 -15.639134928894428 68.12594000686764
233.00010684181512 -24.311787506125516 73.17834449915327
231.72793389685637 -20.26950322663513 67.98746965798367
221.85650775184376 -10.440179279515558 76.51687753512985
226.41709942264507 -17.946594866389606 71.41780324193375
223.8621434842825 -15.76577630997079 74.46858029517446
233.026808261474 -10.518513217281157 78.11072950837453
238.18060859443233 -20.146241605565837 72.33155061516227
229.4506823047079 -21.53421952449864 62.84498484127579
227.59146689185206 -12.98758777505359 59.647179557852844
225.2628587126847 -8.403200843202459 54.91936077931526
227.14521290527398 -10.15234982047606 64.87295674815992
223.70952870914675 -16.241663799502923 60.92813915068707
227.18986077144382 -20.963855922014687 62.981346094364945
226.54175622408536 -19.5709857730854 64.20675261391344
225.69036773977658 -24.91652613665861 59.94873883129546
230.13827012840858 -26.084784656923922 51.96683808339276
221.4363849887258 -36.0751772428753 61.180570359991606
230.57498842707005 -28.79456900391119 56.920977862979164
236.44753549615788 -21.385029509536103 47.897986177035484
241.03418340416735 -14.08343949160477 49.95264822894622
248.57252712969625 -17.098611146364032 45.95077971095864
240.34891914333446 -14.372053459847564 47.96819516033047
246.216737999106 -9.155416288472113 56.39865032805272
236.53851502710768 -12.286612647375744 56.68357775116147
228.97768159911703 -9.041192040244574 54.38617851426206
233.3252448182928 -8.814914097061449 64.1564538669781
238.5317671181061 -4.6802372128746965 61.37107828603824
228.65808262961627 -14.189010729580772 51.7453784968702
234.0589978187933 -13.072367496235612 56.401160539388634
240.0551007358091 -6.212468162366742 48.76275145722004
234.36674964300747 -0.2842563841407575 54.97384706718766
242.20447078476602 -1.5680598644196775 46.37576345589972
241.3393854016179 5.107802029824564 53.63760171792036
244.59813797131463 5.3306095490678995 59.98414950037274
239.27075468620197 -4.4903000004648135 51.80839674158009
238.23822978013732 -9.724860987983984 51.77514644121007
237.30420375575497 -10.945502216084096 45.34424429960849
236.89111351490973 -1.6607253247386335 43.03642545592155
233.86315974162576 -9.418435554437043 51.352502001934454
228.88493214322014 -4.678382762067834 46.338340227028354
233.60985984293947 -10.666592323700756 47.28563550602407
229.2707417793133 -12.47251751500045 42.744790981533725
227.97100012371212 -10.397865146086623 46.82378989233447
231.34896210536252 -16.62163208647049 39.86781223882725
237.7377713709399 -8.193323416097076 37.08541723524532
232.96671059622003 -12.336550136633528 39.562182420366675
241.32342615393952 -15.47765727413199 44.77783634334174
232.00706421311057 -16.711791179910797 36.830831863998206
241.97241507865428 -21.12255100059602 41.71945221314202
244.18697398877634 -17.071645118394184 33.99185698362169
249.83473121388943 -23.898627528346655 33.13154915230604
257.33514296768914 -26.39249997358331 28.100062958503226
248.52685426371684 -31.242829232584167 22.215571851994863
246.68201580341744 -33.665120463728044 25.21540975422802
239.0516667298213 -40.73051638559586 24.351394657693067
232.68246847589106 -48.08984426114446 18.29901932400506
241.1073515743824 -38.11636178339624 26.927436784752476
231.78070181922743 -47.81492579590774 28.469134802780594
232.6118253462289 -40.65351514857877 38.23398999971104
226.00309387503017 -42.49773533460383 45.17549220918052
216.83539528916654 -34.66111747705226 52.57898956422574
218.650783526568 -41.58712830255673 59.95312124730705
225.9807512708375 -48.24236847246191 64.00527249450583
217.6181803923141 -44.3231102330039 68.62864468839732
213.02053426848343 -40.20387598071963 72.9138339252653
215.22090903960586 -43.93398482820903 74.23491112502747
215.04783375107854 -49.555897944109475 76.6538150811944
213.70398215407815 -57.390992888640554 83.01723014749113
212.9782776687407 -59.47295731377766 89.96045190707294
205.56526177131522 -49.918047566910154 82.77284548615145
200.0480467066969 -43.81748107694913 81.82485207034264
208.75346624754673 -53.59301599028025 78.2780658136962
211.82882283939833 -62.248479744238224 86.97401149140521
219.46719674230417 -63.93433942178753 88.23084012403469
211.25532967610553 -61.602224369248184 82.53740740996743
218.7199349913531 -70.951545615278 88.79581133712364
211.6717289221875 -72.48404283815826 78.83625353006946
217.21577602921718 -69.95226828208489 75.76750245895387
208.2433073093929 -71.4938079877274 65.79574924431621
216.3868977109861 -73.17596900075834 64.00461566214845
219.40160892789154 -70.02473608407695 61.894422222923936
216.35377291922185 -60.55271070622466 62.96443539892943
217.1759374727395 -69.00260434508624 57.87331050351519
216.44313957874056 -68.21935142487091 60.81179841774975
216.96488499013208 -73.51148403245585 59.458546069936475
226.04868226412017 -66.48748981355584 49.57539759649441
226.65580660492856 -70.10459070511592 43.933734024177895
225.39963703023054 -67.98679326571376 40.36284520905231
227.0557970056363 -66.89411315979072 36.72214976354829
217.53776780580512 -72.53752338673743 29.584192945617087
217.94584964899062 -69.5613695284095 26.19196803715605
220.55772929330442 -70.88377957845616 35.39670720182514
216.9664834429241 -63.03734564682274 39.68812404117736
222.01769551079968 -55.24930436562706 40.16028452755919
226.87487609272742 -56.29681535481937 40.14203101453821
224.14441184825168 -61.91099244131423 34.68412778245575
228.1389321042247 -69.82751469696973 26.350759995245696
238.13383384469023 -71.34397436486245 29.32640122666237
234.49557970465273 -69.58893265216986 24.37800250100772
232.44095941845418 -66.85468135846365 15.662699671011405
224.37093726284257 -60.05097025988172 17.303089341159087
230.29451594000628 -63.15141262763669 14.179701226601672
221.16910650432317 -58.36602686709225 9.03442454377211
225.35570693889215 -61.5355023595129 15.029498700796236
223.5248302535227 -64.14358361420466 22.350505849856027
228.35763203542365 -72.79291266794789 14.77281903598799
233.1779448624361 -82.15722436209455 9.957834193267772
226.89946382728152 -83.58724997438779 16.10154485730416
223.80147968521254 -90.52899459536205 16.868580534845066
220.45127789006787 -97.35164394813549 21.019322986515874
228.4631464565536 -91.80224807776122 27.8275306250777
237.27853815850705 -83.96522766152563 28.043895328942828
246.18995652560963 -89.09086234366752 25.682139848995575
252.04854571120458 -85.73988196569883 29.336161653868555
260.38613419018964 -92.94914506090323 27.556425864278324
266.20986416843454 -86.27343941935753 31.144003709587547
274.0869035203034 -93.2209164339364 33.0644133325417
280.47420255998287 -95.13903306932635 33.81463536168693
287.94994977546867 -85.71072399064467 41.07270907112112
287.04013220766103 -95.41592104964111 35.00595215011796
286.4157240662827 -93.40861429629246 33.669670004896545
281.79045342395233 -99.7054553835824 28.67037733428357
286.5395829876678 -108.78672404187185 26.697165558959256
285.6219292315123 -106.28953903970965 30.62852085114994
278.4517715268368 -110.71286614967106 21.008258918006785
284.80647728107823 -102.6056667154017 19.12071663910293
289.52722274557345 -92.60706679964133 19.533793593067173
293.3086836062783 -90.69467085351816 15.886593142240532
295.176920574408 -88.05472353164802 6.993206979625025
297.84312969921996 -84.93411822011328 14.207227962856056
292.90073029453663 -91.4020068396208 12.645884672928101
288.42119810885094 -81.79634926027246 11.41159147196915
281.813110181422 -80.77008782380508 10.36678874081639
284.67197031890584 -77.86630500402642 2.591714586501295
291.02577218877184 -76.01398737743705 -4.366360334241015
298.062868040106 -67.01916249636177 2.052950836651253
299.7629748199368 -73.26311906739066 9.125186532061099
290.917398943283 -72.54972294776523 9.554633769353531
295.8157552927908 -70.95255003886642 16.573408910780678
302.830782016382 -75.32932497815358 10.832951391470779
309.19350093510246 -84.81409162394523 11.198810192009788
310.74401869233816 -76.80033506057455 8.755931035716209
319.46808256444695 -83.89397254183787 5.906591365149556
321.1174489400914 -87.94106968213416 5.090213779436521
315.87777918131735 -93.44324012492089 -0.6288737367380755
320.8781113500304 -92.99214049588717 -7.9479626039906925
318.39890008192657 -96.065083392521 -10.088403177034204
313.06362645047517 -105.2019769081373 -14.060927733635618
308.31667184645295 -103.00197453237426 -10.473873808572362
303.3072855939339 -106.27868728340971 -5.802659216759422
300.7004088055305 -111.67500578858431 -2.7141811716219695
297.1993335084355 -118.40221493126342 -6.173417907663467
302.89389188568805 -126.73466577535746 -12.948250602506846
295.0500235187597 -125.58927895585167 -18.965977389891087
302.63774749583814 -125.47367799902383 -17.46284755289634
302.6418704472707 -129.89286520415695 -26.34276169818719
309.7027975604422 -125.16519197724887 -35.39596310333144
308.49450062591745 -121.93155957910457 -27.92671087733803
307.24149016902766 -128.31952902234497 -27.374933919109196
307.7974714874756 -127.3364354142679 -33.14657080635146
313.503187379873 -133.9768775581908 -27.77258750623993
311.75724242335104 -132.0811530609927 -29.588300886492465
318.7331546394221 -140.7635319844433 -22.883789660576912
326.4611226131699 -131.28393581169033 -31.542118964821388
321.2530825140439 -125.94646084807033 -30.513373308360897
327.77269863649434 -133.7091346691087 -30.298513845761967
321.4829269088792 -135.97026577092407 -32.85138610406978
312.2297162129523 -126.22722303849588 -26.814759825989423
306.75918776365586 -135.1984302221789 -20.526180024538558
315.559503017988 -127.37708418083652 -24.07066424920828
321.83865587031767 -123.0695266203802 -15.238836928871994
324.28729865840484 -124.25068169469452 -19.853864800150493
328.9511606150871 -124.03970867291643 -15.538659517422415
338.76396300780453 -120.8179250969296 -24.410156925913853
344.3496670109271 -125.82621397540778 -24.644153306046263
347.1483272853305 -128.37803658500832 -23.569077647086573
350.4977818945927 -120.38488312321546 -28.936984213976643
357.50580449646696 -120.63316808151902 -36.672416935897445
363.1593319250675 -119.95029010638537 -43.29805052047601
355.7191971696305 -129.00095177268759 -52.5892544150878
358.7664775870457 -125.08301390320165 -56.43363023946385
364.98498626290063 -118.09817400335199 -63.17636255617926
367.42945884949165 -112.02141106370617 -58.7668865186218
370.6483215938284 -118.80244318260405 -59.57409145996561
376.67126251397104 -115.11323312223013 -64.22915001730338
375.1728911056282 -115.34543346224156 -62.31855861870823
377.97210115819564 -112.87834240629097 -67.86560735953846
379.14680369707315 -105.84611521541638 -71.54954804303789
385.48040047065956 -100.11204942569924 -67.33802012515912
386.9848843940641 -93.2663009884099 -68.96553759093983
380.6478012883848 -101.04959839266414 -70.3223464350618
389.9621254340527 -92.29754890077331 -65.88133952305272
383.48835905513187 -90.08053365243039 -58.68253491914764
391.123094120107 -90.93954932305242 -52.638942419167165
395.7349068915999 -87.90968340421327 -47.98675394718805
403.3528621636799 -90.02167313974118 -56.37744139839619
399.4328056319755 -99.88537599576502 -66.06923151384382
404.6472493728008 -109.227694936521 -59.45837216428687
413.5146574114814 -111.46129471610307 -58.646307357334116
419.10738663955857 -108.03921573766453 -58.374667729312606
409.9116207825568 -102.21989693775669 -65.56344307969792
413.33402748071603 -99.33194817113052 -59.05463462348978
421.6182259431356 -94.98314986818069 -62.35954187226578
40
103.84541049688598 81.94330734212396 -17.579095324590025
103.43228615518541 90.62304542136853 -7.23922390462261
86.11930575735575 86.96444855466682 -1.8780482737982345
94.68313924599893 92.20542674532922 -17.357419656293114
94.09477590209517 103.60856437533994 -31.50023389223518
90.2454241215784 87.39331347733565 -33.43250495524585
98.63625208418883 87.61968884891816 -17.242190112232606
114.58858502776391 101.09453600087082 -21.41668707018379
106.74631943075534 90.19588328699612 -29.373560575137148
112.82891779981476 96.84052250833945 -21.49630217819722
100.75623632127648 103.47798719541471 -20.719583439566645
119.25671315795105 79.69290311441804 -30.168567522579
118.66074916992409 80.69810101772141 -23.422211010801238
111.82071665749959 78.02943476994633 -23.940769935458974
126.70048749036476 87.69231897631677 -37.96849401037894
120.28053543692563 96.6049798506905 -31.760950515248872
145.68144432918712 83.76000713906946 -51.3435010681467
136.59742956359415 82.45794389339493 -47.19978535231657
137.13140107264536 106.46611612803906 -39.578442789196814
145.38215084689668 91.67624554542427 -50.846388658894384
139.38794625346364 100.75662997936668 -57.425328234279746
141.31580218434442 109.59912230943671 -69.03001565828427
123.1616486688707 96.05706887777298 -74.87845593554854
147.02554727986941 91.14728047203192 -77.140661873507
147.55348753966666 88.29060341340956 -84.54643080650763
154.39411706256305 97.45359932773283 -85.27141688807141
143.83008249607536 96.09013718887701 -87.29846465323816
149.5882294097991 77.66774078763325 -94.29806472618809
143.66828557196197 91.90607317401437 -92.03280440133216
161.75701071019867 93.66629451199506 -91.05154696844096
159.48478591655348 88.2670444639684 -73.60025145563624
161.06066174961472 97.38182749297216 -79.7424319042068
140.47764167702883 110.37202860299696 -84.22219384830899
145.78641705114643 98.42234513222866 -87.63517992671625
146.72095115759396 105.16354941637879 -83.92134988354164
139.02197716147083 115.43652199882052 -85.09097115932607
155.05674970536717 119.44135891323361 -79.49631628431634
156.02299276275954 115.7360528424326 -90.90852754239332
153.09316281727644 134.98280250270815 -103.88546310517633
168.57906279538753 133.74531410624778 -98.69333248642455
