1000
488.76650213952934 388.029056851799 50.64779655813213
490.99990500162244 382.8277850756439 57.17196666441272
496.86953516604115 383.20009870024836 51.990265032964004
501.0475544787771 381.14560609302475 61.00792945822861
499.837349818743 378.8251287908639 65.1604091476288
505.8582806316322 377.6058771456588 63.523526752041604
515.0852369491377 368.73833482978006 65.4503965187423
508.29024291912555 368.92159804507753 75.10234154407868
508.4743248043389 368.3377241087553 83.16955074677998
500.2071599780979 373.40208057004844 73.97235927630194
509.8305981057295 364.92150286409213 82.73902296923754
503.29728411457506 365.17309575075865 89.93459049833079
506.449633872216 362.6184521063082 90.16454314640617
501.38468203641474 356.8722891657282 84.92461307867245
499.6868169615105 366.35617153075844 74.95019469638086
491.6498564530105 375.65144309122417 67.68963899950178
488.0732883527243 385.2658911585932 66.48503730650503
479.4684511727357 383.042306232633 72.56194991207974
478.00199935835656 375.5858689973846 63.71112077194805
486.1738296050533 382.0876220443876 58.68679287341375
486.73460161513583 382.0307967188301 55.75249773663188
495.2243430097086 377.0861733106991 59.37999360834907
501.13372804440763 382.78948330394536 49.413846295762575
495.8037948640711 388.76818757261583 47.28260345110513
499.63115314321067 392.4550785265323 48.909902513426864
505.97199427086105 392.1531492105479 54.959456922972024
514.5319151114376 390.6062244751882 48.29489023331322
505.449873583651 388.0130718684497 56.52357257292388
512.1226179344743 385.09201951330294 50.81257605020147
516.2218759588633 387.73841875420044 60.235775251719375
510.7025480842783 381.20807949242686 51.46235702120902
501.48875079692465 377.4164164981292 58.27630713941185
505.54642049137675 374.17043565345233 52.685501747396664
506.68519290002234 379.34868880122946 60.05291527087272
497.7898792637805 386.2586804237225 68.20919527054086
504.1341725799587 388.5144053981338 63.42579703954278
505.5679308538657 389.78152534982274 64.47288800088661
515.322399943136 396.51571757522134 58.106506891730724
512.3278932450459 396.3341327583542 57.95458766834292
506.1092269430819 401.7779203115337 52.64098899269119
509.6667320742649 392.7098521417884 45.420311640290386
514.422978290677 399.97778572219437 47.988515808107785
514.2981323718673 409.5156551439831 52.15952661706898
513.9594806737954 404.9285031435436 61.895914550352174
517.6750824656616 408.08786601423157 57.41629664018885
510.9746431455935 410.7788908099757 56.89070886837092
506.70628967566256 409.10380655320785 66.41273106196776
503.29137016066375 399.9264832743256 70.14675926107861
511.86387864409954 401.5918415620639 63.67757911789535
520.3793865692992 398.13430187364634 71.83560666535028
516.7039876319853 402.5297476746348 72.69673030869272
525.497575013082 408.5797106734404 67.45847195317002
527.6207427452221 414.4237823605707 65.86438034509169
535.6383500797539 410.95124418932477 57.96431429562716
535.4639331217317 420.7828467205386 65.4846989483146
539.9065574659004 420.593371033304 60.0328792151226
532.7128962425413 415.60872005008076 52.158857282552674
542.0015796155985 425.4556646108902 42.64962166010121
539.6395750440331 427.04327363225497 47.17284898881933
540.0362749316183 435.2857101232235 46.48178431176814
534.9717510046166 428.11998153324157 38.32361016850828
525.0302880711341 437.71581017016103 42.965550177358296
516.7744504420922 435.1032266131495 35.79428965403617
521.2687263577154 437.69680446243893 44.92725252332475
515.0157761493657 429.05770208115047 38.93726832090762
518.8799527807018 421.5268893969933 45.366929407644584
508.9157867326089 424.5020673069977 50.450032798622914
515.6357866490351 432.1066813004721 52.47152630166295
506.85512464051857 433.09325444468374 57.495079492726354
510.0279955387373 427.706779507286 51.68334767920954
519.105093849106 431.94461449686946 53.85229470117599
528.1749560537652 437.38218836675264 61.76994068552031
526.7713563550914 434.3538659692423 55.377877847901814
522.0652793939322 441.1547849326835 55.297118607633855
531.1051291417319 437.08371945200435 64.53958854891475
521.8754305423491 446.0843644843499 72.36033728336956
522.8168613373242 452.2550752699432 68.91298622520584
524.272768221879 451.8927545618337 61.72944654945649
534.1891474146304 461.7296624226244 52.37451714796076
538.6885444808391 458.2758163848786 44.21420747578771
535.574441740981 453.5866327201882 52.475203916731196
542.6373542237429 458.08875484359214 56.296533469402846
541.6594295351305 463.45259967676014 62.65866102695838
546.2887770714229 458.68143056962447 62.63036237650514
555.690057064563 468.1022287038504 63.75176337633021
559.7585183388679 470.14284149440886 66.7175730413661
562.8236022320935 460.4390542604008 65.22709916816905
568.6133233324315 469.51911740119897 68.32743952992543
560.9837510421393 469.0917850206871 71.01311206989028
559.7617516390025 461.37028153674777 72.58987923119847
558.898718544094 462.82446041987197 63.95938420182675
553.5882859807396 453.56775550705663 56.982930435165976
554.2351190625441 455.63519023904587 59.478623391045204
550.9061469062698 448.112064317981 57.44285818980161
557.4172761479231 444.2590348532804 66.28503722783464
549.1599410563628 450.80854492288535 71.53338922461342
557.5843229630033 445.2917086029208 77.6140703168272
552.0007808342897 442.4228887799377 84.48016736291329
556.9851642775693 441.7126618358371 91.37753767132122
566.2541140216615 450.50994950231797 81.39882789148469
556.6260622584471 454.8602821821055 79.95317001480889
565.9565233688264 451.8930705668174 79.59767744096561
571.2930923632007 448.8497398099244 84.39779295616236
581.0946150954584 438.8721953919635 80.16794461767117
587.931302200731 446.07263135451507 76.21671465659449
583.1130680521961 454.72951296866415 74.66618244007103
574.873146166349 448.4543888325605 71.8724782301323
565.4596241469472 456.351921775162 79.0906962002305
568.2513065510249 448.76385058789634 83.39832122424647
568.4833053454972 451.19669460571595 90.34002138415168
559.5029055813837 447.5497009668145 89.44896955967216
550.8129914709315 437.88595319471256 94.70640054322187
554.9610297197814 437.7659897427056 96.58248196665363
564.6554172324637 442.6188997832265 102.53692678902141
555.8623869472428 441.619814595893 95.18978672028511
558.1130864419413 443.7405819525294 89.47352375984451
556.142165555062 436.32609756417673 81.04133019062797
556.2132753604725 426.4132829409798 88.35670710936697
550.1286428741008 429.9855234525194 79.81079577623125
542.1345429084527 429.9825486671603 84.07988178655074
540.6079032782906 421.7854389822583 88.47729189522786
549.8252109544752 428.792107020638 82.98308772639389
545.6386974921201 426.0368579473177 88.64378132520264
536.5834383027566 428.4582025214835 82.40632235077283
546.0881323210978 430.2491824314545 74.84187367974825
538.9427737567839 434.6619910879868 78.95018568722055
542.0700338944696 429.18903167629725 87.88616127347758
541.3755340179408 424.08417925673893 85.51926335561315
532.9665422582913 430.8174046729324 85.1704970181577
538.1278369267347 425.44886520112715 87.85154991428935
531.4734985962697 428.41363946982113 79.78821840430817
527.6442342530468 428.93340887453155 74.67951096394317
530.1242398888772 437.78905831524406 68.74084011191204
534.3417991658453 438.2243458411804 61.47292271970447
538.1401686281907 436.95052703595604 62.89861321515235
528.8362066585745 444.0793938516118 67.18710540583756
530.2380968798436 446.3136745584016 76.52768279494562
527.907929501886 439.27567455003117 73.22212026088646
527.5066036549592 441.8580470267476 69.40211890536881
518.7300213945142 435.1523785908477 63.2583677622363
510.0345308536812 440.2621977228455 64.48055565270563
510.9590659014489 449.01618459097233 61.4568817228567
515.1640647172405 442.2321767908045 69.40360505964001
524.652565245889 439.8639430380932 77.90171156822919
531.2050868589844 431.8555566040873 73.90240920227201
528.4551269568906 435.5782186642193 83.51021296168699
533.8572442633488 426.20318177814704 88.3131244998891
538.4826501091765 421.51665266364546 95.18316303375731
537.8352412461447 421.40797371730287 101.21337305714658
536.5148207983362 429.8820878171546 99.48553209695679
538.2233127698712 438.8851319613563 91.22523394676651
544.3005811084329 444.448146008102 99.1179463891159
550.983316722715 435.5345823673291 104.00876653747719
541.2132838355561 442.51658881619136 106.87025533184438
540.5739272929343 443.74139746104606 116.79195821216163
537.7673626169151 447.0082807025093 108.96949769753908
535.4982501531814 443.71250803164116 116.21123755348502
541.9663316609087 435.3223129540512 108.24055800567866
536.5515966458723 440.0213456326064 99.05688926508765
538.1883378514513 441.04046717730006 107.3527287633956
531.8277043064804 440.76613174144 111.99035638414517
538.1349072539639 437.23793381223453 117.51370226258464
528.491068375504 433.24919737301974 116.18905152819792
521.5475510075848 442.352156024336 125.42018299719162
525.468167376875 432.62042485250333 128.12535841382208
521.9316737434885 436.88580129407075 136.1500815298496
513.2651835094812 437.1035102289565 137.99869999999484
514.8042975907555 443.25183987705924 146.97504452431014
516.3282220050553 439.0952707348682 141.94232228244374
518.3936986314088 436.84278584278434 144.63582017838655
528.3806977603712 446.2662191602972 136.8343359663829
537.8122221293544 443.1756418935672 143.5928059172287
538.0539313551171 435.37160345943977 139.10563632948882
543.4434962799554 441.9247138640353 142.06385734384943
538.2956991949522 436.56081635202816 151.72918404887943
540.5972850183772 435.81833541980006 161.13001907336752
531.72890897177 440.2685377686039 153.43275451881476
533.5067161230537 449.21894743403476 148.878202024328
535.4194914865888 447.00753504108667 158.49079021402832
531.7391114226695 437.03246938298776 163.58191477292797
523.7785180185238 427.98824577177703 160.36575256461606
528.4720831939943 432.3613044157291 158.02469529702682
523.6777471054197 425.85884793535416 150.07854488240966
522.3725732706237 425.75701919467696 148.13779621999757
529.0174634651044 430.1638804466616 138.660486113288
536.1015696505181 433.5864934693813 148.64265429057045
539.9579079316226 443.0626464628514 145.42057019832748
533.9661925220396 434.06215493534876 141.64630837312382
533.5528881089102 440.337006022656 138.39955324348742
527.1154467579888 442.9611733716368 128.6744640455631
536.1769901547353 448.45926268047236 127.92703477391822
535.07564117 454.61737805281143 131.24396245270037
540.5492844315436 463.3839397111647 131.7393827308225
536.2419674328479 470.2895974982693 141.01020692420022
535.7692208976159 468.64085865084115 147.86942405441025
531.2466562339619 459.3717015329603 155.7862186249451
537.0185533004862 451.0299407710883 151.05235213703023
542.4677570527205 443.2302402939559 141.55791097243468
544.0302428735904 442.4060542123839 138.49904214371006
534.6636093830386 447.0150958328221 133.69164773801864
543.0984438848868 440.15841497195095 135.4533749621774
539.6955736662733 449.8941582833881 138.10284275131212
536.0197276360589 450.4770202264853 142.19761816002804
543.3159608300151 449.6872231672683 142.76736207260166
538.6562445551516 454.5794577055366 137.81485562032879
543.9136643498094 459.2724270796359 137.50539147956817
541.1589709398473 451.447732493773 134.93210529211962
546.3283754485906 460.2798329845718 131.86765826269084
553.4454989357693 455.79702774210523 123.47501416816432
561.3362228061196 448.8616638981561 117.47891083709658
561.0430506865587 455.4653685269014 121.9494481774171
570.8615455780488 460.14525570630434 125.29675082454622
561.8116745909351 454.6994353322249 118.67383544009137
566.9773758036008 464.3261877633181 117.37662882691077
562.2929274812595 467.7144380120118 125.40672149112882
569.2169940534989 463.3861110201933 123.3934059856947
578.0118351818163 459.52443946073436 114.571517489075
574.2578013071219 469.349824826046 110.6627701485349
567.0012918769322 476.5432708351512 104.09115611482386
576.607590670288 479.90532914134945 109.88915955378027
572.6417233890508 473.5601610468378 110.75733079735166
581.8549086306551 472.88514946643494 110.14669890022613
578.1090404434759 481.4167516355578 111.50834024621639
585.783140656478 471.53972590644844 107.04319827269138
591.072491961897 468.66855728788244 100.75933379345028
585.7319804431696 460.79175549170293 101.04635275700721
587.3159468601681 457.1519302877102 110.6339646813047
584.0011938051625 447.2396645077606 103.51869061751053
593.5287989742887 439.04827067206 112.0596169513607
599.7354632554033 440.38202251908297 119.75993192147217
596.6632486673122 442.83199241286655 118.47538089091643
593.4219857801686 434.84442213592666 115.40623775602472
585.9327179673721 434.283691282756 113.45451171310489
583.3407808402027 428.5736640397197 123.28941661789419
580.7893995961172 426.86866226975644 132.63503008484417
574.3378309304802 416.91771930689345 132.5140046034253
568.5891946830992 419.45596164914633 141.12406705632492
574.0880052022218 412.35794771814824 136.09790106367547
581.5490405157605 405.8476888852635 145.86645215953655
578.7912357575664 402.46185982830843 137.395131829453
569.8713108314761 408.7053849309634 143.37295079887622
569.726029730954 415.3912748588762 135.45784908424477
571.7670004188569 407.4153231184451 138.171843800432
579.0803805685603 398.65372494091065 142.2150760522694
571.3309019970328 390.56649103083794 147.87172630263183
573.8619015206784 391.774062306268 141.6841895856848
580.1799656765569 388.22242999355416 141.6745475967257
583.5740474557571 396.5450817445811 140.88388847692022
574.4410779742373 389.6454287313472 149.5428185318485
568.6719570599091 391.2771092668682 154.01979972575813
577.9362160130647 389.69763226979745 156.4618970146233
569.6132099389654 392.713513030367 158.86895228842303
578.3259822441896 388.16693520111954 164.8179311038807
585.6267276649983 386.44675104055744 162.92389666360754
594.8400923542342 383.65228023156783 163.84159861263714
594.9639804976761 388.96446893384984 165.3909274627938
590.8977062183551 391.38622717062617 165.47720780257194
586.8771954817342 392.4436458036123 161.6086910668438
595.7180096428476 391.7884323635272 153.18137444741387
594.9007973475415 399.0851820877885 160.7443146746809
587.1193889074125 400.15510664511885 160.49003224274506
590.0476065323454 396.62617815471833 155.2551291912644
581.7601944643849 405.7829353713455 160.03296284452352
573.4153068546705 399.4397731728947 161.66326911510953
563.47126015857 403.9062941888076 157.83639406183565
563.0503404099227 403.57289686520664 165.40959271033375
572.2210043471129 412.74039630308505 158.83358453460283
572.6952636217026 403.68924531375524 164.7178998975607
574.0534710020208 404.51348992815633 173.89782284683525
577.0058482686969 403.3289938337963 168.9084141744567
578.6909039110452 410.9822133976991 170.2290324021825
571.0668307071795 414.4545003908418 176.05562981065353
578.5309918168864 422.5474376468356 180.77798876099473
574.3631785344835 426.4503384451493 172.89799920937836
577.0602229198398 425.06239863060944 173.61890121798066
583.2149388538253 419.9988841558192 173.68006370608887
588.8223988749958 416.0006885297593 167.15604727259594
595.9940993825779 416.8799215058074 165.79828115101904
595.4837614789766 426.0346623723756 172.1368033745062
594.1934807430926 429.0808102037399 164.92417351912067
587.8355503942649 428.7873041693254 168.79541363760327
591.716218024227 424.25000396333144 172.8089099117597
599.6669005677503 427.0751135442018 165.1025035700191
605.1438268929204 423.66161936017517 166.91175722162689
604.5392656596532 431.3456182388467 174.98102925648402
597.4121307572384 438.46070006274 174.10888507182585
606.7762960977373 433.6491772702724 178.12730277923808
607.2831529789682 429.19109712156785 170.25974621541894
607.3602282184485 420.9968115669348 170.16267093123145
614.202839466994 416.6861028069187 165.59901107166823
613.0050224549848 412.4838773270687 172.00934000238965
621.2142353836381 419.5918544385516 173.10933265003536
626.6993063479379 417.4827229895326 172.40444749566157
621.6126541365059 420.0482251990867 168.4489580730775
620.0692746117446 410.1111465931234 177.44777034265542
617.1282468919921 408.6407708023846 173.80686382263988
616.7763201758389 417.1568055008157 171.22908136102973
610.0987207762631 407.7087613411169 165.14374128546896
603.8499234585944 409.09560923494325 171.16730615932022
604.927251328086 403.27696886918596 161.96067207566918
598.3718160984996 402.64416308771627 159.5768827877014
603.2182242025017 403.8792462981594 160.10817972732323
596.188077554585 399.53606532752394 163.45085960272564
587.9349669436491 394.8918402579572 155.31409000853853
579.6031932937003 387.44418316300175 154.02555196356354
587.4507820578079 394.906887746562 156.57612532482068
591.4054563167388 395.87626500452683 160.64739155347547
583.8228270551652 398.1895955531628 151.9866052430321
591.474928375905 406.6470222128996 143.82113489358434
582.940681242702 408.32801451742006 137.49194759050494
573.2034326998003 406.69573679618316 143.96059025515362
576.748074258378 408.60840405809734 151.2357429102614
567.7486319857253 406.8979407434039 143.3424013032163
572.5046260686828 399.44740721100084 140.87671903563933
565.0286821575327 395.01948735595175 134.51749788287782
570.563751688639 403.1943698800619 138.9027716752138
571.1180314461595 400.58555692573646 131.86945443871593
574.8495339733339 392.80683605860355 134.4801713237342
581.4478616713716 402.7469924839829 140.2079466834792
573.0793319965242 405.6411200834932 141.42701769927126
566.4613641479644 406.4728158497819 141.79703116758262
558.7492969099115 413.64610394336484 142.76595916356752
560.1727761139856 408.8126886214113 152.52059204549766
560.8113355501142 400.87600913670093 162.169037271635
551.9964080047389 401.52872061550244 159.80719232642994
547.1820903606638 409.2206649674344 155.23690189122317
545.0766735913193 413.4837975515915 149.79852438958747
541.9464896750637 415.71533932493 154.5115039775618
533.0790374247863 410.23465793688234 151.12890356612664
542.9396132463775 408.3103957015525 142.79962046090066
548.36398647392 405.66250910765945 147.656905336089
556.6010323171797 403.05271583593276 149.80874893614617
561.3818784730984 411.15363468263723 141.67422595005075
558.5775981059488 418.029263387838 148.55014479245017
549.9350930043048 409.65548953929897 155.8594890168103
543.7181515339315 413.4218746114533 163.17726043583613
535.5084755593921 407.8686912854262 167.19951351911138
531.8316847893781 414.7007373887203 163.26682702161204
535.2169669803578 416.154925133693 168.68731405360276
529.5940080103835 418.95941519484353 162.90495272410348
537.0239697308944 427.47363210995496 162.17913332509042
542.359041745815 433.37644461512673 157.28467904707594
544.5462770311742 429.8544986703614 166.7378435626984
547.7109155832454 428.52831939899363 166.02901168906868
557.400907291554 426.4372952538171 173.01399036362292
565.4595217813567 429.1243012181955 167.7858730941761
571.4640670679769 419.586251770173 162.00447695274096
574.2543853192316 410.5465275252711 164.95238082791784
579.8563031714147 410.19372452240697 166.60268682700288
571.4040612095231 410.130191759628 161.06046155561245
569.4285746640203 401.28470327458797 156.39517194113165
561.5566506869003 393.4931678375177 158.69629091135388
560.7979592702466 389.14619210493873 160.40102863536612
565.5219454033034 392.5100942673762 153.92201469151
567.0568683302326 382.53646085569653 146.62471945355423
564.769922698476 389.84875576078286 148.42717910449883
560.4159287229289 388.15817493086263 151.0202542781793
569.1499758389873 387.19194530572497 145.7532923363461
579.0270995986897 377.5269641083325 152.58538833815436
587.6259338761254 385.3780650892731 151.37301454476287
582.9668965681724 394.65163592661816 149.05875940687693
591.6353672125616 404.2960834038068 150.39696362670026
597.9640098355496 402.5590610279527 153.67831835275987
604.9897221990608 395.280940309683 152.1796044978362
595.8920146214642 402.2159022494254 154.05587312851213
587.2794789787141 405.3081190425586 146.39972351755657
591.8699881594665 402.5424921321246 143.65399489766605
592.0574881436593 397.5269786704865 138.65698061492333
598.5859452809377 404.17940461555304 146.78622823923467
598.8780836227662 401.3953648187975 143.46865011964528
606.555667329539 394.70100315043777 139.02223951871878
599.9337090197488 397.53888700287104 129.85304242268984
601.4067209325217 403.9596241507623 125.97788424685072
598.9109528955388 404.57576714077663 116.71857621424829
592.759235344396 408.8867544546596 113.144055286608
589.4496071205358 415.59785483774755 110.74517472180034
597.7468598073664 410.4004572669691 114.4405998088539
597.0650930707352 416.7741133642772 104.8768661368525
589.3093330776143 425.420672683289 99.51255988207667
582.6671693158162 416.9826868132048 106.64590199692753
575.500784784204 409.3366314289037 101.4836871030036
573.84421203054 411.9124627685175 109.05291464186172
566.6191559207388 405.16262227093756 100.60702551305896
572.7169045910349 396.14024334375335 103.72032308356334
575.4518986220593 400.79941493775493 107.79462607565769
577.8569563628117 406.4589127213092 110.33231402902297
584.4552382802375 414.0072173808183 108.67764978395783
577.4955422561408 405.5936379872461 115.04228523221067
577.3463896401656 403.90991639875443 116.82407531529672
576.022459345878 399.64845157643794 107.53650559338078
571.8088810271008 398.3287279742267 99.71095105076711
573.8477385273757 407.65926867873117 100.88485914553317
572.0912102788689 405.00532485120726 94.45102219767871
569.2059955250064 410.73955254067016 85.00126304936688
566.1910457293956 404.1639612832165 90.80484752371932
557.5214838162317 395.7282431348463 94.49402506179555
560.4980206003356 395.2043330711903 92.74176141062887
563.4246046315387 390.78803297761806 91.48738129765998
560.5827390417227 397.60133777380975 100.34882124258874
566.2029498996761 388.48925971049584 106.85915633880035
569.1386026557567 398.047216527476 106.15994334213576
569.4988613149973 407.0382465024601 110.71298449281252
569.3604883237883 415.3889039240124 111.13479086686247
566.050195195435 405.9335567595302 113.54234563215752
565.8604774612878 397.37677207864266 117.03829362395606
567.0465455208433 399.3471511034487 118.97981579519836
565.7193876447578 400.9940850352464 110.70469482800154
559.9955298367521 403.18346227683554 109.36966198263318
564.8669761725831 406.7760179108622 112.98937515632694
568.7652518343974 402.65380133717883 112.41994062109752
565.178427543406 401.4360858565389 112.75386730561492
574.300391624378 396.32950513015743 111.56354376892222
575.8637321807736 386.7876587233119 114.06069732320017
582.9591702024853 394.64120947700223 104.288292931577
588.5639527198283 403.016673438797 95.72345426959896
589.2313947757502 393.5920258908204 101.04858412931057
584.0359786862616 389.06848908025205 108.88679508475109
575.8066507515837 398.1611335528075 106.15557402695534
582.5004259011688 398.358650610421 114.60883469943366
590.7498049924106 403.8936895507682 111.02187840764584
583.7420452899765 398.90417896890534 109.9577971008542
590.2025997450907 389.9403375372499 102.57930536102162
589.7171637745179 388.35580258026044 98.85793567887666
582.5166512759314 380.71624340734957 99.50792276300817
576.4660801038589 378.99887711227944 90.9143338506795
583.0513935404163 376.88859068236417 97.91579167072344
574.482463785832 380.0764518542883 89.67976910900198
577.5523503788784 386.0707013507985 88.95994197126967
574.0916875441992 393.2510185987619 88.95035388410673
567.4591905701081 400.90389964231156 89.90617923824882
567.0764797302603 393.1018612990218 91.42229284858821
572.4416989066109 400.72741404898466 98.17596543976869
571.7792369893818 397.8943300674004 100.47742389030118
579.2900496901827 390.8656302514298 103.9647494295105
584.989557516876 383.2750364988089 111.8866970672677
594.1196379349476 378.5107026284252 104.25854592102272
592.1173323994424 374.4795867397381 95.52231113575071
595.1876718154867 380.49576778833347 90.60119220709825
585.5973451228203 377.2452864299629 83.36278396460564
595.0251977092435 368.77095267297125 86.75908534265626
604.9072555721078 367.94496646993315 78.55629159383984
604.2750537971334 369.81048429138474 82.2119223326479
613.9668927315744 360.8299054241811 76.18447194290114
621.8365307137899 351.8580043492065 71.53662506556145
620.8303242322978 353.13864128141125 76.88619365461416
625.6748755829566 344.13668726555676 84.66364299551803
632.0370329540696 338.210763789974 89.04681625771111
638.9265690509773 331.0317684193649 90.0332574747215
637.8067820867366 331.27394931397134 85.24464775916341
630.8579359484277 321.95430771250193 81.22034982070991
635.444550994283 329.16893968387217 89.23897808555216
639.017802485863 334.33208815782257 98.12891946137518
634.0287504326022 336.7871729039532 105.85258968289783
635.6172048341963 338.9898868523866 99.41319025354088
644.4604435698209 333.40806319765153 97.93920965524954
651.5750683560094 333.023749936224 89.5811250360826
658.9169262930269 342.4456514329983 94.29309774640521
665.2819822344208 335.5189095791233 85.7088833561075
668.6743721809025 325.6873805643859 76.52055390829221
670.2413948790845 318.58419705261736 78.56380411114169
669.5359656668315 314.6188066165437 72.97041241238246
674.4705303570747 309.2277161454907 68.2964925931943
679.1781004751781 318.2638983901763 69.024856517479
685.4674445069453 325.51138837658215 60.06756470388535
693.0272938295383 326.85978438348474 57.83117284947232
692.1893258059185 317.7838647476088 65.5645409488295
697.4025676770259 319.03213052830455 72.1946040942201
702.0993571815814 322.681007266278 73.25287083578851
706.4430078610819 330.2042091347309 70.89781758179427
705.298005627716 321.6175657559619 64.35704624365289
697.5172235074599 314.0174293696662 70.40926364973976
705.7434009522422 311.45856535721447 65.33517708295014
702.5421750396017 312.2849198126265 58.07131796526956
696.5577743474579 306.1681377969196 58.51066939361011
704.7796193098579 299.54052676011025 55.94267930464181
714.5999105011856 304.7918186344759 54.335049736002304
723.4972193693459 314.5010634460077 57.356972089703305
726.6469928716474 306.002451012394 56.77748575873411
725.7532416537343 314.7669888089729 53.91289534266298
727.2126644299262 314.22776178740514 55.682265077033485
725.4044334747269 322.0975013692343 60.14757088191405
734.5417957752237 329.14732607357354 68.194876585287
732.630220452174 325.90155776999194 74.70522168942873
742.2347497597415 328.4393053435915 69.28402131045186
744.3800276794684 320.8450464385665 70.01210376685789
737.8266125762339 316.84439784593627 76.36195202559193
731.8008537875401 312.5930214069873 71.11093130599446
736.4160572600397 316.91670622309636 73.76660413353065
744.2110481851558 324.5001673256393 71.37285854253463
734.998287835425 319.88012271955415 64.25739153550764
731.6059883945958 317.65112888290804 64.20323266763275
726.3917255655548 326.4157082534276 54.984901369864744
733.3312861702206 317.29119073155124 49.88155436739292
734.3651869232696 308.5407599739999 56.98364582947559
738.746472721802 303.5472434428166 62.79159674618338
747.2473327628899 294.35900640014825 59.76061807675363
741.9017648058303 301.1229788152615 49.926606825867175
741.9280192116344 307.0393160431227 59.855204504823334
738.4917778976826 303.4049206397802 59.26787444489682
737.2719724450587 302.7955732890323 58.49811716169624
728.7582482091374 309.6941181423466 61.63549660559879
724.7221924450346 301.2400444263701 64.01625310876123
718.1235661338693 299.88045986165076 63.005122516620006
718.7144904422727 296.02893250330794 58.33956629478175
724.4913759032912 305.6521839563184 64.70475516430596
725.7337816351956 298.82625080720106 63.067959269755875
733.5735707480135 307.81187463350403 56.75791485145275
733.5516807194709 306.9595013383449 55.41329557330572
740.4993567010339 310.1458768398704 48.380879423050146
749.7503685910191 302.0824532563357 42.12285663678686
755.2688841258805 308.6909979494531 46.0651803505119
759.8641295889202 317.5307804765211 48.13959023694117
764.5116877420461 326.6471050638321 57.87622887391673
762.1765184883022 327.3733998230899 61.42066932326138
769.29403835438 331.0814841847224 66.09214431640878
763.5956756330977 331.8188858141734 76.02631119431528
764.7203482205917 325.14806573497225 78.87924061234261
761.7991669570814 325.08582326628004 80.67133251093327
759.6051624488126 325.0502989992268 87.69133334921898
762.2697016365344 327.5082120634681 92.56668210817679
766.4348085194321 319.9504780095104 93.64773342987277
768.523138745973 318.8826934168597 103.42346792439812
776.4564016505143 317.5186906634319 108.693977226761
785.2018690022765 321.03263036106415 108.01364079868038
791.486837614004 325.4829701928567 102.81109362338485
796.1145637658225 332.37000800067545 101.9839309039331
802.4575894684826 333.6618526349155 107.67304336598326
797.6087688475108 331.161102813728 103.45674514259237
795.8607843617203 335.95936228371176 111.02429391963085
802.8301960131535 326.03056469881466 116.74964045099728
803.297644262174 323.7011315836738 108.73017456235652
794.495682239471 332.19207123665456 104.85215157115789
804.3544930078964 329.7579008063223 95.0827511603276
801.7815691378762 321.3293749578798 100.72713449922408
793.342946868699 329.63790212997327 109.92987731517539
789.049749595131 331.444957976333 107.5360523037981
779.3606591587275 337.3175534404037 99.06006605462457
772.0614118595066 341.8674670787771 89.39830596019368
779.0215606253423 348.8317941709101 95.49372052788449
770.0782091207676 343.556802096729 86.53218217029635
776.0862783430229 344.6802344042659 79.84997823605158
767.6437750783819 347.3517085573285 70.31428427672355
759.8272487909953 349.30785508493926 67.84069340934623
765.0472183727355 357.5412093992984 76.62867990628061
763.5465639272251 359.1525485671473 85.10916053307034
772.491233518577 352.7494682167179 93.68985811956932
768.6236769805986 356.5724092028095 89.4274726045903
778.4804113119015 362.03485025169084 94.25887236377817
784.4692163224258 357.72253234350325 91.91540452732342
774.937470252686 351.811652731152 96.95717415269199
778.1215277569894 343.063679178961 87.1999195758909
783.1653787701579 335.63442930232935 87.07351698289519
792.2605366352419 331.7628249704184 93.00229485765647
786.3148982818516 327.13980894868905 85.16048373539134
787.306500950353 331.51704730032515 76.91733281394087
780.6428102415758 341.2474167588397 81.30826004215275
787.9037473281113 347.52213700000584 75.59453940966192
797.8578022629206 349.25986495340084 66.1874493508406
791.1707379773948 353.79346903568 57.56886919899198
782.7506318330472 355.0674085564307 60.184864874961235
792.0551183184026 352.91904262586087 67.25549021392193
794.0735230034838 359.4607520776836 62.998330024250976
801.9671714330724 366.83962789243213 59.6669413492103
803.2251576042408 360.41764927034325 67.47303966948338
798.7622853407637 369.5004282423703 75.59482359712425
790.5313818440465 363.08727361629707 65.83936497166613
794.6329004039375 365.69170382075896 67.73334586580827
804.5483834841909 367.1313339641969 71.72911969186066
804.3465082613399 363.1243712791575 76.30190502803882
812.7666177849532 356.8093934151419 69.2926508659087
804.7931961148032 355.6157168896231 59.37689064730701
797.9819657812243 346.9688199116005 50.35058547329904
803.3219240921366 344.0822895599802 51.09379791160981
793.9764128265979 338.76809774075383 56.955350832628206
792.4361604951794 329.5467113351887 53.5670336401288
788.9059010306207 324.5670904467567 46.94210695694364
791.695383000675 315.3257905609155 41.676965801218856
794.1834102519501 315.55250594576347 46.10784232578444
798.3410929204108 325.2468026566533 55.28076804141417
801.2175761354342 335.0772114480172 61.34057525196575
794.5510170289546 337.6525495550939 53.23183490940946
787.5392737027696 343.6009364500131 59.90416708687984
790.5647175090502 341.2898871314078 52.640931934522705
783.7037754402593 332.11568677383474 59.1196999238903
777.8284382279231 340.7853587799054 54.38982225899809
772.4976435245172 336.6066953687071 54.52004283589547
779.9987001893243 339.63830805707784 46.44750508242145
780.6043092982966 342.91293613980173 54.425370443752364
771.6401300581516 347.7654799874507 59.97401122700222
776.8852477412635 357.5162595449004 67.97107334087228
783.8397314297707 350.66276481458056 62.68423119241567
790.6368354076999 347.0323422941091 60.58520843747835
800.4423535219108 349.73430832813074 70.55173863690611
792.1357203474295 356.7121799570295 72.07807697581242
796.8673742986623 347.51719740452677 70.28838391626427
789.1616784766 355.1713826433153 61.804975943389486
782.497069805548 362.7422083258269 66.38916953990096
778.7295599586305 368.1807276235673 67.42182321532412
785.7002147013882 368.6584733249692 60.83673847905685
794.6607002052097 359.3786256492898 67.02535519832334
790.5483385252058 358.8778050282507 63.10739501428496
785.6914531125265 351.1709209585436 54.53984497444455
795.0645632082159 358.08432961895653 53.722063811628274
799.3046342421641 361.8483761430131 62.0810560552308
793.3908000792674 366.94619409505844 52.808474643280505
788.3917064807903 374.6616123839071 52.96961510348249
793.6481945917062 380.0767980996117 43.83423830336186
802.310593015112 376.0031511858175 46.27739543636738
797.8579319910463 382.627574273698 49.65261865500289
790.4781979417264 392.5145898160081 56.966562431436735
791.7448814697099 390.32913528993146 57.40290355361007
788.6863359385201 391.70527912592036 66.61300544711759
786.3099913532716 397.3722149735457 74.8462011889977
779.5795498939357 402.38794103998663 71.44623051539484
769.6537605530208 412.03963228590834 67.83460171685842
766.9860409555989 414.7479044608864 74.16657115677143
768.2868872825674 415.3298705887835 68.81652209537185
763.6375702492617 406.6801001521756 70.57451075105718
768.3790403237117 412.15431757913535 60.73106724660696
770.3995996125627 411.7815189221497 61.24466142089585
766.5101120107952 403.78387440510306 56.22568017802011
761.9046603271369 398.9832088659413 56.095271764501625
757.7478821977221 395.7937159740483 66.0508949617531
758.0800209225902 391.90299593973134 65.88223790240694
763.2738184913276 399.65598759832557 66.5066183635926
759.5550304666934 406.70412016683747 59.15893971202306
751.7801904951933 413.3178641881244 65.83634544399042
758.790382325239 420.09120988828016 64.0636565428431
755.1709552087234 423.88185767430747 55.72661418360116
751.6142848580754 417.24219695232244 62.721321016675056
750.4557048437247 418.0821415569398 61.374470281892975
757.5571679590589 422.1188690727627 55.8998035881699
755.1288150531789 414.5037292769161 60.166320692436734
751.0424487536847 413.38056493405634 55.24315433199565
758.3917948290534 420.31928037142757 51.858496748698116
755.6572482534035 418.519196665828 46.47209388675275
756.9085792510219 420.75543676495346 37.90480607415461
751.3279224950708 417.98511332412033 29.66991333379495
747.6900488304688 426.69949295716816 21.23949444550411
749.5401188512805 422.49666609273817 18.765463393806883
754.4703979202806 423.8997011931724 24.93184991367306
757.975785184622 426.32309559520024 15.318111837021355
765.1387023323225 420.7195807602171 18.20059317564775
767.7388574939024 424.68710262956176 15.907979926978404
762.7729618797683 433.0498474409833 21.630624747458263
772.2684344863625 432.0276661494833 11.935255296982152
776.5630223544773 422.02860980453136 12.389687427694167
784.9322019628224 417.13549841334776 6.291039546890451
786.7135199906213 408.5876649396914 -3.218024173971191
780.2480049857235 410.63534728858787 1.729047275133703
785.632066786591 413.94666333483633 -2.879767042333879
777.6911312998343 406.09342359977296 3.853603038497355
782.3777768500835 409.18157574465806 -4.121014509312824
786.2483831032453 400.9940857941709 -8.518071658245681
781.2387226818761 407.73768028342204 -8.536696769800152
782.0025658822078 412.43313502463207 -6.351828921505116
779.9614229817129 419.3019856377598 -16.117385038643878
774.8876846028661 427.3240496374358 -22.37792535622377
767.8710072416393 427.36811381978305 -22.8585342979978
769.6030263173305 428.02258171541354 -21.02888582942228
765.3819249907708 433.241354738246 -15.562535095766286
756.1857476738269 429.8024302193608 -19.45758504964787
762.7669067919174 436.8133974910786 -9.676501249851707
755.1396524883812 440.03942883128525 -7.911753329426589
747.979274470035 443.1350050831566 -10.301557596862501
740.58890749677 447.5398412202712 -10.624631068606444
733.6044962423714 445.64758621867344 -19.285821297974437
727.6328526358042 444.3370603945715 -21.05354010463724
726.5647228305654 452.25329394975233 -13.668791712380958
718.4427654564554 450.63181663690585 -20.721024866068916
714.2506691466879 454.65787546552474 -29.177673734546214
714.7183562463019 463.49830325382567 -19.64183114483613
704.7184016243697 463.7252139040885 -24.581780495166974
709.8929313368905 466.78154478895385 -32.36737370309378
718.4398857908417 468.4724841125884 -32.15866187206429
720.5609381612409 460.3754938366555 -33.70038236746013
722.7701119898547 462.941086996894 -41.16116779089162
720.1134374338494 461.84086855202804 -42.839140865913286
719.5073663153695 468.10325465421204 -41.42452141234851
726.230173584799 465.95093995044755 -33.20654651148028
732.972782770216 466.7110032947602 -40.34629789540678
735.6867473572838 469.5228091048732 -39.050544103574175
735.8244839688136 467.515570041971 -46.32127506163822
736.0921333330224 469.06118400649933 -54.65184178291278
728.2713519152373 472.85516790309316 -51.57776396801348
737.0044053351453 477.2259205444001 -55.99797381846945
728.991195893329 482.11998102871127 -50.23735724341187
732.6489622562733 472.51530971278856 -54.223079514871756
724.9134851488701 473.77910091909234 -50.547754025115175
716.0115407432756 481.3008493832919 -51.80837222998133
715.5257095585845 479.4821944559404 -49.33366501300889
722.4216318487452 478.7861048832352 -48.727520031275134
723.0344945939166 488.4290159753518 -53.71533341746767
718.8036901903341 496.20255333912075 -53.13992717611283
724.7153107563586 495.2247984846633 -44.08050259485185
715.4714834151986 499.48746360979 -37.62590548955797
725.2345791353464 504.4440296605973 -38.15454914700275
722.7330926456824 498.9594680193394 -46.45544764231368
729.6057599550667 493.5552899052173 -53.299589813928684
729.4114469878307 498.84329012025233 -49.534875910956764
721.2910533719364 488.8734514253622 -46.514365032629954
713.1816372126956 489.16232545561417 -49.67252615789304
709.8420487186789 496.19769828971243 -52.31574964500238
707.2864085142961 492.4115685277742 -47.860158043381645
712.6323205952469 490.3262628723382 -49.9701861520684
705.7242264155865 481.8500564803337 -51.81006673577416
700.7294406741437 481.3516046197719 -45.42098669994522
709.4621392161357 476.3182629453387 -46.91899731539415
718.8051771623511 479.24076624942427 -39.969354576996594
721.84169863893 469.6599406317725 -43.96346689189198
717.2194408646684 470.83317889915264 -51.97389067976016
715.0242003089545 460.9093819964749 -51.61989570042061
718.661652361362 458.65182259507475 -45.42859622423763
717.9594679158154 452.8527306691685 -37.03716395285011
715.7060293815903 446.15922450611845 -42.98741979985484
707.7797140576763 454.4082264570181 -50.49110862099869
697.8197789325349 448.48306548597026 -48.03015065182295
701.9982766546512 455.38366781687444 -42.54510701206361
711.109127569494 455.2111461125832 -47.06156325105417
721.0624607668578 446.2630897337379 -40.26807754283421
711.4177443173141 438.11843207926654 -36.12279229223005
709.9295282898579 432.07081490490543 -36.1594796697827
719.4724858738125 427.91764993497105 -33.178952696148095
725.028726356474 420.91461116403536 -40.371447679644476
716.2777072055447 413.1724348504685 -38.540511518545365
717.1084282797497 408.1203683245298 -48.50613785721164
720.2618566953929 401.7880072299599 -44.98905122023325
719.7142475111264 403.12514478444047 -47.57594697422698
713.8577940954813 403.87029323104935 -43.33577820950322
715.8570048715915 409.93974175205324 -40.618028870436994
723.092624155465 410.81163434114103 -46.248960112380225
731.0883110103218 403.0694377772416 -52.69011116985485
727.35344018651 407.97233805633 -52.702226563838266
718.2109323248527 398.2135078727679 -58.31761566849186
714.7634646485889 407.84066679948046 -53.264774195436424
707.5737792845039 415.7342369008382 -58.07050118525651
714.588653463912 413.0471842708176 -58.44123860782387
705.212151706145 413.76014194889456 -59.232866842845226
702.817165429645 408.79032446930063 -57.609026048934346
712.165179246461 411.4157944069275 -57.37293053544674
708.1859501076135 410.2065225014478 -49.70454299338358
709.8816606020256 400.7944926391992 -41.66078191069734
710.4833950252067 399.1185111716071 -32.44312834938903
709.7726255399906 398.2656971865031 -38.38463563456577
699.8753261462948 388.49000367555493 -38.22542806717267
693.708482308721 395.9975716513732 -38.72484780058011
703.451369824082 393.7344970153553 -47.27015802605487
712.4146876467205 385.69116066819595 -55.01446326936421
706.9641574896211 381.6693908568933 -48.680601989859184
709.9354255577227 388.1456879986239 -38.81341954837353
711.6159461954506 380.89628815143175 -29.67709978630812
713.0194308807742 379.33196251538084 -22.70614182451113
716.923812779828 374.9425014990742 -27.669400170148148
725.6292332567423 376.8110558800593 -31.170387767265506
731.4627729299698 370.08575506050266 -31.152552625023304
729.3782824589426 360.43692863171697 -31.663017532433674
721.9016898789029 356.45814577662077 -22.970143617532408
721.4109682304926 355.4083836883633 -13.658121129897403
712.7626183027756 346.3438269540763 -6.608259155696499
721.9396560980435 339.61312042583916 -5.497973387966311
730.4172308546329 335.7304474969197 -10.339779265457715
723.1287786133479 329.5220156270029 -11.960414538225951
727.4296322231575 330.162832243309 -3.267540967401855
736.9423541625538 334.45519725461594 -2.8622759951364816
739.7292717144594 339.1685145806641 -10.26270968206226
749.5299283000596 341.47256053732883 -15.352083451148625
740.2749488926632 332.8963757450044 -14.110402525809326
742.9958859769263 342.4964187277559 -21.030197107158617
736.0177689533099 341.65684323720865 -11.73170872012789
740.5640215562903 333.2443190721963 -8.56182421753976
746.8422906742592 340.6871009377454 -13.136542953883428
753.303384633211 332.93205741897435 -3.744935656002884
744.6294518369582 326.05641153089107 6.202330958658104
749.9244346296941 326.6704924120593 9.015741087037078
740.4276169238417 320.25794109074633 -0.48206723880676705
739.4746646532097 328.66344982376006 -7.028284171511441
747.2902424511516 319.5459181666681 -8.35618009037255
747.0143409516135 319.93148000349765 -12.333004391826796
751.8533292279744 328.0959260423338 -20.44196831032707
758.9536271875917 329.4295854870374 -17.42932338076046
757.4855298369612 338.26295626025797 -24.069280377237387
751.930083282561 345.674758050819 -24.140539715708062
746.5867593597796 348.3316116498582 -25.46798062086167
739.3926361250022 350.8059443783262 -22.847438404043075
745.928275879567 345.83093320690784 -12.942120171763289
749.095406821171 351.0684259232926 -7.862060482008738
757.2273170001683 344.4291947492126 -2.452161309510151
750.2671561869179 348.4853689963895 6.218241213717109
747.3341978882406 349.4775545996269 -3.4234332233071445
738.1699132770159 346.1760468218993 0.42047872324344215
732.6754482096183 354.9487774120096 0.6575947716072013
741.6415839767649 361.6126572760953 -2.9082648736673105
741.7737693062321 352.13953018449814 2.5244083955766334
744.5200979392631 353.5047666435131 3.2343923138788373
742.9357974633718 357.7877405290942 8.466810581205937
734.6442681548103 348.4180637367563 2.1147814098973177
737.2951883686304 352.93875130820743 8.660888315302635
728.7843585783494 345.73567680285595 4.855870017042575
735.4111859639505 340.99574466277863 -2.6052563875090087
727.5246189374715 350.8700633221317 4.132238014303521
731.6772833871087 346.876147834957 12.920383732911962
733.026557749601 337.12983195646984 7.82354326598307
727.8774600485787 332.7828461718997 3.9139972129254104
733.7912696037735 336.05495695879904 10.523467684415195
736.4034073183249 338.1557076285686 20.31471571313689
727.0008254479133 344.75198407732694 20.12835700842147
722.8423281014198 341.8425670688426 13.796754529080753
726.4766064945974 335.4009500462221 18.634336256247494
722.8876882514905 340.0377285931643 16.004851511312626
719.0215941858323 343.4224232460982 22.60139232884466
717.4265185069528 347.43570719307047 17.45168167405852
725.1871010678054 348.06829717306533 12.18734197693756
730.8389597020347 344.88998013630163 16.671467305327553
736.5685198888873 354.5236407087182 13.41929695505149
728.6743493316845 345.3115740203506 10.315681005487667
719.9053879211855 353.88305325521185 19.9026256428388
718.7166524949725 360.60797441609185 11.73312075359919
721.6946860571106 363.5259311061012 19.301245725085366
715.4973568662897 359.22957433437983 10.97156083719407
709.0255357280806 359.0699657187794 14.209766418049036
714.4125743639818 363.167124040401 7.9645165407531735
706.9684562011682 370.7873764276149 10.691761531613725
709.3222954005344 361.2356604358303 11.31241036612336
717.0496501213095 354.83445447473747 5.299185747069938
723.9781178130429 353.26791387351545 3.5588168103107978
717.9939714527768 351.2226429929636 -4.466239841182549
717.7630499999681 350.17368926586283 0.6199827678957526
719.9920394051697 358.24186794854666 5.45545408807058
723.9341890094498 359.5445774898008 4.611768966365949
729.1711524276526 357.51287209210835 10.879860587439143
721.322457491595 352.89392915211175 3.594648151125952
712.2640360980507 351.1192855692967 -4.524049809966064
711.4893582558498 348.05350552992184 -6.031290109512838
712.6634815532692 348.39735089043825 -7.652681024977694
714.8896199644889 347.8375471265952 -16.467747852455886
724.4083644907981 346.4435186261368 -18.66971674469314
725.198672383416 341.2740025699993 -20.16919238102704
718.075245992366 331.87589848061003 -13.678510586316657
714.8251633067332 334.9048433261912 -5.374670384159781
711.6457502711214 333.6105917387919 -14.027427487652268
712.0682454411497 339.43236729708366 -7.746245411176197
706.0226911416028 333.3878560667254 -7.728790013578953
711.8277535812703 326.7490645391723 -0.6449131732839213
719.4492841804773 328.62382734459163 -6.541352689037071
721.6052562068867 333.2773416550883 0.9406082447356825
722.1105136812349 341.08064986696405 2.375129114285829
722.5812065000264 339.33370913494997 -4.009279417962536
728.9794117914615 333.4113410224739 -5.005023994100689
722.2225021082525 329.7617550601818 -5.364555985658766
729.7993585247737 332.7605035517837 -13.8340135658269
737.6518799129776 326.90839816780755 -20.383158727398424
738.8280485013737 327.7214697144455 -14.95333382192064
742.5060336058899 336.81967723943023 -15.02999795185914
751.8831144101222 333.4252618337803 -9.092108464266554
751.0914517004611 341.18302832651096 -1.1716395431827156
755.490153570783 350.1667159730622 5.0191197350951064
758.7259975150067 349.74925619982736 0.31225434940497365
756.8024533801173 359.0023238970247 -4.087264479349094
750.2921219176962 351.1053780139302 1.7118825597539002
742.7180088067771 348.85088059834385 -0.9120902001278028
750.0396414604933 352.4094889105465 7.247198185958968
745.4057297230374 345.3404968543527 12.753065226802264
745.8819207141005 354.1426920990244 18.4335769309364
755.3851225235478 353.5830024797171 19.867625149157004
761.7050442681244 344.9862405862135 29.84199620047327
769.1830909391218 354.80723199203135 30.0410239785216
766.6506706751702 349.7780425673265 29.472786888507546
764.012111474215 340.0204678543988 25.304724405635653
757.9432476791187 345.8490463352971 34.881083162811066
766.0649090284039 348.86154419777495 31.307044195441062
766.2188017553178 354.08865537562053 27.541413673770816
770.7917340426267 362.6509690797996 19.926146322276182
779.2891399503485 366.08101842666065 27.09703541388636
787.5840949351862 370.60756480305986 30.128588003958917
793.7617821390919 362.26319952574426 30.836811296708884
803.3885895265392 361.06483616693896 28.048568467437242
798.2971314898726 364.23927375162845 32.752071120446075
795.5026895435165 355.39913489270293 42.21061496974204
797.6339907023138 352.1029275649893 38.540201571936265
801.2559231737023 353.26417315284476 43.640141489481614
798.7929222835343 362.8005513488651 35.109554766920496
807.812785795283 359.11976838906077 33.65188725233414
805.8846429109828 367.1804819616323 31.664861964969056
809.5514430273427 371.3904188045735 36.39813466301915
809.2101117887396 373.9370384501296 31.380953804663346
818.6754757934164 369.22636118400357 26.449040462126632
821.9005743762461 378.74321729975964 23.83651813192361
815.4766047442405 378.98265148696083 31.32264697708221
811.0975549257823 388.2127225441113 27.81326542808159
812.0539550180397 396.08040933944716 27.731779278515063
808.349211094531 392.5867053652471 37.24377107965332
800.4763129494705 397.64700198671926 34.47991908472944
809.059286052348 394.8682644943798 32.24832921864835
801.6186970744325 402.0209119794532 30.446953531990715
799.9193334811721 401.67783078837977 38.497487008528665
801.48484684167 401.89300407240773 48.20701152401912
805.8826868700938 403.8118606783123 43.399121542528306
809.8847024131408 413.0678896525099 44.87674367605158
817.234624418638 405.5399220463461 42.35504989650158
826.3248756828203 400.70655445050716 44.10011808501628
816.7048722174021 403.61751793505357 44.88851918401209
811.2315009011612 405.41371873531017 37.46291768492789
804.6275866081088 412.91055564045087 35.153873330374964
799.544438534698 416.0970050056644 33.3176992244067
803.2481432014339 408.65630322684916 35.570188924594845
809.7130271115715 409.0656767251587 35.87157671529583
810.0929459871539 404.95419816709455 39.06125094147916
808.4655856334905 400.30201589733326 38.26850515793122
814.571934661531 393.11150372135256 38.00939205902159
814.131104034151 384.3829538697942 35.065908482201536
813.353008291254 389.72110510760587 41.59945807409076
806.006633300412 394.9211474731898 31.76593720072993
798.8358239951666 388.5302020861767 39.383173395917126
792.8280830585351 383.81731072752433 34.47373260213226
789.8737307580599 373.87577349860027 26.28995907081627
793.3477646105105 376.98508189367413 32.36431691695967
801.9870135251161 379.3580555688872 40.74119222052471
796.1807331073447 383.86449273064363 49.466535819606925
802.9738386732404 388.65108916649734 50.307449579646416
807.8188199180781 394.29486499474785 44.879988115680646
813.659709381633 387.3024883845502 46.58009820264011
805.9884872558328 378.66336873592235 50.174671447009075
807.5714625932724 371.8934600147629 58.25112531557349
808.0511788876647 381.7639858503099 66.603662700129
815.4057319186355 374.63382196826274 70.20704904175956
808.082763871011 369.86553332502194 75.82064531090055
806.2441234464542 362.4229225753305 72.39525325737397
799.4993476903153 353.8206999463737 64.94743734980845
797.6248199173593 350.6766308701409 66.0669829399435
789.125206957469 352.01732697226817 67.78767224595758
786.9582204025579 353.3153562641744 64.79961896311147
779.7554922717744 345.82478762098776 65.8559360811281
785.7542238676974 355.0281639648762 67.26365903466078
783.2218785061401 363.7658511015478 77.01894224023997
788.1620326886359 361.17015844625854 70.68946591649868
783.9709789065005 354.0891060060151 73.36453659842397
785.4722767537949 356.73347349542496 64.84342840762761
783.837846054538 359.65808397019606 66.25768967308191
779.8809275893768 369.4067980667643 57.234091002871864
787.2616508621815 361.87409091928396 47.70545670928312
787.4384939989465 368.44028090161197 50.964101481323475
779.1307066853066 362.0641988320169 49.32136003850001
780.4629159504401 358.1921634411057 54.04867497493586
789.3739660812997 362.5469811418691 55.315760909353514
781.1069495504744 369.06900590405934 52.92919131698552
783.6065266282307 377.95222449829004 61.81653729990207
780.4886662842009 375.19954852695 64.74796658636598
774.0867144597278 371.2683315409768 58.44189432502989
770.0898654271216 374.35562400989596 55.16795992597706
773.8189506062827 375.9359403452528 62.69068832590273
776.2684477535307 368.0960123979113 54.63689163245595
779.2637835794408 369.9353473449329 44.93969231006779
777.0718098550844 360.7046628087516 44.27478209586718
784.620147529751 363.10210643173923 41.51772399506416
790.7551014796677 360.6849296836902 46.60246893934285
800.1593335912717 366.78362044101414 37.569057981057966
790.5310972276687 362.4767624024652 40.2885651133369
783.6495179086653 359.8799204329338 35.3746684133817
784.7365770494332 363.84656500237793 40.69668653226132
790.6398444958668 366.166626731383 42.3892081835925
799.2172672677577 364.86114966083704 49.741090866370826
804.389622362855 369.9454067886742 42.659703893112365
795.9109410595206 379.2990078264288 51.164322643664235
792.5107702176297 383.9907974086628 49.93722838133896
782.6911839616001 379.1883514991266 56.80831988724693
777.6488945322313 376.8142419702589 61.61542939220009
776.0157601919707 371.62241005952876 64.80984909626817
768.1488936731116 367.93555737517926 57.52266989828781
760.9189571581747 359.67531033009556 66.92089287660738
760.5065769188772 363.0654474677593 75.7073320737217
762.2547278778565 369.3833749828088 74.60143913843437
754.405678131944 375.5307212484642 83.48915826103637
748.7348246338828 370.2627771937039 92.66127194192775
748.5221576323609 372.57100642593235 100.25274811950814
752.513102080503 376.9847426577999 106.5060636115225
746.6816683607035 381.26227849617743 99.87228454322201
741.7393412818602 376.1089324555194 90.58642292035762
733.5946801112118 371.5386543005202 90.02565487604929
732.7065862722213 364.35620541958406 95.08122103173324
733.9742183546936 359.4135763628361 86.85535703248642
729.3604117289057 358.49433741001326 81.44372400992681
727.1308972921703 358.4026674724478 84.32252455300457
730.6998316390324 350.76378860084736 88.95786137393752
735.538731389917 343.0750391198777 88.62436095573581
726.3895786926986 344.2649623435822 95.7630811448321
730.5304842898132 338.2239699946508 99.49611750043968
729.0617295642014 335.25505649300555 101.92946477784666
727.5764538461955 336.35086901007907 92.30534676598236
728.4595113763587 336.94260360844044 98.30100264820291
726.3126404397425 332.86100589713453 99.46842026239615
735.0959086195129 342.23098813065855 98.55840622224234
726.8088742563563 346.8064355101781 92.3093582321655
735.8932676355649 345.5927129075835 86.22313278236126
741.7153291952482 346.5926910134911 77.28635936189299
744.0650454955179 348.38828742552016 77.26225848329864
735.8092762689073 357.0376470373718 69.43208228792952
733.6798003698157 347.6266729770948 68.47470782065645
740.8465861532021 354.78178307412185 69.98524292747102
743.2991942346873 363.6006956724165 65.71089799014288
734.401110813038 368.0954244377114 56.262969838073914
40
553.1084320683308 444.3362652290497 94.90441704272014
552.9941557802682 436.34927428129197 97.93183694588801
536.1112473063577 449.82359914141915 97.63112095610043
535.0578006574793 434.24956321527884 110.54187862422185
543.471696055544 450.76923925439763 116.26048789545612
529.22088881811 452.8354500894919 107.06378688107804
547.5557227490592 433.22530212377063 117.13395050363117
544.0952023953546 431.7579098953383 91.01972139151034
535.4022790347121 431.82920631916835 112.29399874686462
534.4818119148598 435.66681091202497 112.67335491802554
536.5558427860509 436.03181920916455 115.65393691542684
525.0878105936696 440.4156978100494 118.76788071268282
527.5752968209921 434.14506178662657 122.43864960780148
529.4425414829966 438.3575868727559 130.6205157574195
519.9402265477507 438.62144538264494 131.1496041583082
521.74510982158 438.20867057021303 146.61464028128788
514.5870178512911 436.3045610931145 140.8506223189923
524.5455515652247 446.6304128999109 141.5316900004896
524.2539178689364 432.54996718529424 136.64871151105666
524.9723528222999 436.4871021311322 127.82040746849721
538.3193285717949 452.9785791074782 137.63469140759335
545.354784534788 443.2606974462933 139.41024679779255
551.9310522265868 434.8692595122419 146.42187358353945
536.992537218727 433.86418703248756 151.30980193362433
532.6476925746404 445.16161405101394 155.36370482227233
523.5812504838732 446.36209604255646 157.83454195118992
528.5917982683009 442.4944784151824 155.95590429195974
529.1885942263162 447.737026661575 163.96384933918387
541.2793127721092 445.7747771860804 155.7061257806366
528.4996124985978 423.56270945285564 166.21236476699715
527.1071554095203 426.0197686800961 155.26617209248468
518.9406609769312 428.5333881269692 143.22289302615084
520.2772529879759 421.6686189149772 150.09697240600264
528.9113125138316 428.05519442612785 130.2613449580097
529.1441353923059 442.1966494253221 157.53407688478302
541.8994873921639 442.61398591348905 138.7464834748367
539.9889105791556 443.92383910363804 140.8328472253073
543.2533355495685 433.85310034908287 146.34183155615918
530.9657449321894 448.6922279799768 130.000833270353
537.5260118218453 450.7680442906183 135.35646246041634
