1000
18.54627729863881 317.66282243546976 159.55942591937537
22.241316452286796 312.8753139281236 163.15574273105307
27.415272717547957 320.8624895343365 169.83569827087197
27.947655959216068 323.077634053511 161.40094874140465
27.464941133125556 319.01408256592197 162.56569523112177
27.727677188243163 317.22305470170346 162.17582733852203
19.491277389613465 309.9094792678509 165.36803344828402
23.5050337726836 312.76480849796616 156.83422614272266
29.180114387745505 305.92991529499795 149.18284649627887
23.59447089251406 310.94514786147477 158.12230957434133
31.78223469741051 302.7188376491102 155.9589598331818
37.48981746528426 306.8639278932306 156.5896699787189
45.221758744760535 313.833288070821 158.01796559733228
37.94473305418534 311.2986616109956 151.44238475827362
30.623290020217407 319.60942299934504 150.72302555817404
35.6693878222094 329.0386547130969 159.17558630732734
28.04889939312732 335.0110564057747 165.41110855263383
19.504770786106373 334.17327980265213 159.06395359195355
25.68520370705449 328.4029900407768 152.6296625762601
33.90947007013209 337.2659402394377 149.50542935312444
30.778888038098692 345.9342671121415 150.539425303941
21.478894595245038 342.285567662361 149.5402978740678
18.684714828300777 350.4955606417152 156.55934727481065
25.605381282659145 344.2526739139011 151.5049033319682
32.67702697492529 350.16841513489726 143.53638936526033
42.60325215637229 352.16218855835825 135.47432611333574
42.32478575219988 344.2339210774856 131.96836943709468
51.03827462367255 337.70490296338147 125.46441657984612
55.28260939238163 345.89775081861916 133.14047464450786
52.89260484757244 353.6236915360647 126.2351689357095
46.962673007667235 355.5788460080687 130.84630833289745
52.55390172757576 364.45784083214363 134.42627820744232
42.85433252219718 355.2217847280871 127.09006175779096
52.19984663531166 355.0359976962049 117.78856724646332
45.925572208905706 350.4978381742116 110.46836054053243
52.52347850076634 352.63377415826193 109.43053648779905
53.354131528587025 358.03836970858504 118.37713092085268
51.45300860014021 349.3837171794656 119.58048308687616
56.53215593688225 347.5585468240929 118.15938479755243
57.10011243304933 355.2765954825629 127.52677041567284
47.228040135684225 355.8715314261601 121.44330792641176
56.80310314289504 350.41441195392997 120.10862451852606
54.732235033584494 356.58092662922803 117.81959092885852
51.5664670466795 350.46022338077887 112.91489093256226
45.027101635960605 345.7485916106071 104.6839844885963
43.27922274283757 337.6395364189839 110.77033123739282
39.95276301263177 330.682938017781 118.2627392922217
45.66686739793859 339.23763532394645 125.87334446961546
51.25332388608647 345.54427503647054 127.28157048663755
52.18355181077412 347.43617749940006 126.17427747196325
60.185139236049544 353.0638665372 125.26378981124145
69.75049824124592 349.21368118270686 115.77111930938064
69.75991072128109 357.9448076853817 119.4709597625215
64.01232036322074 358.23458535489175 113.97310068679258
69.60542053259462 355.7962972985546 111.04123623106163
69.8759216232039 363.55051886520994 113.98015353268845
78.621179664109 354.94109619682405 110.55628332842456
86.93287179360384 360.46467422302925 102.67085460545181
88.98449489597317 362.27459035828406 112.09475579001499
96.32431094022772 363.21415295632033 121.00570901195148
100.02913049764508 354.04469164498886 120.48144427906631
107.54056216880173 352.4243651138748 123.9595933682415
109.37580382000917 356.7131020154811 125.7394557415134
99.77014680055194 349.3345403802451 124.48779353452461
104.61140841075041 350.7345530161662 129.72959706620148
102.23689129659066 358.0915015648947 125.68442451008615
106.59882614170945 351.5041665148652 120.90702418146684
116.44947450518455 346.23434408143856 116.03943103667221
115.17161014682722 353.1938070663906 112.55430448926565
120.34888623293774 362.0338255433636 109.72499862043647
116.97853140144078 364.3391898244328 101.65505496897565
116.66476947973752 369.31606336950256 106.56930641825954
108.10626358563682 371.603406414623 103.52730858773432
98.53722997313974 363.27175954059106 105.86303701188359
97.37379018881191 356.85363667448337 99.43102433698887
107.15774245788718 347.92893299188313 109.24072890678241
98.09778110533288 351.0799478095171 103.27736260757342
96.0981032400586 344.465791915568 104.99102511438466
95.72668991517853 342.71463451728727 97.30940637645205
104.84545549405833 335.07159084941844 89.52961619888337
110.2737818989879 344.15917007321735 86.7920868767903
119.89531691445396 345.67710148958935 86.73682550898508
122.78828784364222 348.7871048761859 86.38936254250675
123.33736147759221 356.54057325005954 85.94551603533804
129.30105864134157 349.321981177837 91.27165506646988
123.61194665799887 357.46982692257285 100.0789777589842
131.90664180005075 362.6220238482871 99.15312998080785
127.73988520569958 353.5909338656497 107.53734790938309
125.83745838053642 351.0212142994754 99.4303309025135
129.99877559186928 350.01104004610966 98.21472929116092
123.59030533701744 359.1406945090099 89.64063096403123
123.67013801010948 360.716884996359 91.03239990324205
116.44095300896527 366.12057764376436 100.37962162080831
119.17893221909385 370.71333436321623 100.05031065783619
118.72515142878446 363.0600659735755 106.76301663270878
118.39336117383911 360.2872785920421 115.18889370572484
110.42455693452266 356.5647211124733 109.16484115361419
101.09799871180864 364.25697489006967 100.59172511399125
96.19976950329492 364.6561402779706 103.22937970737217
91.53942576637264 364.14908545119613 111.35583396085488
83.84926042423271 369.2638197323732 110.29890748912747
88.68832100127199 359.79741099057685 114.07329684751272
81.50859139293316 367.9101986037347 108.92946014966128
77.70676229355225 372.68870209033537 104.44981093977566
84.40702628718708 374.0864996421228 108.86123695682237
88.1534614050471 373.0119256995466 106.75520916004577
81.75903985265339 367.56020781744957 96.80687330765521
82.69073584721839 375.4525593975499 91.88485940548006
74.47774016005714 384.102987084711 98.53119218141494
72.15395766560347 390.2617192092229 89.81709554933299
72.54585304904782 395.25681224846994 92.84087971935811
74.46752121228845 402.80281678728005 102.05945422630636
81.40541325872513 401.01960462738975 104.10437918357303
81.54282729573421 396.74024311492354 102.96615050968225
73.62492470881465 390.4956586577175 98.20533423987472
71.5098140398591 396.3518330628018 101.47431338796092
79.22288595463195 406.07455932863684 97.09779307651233
73.0369803054462 399.9022319798933 99.87039829466572
67.0412098389392 405.6398142995661 99.92890530277757
61.64951861626102 397.748627035484 94.46083477619767
52.578964707315606 401.30455932096027 102.78391386901049
54.63084604114382 396.91938236167965 111.71990494866606
59.059165538014625 403.6089146979831 107.37840559998261
65.2037369816947 403.1457942861696 99.22124074478737
60.91704874889305 412.3467899158833 108.79238164554616
53.549343716448774 405.9008635895648 115.62666948480604
54.30311880667267 398.6536475506252 125.62269517806033
63.87270179967908 390.2076792415606 127.16456262273059
61.6516475690726 388.49381203526724 135.69876557044444
64.4346345743519 390.21844943018067 139.245541480765
64.77388384374774 396.0620865312235 136.1506324434118
58.0299078539175 389.0059276749581 130.75475174800997
52.307345968501686 393.77001424942586 126.41320642945487
47.7164661542853 386.46798887631047 125.67756629634506
48.333204967089735 394.82891470388097 126.97862394880421
52.83412950347156 390.9328272482365 134.5357735014901
45.28635610160703 395.3940349144978 138.70081066522556
48.904956836802704 400.0464193279287 143.3453355353983
53.87369635355674 407.7593316485468 142.98038684685085
49.347790942844796 413.5240514638609 134.22992668930192
39.52046431758991 418.74214012962665 131.1260720838242
39.67446338046637 419.62240148471096 133.15935871161219
47.9322634553413 415.39289842207864 137.61679156145556
55.521975637761315 423.0474916870456 145.65399814506398
63.47755928583137 422.07030855500994 152.1940277978822
61.33785597455319 424.5812185688481 158.76034110737197
56.723692362826554 415.5745869256981 159.2309991508873
56.84355043599007 425.26324225461866 165.12884863630035
47.39601292257336 433.32970540738603 158.59860767808954
51.178693856864506 439.352305663236 150.30626220669652
60.05567684808803 433.9709577191751 156.41317488650694
60.14721827560041 425.8735234932973 163.23776812224554
56.05482802854361 421.4711514042296 164.22014741747236
52.868417242455216 419.79561221929845 156.66096950126183
48.80623768345329 422.4799006869369 162.8145719554492
44.004750372363155 426.44547582031623 155.15848306048676
45.37698702947331 425.9111522352031 154.51810768310128
40.35679996567834 417.4418937827294 159.62286147595253
33.6868314219624 415.71809800160725 163.57248400192648
39.07557878277216 411.6756974519691 158.82429530563027
37.13995160798462 414.0615576136618 164.14820088487312
27.343699014684564 420.00122958922975 162.2033360617312
20.278419686550393 428.5431815617344 159.81683902153603
26.630078587962615 420.5917747956827 160.04211394027024
18.613065068340994 418.00866834213804 167.8178110643126
11.751237934020917 417.159478207674 174.0214946500207
10.400464457304164 415.2231180913577 171.7415362004541
13.457205243431874 417.9259973245727 167.01855412814348
18.889738028611582 424.9111492476972 162.62538261813555
23.58594660781409 430.27225374790356 158.63950427420332
14.897260801272969 439.02027841953935 163.92534507548422
19.4900285517617 429.5329804618825 168.72303904161507
24.95887000607779 437.6367902013714 164.5048721548289
25.211272140362887 429.6124292770798 156.91730521061058
18.509484084706948 423.6019056815904 161.22714986664894
22.27353202124415 423.2314891771704 151.6360437963247
26.478739636904955 427.57450240930245 151.6946817992696
32.05312055202805 434.52323054010475 142.04824128211425
25.292205572052197 427.2443723827469 147.65199574835233
27.341258501972547 428.96523548651595 150.8861604761459
19.82483464045521 423.6435180303101 159.60751050015017
25.651023743660424 429.5321039234828 153.74496257503841
20.268392625792398 426.5781409045518 162.20336443076607
21.00890088004591 434.6897060952455 161.42680187806764
28.887805853893777 433.9556863786087 166.39602376677436
20.089918668948016 429.4679456338429 171.76711818433307
17.84017413651264 439.36385874203177 173.57390029602644
9.77713517929046 444.32239201492604 178.56259434251152
19.646322920691084 450.93127321039066 183.36950727826073
12.79354773070709 442.0409118994846 188.94336780215136
17.041555455522868 435.6989700881869 191.91237882160854
13.139093195321689 426.3857129842779 182.20950136169859
3.209007791349002 419.7156717837168 179.4611794357509
1.402199671225007 413.8687518182163 171.00575498231387
5.27312540421104 414.4336816994567 169.082880111592
4.844681491914914 419.3387797702418 165.88025663665985
0.006284139726019156 411.33074273048743 158.74328692125167
-2.3935130288227393 413.19614994744967 157.9452015622939
-1.888286338914015 420.0688891189274 155.4781753957316
-7.14969664208972 422.6120989053809 158.87488371879013
2.1708730319598812 419.5534045168976 157.5630289773554
-6.269219468103924 428.1204076914517 153.97536992955457
-6.467450264742574 436.4070675613169 161.41468069181116
1.1058446854346533 435.34276090056784 153.7108673517353
7.815599516051592 431.07600097045065 154.2659477180346
10.579264349905877 421.7798689703152 161.8964304662768
0.7046167356676314 415.9665565853599 171.69990421576074
7.664679288692476 425.7600492008856 171.4137510011184
12.581238422377243 433.43028064603243 180.74385162979834
12.178622196196722 432.3209334167618 187.23025102725177
4.5403520068943415 431.77322279971855 196.8059060385969
6.624195311985977 437.22155172382077 193.40120364945003
2.8707379961792627 435.20012888205474 199.26693468125902
-3.507476543625529 433.2532871525945 205.42629343951762
6.420060206135222 440.48168200979774 214.92790374073365
1.9489734563546603 440.76664489606327 220.55470654485973
-1.0569706134220334 434.42217506026765 211.0738438910554
-9.318852539720558 437.16074940024515 208.45166159786777
-15.883563642624324 441.27483468524935 207.44860511980232
-24.553731677090237 448.01414647536615 206.5529118820247
-22.798878548936163 438.587168700445 199.9783535648394
-22.680007294331226 438.673803461336 195.66181489084033
-14.755118675902823 433.00786451845954 193.0425623699917
-20.45456365683897 442.5927093008564 190.95791913510183
-16.126718225761543 447.77572776966923 187.01835382789426
-20.864188953825796 440.05862828579046 190.36486013813362
-25.467509055230032 438.8118441895628 194.93651314123045
-30.885883510938147 440.8439836850207 187.34753813215903
-26.490288712163032 432.54578289368027 177.44465036908275
-33.355233912020324 435.63695994870943 171.41623903137565
-25.840878228340102 427.1406357354729 162.54868430736866
-19.329959613566164 427.1368003509966 165.47365211721547
-10.436074894691819 425.9480523795758 164.04056810474282
-2.9626770137244876 416.7311314068888 160.45175685881182
-7.276687444610447 421.5025274544607 157.23039700208898
-2.009417971569839 415.0342533655655 151.25709881794756
-8.878305287376536 423.2208911149351 144.09222342527295
-5.395556801211002 428.9606652886944 148.85372427391
-0.3925125895600772 423.183614429309 151.63848522291423
-4.076765916061563 427.24393881183835 152.41049074624485
-12.999132704221566 434.09783174291755 153.5324103421206
-3.0148108480107005 435.46130881085423 156.154995917336
4.658257956493719 431.43597028122633 151.0533563476106
13.020085393568383 423.98265158651003 144.4222221029114
12.835373330011612 420.42442831410193 151.16671586175508
16.277537028763998 416.12305835279113 144.25423163446402
25.898129698728766 414.72010141513607 150.93103875365304
28.31895175582951 408.95341318863376 159.71234927799506
36.858007974473736 401.6423235870698 162.5458150884868
31.956582049514097 407.4615807241474 168.9096162890341
38.313777462140315 402.43549388685625 159.49918184514408
37.11467256179652 404.39097878141223 166.8497855690209
37.021799502592216 412.64136196309767 172.77478712903212
36.28316686261105 413.6915557182278 170.1530108195604
28.97032719090346 408.28318304100384 172.38709387593312
32.9048047830309 403.804517480076 172.90380588345752
22.97284704907269 398.9412157853294 163.23597098845542
32.728446142975784 395.67300587012556 155.1702579694562
27.382534639686146 386.2434186525034 163.49266285285697
31.47319929135856 382.73229859918644 157.3649996522119
32.57426052025804 383.3176392398863 158.97096757177061
35.65114639701596 374.7610554146816 149.504060598883
42.867526620980435 383.36953126536537 140.24977138033753
51.72169389014702 375.6875003276561 135.47956526289792
50.45657121541579 367.2689490787484 134.117610367675
56.747877507952225 365.05043317559796 136.95838150340407
47.09390283835874 369.88473001610765 138.53830928405307
48.259381516352384 365.41177186626544 145.31237460499673
43.32910669817533 358.1726429948212 154.3735124847784
33.82615404698333 351.8561503195772 155.86233421803502
28.837315730070422 350.14674313925434 155.24933040823456
25.492458703431183 359.64195044165825 157.40550388460167
18.99706770410868 361.54417004699775 166.84188782337137
26.151788237939854 360.37691351509176 176.1504564987277
26.397582012661772 364.8583176327644 173.19714442106323
25.38884137996491 361.1683644738685 174.1864681039782
27.08022230384754 359.4295435659098 167.90090820159733
21.067135277761732 354.57132199476314 158.94327604066342
12.388169218624045 352.36752336009795 160.79976311438566
18.04613638650489 360.26947641328036 157.95384018746148
9.133071698238641 361.52622797342156 158.75652407924758
11.009732074375531 352.8058655385466 155.49685592017428
9.820991928695666 354.18799664918583 159.11293103555656
9.682758320458271 354.8724970368057 162.47643767676786
3.5767141814907877 345.33899972234315 167.56945567894536
2.686463845223539 340.28769026903257 160.57353840249218
4.127229630749585 345.9039697377362 154.82378202118758
14.005096324373266 336.1228542280819 145.67021783035887
7.028073227535122 331.21267288271804 143.25625505731628
8.982657839060238 321.3389243977711 134.8284010842472
9.473271493606292 320.3622940563749 144.75700861909277
0.9673449619479744 312.10391614243366 140.2824330688591
0.8001032238115533 316.80660107145104 139.8906921310279
-4.527416588710164 321.6275324418147 131.18901495776353
-10.392657439615128 328.12787222618175 139.62602379873047
-11.702660673481104 326.5308037508908 130.5415945450522
-13.147278849579248 318.1437718329228 133.56577427397565
-18.64656401575622 325.7695115784514 130.4258412078297
-17.357123405342783 322.1407312239246 133.78316265237763
-24.70213741977662 315.4251576986187 135.66164727670218
-25.555038627218437 321.63931150689524 125.8576203899623
-16.85101658084227 328.1609095341643 118.29850436954376
-10.927537931446249 330.6701189389759 113.72971284345837
-10.6354220342448 320.9980545628034 115.99968942862398
-15.311314022512361 321.2741156346192 119.67528694812096
-13.882374791691936 314.8607573166193 116.83118320351484
-12.477600084889431 311.21444576581456 117.85873474804634
-3.5074595787137604 301.95482157728185 123.07916310744332
-0.8677659114033238 294.33480599517765 126.78854729559292
-8.767646734933788 302.5246236319746 133.31629658536437
-15.354818506625698 305.1781877282716 127.43973403295362
-13.380588946341671 314.517712571578 126.89225678502827
-16.887026938343233 321.68714906581494 136.60968012652154
-10.582642380565108 316.9588858987079 134.6459427628735
-18.541128490375215 317.16834575160067 134.90891000265498
-17.343562333070345 325.2507934202097 132.18491497865298
-17.656282851458435 317.22224302029053 127.10422430772788
-17.10432100969266 326.96292054921224 125.97016973432223
-20.515045551813532 324.1616259761677 124.32179195901901
-12.156436384835711 323.3571368971 118.12716430168435
-13.161502027921564 316.4590332248269 121.03420233779968
-21.75265427770216 321.05356147712325 114.1596731223761
-27.036339319787672 315.9692079476049 107.22407817660188
-17.814563538994275 319.7030246343501 105.39415213404608
-15.231129383371243 317.192058746871 99.70777242017583
-20.305358951732053 319.97606374630493 92.87778417058347
-13.240911340275307 311.15679850593807 97.8309439938578
-14.763787731862525 314.12208241453 104.93267825215503
-17.516952567014222 306.2906239243699 105.90694204125298
-25.226606956043128 302.17216580644134 97.06009719944785
-31.009750437739566 311.5377165235538 104.85995359264753
-39.145552320508216 310.92665315796773 109.67693621713659
-32.37317090485982 300.9936760260041 115.16194685704956
-39.29833993666629 299.63753246058474 124.95244653209728
-42.54169496058289 295.17948119748905 119.75233206183171
-36.964008829632846 295.99994094506155 127.28069832724385
-43.94183849450281 299.50704653594244 121.74485838496733
-46.31668786442975 291.5532709672488 112.13788857026492
-49.50517499979019 296.2835188472079 119.83625891538941
-47.26964018014138 293.94245211407485 120.87952818898867
-41.16986165614088 298.32308189256656 127.27660003656601
-34.39952953800071 296.52440991203 118.55847042078841
-38.79942532315252 298.5853646259086 114.21957343661802
-48.41314092418617 290.1974347398915 119.60381249322002
-49.66762559360886 284.14292389213495 127.17472628548131
-47.13639647112966 283.5384460834186 127.6782709957589
-41.74689426610959 286.75704851882216 129.8031709833025
-32.74600233258465 277.29427318378526 129.69181919193014
-31.79177271374343 272.0703763519426 122.88205946172627
-23.849842080078947 265.5936661212921 118.50221292221774
-26.568960005909325 258.7977880637445 120.95941687655811
-33.484178119493826 254.78349840777008 121.14998566820573
-40.305764551478305 249.1084247270526 129.79578144593043
-45.24260774890268 241.50676633654896 129.74590295020332
-42.87110908951263 237.12603640083088 122.87274210246213
-39.128763139654204 246.588028234674 115.96719661518217
-44.01075755070577 243.6473372360178 119.25538847996988
-53.20351160304523 240.45833176575906 110.76897760171704
-59.34593044591048 236.01255712075388 113.56569529485967
-64.16493753326901 230.68213050867234 108.32405522743188
-62.98016674564518 226.7793617204725 112.751092460121
-71.7117165171598 221.15475588329153 112.93498655886462
-68.68649892078155 228.3789837327338 120.10680264746668
-61.489207125215614 226.99224522327398 127.13100378235346
-53.342955795616305 220.1538269461088 120.87837143032519
-56.220421072963994 223.63519194986543 114.2423912262304
-53.761416163441034 216.8501358368253 107.85030207969683
-60.83857046118419 215.7431771392775 100.8189567210744
-62.522726292651456 225.25005245593601 109.2595258948196
-59.52012103664063 229.72819947216144 109.34413037759724
-56.98994833428969 224.10600410029775 100.94767119141562
-64.39707668594772 231.24218189479637 94.34965651556976
-66.62166963982726 233.319885603932 100.84215124991255
-59.990166631535566 240.60022073608076 97.93235316467144
-68.97208769088908 240.7540396192813 101.83356071795403
-71.75718291013203 236.60818969194503 96.1276652518456
-67.09625744907254 228.73577616781512 99.61075456476333
-64.96486934861285 220.31255118493803 104.91454705333159
-72.4215418047589 223.95075520529304 102.73807377462461
-63.91236254847611 218.93679187963335 97.73809871801643
-64.06377551835892 219.8363942773541 102.94465258639174
-62.30857479772716 229.5197222513271 98.92033944527354
-52.94081866631622 226.55783086345207 104.36294025556039
-56.949952615911855 218.2445654258148 110.46784837758591
-49.85720308721962 217.72525353571285 112.54251094551388
-45.91117583601218 223.39436220610781 106.2323342646044
-48.379516103146244 229.35735838030737 109.5450097638562
-50.12198882923896 238.06337365865681 116.82128913897775
-46.173268656804076 241.12102883652167 126.7962415043913
-45.76474218326162 232.36700712770852 131.21001077593073
-35.863279163650034 235.3778683331621 131.94218959376482
-27.303440868995075 243.48377845430795 133.2566075113449
-34.543753069943854 239.59058825875053 130.38897451778726
-31.13230641937904 235.05717851777564 135.42301227848398
-26.653032547707667 242.66245806392794 132.4214666146928
-33.96288394409389 248.85217244520268 125.60959486279654
-37.78988817367864 251.89036088017818 125.0967251622922
-40.53282273733305 259.8561008983764 119.5626712472169
-40.61554282376173 251.11664475007362 122.72436121658227
-46.36039538079638 257.9244175442795 116.01707309707562
-44.3829978694281 267.11034934322095 119.80719004951746
-47.98789030647334 276.6674896224291 117.74861284919963
-56.90747117691301 269.98337665535905 125.26188262566048
-60.293512158138654 278.38419672591033 123.47700539531205
-54.050724548199675 279.43043630408357 114.98671814427063
-52.32229265239542 276.99202295253957 112.91163749093474
-47.36525046728605 285.5551066563254 114.73176818793085
-37.66859811273734 278.1634927786503 111.74484628544954
-35.00474013313042 282.56742190498375 118.03124387510151
-25.142904981999735 284.774125275787 113.84054665285171
-30.40446741277392 283.1286260477159 103.98268669568733
-25.447587089423997 288.88436119233296 100.54959610556148
-18.541933588462918 291.11290320040115 105.4180837937989
-24.290591046806412 297.7491473496545 98.35143698172003
-31.545892715214727 300.3059345146128 95.7320752112961
-28.37001826603205 305.46722066820286 96.0144116824829
-28.107785326670175 296.60344640425075 100.96885054595134
-32.56262148443655 296.82168820178566 92.92741321452621
-41.31491153850243 301.8577279907278 95.5240730366609
-46.41685943067286 306.7873399493239 99.01860239650063
-52.51104482356949 298.0389739403464 94.91950032848489
-57.98182544618375 299.2405123013875 100.35320062600842
-54.68473972065505 306.9741771477063 96.23477602686067
-51.056214510238995 301.4856600686631 101.31558964677032
-48.556937165930755 294.4980000640028 92.9495604077759
-41.85123233232759 290.763248077465 95.33327319358963
-45.78186871339576 297.8838678828578 96.58867108621982
-36.53936714353222 288.985767906142 105.65663116670362
-33.04289304120229 296.0847223200833 110.56559462179335
-33.1894927885109 295.88861280189 114.98964238043526
-39.50545608702045 294.27737081629516 109.072818892287
-34.727705587299695 297.75167102861275 108.94628575740553
-30.693618381671676 302.75437446555105 104.35130441684203
-22.013858015964008 293.8441753353755 110.81830107801123
-13.025205202891517 297.5855686407078 112.2072729471299
-10.09969558617752 298.08966660646473 116.11437705344095
-6.4919552369191 303.6815024978761 111.39026219227964
-12.762757172228605 298.1112798233847 103.8932186872528
-12.633801491327509 288.6465190270062 103.82785104729751
-17.589266138333837 294.59229528339296 108.93738900920788
-12.494646212504009 287.78581367639595 111.72031361757202
-10.740174909658888 297.26198357200343 117.19023665948788
-12.305330775447448 300.56331607163844 116.66995621059364
-7.853894291948143 297.7200951120469 116.72738518785485
-0.822308091952622 288.9925643629818 106.80278667871028
8.596863955037154 298.61167548574326 111.58593252139977
14.085197196291006 290.45688335177687 105.43163735668448
18.900783761631686 286.2517267582345 96.90714411096313
25.53508792853376 295.73708336544036 104.28285713836452
17.000892650250197 292.32385553318466 103.2580368315146
22.637403138597417 283.35196455388837 113.20011315857182
26.457479612271193 280.6547107320123 119.02914546474244
23.033706257255112 283.2151889240746 116.89440038622305
14.76599631724777 275.70589425043653 124.14176815672384
21.645145476636927 280.8734035646828 122.50324870944107
23.36135607327908 290.01115042847925 121.28551960380727
13.697325742892389 281.4439859706385 112.05769754120408
10.556773105223922 284.92717764591123 113.79600019664568
8.072890013637695 291.7278337424773 107.07433623790766
-1.5703178071864219 292.42410113173344 112.88011809525246
-7.815366317674593 295.53723129951754 109.6459732723714
-9.078128892527335 304.5361088404136 106.6621883853368
-1.8507480940781402 296.0672328135526 115.18082989674494
-3.729428481865333 286.34884305090713 122.69276458176448
3.928483759423611 293.3432230685355 123.32713547488923
1.279917753272768 290.8675243349498 120.4209745311994
9.125426979489827 299.4654210316659 125.49655113266631
14.02634337881262 299.9852083319953 130.9608516948353
13.339043165830699 308.0205463531325 121.04004951354594
7.718258374283634 315.8376175133786 128.21392630719475
1.7713824734052146 325.6199021403703 134.64497173982122
0.8185353328692706 332.27931500032093 128.02162956873363
-3.7688889921727204 322.87514674367395 127.81674624113653
-3.315046324357169 320.89317237505094 132.50970142677764
-12.364864695092859 325.0341472172998 141.27798037104208
-22.019599466575116 325.75008272818724 137.78721508464196
-16.849665857059307 316.1496282969829 136.54615964187172
-22.994647124673705 320.95949308403203 134.5937686003276
-30.520042453264494 311.7450304166686 131.03241708044308
-28.33736798594805 311.34914696822835 139.88157055361037
-35.022344568911 311.17016521240384 141.80861047462346
-37.81528590479373 320.0188953809741 146.37425647596055
-37.239898482550416 317.13487731273455 145.23753067898588
-28.1372165938253 317.62185966887046 136.177423331209
-20.59004202069747 321.1656595014785 130.02238170370094
-21.10879941332316 318.23116878317165 123.26724773146015
-24.801122130252764 313.5618436914587 126.75860929372253
-20.87503671266469 305.1269771230085 123.52508281206238
-26.392218685522387 302.1180725362485 124.12345135615884
-18.57255698952025 295.7563473099501 132.27282660092254
-21.13920367065007 292.6320739787339 137.52136176582823
-28.667177288061826 301.5720694838603 136.78307993294305
-31.79200396159868 307.21700631636173 142.97272410431
-34.04283784518118 309.18213535002053 151.39756432120953
-32.09596538127619 310.52063272577703 157.5226346639123
-25.248107750925005 306.85993220993146 156.41984637881444
-26.038188100836773 313.06838900010354 152.74039820996043
-16.298396313327604 318.4914662077174 147.99655514999276
-16.88639822094585 327.4803783600972 148.96245922586112
-21.63094797162857 334.24886520369614 142.56924305303332
-12.414077002559837 336.43082057408833 144.6264251842973
-9.606760457112815 328.2920231171031 138.89238104952048
-7.448016464318208 328.6931693714626 142.7188431545077
-14.541507496912189 326.9687841243761 141.62795036481518
-11.494000327069923 325.6412540362542 138.91384045320663
-2.170939416627075 330.47606964277526 140.10905133730873
3.739221028800607 323.27462815859786 149.8801065685917
-0.9688889161464029 331.71542600707517 141.23313809729956
5.402463263876857 332.18899132511314 138.0852263790198
-2.716834837718176 328.9603526716249 141.35604354990267
-3.6054681110971787 327.1709500201131 145.32686262469096
1.3479003082269436 322.26049286983437 136.84027616608367
-8.490099732447531 331.9488195106845 129.65471921156666
-16.0748583703042 338.9869688771841 132.236059235559
-10.339351458981891 346.4484866583671 135.16582404829754
-18.272813098331557 340.1647023851091 143.18505971055706
-19.514755129422422 330.42991518158556 141.63652166881144
-11.129938555799058 335.9131182371185 144.07836426881533
-4.846045333915576 335.2542448875761 135.69145745513893
-13.982173216053829 336.72889479005335 134.69124073466472
-13.272201130950414 331.6287428073719 138.31281283721205
-3.8114082633794144 341.48323169516334 145.43044940593825
-4.839960150410112 337.39585071542666 152.62876130749902
2.38412270163957 339.8235552054259 159.4601408684149
-5.131533828466304 334.4480016220928 163.49818913542717
-10.609438048479243 337.7495478818842 160.86548016645085
-2.4886414220990627 330.98689801852527 160.40735246655504
1.1965611841865154 336.9873662963888 161.37840898424855
2.6990759510528894 343.35283531213935 163.42713526074584
2.508969859399408 346.66308866808953 170.0109983530545
9.020975411458124 350.14791036040754 177.38130752534298
7.791360118940995 348.10500085819467 186.71513228710617
-1.2572390272699554 350.124733291178 187.41233224965927
-1.241348520492708 359.8338270221442 183.02394549887563
-7.80872437970834 354.45666574681445 185.83056174014095
-15.770500318172981 357.2143941008646 189.8692662762244
-10.763413841160238 366.2359984191761 187.90910080900164
-3.1044513517319556 374.2327470599346 188.92228951600774
-12.95524796195511 375.6016169242999 196.71354314152217
-22.50322236628132 381.5431978050833 194.5262416826667
-29.63549456612586 373.8177046908552 202.4456288472135
-26.075985350560188 383.0212808660595 208.36137346751522
-22.56593554830922 391.55513926080715 216.79808998808326
-22.464405688000056 393.03259922910865 220.3108551134331
-16.115175100480087 398.6447756549755 229.01710295571394
-6.694102598601436 396.41135770441775 231.1750288464149
-8.39072981494239 392.016931335803 228.33031898771043
-15.603543774677789 391.8784876356488 236.48972193075852
-11.098606715635697 385.39582056306995 233.6844003457378
-14.413525800073053 375.8646473797194 232.19386856644246
-23.710629230586164 385.3583462541316 241.2405952859179
-14.726278700520414 380.3335465612785 243.56614139391706
-12.184641832019288 377.6159941111349 240.58682968886677
-19.27590911570713 369.4545703048717 241.0535825418455
-9.85326924518747 374.04980890759447 250.75252062446222
-3.8918144607492398 382.92436570986223 252.1769234703242
-11.438336791100287 385.4221475113771 247.22911182215512
-10.54675441134637 391.45392112557676 242.1528889548256
-14.260451346742276 397.6878106477512 249.135687414267
-14.668126621000566 407.1551095404263 247.6368553297751
-6.122846887901414 414.48647327177923 249.61596107320943
-12.244609722960234 421.6920166479645 254.9848943799787
-17.291588094558122 413.31151685741224 245.2647965709655
-23.712875544449624 406.89218148631966 251.34073174517246
-28.68080429846441 401.3291014554262 249.888969983389
-20.5747719372833 395.67171090598123 251.6772503924979
-19.27647195429752 401.37862379837094 257.49815075515835
-10.707511284854373 408.1927400179753 252.46345609688984
-18.694902102558835 405.8836080941876 256.58089345689865
-20.770261718802605 405.54847748868855 249.45448932650615
-25.40662201062967 402.0578434140937 240.49786115966347
-18.708058715331102 400.06819481326534 237.86251497459457
-26.97213336428939 399.94434100706616 228.5293746558536
-35.12863731758472 391.9767214886843 234.8019381606019
-36.91115323044359 385.41549815224744 225.9751786509392
-36.71910111855511 377.65040109969067 222.63776480321528
-42.014075482000095 377.0494616657104 213.65349271834322
-37.38774563870483 374.88001202938193 208.82036363059763
-32.86436598673039 376.4279568579731 209.7348806569526
-38.96012985276873 383.0570231301706 219.4539770557555
-40.714823102629815 380.8281752592662 210.1901135208225
-40.29942553112012 385.15087854818864 219.09369175626946
-46.52416599875794 388.3668427540896 209.73166917919255
-50.188704237198166 390.16589208314997 205.60543953322647
-44.12579525423635 393.82498063561525 206.1735480026539
-38.75366245289802 402.54205579499103 211.1803954225596
-32.84396807539777 407.3812520165452 207.74614658319382
-27.807951555342278 410.6866228625071 208.72999341377712
-27.556766305328402 412.77212568622986 206.0676761833321
-30.792473643005746 409.7434758410428 210.63557137429999
-31.518538812401836 415.91430154569787 219.3450502085582
-32.85076115766732 406.5038769667596 219.7920187114653
-34.05442582036125 399.5798413761547 214.9743353909607
-31.07524858941513 401.68512697814015 213.80995193347545
-34.584926219885745 392.62390275867926 205.9055719595755
-37.040219347949815 387.0199620349141 199.77263614130047
-34.936948926200294 381.59415203788933 205.51439500785813
-29.144547952735145 378.67521254055345 203.70393665385754
-28.335635464876127 369.4762344004926 208.13072497122792
-23.870582162618156 360.3557507003207 202.93206115145597
-30.170211989822125 366.50350732526636 201.86087822983038
-22.65435280457097 371.0746355935672 199.63649161415736
-15.347253442714441 376.00760425302326 204.08530769342087
-16.79219785418388 376.9707542230999 205.91751758483295
-23.772063887215317 377.77415014256934 199.28242501061027
-19.770030020713186 373.97765740657053 200.57627120938938
-10.576838587549664 378.384870448241 191.86329194019524
-7.707315910300428 369.8215682484007 182.4387749990348
-2.211168913220426 362.55988183969714 187.85436319426663
-5.91781121735515 362.0995139561375 189.33949670000572
-6.70569321214871 358.30490432874177 196.12119936327215
-14.020589552722273 349.3259401473049 197.69078579815076
-4.281933931488352 345.0371991605639 193.78984036649206
-13.840347864403743 340.96545093259766 194.01982099629174
-20.333005574690354 339.99392660129627 191.86866956979625
-30.293641935749477 346.6963077653623 186.13855140265915
-33.94890294217231 350.99979898151673 188.7392819695087
-28.352456593861834 342.670240502281 192.0379577073246
-27.08425527509044 337.8365551617304 189.6333783744935
-22.577319350942027 328.2585507059439 185.84196005908126
-21.5685140850125 330.9912860891815 178.5449592574219
-30.9700984127468 339.10196309492056 188.3763409900891
-29.263720465321057 335.01903369116957 190.86879766479544
-34.82189004261622 330.36137320154756 184.45383658247138
-25.59348371215495 330.4837028725066 180.7090675941487
-27.45212840823335 339.7405490675607 178.66068558917365
-24.36704119683492 333.27024328941195 186.0606968880374
-15.943104737516713 335.4643770459 184.73314555775
-11.876580013809711 334.30437167012235 177.46159677917262
-20.961680878538928 343.109367563163 173.58503638808156
-28.575829825779344 346.868322428913 168.06514697654103
-31.80663222584991 342.42342181941297 171.603905176761
-30.384409793743135 341.4602389820857 174.64034078036903
-30.612630448871894 332.2935496834611 165.49229145814058
-29.615127788773332 338.1952240318468 156.10969662617106
-20.180126986786313 329.6069794190222 163.64941596372444
-23.054426863548738 338.51300566763064 167.0674287417685
-26.64284922861742 347.14432608434174 159.25469692215336
-33.30503076452056 355.9833414709223 159.7057386583708
-27.29794090277258 352.9938151104702 166.7298186539501
-24.815876404256453 354.83559286755656 164.24875846902026
-31.18992864422605 353.2617683375634 156.42221956018608
-35.097123836560556 350.09335848979947 147.8037381133756
-41.41314332272011 359.18647793894905 142.2262896087501
-35.9684654832703 352.4322465697118 151.08360578686782
-27.26603447873316 344.3784524105323 148.88798927590128
-31.3831548246485 341.32512833038373 143.07509642035475
-39.72947071210423 335.7924525108016 149.5766180098325
-46.28593230656734 325.7953369576654 142.99696975391703
-53.08713759377879 321.800873146392 152.59625907555522
-62.12367461815184 320.44098704243095 148.48140141091295
-62.21322384569453 313.82537178450144 147.99089847305666
-60.46577735661032 314.3037106290202 144.98316606983448
-59.29451602791205 312.30018391252236 145.08788750402326
-53.4891317477429 319.94204166357065 148.18427560185427
-44.565589830967866 321.0863422771054 138.82972109382968
-40.15507634210864 312.0853684920204 137.24816185035488
-37.42318955056416 305.57067134986033 136.01402378003053
-41.27915041142448 310.8660718901749 132.32739891245632
-45.2577129629819 311.2919408167504 136.45033895947734
-41.74832967856784 305.5074103081142 133.64502557243458
-50.99865923664154 309.8792678838177 141.6021821994073
-58.261142848386825 313.8030573868775 143.85839283041943
-49.960543679784735 313.9160370977871 143.1914547694383
-50.305251630957095 303.9318486381578 146.11680969359307
-49.648454879106296 298.2790710543086 136.2357500463681
-47.21999009129671 296.0204996542768 131.631050188785
-42.72110239763733 286.49477509740524 123.61119918584778
-37.84982005833279 285.2913799855287 121.65663969669086
-45.964974476300725 281.28187435322076 115.50379066448403
-44.660930091988895 288.33654232786597 110.23588102810746
-41.378433623265366 297.19728332537505 106.4817637077307
-37.13492930585172 298.1008728526868 103.8985202056784
-40.441275413637115 299.0457848513573 113.1045904691741
-41.588815707708186 299.2467453038252 116.94654554227023
-45.164724812274365 306.36174752473113 126.05576639131701
-46.01752193382721 298.4693112551625 116.62221793640238
-42.73054690771023 308.2417361755872 120.94235695889812
-34.209911308761235 314.0093884834987 112.67555295325957
-24.336946591805813 323.6175848955461 115.482588938178
-26.368229524876952 320.07765682456983 124.72592220006287
-33.07744607870411 310.6401605629007 120.67104973334902
-29.218088288311687 316.9983826448158 126.6791369667858
-24.11607661011923 310.98203847579555 126.19338113992549
-19.045942584097233 314.269393944687 132.75447339124526
-10.510508501065313 308.4093413246781 142.505861909445
-10.357345178943778 310.77013096837777 139.36630792813847
-13.302287436808989 317.62645829015725 143.7028102558163
-19.11554715367692 324.14477557568114 151.6757619686115
-18.812135821473873 333.0047676343243 158.9346664551013
-18.435437955807675 341.0660500386299 151.6945292312397
-10.923388538089545 338.98634059564176 159.3836391286999
-1.7616499408010071 343.7331424821896 152.25299597846922
-8.31920717772636 337.2599266455085 142.92993041228868
-16.96695403369005 343.30302841383707 136.74700051316114
-17.903110506312515 337.980020959002 130.0431360327355
-10.597061237965537 343.15295617865854 126.72076206393044
-6.276948106048279 341.8683631419315 132.32320913944775
-11.425004278438859 337.4829721376987 128.28997058659513
-12.208167250538013 334.01900768149886 125.7355352478571
-20.11451217784378 329.08496448609907 115.91737194602726
-11.558959709191113 334.707159365713 125.89055095617147
-12.390417990132384 335.20932571800085 132.77076756656407
-14.807646035100179 329.32309410013954 133.42635951929634
-6.508784449448777 321.49619872676493 125.26129679210368
-0.2514898135380914 331.3728714362174 131.05126543263452
3.5712070956291333 325.5377505475526 139.18211554257496
7.63924962990639 331.94620935881414 140.95228094015815
-2.1218803184146466 329.9496125464339 136.1347393054937
2.952140279143469 320.6874866995243 138.55996421671293
-0.061652579503423954 317.38537033546237 136.2582906654733
1.709057544108754 317.58797236052106 137.90847705327715
-2.560344381597748 323.10088673601854 143.6067821013768
-1.5702069204201408 329.78217867821206 140.5653392378263
-6.172991682735518 331.5088778561471 146.26964574777946
-4.207611449705208 337.2440349057639 149.515761044126
-10.472891244922623 328.6186614542344 148.59495035434296
-9.26202592453713 321.48830745964676 149.40551252663582
-13.435375027810835 331.4205207963569 158.9059445238511
-16.212206405713086 340.5547829514925 162.2004448875589
-14.009067012080413 334.3582971815221 157.02658013176938
-17.924330248720032 330.1222385192147 163.09147172408572
-20.53734916843168 335.91942565490496 165.69250395830952
-27.635409743443404 327.8619039828389 161.56432953591474
-18.279479854794936 319.0523164193476 160.0708833914972
-25.871900043662066 327.2518550533047 155.73222473898477
-27.017847507232677 322.96362434558216 146.1248762262867
-26.78344179847928 330.7830876239677 139.91161999371033
-17.47428168403492 339.8199233900275 144.19512998107945
-9.865356510174834 346.72512970809964 145.90631665703222
-18.198261157943165 344.4415914174681 154.93694841853429
-24.206527085755642 353.8772044637825 149.068807784626
-21.64504951501585 345.13069543131013 153.5866681122614
-25.714773598697427 354.3355622666461 159.63057106506042
-30.8896879353357 353.88002729748314 151.24897773979907
-31.132045218115593 352.7026188986054 150.3961558859441
-37.40757023558942 356.86527914256675 145.47017371153268
-32.62579244503438 361.7582544837723 150.36071762394573
-42.273069834021825 352.8438673603454 142.1560540054667
-47.91402764717422 350.6596069601715 138.85667994083065
-55.64555610874855 356.6597305957712 130.35921328919025
-63.46759085470079 354.8596182134966 137.48926888532225
-71.00113692603054 349.21462564095435 132.46857254186028
-65.55112881498384 354.40702252511113 137.61541097136924
-73.20126842609838 355.31173854010717 144.3737790881717
-70.60997303072416 350.04052602816336 143.14852281636018
-67.21846406295462 353.915799995335 151.7522798387461
-61.68693423576235 351.7831298522556 161.04297450489165
-60.632502401356916 357.80708021675866 169.14357638180923
-51.35901294305158 357.1497297401124 159.7724903585182
-60.24962157882642 358.0026532710217 152.6904595278424
-65.5740836513267 359.0145391058027 150.34207321047896
-59.768419400867714 364.1020443651912 143.57686669709483
-69.61696319752606 356.5041204812069 134.46730562163668
-66.98005358844408 353.5716928648345 131.56998992866014
-73.55739474458083 352.81884146368554 128.74599057338358
-74.83936776936815 358.1367326767674 123.01822649568211
-66.99938812096788 357.7308522957594 129.50361512441884
-57.68766722731112 352.72001423090916 123.40676576820866
-56.72324010203617 360.51183557552866 128.5507646192453
-56.001157176193026 350.9503060203831 126.93677157055919
-58.32554086149398 353.53288349937463 131.76042400105277
-57.12118897568152 346.8202613024471 127.32446892612866
-50.08749468757272 339.33275457855603 126.69533510103577
-48.27053791390313 343.12311499025276 130.26714058130477
-53.14139549864575 351.39275723495496 130.32426596190356
-44.99969825421314 356.23779348139954 125.18114153438319
-49.70780733703502 354.85495968967183 131.2373404316246
-46.63557633060204 363.40061526579086 126.34114489767664
-47.98243223266408 369.87085677305794 122.04474835470016
-56.822361801565606 365.4836724482742 114.97063503873026
-57.75099000487722 358.5919283793475 123.65287602885218
-65.69045645385923 358.2778353302762 131.8475685389613
-59.377392340110724 359.73998058380164 134.03407584098423
-67.62304319234835 352.79153538890165 132.43846598055893
-70.99179761205059 353.3906122189928 127.95470503198428
-66.16962370716789 345.85973218434424 134.50928750810067
-62.23911965788113 339.137761047612 126.89670269789937
-69.47285824632866 339.91815122327523 121.40720152741068
-72.46611920200041 332.5722200649547 120.37251797327764
-75.70921659216506 330.06495982982096 128.03734267245903
-73.6443679465239 337.17135409812846 118.08428594479804
-68.48054033966781 344.1688606400376 123.03567305272435
-66.62297170561348 347.5726627198046 125.29384095923406
-65.74481442398228 351.76167879255394 120.7862623617678
-68.32049200021174 346.24553313510955 111.4570333015131
-60.99595155623019 337.9063267892623 103.33132733643652
-56.13033163589259 331.5449646435637 111.75165993827761
-56.59117307292988 340.9871780147934 116.81990997474857
-48.68430670094707 340.32154929388855 112.43855333666168
-45.62552785668513 342.97380420205525 111.87606803118528
-51.6162606552927 349.5541574035351 111.38268069574997
-44.15920328361111 343.8386278841992 107.56225782404405
-51.95559997448509 341.04968425700446 112.32385546505249
-59.42192939252385 336.32551507391184 118.463401311836
-59.448910913170536 344.53277994917244 111.55072065109941
-51.12890350794733 345.1451645213699 114.90498906319782
-47.65165287160233 350.4996188600239 121.83457971028331
-50.89011717519718 359.4340386154462 121.97702474995137
-48.9413068481826 367.4096679540654 119.62894116672271
-50.413119544458425 357.83593883443723 122.67338133641695
-56.53284164169002 350.13549828160603 125.20170188449639
-51.20914646612471 353.44319088922276 117.81855651548096
-56.20664820427887 347.1706446884714 108.2613889081569
-56.738890774858696 341.83324259514404 117.0011957635992
-58.46701127882743 336.75643531943626 112.76735200720734
-56.60121670555017 330.7533426574539 117.55157438457276
-55.96478802350554 329.2702010504184 123.32671779804132
-49.05326905409025 327.3825736819525 123.10171438622282
-45.02825774714131 322.1972117108908 124.39905019806415
-51.88620779691291 332.12761200845165 120.64852701408657
-44.83635899324174 332.42733795006245 111.72078066388434
-39.0874447601701 333.061469336088 114.60782170416492
-46.404776301269905 331.25218515028524 109.24873359522579
-53.891811347113645 340.5063486025225 107.7587967038813
-56.31256139322937 341.16943037732784 109.055060765885
-53.449911962702245 340.76214694517694 110.21836120634195
-59.90058727971963 343.966296869021 112.15247037528968
-58.361830024336655 339.1724236576892 120.10906377481827
-54.63056025797473 336.58188236160703 118.93527500704073
-61.786012955599105 343.54271415401166 111.3943708032463
-55.5289781913644 337.3310894801928 104.2101085595021
-50.73723393964923 330.40907936711824 105.84532675209022
-44.10122606687495 323.5242119643978 97.2750139457091
-42.86939632023757 327.22486067280147 89.6712275973608
-45.19846967476933 330.8281132835725 92.40609601725338
-53.893359829650194 333.4946808103318 84.88934357376039
-56.60022917958898 331.60795652270855 87.3493581555731
-66.3443501478601 339.24534877175324 81.65322572575053
-58.02246542316645 348.28221317042244 75.5827666257572
-65.16607675020379 356.06471502137964 75.5788547444818
-75.0913262954468 361.9837208242279 73.25267570204228
-77.62567531669632 359.49478621710495 66.93379714945718
-80.97202910713789 352.4609538789988 59.322967794538265
-75.95493106565448 357.6726546193813 68.2190853839654
-81.8276148350791 354.6509732713085 64.0823983713116
-88.99445472097835 350.97604085836576 63.70576129564606
-84.94192913788157 349.7362791724901 66.77813046835895
-76.91772641051878 348.65429434926193 67.60282438009715
-78.48423845083414 342.7095695864784 63.819468654797916
-70.75079341565633 345.6372386479478 53.94305033797548
-73.27271998593339 350.03271411448713 50.05226344745137
-72.06017238761024 343.94713442735446 48.37982791253253
-79.56714060144598 352.8835739680658 55.125674799228804
-88.27387168469131 352.1742417944556 50.59063777079614
-98.21221926593923 344.65876325577966 49.22551558946943
-104.68137138723061 341.1981357972493 58.401904731608674
-113.58234070603332 341.5582745788973 57.536858001107916
-116.10451311832087 349.9464414609179 48.407050538151466
-109.87782764638445 353.5655382534426 49.531668972214
-117.8183068467163 350.1221385418864 51.6360410079234
-113.59459690337202 357.54036723934445 48.60722966598357
-122.49788889479606 347.99653447551714 40.818092650660525
-128.3277581620333 350.7902653725586 35.404171310081026
-135.1187182398802 343.9668493409309 44.171623474550316
-136.36704559060112 337.33486887980155 35.4545564544669
-134.452268836934 339.5881151757319 29.106857369190806
-144.01907996615262 334.4777885273594 20.766232972774787
-142.34343471968313 334.36383593672633 23.991668821541044
-146.01855916006937 342.32571532656755 22.002284883601487
-145.36156248068409 348.53540534330733 19.104538496071303
-155.2503694240463 352.67842783694897 21.137190102159977
-159.4392969765959 350.086913962129 13.576979402198797
-169.25064813972716 355.37638081348973 22.163287732745108
-171.77447969198093 347.6497792618513 29.950770298808536
-180.681525833415 341.8065204712033 33.67757053742135
-171.69752862457634 333.56284704542577 42.324918547481914
-179.71344731705182 332.6564162581583 39.051325340277145
-173.03210992514707 324.50214688038403 42.261797439927776
-168.3471381846812 319.77199583015874 36.00509352307115
-162.54339239700374 317.9545162609245 28.504588304980494
-168.16359603036662 325.37123002286836 30.20313273449665
-174.99733613786225 316.7712363384719 23.351755351905354
-170.88910376090487 312.3502297533654 22.81437091641454
-161.51918602886536 312.84419362071577 20.51680871764424
-169.76351109757746 316.34040079776213 16.933957562689148
-178.5129224428167 320.089063526787 7.522023868730631
-175.02499220330193 311.6931836831575 14.124028175493553
-184.27542582073005 307.21250837428727 19.06963689894772
-175.43256283500227 301.827136861051 20.142344103761076
-166.59759834013136 301.2593462988577 26.53540861412491
-157.36992960157994 309.64349243666834 29.588894232622188
-150.29113267394277 308.57417996431434 36.022884051549454
-141.5801381079733 305.1299010579923 38.60711771657399
-136.18005271953874 303.4753689887365 31.29043822358037
-145.3427187884742 300.42397509998983 37.08508293109649
-138.45796126993127 302.2547746696815 41.3417715035786
-135.61474653604176 311.09888957070217 37.496649124005046
-132.45503636393408 311.3753748381552 31.53450990290333
-126.46360103487355 315.4649162500057 37.116426795189525
-129.77876419368792 310.83169472972224 41.67279129272298
-133.19029468534714 301.87513719962766 45.29534514521857
-125.84933234513579 292.12572253284316 46.514650598850835
-123.09491854882599 300.5332025615805 48.171987804113925
-116.64557656518939 300.7187457544871 47.54278429154414
-118.99896546385473 290.9448194466846 41.307601881200824
-123.98533900544798 290.32008318279804 38.206457877675206
-116.44237678295062 293.9816861984153 28.3836880430341
-121.02520865429983 284.5478115307012 22.203791517395455
-122.08746122976173 283.54842154188583 29.34876614204523
-116.32572718499245 285.53819697213135 34.49662101258078
-122.28627806387529 294.8664461668877 42.56268775320224
-117.73793288017804 290.3681377780537 40.451225862965636
-125.90047913387305 280.5821227021253 31.669700685004834
-116.41108530570756 288.8967439088453 37.836835000371295
-114.30711975885202 287.00534433489935 34.4938254524735
-110.1972033038706 277.27896163961503 38.85912332272538
-108.28010652617495 271.1633660047507 41.94181424015781
-116.28073861764506 263.27227778252757 37.12662271590528
-119.88764272928798 262.9049420522333 29.007772225113435
-113.65522055469901 272.8687905914877 37.977297699269904
-117.77413553825087 272.98240565382326 47.46154649708584
-121.19642550456612 274.2236414119888 40.08567747856546
-124.75373397244354 275.24098882641283 47.6251671248875
-124.89746141665033 269.9654890081893 50.442912739223836
-131.8266820615461 262.16127215975325 49.492409121973566
-137.6244240084969 253.1403853207934 40.142013127775755
-137.45331959509284 245.59774271683855 44.68585274866339
-133.80895693608937 236.05480282359076 42.49788422566527
-137.66099148784497 242.11279141720468 51.81807071257369
-130.04253052311745 242.44252934351357 51.889145309777
-121.7861037833725 240.12461654712286 59.821578468435405
-115.0025692782865 235.41305413292562 65.83396816232586
-115.92073380117506 239.7261762758605 60.8990180036225
-123.96951790952619 246.32962695164085 68.71540525205414
-126.19710728326216 248.71675535390725 66.85582445834041
-129.02888874823634 254.6518471631356 61.79090614656406
-122.85562269833422 250.4834967693575 52.99649261816958
-126.59337882484485 242.37437910937538 58.0944126896304
-120.53008635223303 246.09404081680574 57.23529484278365
-113.47459655803823 241.76323519673585 47.396788499845414
-111.03437071744199 236.68338190285033 42.56626602281565
-109.90298586852428 235.04430975927625 37.50299224472407
-100.44723284753691 244.83947337202196 35.79180315592362
-90.82735362946877 241.50842034745227 27.872427699720177
-97.42474032965245 235.5480126166668 29.07071311651184
-89.14117630495889 232.50730471838614 32.4040843030548
-98.09669023182602 227.6885498484657 25.84518579771889
-91.09282558607408 232.67882744331317 21.960650963885357
-99.53656406995346 237.59034462065185 22.005244694214817
-99.69441992491628 228.37484786853156 31.0040535539558
-103.12774716444135 230.7073434703718 39.643394345357265
-98.72771549771718 237.06392072419905 44.472693385679634
-106.68641163824802 228.60988649088483 37.62960231175364
-100.38904641740955 236.46226004289167 43.82444213641399
-104.20819647666674 232.97808216866477 35.15948061673991
-99.81478531197133 239.93038356364087 37.44010807959542
-102.22252946013859 232.20639551266072 45.24133251718799
-96.72329198824465 223.71911016561785 49.094326795509254
-91.16738494705784 223.39539086192823 54.62252996147267
-90.2791551736007 214.3028432662104 47.24683947931856
-92.34384742846484 220.53004732864758 51.310416303041556
-99.05387934215884 224.72353910165208 58.69909293110723
-99.38287449409216 226.34187294755768 50.82095247608401
-100.8936765183326 232.06152459197074 43.9657175402669
-96.41983593195239 227.33474430369438 38.063649706383984
-88.80034349067418 229.20336022508042 42.34442537597679
-97.3564897882988 232.07189670851676 46.1267080939432
-91.1237169341223 238.89282009439938 47.66230612174996
-96.49749135842404 238.54915347381788 53.960128361214046
-94.3904060236285 243.54661465354596 53.799245982793366
-103.98700177423545 237.96172013955658 46.01632200480243
-112.92742406054391 237.95285630813999 36.34722448419956
-120.44153634474434 229.80498833159774 29.825255597348225
-124.28968301396652 231.71147640770587 23.022467582986824
-132.56866717957533 236.3741954184057 15.907725128663689
-139.287537999597 238.68138661629712 19.142703181898952
-129.67538398148258 245.634394211607 23.453316787952637
-122.85209582853186 246.38883740916472 26.5790647114545
-125.85626585721158 245.2201322111017 33.77408861439163
-130.3678185007996 251.703078311962 29.20412283443097
-125.04965445207611 248.33732422560007 33.9672209209419
-130.8199159592698 249.86155634049013 24.66810916289637
-137.2646721791122 245.72604240375728 22.51319775509546
-137.01847440722216 249.94029160050232 17.39278013642428
-137.0058113699876 247.8642230223023 23.377457260470315
-143.63441882723808 244.01383067020058 16.89111011802185
-146.69479589603853 250.13874661829007 9.95864094208926
-151.59517380742972 260.06624615504404 10.21174566067594
-154.9932590412253 262.6539669352815 4.790453351399826
-161.28602446479726 265.82160521075156 7.047512705016059
-161.58056071889493 275.75590880164725 17.02973291052428
-160.70013799895847 278.9414136702347 15.114630344595204
-168.44414157259422 288.90677569234106 22.863871257071338
-175.8320536448936 283.3930356486225 27.868475807361634
-166.49513701297747 282.85125209795643 37.32667721632194
-162.85095021219945 279.8240426025085 43.453199456622315
-165.1615546484163 280.60453515442947 45.836309993588806
-165.57699248857043 287.7321251897905 38.131372563609666
-168.91972436892382 288.922334482777 32.820849048373894
-161.09554277992203 296.2650505085781 31.130383658579895
-168.02996196159575 291.1816722510734 40.20751820693595
-170.82683137716143 290.43161651011604 45.76407013008361
-164.2269448995257 281.28322193817075 51.49948479344468
-158.29751189933882 290.2376761535394 45.98320684144093
-160.73757608490146 285.3133455396503 40.98935196021589
-153.93711702726648 294.9707160715188 33.99071060165956
-151.60549881228783 288.102204402765 26.04909738167993
-143.07373090871334 296.8157417660525 33.99223012411424
-152.97004760924455 301.5774041335733 27.53537391326923
40
-52.91677404271938 217.4999123273494 117.96356001428666
-57.42154596931469 221.95715934752144 103.50228606490488
-42.233835259664666 219.56138223494114 109.23815547149879
-39.188669521231816 232.34578883366763 109.05624290128418
-46.63633999135545 242.43015866192448 108.29144088621706
-41.04491992263692 236.99549062143151 124.0778972691807
-45.40491135594805 226.2467174516357 140.48469588211205
-28.65145264740725 236.33225142670776 123.18157327887178
-31.795111977215043 237.4367939953423 139.5486057302775
-29.037165100322177 229.96656100276863 123.73389986875382
-32.9373993533736 226.4743100520391 133.01655783781672
-27.96180173644437 245.9729348336875 140.6478406875174
-24.979793320503 247.96393218227553 127.54424756687325
-43.55407188749373 249.15160197074457 133.06670559555488
-50.07591609320924 267.0178669649054 125.54931147297808
-47.134312765020184 260.7439401725419 117.93077497856929
-40.16118857822726 250.63525492770526 114.98289105848022
-46.15203917444267 260.70986159221667 123.95826413666788
-51.840896877869284 268.6385467423958 115.29875432213663
-55.117787386985334 276.6983747256817 120.55094020385594
-63.95332794045165 275.66920774624253 132.15065174153605
-52.706381242590105 272.8041665191041 110.55342899009815
-61.12398800635627 267.59043556796365 122.07823567138503
-41.41374582548572 278.0397399541209 106.69570558531154
-36.273043072030426 278.7544739487281 107.61972673666982
-38.99778268678864 276.43236692585486 127.11124538159879
-31.18354114785668 277.32213171165904 116.69944179375118
-39.26961912292175 282.92279840299886 101.51128646254851
-27.320893432842052 291.64637151792675 100.03656309559618
-17.913061396491788 289.7381781610445 107.6806871084415
-15.729711984290399 305.4274948766179 100.52265672831777
-26.735978380018565 303.2518420436092 101.04865092356467
-31.11851065731359 296.2062147418974 103.008418333843
-19.9489425344277 287.56920861264746 99.60093464876411
-41.09409662689069 290.37161634088426 84.19911692530471
-31.368037669272052 291.96685865074375 88.27031635142063
-49.76857971838562 315.8470851463121 92.44388147437024
-47.56777316019116 299.2478701609432 87.44881343914693
-48.38897444111951 301.17624560020386 93.3889088397218
-53.07135285878731 309.94791255954726 91.55999679104893
