1000
149.09365943731459 289.97354165789903 101.58314014162518
149.0197336719896 297.98434674215406 100.6843796265143
148.25326730221576 288.45420152899214 98.41796594934227
153.82677134681916 296.75813054854325 104.96893813685305
160.77827300758108 300.4384383008509 99.13474950695269
152.33413228440546 299.619290258126 107.85895707553685
148.99523822201127 302.97467169050424 111.56979870190264
143.55672285699785 309.749020897206 119.69845880761571
133.76972554434013 315.1439246533885 118.56295946401156
136.2540897842106 305.669571562478 108.57539558464507
140.82244040408978 309.31354729908287 111.38220289887003
147.82502057814415 301.6352484240448 106.12527256115949
151.00212615722765 293.83950235209517 113.16655309692051
160.22206419797237 288.4394915404471 112.91528218795642
160.9843624935144 290.9678692274619 121.50764569396758
160.4972806141157 297.9812590729323 111.65652685569465
159.19419068414044 289.9902420587222 119.71804222893306
153.03471752943332 297.52606373436106 112.09349242928968
154.55538128004432 295.8226212393684 104.57630370273588
150.56860501886314 292.7970913568801 96.76795422979907
153.47610509006745 289.5848661667891 91.47272280220075
144.1816311433282 287.42341088099397 91.05690940478809
140.70114204697612 278.82623532631516 98.12672731706196
131.90138062024914 281.0318819435291 91.83020360431046
134.1617155346704 275.59979720374963 97.78865057874685
131.05341686351224 267.28599771801896 106.04468422494647
129.48389933554756 269.5035372648633 110.72260577956769
133.27763548015128 272.1301811374657 119.59186800935221
129.86869341280854 280.3762459810359 128.15425513101658
132.97978183030918 272.3179372862503 130.70286733895165
135.95855982894645 265.74296962637345 121.63597464086497
140.11653829266209 262.10396579670595 125.57987663870425
142.4698817423221 258.1999065084759 134.16879389760533
149.0944579926447 261.8071427547387 141.536836246108
155.66078074236668 270.2618725244752 136.7673692555424
153.5517558805973 280.0583833004814 145.16130167450768
155.13846085380735 275.7344795169026 153.13673007519236
156.6975544390207 269.5924453345196 143.28804768480762
156.72265430845027 270.575549690087 148.47626839512736
151.70682922994862 280.09825053779974 148.38955633433744
147.9579804637931 282.2854313557145 144.58185983651947
157.7258646824494 288.2089394547055 153.2370426182469
153.5594452110572 279.1440788850127 156.85053204285924
150.72033830738454 269.50090384804764 161.38419804099868
149.42779690039464 271.8597000900469 156.97520467891906
145.33118448350993 266.47506761091404 148.50465674118152
144.7621882453866 269.84782016881576 146.95856342272887
136.57969926866866 273.63571420637675 152.32885775889162
128.48177477233457 282.5541601333477 148.48962964675962
122.03445088241219 273.1160136965778 140.32266129200246
117.5223233099112 280.5905838887297 150.2558709839486
113.11979324948383 288.36781876941353 158.69648037780948
110.17306456509439 288.05512475855534 162.0982551555294
103.35509275600367 286.8636940281955 154.94537428131693
95.49973077786872 285.9433547885788 146.16279553664467
88.12579085515021 285.48850725610004 147.69584103929913
96.56009981808398 279.39338311497164 147.54927172946108
104.98450780391528 280.59062204252587 140.40651588144195
104.14470170126312 282.1057159176533 143.21169409075242
96.92509049192098 290.0253026323484 139.710081237355
104.0536390313725 282.5993886221604 137.9925533476522
104.82655166141075 277.36606356227753 131.41435381574098
97.62999145477576 273.27364698544045 136.69833810709213
95.4413443987424 271.1004899954348 145.8596691433094
94.03967939837757 279.5668441160969 138.62996361663832
95.3328091154178 287.11953306893906 138.86275061270766
87.09844658141282 291.69963453497394 137.81079767662212
90.85277866164189 282.38799738156723 143.43370829713712
86.13844644322201 275.9419293527776 150.9173355396577
78.17004737888533 276.79873257896253 143.09784386241597
86.18291221750519 269.0952389733915 152.64664432577223
82.43818721227298 265.07864931009027 143.2992436794389
82.08739740548363 274.3408983196373 148.95139629908365
89.20488276552793 275.81407036110033 144.6857022438976
84.91764336361845 277.2533211127666 141.42571781993786
79.0940508906501 272.11134466612987 134.79913970757207
89.05544619128558 278.87968068018324 129.00254912893908
89.74408942313894 279.5156775985503 133.64654907753558
90.34038385098803 285.7678356673958 140.74478367562486
86.61488979684782 282.3315060388664 148.98623556091016
77.22820259629997 287.75401302005827 148.32948398439524
83.56035414602296 287.86170743072887 149.13615551254784
83.20194924350193 281.78349298760673 152.80128184762552
84.10697670067069 284.3379944151374 150.34649178817335
90.70969050464923 281.9331233221623 155.60069297783866
93.10299549413921 282.20886282971964 155.89196571626314
96.11220927626091 272.2420459183069 159.77659329496458
100.45090813277827 263.07802898751845 165.20256745326458
109.83236923041225 267.78802731120004 169.79890161933534
112.92583254752309 270.8690035825377 171.38246578280302
117.60971883151406 277.61443311322154 181.14138959785038
117.71329460646183 276.05499233788123 178.68559574267672
117.93236108088408 269.5981583796602 185.12614587127808
126.25176304010333 263.45156386043834 182.15440855928327
120.4371229704994 261.3745837832146 186.76676677191656
127.06702051861303 251.54711049076968 187.7120348852126
130.52206935791216 247.12386040479316 193.53210212735024
135.38636626837862 249.29769106147486 190.05302580310354
141.53227045119127 243.10614499855149 194.64737616631984
133.2462034518096 245.65094078861227 189.76385747911627
134.21630008323422 246.8936906880212 184.94622623207496
132.41484632630952 241.90140240845793 175.99381808502602
130.09918086873236 247.660316885409 175.98446010677387
126.77112868889066 251.28951163770574 175.72418660107584
118.10237345598055 253.70585468177018 181.42377660510292
123.33710625167366 260.1463330158805 176.76217534398464
133.13347056011224 266.52846962234975 180.07848103831836
125.93003350165515 274.68217324431606 175.15568762783124
126.28568399515477 274.13637892867655 174.32157326869273
116.61652853041504 264.8370387405859 182.48036020178031
113.32035196758785 267.81471855571874 178.2094394207529
104.58872130470178 258.8737113963151 176.9247814714421
107.44595134998738 263.71490513714656 183.59176264794155
97.52666311818948 259.6425944015106 193.1596445647953
88.12049656606513 267.5597344315255 196.43081539684533
81.81329734168396 264.2591519110504 205.4285179585053
78.144950023458 255.13938082554358 196.327061572817
69.82251432140221 262.1276298757722 198.90392716922915
76.4647139583942 264.83820698287906 192.21978257303186
77.71540580082727 269.99320650477193 200.8112057962155
87.58516251251217 267.653786644652 210.33348808661222
96.94451800984031 264.14048750251857 202.44451098794778
96.85774961816621 272.316777369149 212.1093770607593
102.64344663218213 282.25554192391553 214.8136238146897
105.98633297241776 285.9391720119336 221.3203171295235
104.59287765112248 280.6417190185351 212.10630561299587
99.20714966299072 286.576678538046 206.32359038995617
106.56836679141303 285.52442846355314 208.82716803983072
98.9489939759037 286.7156150889667 200.07528883922683
91.95319364044492 287.90307806286864 200.38062721986185
83.34153905831404 289.9795146676176 191.6650028217393
79.28015059895937 285.4026339635361 199.77078770934162
83.55657389794906 283.04286350228307 205.71341981467938
79.52996689177546 280.7383015630103 201.92511826983178
75.6896814635524 288.75913929549 194.15964350823413
81.77897923369567 283.3562907938447 195.59242615638595
86.9807048763464 279.8950538097876 203.96420358423575
81.31774366761894 281.3289831285123 201.27948965688162
88.11749140834142 272.4111432516215 194.98611162664187
87.39378714077684 280.41947768836917 189.88396881111376
92.53023272965855 283.26040369156476 193.9081561742865
94.33766841275136 293.2116397904099 196.0537473171246
93.08013328976213 287.1627097892147 195.24719069217605
100.48945857875106 295.0436885747604 198.2117144178172
103.78643269894461 298.21288119965135 192.2075871546933
102.2384601254114 296.53130080316504 188.87342173982833
107.7352908259793 289.2200187806027 183.3704827685459
114.89710780598526 290.8642432837608 177.6706557718572
123.1837380508599 282.85448113259946 169.0094758288786
123.82333006911583 277.9382788344151 175.1271435281677
118.5844822127598 275.3430281468265 180.13547432123175
123.20337174945003 273.2847973930655 170.5279793295526
126.23800413363074 263.59155490680706 167.15985348094296
127.29176460422514 272.3366319721421 162.89371066128894
128.29085507198548 279.83033629829293 162.66123572575276
129.84643254624228 277.0635785758012 172.02244162300343
135.81098654510285 284.2975419580054 175.42845383365196
127.91249577207694 274.39345485055 178.37281855193854
122.73969238487086 275.0664499499634 185.5382006173428
119.61369840384931 284.50719210233564 181.25910093969182
123.38112946679702 283.7520485085535 174.11461618760902
129.63733680544274 281.5837710326861 177.4796023083908
134.71766963073406 279.48805458333055 170.43986234469043
130.03800507197138 272.4821717815064 180.148370809796
135.44921366253104 264.7419820058734 176.57388797608672
126.22279988466211 260.6964209695203 181.47279996686152
124.37498540116908 268.97421737552986 174.58655077227448
119.42791864965758 259.31694280935113 180.42113853565462
110.02936851801613 251.473438645028 177.8376268255193
115.70681108988256 245.8922117020215 180.64638450786018
108.57264969715457 244.22162955844007 180.60147366322076
110.61267617055918 239.56180516297565 184.9271808080004
100.98571519817506 249.26075317164526 183.08559013113074
103.19411506213196 253.62933896054685 176.86217299046965
99.18289305464923 263.242030585721 179.80517470209568
100.48063216453167 256.1962597884891 179.47428466248206
102.92200637600155 255.0773209563387 184.75582632515838
103.6452366943142 256.53924918518516 175.147830545932
112.22316567967782 252.495844900307 173.20745498709087
106.72806114422364 259.81537101496133 176.90449758630763
115.53723168384454 253.29601893529664 176.9773197449841
119.51305394701498 256.1668957379615 172.14464484589647
117.43549624418802 256.0950284186666 168.3848253315688
117.64544534162223 258.06238748202077 177.83829192433996
108.04191811600734 250.5648412934383 176.34058331978096
100.59761709771837 253.02263122675316 176.89728312183982
105.39208783450405 252.0201449807136 176.35954199710883
112.06126878403504 251.56329466167676 169.83517478886125
112.8636348330927 246.20596182637937 172.4100686807905
103.66982999754502 245.26681187648347 169.91845328305203
110.58117990986354 238.3484640225711 169.4054966663853
108.65431790964783 239.10356463441553 171.94759804394752
106.45716209256999 243.90789986075725 178.2176325253146
103.45117556016372 251.16595663289445 183.8881287818067
109.24767649761432 251.17517512121717 186.56409116949135
104.57336356333623 244.87556000936132 195.46838969982034
98.66986018260316 251.9362584647797 199.9913167402999
107.35204368712841 257.8912440912994 198.11227602081541
104.13959911457086 248.32474667311064 199.7158152292878
101.55937568107343 255.1994259764283 195.93421666224435
104.39462631470175 257.6098727467317 188.11177466653558
104.84747896709263 264.4732473617577 178.3655038206078
114.65447371500905 255.96113953554467 180.18252375123663
108.64303025208876 254.16561483804787 180.9291417783064
108.8601819672332 244.74392436032355 183.74930106709482
117.07767389413104 253.5838733997656 192.9996916581193
111.3875586323187 255.53216831877893 199.9595259438716
105.47035407723708 251.6350427221352 204.27199531637388
104.38320038196349 254.90801441282514 195.03728880368172
99.93557360682198 256.35787391124296 193.11159393382943
107.99642209058683 252.91564618446736 194.8034747622618
99.86080377377492 248.88308814294282 192.62322338350396
96.46366545334577 247.17408073732835 186.65682267899604
105.71517827709015 252.9350663057807 177.7505198747066
107.63345973146161 260.0171641688605 184.1185430502015
97.6557579321286 258.77523207318757 183.34432280802966
88.56512348367035 261.1333667179934 188.10748845928376
90.90046593147403 264.44293581510095 184.849484805606
95.83763395220818 261.82728756563966 192.85887704474192
87.23890743544735 263.730801104833 191.63727368536004
86.50009494772856 263.5024872784486 182.95881972490403
94.55213635104482 271.0128118196581 177.31958354238012
97.35151359733497 278.0525681469831 180.8321430734065
105.01123345809319 281.2718127611589 176.96956102059144
110.54193385695648 285.1283389301682 177.36277286734864
111.10060654077208 280.75723581726174 169.94332686236297
106.61832255486752 276.0677137750243 167.31263701118743
97.34623432227983 271.12976383544515 162.6269213234314
99.18632963630083 266.48702232328316 160.4604563824654
107.80635447019 275.08729212753695 150.52605481671338
113.93043668392522 273.1611443159832 157.41042376722234
118.23959664436653 274.9896471829719 156.3861592362959
115.29080549968637 281.494468239617 161.28079205878697
115.34830268728953 289.2824215166347 156.0156825747137
112.38732637848923 284.27510517405926 155.43795303098526
114.56712464601267 278.1220805426393 146.28017402801834
124.41919965469933 286.8970624984193 150.93551261717505
119.30631971007134 296.35299007053123 151.0598082630222
122.43421182918189 302.94781959127835 146.07197514724712
124.08027807631515 295.3573794118619 143.47167044402516
115.2522978676467 298.3484845075352 135.5431243218325
111.1809551451892 305.018455976503 136.71426376475458
112.05160584496514 305.94057648194297 133.3919309296719
110.91543785599146 298.48388349957787 137.4033117587101
117.62650449179368 304.5761963829678 143.9813543304429
126.84781214959048 305.8430032539703 143.85198816875646
135.40216634779048 296.56005481158707 146.54334347046895
139.45534943570937 304.93744775597276 146.80201468742607
147.54942096389067 301.4863862431884 144.12365746607887
155.10104002812434 292.2356270779509 149.66961539490956
158.35683584310442 282.4663980105575 154.13251055313086
165.32409025269249 272.56673782363737 161.73660009533037
156.8897825101895 266.06301275206624 163.90666934328274
160.7901950459796 265.6314040664126 159.27254581732487
153.45267970078672 257.4548944863173 152.55640363869838
151.19649698374627 255.94931478738408 157.54184317015097
145.73555948062648 261.4092020596555 156.42643168010704
154.29278558910173 270.19311934095936 162.53781476891453
153.56484638920782 273.46596682908415 171.29141252778606
154.6256885390214 276.7063592872342 169.18026501393294
157.73907867154568 282.6962293416968 174.4939268312756
156.42274577633626 282.3938969954112 184.39234346280605
152.43182260164846 290.4215591444262 182.1969490201879
150.45033597781432 296.9978128222266 177.77729483499763
144.95780600885695 306.427083292273 178.09867638880894
154.06622231056903 311.515576523312 180.25706260808033
144.49554257541047 319.1278246997104 186.56957014401542
140.5489619222259 312.40569377045347 185.51797505939618
143.26202990055697 316.7400982566794 181.50790292017325
139.5417378282074 316.9518612092036 175.2648009860924
139.23349325041093 308.0531095283291 176.7256140752271
132.6627650828388 299.15427132266717 167.35309428414382
125.75998146379851 300.9156766865053 165.15559085876916
116.25773921945955 298.64522456930086 166.88819038391068
112.12004740204628 289.1224249016863 160.80317123856165
115.96717315348333 283.354644933895 157.3972289603012
123.92398857966384 292.496519209239 153.66953857292964
123.60407861572416 285.1989755088345 153.32369835389306
129.14284248634203 291.1365395051314 149.2887793007692
128.91919948672447 281.2401407740904 153.395492679279
129.04259989744594 281.02797489965 147.49342049594765
128.42562258756598 282.58152909542406 149.87560455115366
134.0869768973699 285.00892133850164 153.28737142542863
135.40079807465528 294.86915819735003 152.36434826385315
136.89488736758355 298.01366526266014 153.79618680797967
139.9167909971416 299.85289406769033 156.69929004719145
142.24319880123525 290.0625737638017 164.0242069383734
144.7483345258156 288.63203720654803 171.3451017774155
153.94016742356268 289.18480268207173 165.98276596394672
144.18875007095133 291.9104670456237 164.2497529391167
149.86188569816437 296.6504588745794 163.2465423430062
143.6923068486158 287.8781226292026 162.26637274716816
137.1777160450597 288.8708091612189 158.13019791905327
143.18020539476626 298.3235650428139 153.28523096002692
148.19625454435877 300.81644023663324 159.49864077577664
144.4434647380076 295.8909586981809 152.72352249236286
148.4919375488187 288.4289239571954 155.2459587970028
147.83545838149797 285.16347703601986 156.67209507955687
138.07232579915717 278.6697360767751 162.99292892228686
146.09749310756033 273.0595316170147 170.26765528322147
144.85884674727689 275.0205601705896 170.73607412410888
138.34181562259366 268.173297971883 170.5443501454303
136.65041158116276 272.8217518278599 179.09535274594796
133.49904381866253 263.9828800336126 169.96497173855178
143.26534731818845 267.58168848794674 165.96150955401376
147.00415412555745 271.6411940802481 161.31251927031406
149.88758560205312 270.97450114920247 153.17163404811993
145.55300957706547 278.5451445141319 159.045478975659
136.48669670830083 283.96121331335814 156.20938725455977
136.92854878202095 275.1021648409344 162.5861209818974
146.1943154784816 273.05997354092125 171.1443143091387
140.5847316704552 273.5316715802195 167.52468677523783
134.5862089384136 280.9977347874121 164.4331316972973
144.05924277741366 284.28880236864086 174.28262902900835
146.82363446516618 287.9423160002354 172.7259312101882
150.94001634569366 288.1574882714257 173.1728663003753
151.31811682261505 292.1146167723111 182.24114522067083
149.1129013169811 287.2210048905418 179.77563609049193
144.9311511204035 283.6140543897144 182.7805141469792
137.45133095239106 277.660405116413 173.936390422073
137.79005327605663 286.06285185302676 167.69778941118875
142.8345103767802 285.0266573246895 169.0690388692349
137.91311328423305 278.32325078170715 166.9008163254968
139.1751449670038 273.20723338183296 176.12628824842776
135.5997199358876 272.44567776069226 180.05677174445032
132.19373311467876 262.64362959181756 182.54824090224022
140.202260698105 260.0131470136385 172.85622936569072
134.33423216676948 264.2035317727691 182.6237801357411
141.21415425890748 258.63673683349134 175.60872231444034
139.19535986357624 264.7694778122507 167.85994574049175
135.24583580522514 256.15930557465185 168.86861957819303
143.6158758213094 248.58314286446665 162.22875528583785
150.2466774045997 255.80281156881756 171.547804300608
158.42316456411348 255.6168931111746 162.93144062517962
156.852488243941 258.1644617621917 155.44528169996718
165.69860097482126 263.9123400203541 151.64023735003488
172.25112632908625 272.08233747421093 148.72564043505974
179.90531110794547 277.43727650938655 143.96560829400482
178.20395158025676 284.33958699095285 140.17178034990707
168.69373174391123 280.6339627343849 133.66022525199574
170.99161086497696 290.2348545765025 138.85349220559687
179.42178092774174 282.3053746921809 141.3918577413906
186.98576880174056 276.6421934760958 139.28328321468285
184.3606842045127 267.94294672203 138.0248519783437
191.907296115184 263.6143257929333 147.54933947897828
187.04238441374028 260.68834842286026 156.52029953535882
181.91322411482082 255.50264943496956 159.3951528525917
172.97818173116914 253.71353837393667 150.83112635795675
171.60204825805818 254.32254403312493 143.88515640076815
177.88363698110592 254.15224429285854 136.38151696279058
173.36530977619563 256.6479479578332 130.77812428469235
172.8287960531333 251.6320518687928 139.46582234665988
167.18047220151306 243.28103188087715 139.43617121980685
163.0006406696836 247.47210144263963 147.20441405873325
172.96102132624628 241.89853874769386 145.0827590209472
181.8236296509799 234.13406674464466 141.26122719196007
172.7659066951784 243.06508483071045 139.30914342666247
172.24441408094577 252.93759437021535 133.1247787001024
179.6254591272746 255.99160784352344 143.00643715245067
184.9730219538172 257.3632533219891 149.77687998574547
178.77521419343995 266.9261764419385 140.64570051622584
174.0678251171267 271.1164250217667 141.00306487454324
181.28225199744304 271.9838378461861 131.4802714172939
184.05680998992122 277.41221837224487 133.86087058397723
192.9817759685643 285.0093968987083 133.12853793829265
200.74711724247013 280.3089359043885 126.06394581982086
193.83135835931478 273.64552470047715 130.0317793820988
189.38763742375167 265.5189661971385 131.9753782336561
180.77385518229556 271.40468224999 123.2947467239684
182.57689144958326 269.91682786649585 119.94344394475704
190.45126848463232 261.61839361516445 116.05325614588898
187.36499074391742 263.2606321219233 125.2815544525117
181.91669668208291 258.1127627173083 134.6345205556553
173.3390909372696 264.8971547570094 125.02461136813432
182.50340414926603 266.23315326852656 127.97119057206045
191.84194371937343 262.47096853703516 122.81296463598014
186.53504167419524 256.9860465422416 119.9105441301454
185.34027741271956 254.5254040109537 116.59539537382749
186.46109502482693 253.55860118297576 107.83354939631008
194.60326601931865 247.72907845333324 107.17788229531993
201.68798616640203 245.74757106961027 110.8583904493998
199.09826443487822 238.96579349707343 108.6266418896565
205.66211317752231 243.7058390737842 103.53965863973404
212.22269431482295 251.30594764243548 95.09343939941695
221.2682159473368 248.46004421927137 100.40105309930026
227.3671583160551 254.01582356282287 98.3543730801974
237.15299342434844 260.79615361656664 95.22653866910984
234.7223972601319 257.53303864924334 102.30357079745148
242.20302769819136 265.6620222592959 109.76110011424903
244.64075707933225 257.92305851517455 119.28451713761973
253.82119012613157 255.42211914265815 124.8667738302567
249.72720816814646 264.3878254270436 126.86245803941483
244.2595424461977 260.3410599844633 120.56799581609059
238.63811913232882 260.2177902247497 124.87080469084974
233.09631881116474 256.46961141219646 134.54579020157544
239.478704720507 249.90463874543752 136.04953325710596
233.1982649035035 256.9993486020436 134.19846182257945
229.11337599720164 260.43885023227585 125.80081329867673
225.2090217890024 267.81893862888364 119.43816194683106
226.7670061611876 263.6778935282277 119.3679207592073
226.1111614095106 258.8276293987336 119.37936587581628
224.58288671437026 268.0322802799248 109.72209742201228
233.0464403493262 270.8185070309726 113.57237216934185
228.83089243546064 262.80911417043495 115.37862859524236
226.70646122952365 264.91407419825777 113.28640980978183
225.01354772845104 263.45950177108784 111.024207597941
222.86726198850133 259.1264703821821 110.80089836691096
216.17868415385922 249.41789364356046 105.26257468306386
218.08512721623478 247.1444256663464 114.12758124280916
225.0645015448021 238.38732334188205 105.48554257861822
225.63677480808735 248.140558191501 95.97670106684869
218.49683139663412 247.78931194785932 86.92580367456848
224.4891779613914 244.07796259943265 83.83682489279845
224.95624412706763 234.48817789546024 78.41850656182291
222.90768806428963 233.3299820061022 86.63627544170535
228.97257495640903 235.59232652321103 85.73272382499911
221.8177192324472 235.262738882036 88.30785963162946
226.13037739320689 244.8000230681693 80.08570400860987
233.62836720855663 250.4001761108114 71.38247543977295
229.93850947720367 257.33209732646475 67.8158239132362
232.42324991341778 254.14284925951742 65.9334126065214
238.00598224359106 257.7108557784853 56.898965393144195
240.802714537655 262.8112321507138 65.26995570378098
239.17595187055377 270.0108059399699 61.0838135393555
247.47452218389657 262.5079937345948 64.41008901263555
251.97868580645536 264.6262170332406 69.79918285765655
257.8853527123841 262.3638095816887 69.80715864819572
248.2157469687528 271.58225803803117 60.47864711154353
257.240479733659 279.8115463317628 67.88582663930138
250.9364674306794 283.51383762401576 61.46491436106908
256.6729432858384 277.5807577888852 62.53551131281868
259.0967748398002 272.933723593841 53.707720763550256
261.0748944130227 271.1127887322362 48.91328111343918
262.1757403774278 267.81443814317004 43.832731565552486
264.5042703354405 260.22363933558665 48.75678426034648
255.9224946484853 254.30701444970924 45.00644350629404
252.9187538235934 245.1198022929421 52.68381176255623
243.00410525450218 239.10999580028022 51.59418951214086
238.45270524982894 243.35510686189417 51.088075757781525
235.08118332560827 239.5276622626296 44.53668535281595
229.20226178943213 237.1906221124815 38.32959788911763
229.05383283078174 232.84100463375296 36.708543275622965
228.11620505298953 232.74418996650064 28.325716153731598
228.20468215503786 230.65931735304488 29.377344037963812
223.85114380532792 240.50454134224032 31.543445506193514
226.03024583592196 244.11784767466156 34.885383075022986
221.86719731371457 243.0087755564295 29.92538784733673
213.0088069797014 247.16515224519077 31.320255659594903
206.6717408061757 254.00948098212464 37.15178520178233
208.9906199098708 259.22254796705596 42.70038457407662
199.12727604734698 259.1489831524949 41.51596197548799
195.69724700958693 250.1495210523545 34.592712355655195
201.0740546416848 259.3914005026442 28.872715938345525
209.9526205195854 264.3677084080431 21.703366585175708
214.83877065037026 262.2559673926984 28.04050102349323
206.36800659757762 265.43126960373786 36.19422462656853
205.38505819323245 268.3232594934904 38.47377235329529
212.04928876317328 274.01204290082086 42.604490453746735
219.32581148305218 274.67191775214485 40.85812970307072
225.37735300805224 277.90695354296105 50.41654390897296
222.08487407039348 277.91878757376213 58.041479968469744
215.79275505363947 281.2095584267607 53.182351441133186
212.3405135030044 284.26952697169963 52.33079293902027
207.7828974773074 280.1878414169122 58.27460727949246
216.9701800348207 290.09462490548924 50.2474289187717
210.3986521869919 294.87448200803425 41.87703345726921
212.68604569821204 293.67420507853546 39.190502755741704
209.24554773666438 285.84965552822894 38.44076040576785
217.19835680271282 279.3778395914077 42.75806869951403
226.88362466805782 279.7618930411119 34.91468527923814
219.62477378127008 270.92860843666574 25.61640091513103
210.06877690137392 279.1224392624885 31.448201465188333
204.01421440003983 279.23804550266334 23.932012496459393
197.41716734394151 274.03026624005133 31.182115776302062
198.44673932241872 283.52589575735766 39.777393414351124
204.88109540429053 288.960611404972 32.60954292971036
203.7061146277279 298.8507333277326 30.286433540289444
206.72230398554134 303.1274193298282 31.64986354874632
197.85068978163758 306.35866545367674 38.20734585361932
201.19698229561124 311.5886711391904 35.69866419413513
193.37190452115797 308.4883120655649 44.14442479808292
196.70970705799832 298.9771746239543 44.69329958299861
188.38510717542806 305.80657604615743 50.43434186196207
178.96384329966898 297.7264600581767 53.97514370867389
177.10282834388832 297.3794537424406 61.76604929877804
170.9147685434529 299.7665465427391 67.87342434253452
168.58524082244682 302.74616299981835 69.87229124206331
170.97246954047392 292.82786578793724 72.08557727577589
166.57146989248267 293.15514661174603 72.10981580642385
171.37147200485038 284.95939172596377 68.9901892154551
167.31417939898142 282.82131243835823 63.514527690978205
169.20003785893056 287.5111194807913 69.15858638868514
164.52365877166227 289.70993041843457 63.42886207554356
160.71416284923134 295.20588691572874 70.08929826417432
168.15239332695072 288.46909208600675 76.75856674559012
161.67820936048324 290.85547232854344 82.76277904273407
153.89056238331443 284.3954431489453 79.93132247992287
154.1859592349358 287.1969178165002 85.10219712344143
164.1109506259313 296.2134854668922 79.40268800126874
165.67135849042464 299.6411843546679 72.43805803279044
161.35187803871415 300.5385418004974 69.60980475996472
162.54667880052946 303.0446963714307 59.817165235716985
170.42953468923406 302.52066538215774 67.50863421440876
162.22555091158634 298.02369968794846 63.03264505281454
168.27085158068212 298.2221369901293 60.22699975941193
170.57738330876145 299.4372074746155 67.04029795281217
170.36564473646564 299.2796105451962 70.03133955828895
173.0314139387285 296.0434392238104 77.18189539714066
180.5439199222584 293.0339883651848 72.94646729117169
183.46260234205369 291.8614089190907 75.86946837735711
189.75990721840094 294.19250463440443 72.4341057766295
185.50188743677975 293.87752353219327 65.45528889028704
185.9253373070561 284.8005614525558 67.32365167141282
181.8800930529003 287.8696263256573 74.23598618435626
177.93462978015697 279.9136559207682 78.48107079450898
184.6659855337932 281.3750749857927 79.18770369795027
178.48309713137374 289.74256188614737 80.31979336705473
175.22498237993244 293.4168027259532 75.27954218751066
176.83102683156525 302.82621442030865 67.51951002739129
184.24787956034177 311.8140648949926 66.1713228979921
175.10231976333264 317.8654971957659 59.024208789775244
173.4902793735792 316.99647074396444 51.489818557461064
170.56104804087423 309.2667877357761 51.566220398015616
176.08442795529353 299.8590542125085 50.00557656105848
176.8911750791193 308.0991781870635 44.06817480892603
182.03593034188913 307.74166874833014 50.85398229129745
177.67140659165372 316.1391412241684 49.93783637995107
180.5837466939349 321.08860837313927 54.342547897394525
188.10879175115542 320.9655289826262 49.986334610272586
187.79662530652735 326.02911406214395 51.81246763470658
178.682133303782 332.67226594694876 46.708435366515474
176.7599285601211 334.882199285156 42.35078384769985
175.9094647633624 330.44286920744105 40.913931101391725
175.8212044409429 337.15995913573397 32.55810267997617
183.8899929685069 336.37382644037416 28.893093769319087
188.28165947428414 330.9750002027073 37.41933206778954
189.11181047918282 328.8858685183516 33.89959767657149
189.4665995290592 322.07523439953013 42.62565692508322
189.02306448409 313.9463452561772 37.828736730904254
192.74394619900949 323.05369623611904 47.59658477566776
202.66607778679125 322.34343823549125 37.89126007061371
203.59878786274717 328.0567511245094 47.36881172748196
209.78222895407455 325.08161527476193 53.8074683621838
202.96098113452837 326.361810270048 62.669337153463154
198.96614405443702 327.80846610362215 65.06320478370182
198.04916714318574 325.8398678782051 74.86337198818936
194.3432258028133 316.8311241575617 66.11269375849689
204.02295696024788 312.77838916505146 72.28987959096004
210.85900729599945 309.2040673916491 69.7862793269106
202.38690592481396 314.2834376648205 60.74060299189163
207.5648228671331 308.8002685223699 63.26784538517829
200.2943971543298 310.11834262091804 53.83697593964196
201.3543039338928 305.5734502830363 47.66150642695613
210.74147038680968 314.0843291932875 47.380017829934616
206.5266722634405 310.4692167329692 46.33935058733434
212.18767627963723 303.4862818901999 46.87381807874586
219.65670075818497 310.6189304855121 45.73592546266675
221.5624235657666 306.5833515154874 38.02462941349347
219.19276910357505 308.60806765710146 33.92444482165918
215.15152850393252 300.4025751097972 43.21362369966916
207.2633356590844 296.57335029893517 50.29217303446944
208.88802924244754 296.0031827492382 42.49334808987453
214.24596507678916 302.068044206613 38.86266466530759
213.25077200017503 306.338246876888 47.985293994572125
211.78154003245385 302.97811838054963 44.74268259419966
213.08205937595125 306.05036330933416 37.84129389635126
219.83553836366323 311.82990522253203 43.724230703963435
214.41647187026862 319.6919762909662 40.6130272184976
209.9083436008656 310.0960025418802 42.15798114170696
216.60232950268755 317.7367288098597 48.85776356658884
225.97610033769962 319.9469359570129 53.029052543119015
229.05960873786765 320.56221098883026 58.8317498535354
224.67576902124424 313.58228813171394 59.171384979654555
228.70575129189405 307.65376164221266 55.19520935929069
221.19028504399608 315.1079898067424 48.16148456138511
221.98957820065115 322.1601500134152 42.94326596642419
227.03350471572497 326.35731563725847 44.18656721595832
222.91767184075238 329.7940873861902 41.8293282174858
227.26163299172734 327.53569579953376 33.65154242599114
221.09548658179358 327.7703521852117 31.301918930171187
212.55861119283298 324.6039361583733 24.89852690003871
206.2326678519861 331.71362838144887 22.695249863982312
201.4881412296236 337.5968363987747 21.791286668606944
210.70630295119167 328.8805452596484 27.151087778369476
209.27270612334 336.0913006863723 23.46982313537267
214.85046146666414 343.605935308357 14.235377877682415
217.23347788621476 337.98636461251175 22.55795520332901
227.04010907448878 331.1439988321791 31.188811167222983
232.07742098449012 330.55048731752044 32.85213329429989
222.3671885122654 332.53337111191826 24.823875391929022
221.02798617502643 325.6118410053084 29.413530384186053
216.72758298694586 315.76329257598576 24.29443448912407
207.03079464389506 309.40151578729007 18.75391578303661
202.59679428790653 303.09369277933865 8.949172803178307
204.12325850489827 293.47372884558564 3.5345715075184874
205.3939016898577 301.7805171424284 -4.877525046137638
204.11939374536115 301.4191665795201 -2.8283806970594156
211.96401887684652 297.8469523433695 5.675208444525751
204.92954166446867 307.1924074263955 9.824188590347552
205.47875180570804 298.81955159815067 5.143439137065376
204.7467694143257 290.4558629463482 13.07693719185577
208.7917186926783 285.9583714647913 11.09638607109361
210.60924132817874 284.20081354873054 10.93570494512182
209.67835793902577 276.42941171280916 20.09887287419808
210.45988471588282 277.5048274965271 13.636228843542286
210.82530960769947 284.98680733164576 8.77741293859523
203.81798652434946 282.2801914753131 17.531812881784667
212.2067947730481 277.9169223377488 23.664130189078122
212.0164745133128 279.6011008090612 13.71100178135703
202.14778773182573 283.6541359434404 7.207449795108329
211.0059930207934 290.12222936814686 5.315183469037583
217.89525107928623 285.26627890092556 6.0137666876716995
223.2395040629405 280.1462864952884 2.9129718336673323
225.3293960785053 279.0510728624971 8.978945713427105
223.39403442888496 273.7360347323114 10.327963987412348
215.31808650213202 266.6890357593895 16.642372292772357
218.47339358447027 259.1040907052925 13.29420729677803
211.1189550602264 263.35350989492514 7.845303666086544
202.83954060851408 271.2251190144011 0.16992938917430678
207.5796668883403 277.07984687373363 0.12089778506343718
203.9699626907188 268.41516657921443 -5.669712902176649
211.2625905262932 258.46065070784266 -6.332764833369044
202.733804484958 266.4245439688009 -0.4714448739452477
197.6064574828618 265.6900163433849 -3.9399677912086357
195.18564138274263 263.94406843896763 -0.6946370616083204
195.44822565323733 258.5113528545722 -4.475217331307661
197.69213616632706 265.60189603685814 2.8433329058711703
201.18211111973164 275.0722301513801 4.4462677970333235
196.33425468184248 273.44954378765414 3.6041753328606267
193.51371194483463 272.5607163148143 11.596049965666978
200.6534228814195 272.3073426623422 10.073254692292526
194.72271281288351 266.04867388613775 4.19035815965624
199.55074557126377 264.81414392760456 -3.0547852737722963
200.65239797057978 260.95772277437493 -7.392738727570999
197.118336408584 258.7986942951701 -12.209069125421575
195.4843889431752 252.36219925813768 -6.2539903129403855
198.11063796963478 243.67359446869756 -10.788624893561508
188.72177409721078 252.87750473690875 -2.299585318600835
185.19774792235884 248.90975862394848 -6.71052528137274
175.37576760469176 248.64486079423796 0.190645346120645
178.6329656232196 241.70856128361442 7.228093400371277
174.2439225039203 250.6143977860413 -1.850363018664659
169.90686984756053 254.48377254548114 -6.823877976478746
160.33283419990335 257.2534367240821 -6.352631450886882
168.24650980597022 264.73743590002476 -11.724627018836674
172.01509303939278 264.13427363508606 -14.019716312850719
172.79289524824793 259.0408049818679 -16.2182072661207
180.4304376463773 266.5383130326628 -14.773935190166647
181.10738681906042 270.43925273192184 -13.948336350973767
189.37384257697224 268.3392046343011 -8.296628650284994
198.63506258655104 264.70584913828276 -16.10233215708235
191.65362333447206 267.59089613369036 -25.254540650584925
186.43620812999757 272.62824330728847 -16.68235080573314
188.888002216449 268.88828913531194 -22.368664304476777
196.4663403011464 262.0239820058418 -18.957712768278466
194.55111349292963 253.025170519305 -15.56375743244218
189.80159756690819 258.79742212456165 -11.691101224231124
186.2624365995481 252.36147027212994 -15.428485622591486
192.7474057334557 249.35633649520187 -23.24029924405287
201.3763801444684 243.81652189639175 -30.105347415446744
196.72220775431452 243.9911382419786 -27.09853740894915
206.16669847045267 240.09995296891597 -28.790229634699877
211.2924895181565 231.30286110037827 -36.04954985184297
217.93638708879257 222.46733461150214 -37.487709733088536
224.7933872180961 228.0837589565879 -44.33950900339319
232.35948040101098 230.44904295845004 -37.21116171834679
224.75886119107255 232.92130250230747 -32.47934626379408
229.7293712128164 234.3075878354293 -34.4699062733929
230.55729860149947 235.14947817388793 -33.16750348885301
237.7539383647808 227.8530239115625 -35.539965800158406
245.42019337970967 226.785084820625 -30.787434987187794
246.68384568441678 227.791392538038 -21.88828647183246
247.9168066639616 227.01257353147633 -17.828358335604136
253.7300269885153 229.0045796637039 -16.268033046393843
248.16055817459235 230.9906688496213 -12.939798235126782
254.09274060312023 223.60886642156672 -12.079305604473277
248.6717884738315 216.06305455962905 -3.5028412006327407
239.02809663348603 208.8967815630733 -11.62707104919907
229.7228345414515 209.50523621777035 -8.128877736022991
239.32012600979076 204.70484509223104 -7.166434088701655
235.67416697181997 204.9294476952865 -10.115516049991857
237.3094974139361 206.49218229071874 -10.652838393972218
227.84611598643903 200.9483144042495 -2.389143733654798
227.36172042931094 191.85059007503256 3.221368609718679
223.31048789090744 187.31237169232483 10.06415404746808
217.98949734097548 194.00018916398125 19.420004675443185
226.68256353916286 201.561286278771 11.622710421239974
229.56848431250074 194.46244904844335 15.922623288947413
231.09446416643863 192.00320782221118 9.05496659990306
230.3484643451063 183.92868206476643 -0.41849354989223286
225.49702668939648 189.18264175589007 9.31211456414577
232.65037036084493 198.6038194441848 9.33400439319931
226.9589553305524 194.21813627129418 8.205181891457688
220.33481630698887 201.8808862230752 15.236452577989223
219.48074544952496 202.50630053227923 12.848841711294249
215.65950653281416 210.9414797922873 7.5362682359888105
221.68931320214116 215.02363000878373 -2.3587750432176247
216.66262554715934 213.81726462105155 -9.200397277848397
226.19186686176167 221.04148664649557 -9.633713103307535
232.92093441081602 219.006290311645 -1.474378093270916
230.3727594018421 219.9310176909078 6.35456922943515
222.40038407415332 217.10719093200592 4.031372625660998
213.58831619649777 217.25171810388704 4.029803870253263
222.47933320871897 224.16169478322968 10.975205168644353
217.62571653283663 216.38842114254797 17.47566193667729
218.42466575762126 215.05658079565436 20.467967483028136
222.61610994858094 212.8149523783933 21.79330220710576
219.49758595032282 209.23543883090372 16.277975624809955
212.66445570309438 202.86429968380995 14.228578551146185
209.47470938742367 212.61567529642025 6.407210827989534
205.73683304873276 207.94254679658678 3.1086119411878914
197.2941836850646 198.91839163106943 12.031159340483242
201.99720420225856 196.42647033538273 18.197845179081025
208.91819297529003 203.54968102612978 11.261778539186524
213.2430581214028 196.6034034351588 4.945276445945723
220.3089371806713 195.24247736175317 8.403762700958183
216.2965953000672 200.67483598119318 3.716811546593755
213.14672136415695 194.74142241918463 2.7824676409573894
210.76633954612097 201.28092512811193 12.19771335538547
207.54618691216442 194.42743678336956 22.030933962309227
207.6426867549366 199.0323707038805 31.191037510153137
209.2874442527074 201.9384318412357 24.73298065096794
206.45727088453194 195.9334094081416 17.90570164557456
206.82148937279902 187.82305223477277 10.820510935178364
212.44365938785393 197.0424779075237 19.397677608046326
206.5684786127212 198.95800741381626 26.767854185942333
208.5368499752386 194.38018502606437 35.940794136882694
198.6322988599929 188.31216666342 26.25555381354581
196.36365852814643 180.79492290374353 21.16569827860375
196.65571624148004 184.2756763359811 14.226155826135873
196.8301798414103 182.05551459367868 23.37578836519912
202.00724683420336 190.90058538339332 23.79525976238528
198.59942468592052 199.88652758490753 16.259522277790026
199.25813253245977 191.05744961798766 23.772860501221096
202.64255696793305 191.35169334916466 31.01305798266603
210.36283860505245 184.5997741634689 38.745313457570106
205.02981486895794 193.54471171164334 32.4617476111613
214.19384650648584 184.01811878559437 38.96483474556108
215.1838669285596 174.8384063548402 41.90923395803149
225.1588404528453 179.38910388426575 33.694344083394384
223.91068940170962 170.85797066655414 32.493859168655774
224.2795648853946 172.18024458415198 24.4017804733191
223.56138258192655 178.6485773041127 28.550232095254774
217.77147756019906 169.6447313608208 33.69800894055931
227.71124639617958 170.54203944729292 28.560499987947814
232.5208679041899 164.2641958266473 22.553305335348064
231.49504404239678 165.41494046937376 19.938295060768834
221.92671122963634 161.94740484391104 13.433893618084483
214.38256873373456 158.3025707426645 6.516895209345859
215.9655618506664 167.0743967317449 8.50435194463133
206.51919211238192 161.33360471473645 15.630823372235774
208.23873519639412 160.0703989729431 21.753270443118552
212.32071753453405 165.22321603787609 17.18800763966094
222.13583533503999 165.38425953166444 9.310831169890792
226.95624007176698 174.37636370159981 15.949198017992945
236.36880384128017 180.2910285793845 10.504478891486343
229.68345463156513 183.81964623814423 9.956731276253436
229.00020815411523 183.41652835784447 15.354118991402423
219.60603232112607 193.20982324736747 16.554009242272357
221.52489211581556 202.20082031034315 25.033106860275176
212.13431817638056 195.4186748082097 15.734204711406015
221.43559715784437 200.56460574513426 14.597556899547786
212.61675161831585 210.403181288364 13.076586847230363
212.59722652534109 213.91520947496076 7.39648885352322
210.31261842280102 208.75111053182303 -0.8459475612718066
220.1483733289719 202.3397471287272 5.411959652741281
220.74830726000846 197.3574559822659 5.194397541255725
225.5620778901333 188.8001529032155 -1.5830225215971607
233.29173659791954 180.46304710186658 2.180877737270662
237.59081377738076 176.94660178056483 11.233601487972638
244.03157516589832 171.22089266686092 1.6712099895553791
249.26262511324404 179.8746793582925 -3.5955928540317625
254.04748652853027 181.37382886265692 -12.939543769062015
258.3809167374062 179.26848726582043 -20.232058347160546
248.4228571812866 186.92861779615362 -18.49614769123999
240.2701899532399 188.18884221734797 -14.561386212489428
243.75395732152148 189.10867073466716 -18.972781786770174
243.14100640070006 189.41319246777633 -14.953295692546703
245.65919397159675 188.79135547660408 -24.120353557037845
240.89584602282935 181.65231145359687 -32.21468931326585
233.19660279612273 190.35455146513368 -39.132999790783195
227.5113533761895 181.38562855123266 -30.370308006728603
234.44086039057024 178.84636005338123 -34.64217723561732
241.66380885768794 175.82688095238032 -39.89523484285113
249.69639257425337 169.14689881738346 -45.98429448850608
256.816368709852 159.26488175891768 -53.56861549311215
249.19137400867058 149.7859431661094 -56.356850586021636
242.8395337584949 141.0382294900738 -49.17016353996053
235.310820772223 149.94843234773748 -48.27814851195087
230.21773052619105 155.3524435736818 -54.65407382445359
237.89260252287744 151.80796783442463 -62.26857608726998
246.3763236471036 143.9201695293574 -55.91848835898822
250.05331058261612 134.09046055675623 -50.23854146072085
251.95207853401982 133.4737433906758 -56.869823673967694
250.5900697690349 138.0049788316863 -63.69381141111417
255.30402069959922 129.7490520528838 -67.50153425072651
252.16698971154364 138.59245296273127 -58.93811049929739
253.87337664697785 138.33379997745806 -67.65770264551836
254.47470104955502 140.50403723044192 -74.19218963619804
251.1789347178709 135.69465754254142 -76.39328915795853
245.3650022659938 139.87549937212148 -84.13040291818986
240.6985850091882 147.2180183944363 -88.91479698099893
233.5139495593653 140.597641260596 -92.58150252436715
241.9272948023798 137.93077143209047 -91.7914767913497
239.67517975727606 141.23881444359273 -100.09815261183357
248.02596954934714 133.612542509448 -96.14133229016743
249.87436009606466 128.12179455109563 -93.34666694092148
244.448516691423 127.23851668601941 -89.295599970529
241.68469024747026 130.60280582533622 -81.80979759163539
240.13945700446644 122.64452091630406 -90.62136147479225
233.09713471495024 120.13292448276609 -98.32834268332599
237.56821734955406 114.47893719186261 -95.8791051240138
229.0110135594421 116.25215082682654 -96.0476844888201
234.6197802108027 107.02786883645034 -105.96514342668046
233.63622366786842 98.70108765860407 -108.4626060596242
238.24245657513615 96.60954473882714 -109.84670455991822
245.1023919017782 87.0401371089509 -112.9922135589681
237.90203209573414 93.31434775087719 -112.69924832197727
233.40417892806596 86.74889360446164 -120.30939650043231
226.22458556070148 94.0820171547172 -114.30698391374978
224.36989045726824 98.32458851231802 -110.21351172737789
222.8160154398252 96.78524826659627 -114.7013165208706
224.49485656648477 94.71995014777161 -124.34745825209554
234.3668799118222 92.3505487486069 -116.12915268418887
230.5816125724459 96.49624909666218 -117.02027573580155
233.39297914996544 90.49948346481672 -114.27978628085886
241.60711242272058 90.41706337300594 -119.56108274205093
236.91460086483718 93.86847459716041 -127.18620100060987
232.47689357797435 98.25152603592423 -130.75230162390844
228.06659043212414 89.77644652633484 -135.99992251779344
230.05641311425487 90.53870273375475 -134.20428054659598
222.42429750264512 88.94185892519587 -132.36398609113868
219.96749121486982 79.73363515871442 -135.55286575417466
211.06424004685059 84.43291346749605 -137.98061347453384
204.26647698794517 76.13469571017625 -144.4689784980026
205.84017552887997 66.36486249169366 -152.92364442868382
214.84143617688093 58.00133649620797 -151.64058002853056
215.95964476818773 59.070954096273674 -143.7269811980453
222.81859883176895 64.42271901690563 -153.24591533283342
232.18185666526654 61.59152733124832 -152.04973106547422
237.69327455937827 52.981722391786846 -149.2203091893358
242.9264495573894 57.640603821759086 -155.75477967356295
242.5932808766952 49.35215782220208 -155.7164310057441
239.81956175645004 47.058783526532636 -152.61998031833943
233.8087999531515 48.8757646258522 -153.06341306173738
233.9172027045167 49.70425425071112 -148.15890630915473
234.40122528350986 46.48995986612166 -138.5686511827449
226.87685770403579 43.34986905681451 -140.55277977527186
234.0252647488851 45.70362637221149 -131.5010604027066
229.54119634663837 42.46468111852314 -132.39610081165083
238.79890682058812 50.93599175998438 -126.25775754242821
248.58747514422834 57.60461134435987 -131.4895922048138
240.2551321807019 55.21115768535736 -122.42651137651944
247.09869686163287 48.46179602867562 -123.67099749503583
245.7274540514689 47.3202183859044 -125.8419284113545
246.31189681146603 54.68537765302708 -116.98117098956988
240.93678864320162 63.23081370585152 -124.73830430711358
237.26072405604572 65.4470385189591 -133.70248592428914
233.7668698772366 59.74785350842907 -124.2159566056061
238.79215968492554 62.52822090654707 -126.91174768543412
234.2160830505086 63.31365159312611 -133.15439786530365
233.2793877341077 68.33542506189191 -135.997944892012
232.484002071053 69.27939158960255 -144.81352466273955
241.10685970628344 60.69433071857365 -154.46394279952088
244.4229046342404 52.38858418477204 -161.33464249388953
237.4579547595087 55.878615686895564 -160.056264700921
243.37209259264657 59.95971572819529 -162.44163976290108
241.21740087960805 61.08333258689775 -160.7017962398321
243.59760452551737 54.65130397830231 -156.1121701017532
238.20459703096043 51.694740677984264 -146.3206437723433
236.08850480719587 48.45485090591239 -140.81221331325779
237.41500831336245 42.024586858821934 -146.63563342906946
236.19349804701605 41.140810605220295 -145.07272158346348
238.2324972123201 38.10878910611901 -136.7576311427444
240.06818422536833 37.640295934178354 -137.9347766170097
247.44599162309046 47.381611196992445 -147.48814296195218
242.78126301788708 41.03196510536616 -153.02869103149544
233.82967815047948 43.628388358690096 -154.0954732981764
228.54323966025558 34.287627585423394 -159.13604793145169
237.0572979364332 35.78982243884316 -168.05663311016676
241.2436936646889 39.25912862568644 -170.1368325976354
242.4060488508083 36.11749227181706 -173.39333140343194
248.1164441543174 38.946070606038234 -171.18451505261177
242.6076262995205 39.73812843945642 -168.6180963820402
246.91828505721995 41.02472236607646 -176.99412952024053
248.37345142910527 36.28121653397953 -178.6116790280365
240.61733264434636 40.93156434194541 -171.77976671691587
230.76595765978013 44.43356015024602 -174.1380493972453
227.4810291064804 42.21074410427819 -168.44553755248776
219.54353976135255 36.50477688248084 -159.36069705904745
219.74789107744647 31.826238767948496 -150.28063050489405
220.7254443176661 37.28036066255595 -155.0529071962257
222.67730874711222 28.693866289578466 -152.55352822536997
216.43090330313603 33.74452309555543 -146.79065590541825
218.28575715120738 33.480225429907684 -153.38684356458168
210.0415670855666 27.78294688095142 -145.64294051953075
210.28201228587292 27.21938258856661 -139.01543144224868
203.7228680770168 25.90005702139552 -146.98938856442237
195.7486804738468 20.41223525991806 -155.35704729923322
188.27557768235246 28.479193647292778 -164.1179095715331
187.1870664118794 32.507373757103586 -157.396615955896
193.6852194991973 28.16280687100163 -166.35607851078132
195.85276444028952 37.55720185398668 -161.34445117717954
201.70910637877552 43.62121069503564 -166.70149825402544
195.57371189188683 42.96421146633239 -164.81532180899092
193.18080502615237 43.86360521550618 -166.41577192355984
202.1037081147602 42.70473206931195 -165.04366808003678
197.25084699711468 51.942453371160866 -159.9032184897854
195.03038595220679 53.900131534565205 -155.0468875901418
203.5863550433931 53.25552806180116 -154.8379787370328
210.9457118277955 50.73022422795856 -146.602842356675
211.20706371317198 56.17397378460849 -137.17515865866426
210.5326630537677 55.84163868115884 -144.4787099483102
218.81674808388738 51.22012324389492 -137.8693394858419
214.63162509977877 44.31879664397074 -140.98130875332876
223.61435535471384 39.28776795250546 -149.33407270624497
223.11783029171184 40.12427635198005 -153.63847665935737
227.6187769634474 35.46933912820565 -156.17944708632115
236.85167766754967 34.07722469601215 -161.88804126977337
230.43146121947495 33.92550952839241 -152.0819918545649
223.37947635859712 40.362119728844526 -153.40264943763106
229.67899704897712 45.322210163175455 -149.7923703582517
236.72544550993655 39.631894530167955 -157.0945483269336
240.24252480043936 33.20184237307646 -163.4372878492781
235.8812066871815 33.01926134707384 -153.90285610086693
232.43951673555625 37.87691496209141 -151.37125899251703
229.1863451694381 32.654763781513225 -153.1563538290177
231.0761884872359 34.68553832241056 -156.48832409483887
235.14962846927065 33.67697594515165 -146.94630898821868
226.39072824831788 37.06198375124 -142.3861170366257
229.32683305424382 38.5178899232111 -144.03248332807772
227.32998629140286 47.5900446470509 -153.4826386188187
232.35124365982216 41.049693027903245 -148.52597727948455
241.58365105125566 38.3176240368339 -143.6530505506899
236.92648406125878 42.410270331140836 -142.59556458476604
239.97646663337287 40.80495636208213 -144.4833561711513
247.43021023455495 49.900985846295654 -145.94858760589372
241.88641427893654 54.6961649611499 -150.6983432665512
248.05287439335248 48.44796247991505 -154.17343998059243
251.2810939198615 54.7342234669945 -151.78551500980672
259.8185429919927 54.23684415517063 -152.50937680324478
258.4516277780679 60.10400997947639 -158.3208214260468
257.8570733387885 60.0890472628749 -158.5115802450551
266.5543031564979 52.80935832684938 -167.298162676317
259.7055269694018 50.94478430804126 -159.21283906797018
260.8131722532038 42.18414598556189 -168.57967567955583
251.46372934974076 49.13807021821401 -161.7512629964401
249.32242870973013 52.02851064949816 -153.63490731778109
258.25383188236594 58.925641402848015 -153.4268303010169
263.93649884016685 59.79929890195941 -160.02147158790677
272.2005675962671 68.90793723802328 -159.2642704310247
262.3514590827407 72.94904204028171 -167.56568456210306
252.91234492537677 65.27545431832097 -169.08356731561204
245.93282183082528 67.98313045184199 -174.92827131432543
243.69035195177077 63.092769114373006 -174.61462430273258
246.8942615146776 56.359093198091166 -168.2713231432517
247.02819411636767 62.9826189088521 -178.19549278391398
254.98472213854478 57.495360352953 -178.0974473145356
254.75817442515472 57.729590358437186 -182.6367002733511
261.99392094161914 51.30650009203998 -178.44225946878896
270.6195085288743 60.468325836530155 -179.33132582359048
271.987763333886 67.04790159227561 -170.88270250402257
268.70109022140014 57.486768019884366 -171.42657516695206
272.2632019880381 63.992240192414165 -162.49788545487323
280.0528989214647 64.78766617054984 -160.5354272109029
282.1868750447175 74.42325880094435 -152.8048483151919
285.069062482651 67.53675435107948 -151.08943440930463
281.4489945280957 65.85963806853884 -141.92486227147577
273.7713067299018 65.93950308949213 -133.06015092475604
267.7957727707482 62.68892323082939 -137.23737729662318
269.8992306918589 72.03108765001703 -147.0399597862293
269.51508838754853 81.9202724902739 -139.7287744039135
278.9655291884163 87.54924896826554 -129.87794197610037
286.39835517317556 80.95846782550375 -120.78105872026096
281.28211974599725 81.42428613734728 -129.77838448900891
281.5790844078328 75.56216935116139 -128.54198475444494
275.91626156816676 66.68698492738027 -132.09071749991264
282.66203087874555 59.683277986604814 -135.25433832254228
272.7784866311312 50.04860590959028 -135.37488711706328
280.75688997933196 47.167031867150506 -128.26980783317572
278.5843251351322 51.80707040923611 -125.55339331311419
287.6301695671274 59.707814095895216 -131.1774144008208
287.77605014104046 54.844190842053486 -133.1281842197182
289.44423372163885 45.16197290515093 -125.12008196887908
286.12898919651 47.96290216816512 -128.439230964395
279.1651579810627 56.0452659514895 -122.81086157433336
282.9876817420749 55.98720663976708 -130.3858542290041
288.5133454212625 58.22480507935541 -133.06102033702686
290.89954590665457 52.08120114896656 -132.79613334576118
295.99460811044577 48.72419819540537 -128.07698713829978
296.7652798425478 44.91754257989836 -132.94309744148558
301.4611154382192 46.95386808626422 -128.3776573098652
310.31437219310584 54.32476100839574 -123.3903011588968
309.3901775671462 61.19281739497194 -115.10947668605867
309.3070335966995 69.15333444078324 -118.55685137328949
312.3906630642629 62.13714197732267 -127.98391419203533
305.735149082373 62.649343269085044 -136.7695175740366
312.831661679552 56.003238831612315 -137.0302382070094
319.87099919684056 59.391755724784495 -144.13818226603573
328.0433585057123 54.30254011335166 -138.1736577242829
40
206.87066529745647 310.01196130097685 51.78048840374446
224.0633425119907 320.36859244988113 56.2069576975544
231.62857314817958 329.0635239909066 52.75383883307155
222.0756801650681 320.1786413036843 55.55138253435347
225.74263301078767 299.7936480303733 57.18349251764476
217.01915727392415 314.90079413656133 57.49603241076157
217.0549130125361 323.5155728886075 41.41588821812379
231.88250199813035 316.5207921751463 41.87596720524724
214.9980517172014 321.21138690458696 43.00830377240276
220.1303647712101 324.8607551336818 35.49295024746738
229.46106079124843 318.57199327978407 40.42682543815441
209.08811961006165 329.0548984990395 24.43862828940913
211.33567815863842 328.39729491586183 12.897568517190155
197.31938982765988 332.9937294338355 28.047891055416414
214.45370716272544 327.67517848793847 23.26287195300252
217.34162975768302 332.9781913084202 16.20745411550601
224.3054643445445 342.0018087229387 16.280680114871664
222.02160314204423 340.1310644804331 32.41636603594051
218.61066826311125 328.416134938375 25.168234080011054
241.3178999882536 327.90284876704686 38.05676856241593
220.35899587275054 326.7895963836247 20.47228445596671
229.75480869863733 323.1780286275456 35.05647923562848
207.37278103908187 309.05020729749685 29.499728471772215
206.79101268668543 314.11027275687775 18.851237878538917
197.4940002041949 297.03590688306633 17.337340288133902
198.54993190421487 292.289640001689 -3.1758591672820593
212.5116910653754 305.21883382105824 -2.4790909999324002
194.35437016637988 301.7682204930469 -5.719219057972739
213.37131297138865 290.6415224993466 7.218467401731608
197.3521378357509 312.2408197756209 5.010118984836785
208.80295081606909 308.31556344069793 -1.351807332003145
195.86665400067605 299.75523737760614 3.6081264456107522
211.7001361338031 279.4862748412324 8.61013979359588
218.0989697479794 275.03090270238937 6.05914205049573
205.788610376835 267.49560922834684 11.276673246621423
217.25445479301172 274.06509660580934 22.1249352104132
202.74637294423604 292.5145644389424 15.508907158229421
212.79449768753136 290.20149243605823 15.566538849383996
219.03178038990248 276.15657402413706 30.21304175400204
220.3664072493063 289.5749349081868 13.123148702353449
