1000
50.47518856891034 96.63718577607713 357.02533352435233
50.275662947761 87.85616321358467 363.66779848194284
47.95823626995128 84.70097984243444 367.7222104269019
43.01892011557457 79.81168379674027 365.24516205049144
35.73328317200422 74.43844236493103 356.810652206582
26.15041826221113 79.31712413498558 356.6934068977054
19.255998751048665 86.14339605558469 362.18810594250357
14.152889307850227 87.24967623332822 362.70823564688567
11.877663951658228 81.01468841840354 365.5353699177172
7.9200973361216604 86.00665457329333 367.66746681789647
4.792334910041151 95.59162165176718 362.9209014779637
11.945740657914005 85.88116522243376 356.80716154781015
6.017298770306251 79.2903730450589 358.2738890997684
11.847422114486331 77.16413990225044 358.3521145468918
7.8577477580293795 82.5360474719083 364.97947458714987
12.833517584070066 89.253709670819 360.4757509712889
3.715889673233164 79.28909575513663 364.1179024113512
13.327104632240372 74.08494786232271 371.390388001136
18.281511000411264 77.46509877437947 372.0003094168274
26.524174003309426 86.74147727177052 375.7657508201797
33.14705663622547 91.18522520096421 384.38536726511427
39.49424551362691 99.02557105551871 384.0255257530292
46.563399114289965 91.05469612702943 376.6840660924322
55.38653016310966 88.75578670719607 381.42862851994244
63.72453620653742 95.8920999750941 387.3972913865566
72.79593493130673 105.52441707377186 388.6664775076781
66.76508318390732 113.10915069581111 394.5230232058186
72.91484426832834 111.7309902264762 402.5844268562031
78.12264353409554 105.26562003673257 396.87131369079606
75.32453620413872 109.19236151496531 397.74913982664134
74.69518093516119 104.46059163066984 393.5823594515116
80.37759078594982 109.49983849912721 398.20872861860255
83.21703353784649 113.11724205877633 402.41806523678576
80.61163304014364 120.15448692195103 392.8651814560813
75.70580878155961 116.66435235139016 388.29963976359085
67.89630345246789 112.15306007064305 390.41677110778113
67.47793152332105 114.50681884766868 384.85759012857596
74.89417258044178 120.38393991212985 393.2307237150535
72.46407764570728 124.99514263103906 399.67432499734497
71.39944558887088 125.03652674408012 402.3413725060393
61.51771146740501 122.73028489387261 411.26799022505367
61.439419507166356 132.01675008857737 406.44066680536923
67.69212485470455 131.98516166329654 406.3439120204275
67.78517414687714 128.61340997074754 409.012804866597
71.36404122876365 123.81217809300048 418.3668385201315
76.15943834781186 123.41584323401214 409.1058016741611
70.08970540576351 117.62137885057574 404.9593603961402
75.34899298819165 122.47037581305194 407.55974738482985
71.89802127831143 123.18809115232064 416.6093208828021
74.56411391614739 118.02140323380927 418.2725363328649
69.43075745113879 114.0894212426116 413.05534542233124
71.18731919936089 112.06591722891443 419.4652569613805
65.56742418002781 115.0009628014092 424.55802182417915
70.06164776659271 113.41875993745353 424.09600132342035
75.97532191270098 107.58369969048815 419.48501199231276
85.96592964455644 115.16912511876495 418.0010103998197
77.52064162766112 118.95172448621183 408.4600499000454
78.35496431673113 124.96109172726659 400.05422258075936
75.13125821189031 122.87333262447643 390.8774164365673
78.45426332251452 129.86990531169607 392.5452420387748
69.27728576554236 136.97742883412204 388.8726790005917
66.35870035412778 145.63772176161277 379.7490742516047
57.59254568188864 145.65548759184946 389.1735193676809
49.87945225940621 154.36822571728615 380.3559231946524
48.341063349296334 146.20299225923708 382.4439319806489
47.408270411896424 153.89633634230017 377.7712958439015
56.48354587556809 149.3328088434127 381.4222071760023
58.3601149512331 140.04405818066488 379.7473382064636
48.85395502671763 145.0046711168653 372.1614744986819
58.72454203952824 150.3918467555004 371.5460373686355
51.23543989198106 152.2707082350164 364.0886142055117
45.95586542632612 159.96513831486152 363.96003408179246
37.019064998159465 157.94504149796083 360.78977348169053
41.735894897382124 153.95441551159442 356.24306080064247
45.44854026440487 159.0642405627167 359.19031900599566
42.96258415728349 159.48995136617197 353.69735400712074
52.06395955069026 155.1880706931548 350.36969920495903
54.28291439199498 162.89987916285733 353.2108167554492
44.99853052846275 158.61540225175392 359.73870785365716
39.13639999385182 151.0353017081399 367.0419332907265
44.078509976071395 154.97490107493786 357.577360917448
35.781558723926686 146.485381153373 365.1995358903587
37.74072690103847 136.7572148638174 366.72306997188196
43.449287672622766 139.77786775537413 357.2069997965318
37.66150829708463 141.61350066861408 347.2618249206599
39.32386240226254 134.99454495514402 346.8608386989928
33.69797741817986 131.2836591724128 348.4960483148961
26.93284815137543 134.65390151263503 352.57171627504704
18.342432988935435 129.82704909231984 356.41873852979904
11.161102156851808 120.86445028981026 348.31209026207813
19.244589257530993 113.91626030776843 347.190083166851
21.12205394424433 112.76732117412114 342.98462774569157
30.176100206858457 105.34387956134303 344.1140855170218
26.564368453642135 112.432842050583 344.257056166459
31.452704349655264 102.9427685498693 350.6040730266422
32.59586475897956 93.35553074758297 350.9101651631592
24.045681489145203 84.78305633862333 353.86340095706015
21.210028051543922 86.14740314670453 361.95348775009575
18.846321766278493 82.18433697580927 369.09570034009795
11.751126174179099 85.2896733791616 362.1278325441005
6.304653975885387 89.76867953987696 362.89494062361507
6.338405584766763 97.72845309608503 361.2995068358298
14.86952309991331 99.43687442815101 357.0204414901941
18.615347624661982 101.53359459278518 357.05235116046686
24.835477242319104 100.5340800969344 355.82670190340434
28.975195817923986 97.86903446929989 360.8776222894622
21.248765609667654 94.84187296221923 357.86839376094264
26.463330232925678 98.98673412993558 362.8752965200951
29.453212271228566 100.1122346415817 355.46924444397365
25.16915207098638 108.66996872023006 356.37519930954187
18.57914024238932 110.73163073694022 366.3601779835226
17.824457958672948 117.0781678872991 375.2286767026326
17.371405280851548 109.7504961315452 384.99646457292283
21.023372424923608 116.75802773389009 385.76447164986376
16.8926779248742 118.21605245397487 392.2313453840086
20.794151686011393 120.4948414828226 400.26440986864856
20.825701460521074 115.16845514805038 408.0288975449335
13.213923789358507 117.5293131293914 416.5721614746397
6.996083243076846 117.01987546768042 420.68429274056706
9.749765975050938 126.04378327649478 427.5876384977608
10.07539728141731 128.07096395840327 436.58724502651484
1.9439641227184516 125.53628695381497 429.9031555957571
6.372575668422551 129.9130981864793 425.0420881782702
1.2704940423804478 138.531886206253 434.07255982672564
-4.70504262251048 142.32261304027688 429.8141294655057
0.20479414640186988 150.55599402087057 435.9109420225274
-3.2726712926516965 151.2227629964689 435.77678335612853
-1.4127183230545648 150.4637753512733 441.26585919350043
-4.637042454016327 148.4754491544655 437.6865339854804
-10.197652130732386 147.72242857160748 437.75207058714574
-8.240232218849282 144.6536607520454 428.2757373598629
-10.89798143577691 148.96330534821567 434.83587564565164
-0.9487136163992282 140.51777588380796 428.9288902263102
7.750708643426043 142.36249587423612 424.33933610220976
11.60895811658226 150.55600696954008 430.3177390340699
12.41271793213138 148.47362867393616 436.3452541546436
20.357060493181848 149.07125476982554 431.2343354148349
16.22258326530875 149.08701472132475 440.8624933085419
8.324393912470132 147.801367671357 450.7077980206722
18.039277544306273 145.03061024021187 451.8062602134613
10.884914776336254 140.9480395430237 450.2864951895811
3.8887259888120234 136.6437095166159 452.4923398630559
-0.908719364417653 145.66283925999923 447.3682578331706
0.24062487524516651 145.97641045164724 445.3786640333647
-6.125421649861397 143.5481522136674 454.6373152068658
-12.557807832520716 149.43222144519842 454.8150346847584
-19.964638301938116 154.16287027653968 458.4995748125026
-17.676778927566307 145.55706578592364 454.2028593187362
-21.441991581698495 142.09857908096967 462.639982349738
-11.717318847436735 151.7516110287195 464.0535568002656
-5.3443339138170405 150.41054189178024 472.1506672666152
-9.969238847972097 145.36257803669378 473.07727665887444
-8.087758841497468 148.49093711882836 471.8637353281561
-12.615961418460332 150.1854645568431 477.2257919385815
-19.019363144321662 159.85609515258375 481.6994657504919
-27.340726623521665 154.95631741205474 486.1849076204113
-36.30941746452818 160.72541065851235 495.76252283780326
-34.30648652970772 160.7609985540542 493.89091672726965
-31.02537486748976 163.63281354723898 493.8597072653148
-27.69519365892681 155.79593876863186 496.4689693921119
-28.27727621220657 160.90056892039289 500.39804110286957
-21.402785682711823 153.34695208631484 504.3311141624739
-27.405469318028203 143.95699576902368 506.4725709972374
-33.99403178742973 153.28833793156548 509.47416305399685
-36.48167271412024 145.18756480957282 501.5399234992045
-30.61715429860615 142.71590565935148 508.36477841854924
-36.96538446705894 135.63176077421224 506.46361089426034
-31.292281788002818 143.0050441331234 515.4176180953873
-38.11459243554194 152.62399873198956 505.91388363989
-29.009086478610094 152.560475573485 504.8809494324785
-29.882247416778508 161.19006689285095 509.5899675481987
-25.07784974018886 168.2117988943471 508.372990830356
-18.07671028990857 170.2212208351741 502.82056979474424
-22.500949206675354 177.54453707746313 501.6519458526603
-27.4327613534986 182.26930984840848 507.10148103213555
-23.011810006894116 186.78542947580956 507.80101654456735
-13.561736601896877 194.84422676697062 502.2310982290183
-4.546682418322462 197.43546648574613 509.8937898783432
-2.2048993831771 200.1151221036653 514.9283695960078
2.006681312629274 192.66936085585465 517.8563760226397
-1.1353586667916824 198.62036079966416 509.18529309174585
4.230672215275622 208.05089986609318 504.8900058030356
8.7939241294212 204.28492337097654 506.02413468118647
16.634012435581077 199.52796047245778 498.73368654092036
10.321366365757239 206.9590758753098 507.1327513113538
4.0138639401723 198.82126621471437 507.387111486623
-4.934859173753381 193.3626041169125 512.2093015600615
-4.413375897983498 201.15413495156864 520.4020941427292
-8.367370491992201 209.76632532756307 527.4071182086617
-15.179690333389335 214.2533435802877 518.4402652061596
-14.126630801483174 206.4736542662486 509.60716765096424
-22.63998916057066 215.85464591104608 506.6965097890283
-25.51342294464783 218.5589493991282 516.5451177078181
-25.015905462246437 216.39915440889806 508.86324012313145
-31.9865678134302 219.4032996345104 509.93062934733206
-26.72377511701639 227.97923634917703 502.6065266707622
-26.66364832944461 223.26210398395924 497.9753767684654
-19.031975414148086 225.2049048841697 503.53001478052306
-12.464558253547214 217.8436423989787 510.61120762060534
-15.013194058908834 208.39272320113173 501.0766782765076
-15.272479190559153 206.34890436631707 500.336218531003
-14.811140837509416 207.33495003256058 493.3362782096536
-23.755863693887754 212.46904845629558 499.2239563669186
-22.396974559633634 218.81621595306947 498.0344620231799
-29.875392453236735 211.82087098639605 491.83633956786565
-28.845438405556237 218.57620728879704 485.9187022703705
-32.51196064620334 222.53661861571604 485.5996714968442
-39.135350025856226 224.3087931803979 483.9558395457785
-42.441318993482994 217.77876234508648 493.3064482958164
-42.38437391334556 211.47808730516627 492.6404130559313
-41.670670569789756 221.40768745817155 494.83085160117685
-38.92015007987086 217.49964009276815 504.81638806038984
-39.69290695545028 217.5026918601178 497.2339366875444
-35.91196391259943 214.64473353329657 493.3458224373852
-35.21650887117044 209.19960844049774 496.1479447479566
-41.2055821632243 201.45730430380502 487.27388027516264
-47.380612898187685 203.49399649347993 480.49802415259904
-44.43090221364659 210.35015325713533 474.48744764986435
-51.73192385143133 205.74915805383114 466.52740874825173
-54.52739086025896 213.91612043060957 461.49697439031485
-61.668932264375925 213.29854444807725 471.4496460199003
-57.90129099180902 223.14140469516565 461.9755124787233
-58.190075324326244 231.26698529652597 471.3046249781023
-62.72249572396989 229.29021728241335 475.7974376139188
-53.934448868670735 229.43555200706814 465.92238074866435
-59.96787781085108 221.69201952358227 457.1189454425981
-62.84405372148138 214.39834771674904 448.56272842340974
-62.35423093823629 214.02209038666157 453.06165027323834
-52.582957960493246 217.30124977181572 451.62472620795324
-59.98423013056362 216.93305346067228 451.3515331140926
-64.28857993430815 214.7105596914266 445.6498348500973
-68.7531982378186 210.82258219879668 442.52555400176595
-69.51183825342318 218.2124818533461 434.87511221275247
-68.61428713138156 213.07009587003293 427.8690343094988
-60.41001907918856 208.24993647461216 427.905698507341
-68.07536461297798 209.27845386522324 428.6790618048293
-66.17166994895976 212.788135502437 433.52741355434443
-63.441805757838914 222.30135675783788 429.4392981987619
-66.38421672903064 224.36545289905294 432.45220729878866
-67.95621001164804 226.00200250626895 426.95771351858855
-74.04911929160409 229.6098585328857 435.0437225486999
-76.67443174531788 220.76695491166365 441.8925021011807
-82.79984309638992 213.84386019287052 441.0732024904192
-80.91209687382717 208.90065074527175 432.38298740397
-76.85691467263634 200.1934731054137 441.52791315054026
-79.56745498116719 200.7373697195765 450.91913810030735
-80.20705006797048 201.33925706944854 458.0872045942061
-80.556593622249 195.30383793626356 454.0102177269922
-74.92036970330409 194.3499995385322 451.67057345889503
-78.79614789967451 187.33243586241628 442.5007430692289
-70.39321439635286 185.94696792343703 450.0129124621485
-72.47494838860632 177.31180202786535 453.6207228031065
-67.64184781578605 171.43081211363045 445.925885456396
-61.3752452100266 173.85562172750755 445.1894464343197
-55.77060586078449 173.7222904945678 439.23280363664344
-53.2370286507119 173.44885182668477 442.84599213665757
-44.09082676413718 169.2932476393552 433.54164131691965
-52.65859802843968 168.0055537797819 425.6210998888719
-45.86516505985131 171.02338167208538 432.0160004882111
-48.87573143797179 162.79365657312744 438.5092106345828
-39.8957236056108 158.2683737479884 443.6979700514536
-38.92092822388583 163.57916694265796 433.71754573535804
-40.4489744897887 170.23097813594367 441.9601258218576
-44.70768494775447 161.18964456530946 440.5933362681159
-34.86361222864885 159.98844438908682 441.94882396349044
-28.226178336262493 161.81565709857273 445.95509586974276
-31.137421787267407 169.1933028199017 455.6627211828129
-30.057581141631257 178.99720261166087 465.3011753271274
-27.66276199328226 170.74461986575812 470.0961856455914
-20.469415562147134 167.98175444735782 467.9688889490775
-21.825463130905984 170.91574248253232 458.70546162521185
-30.161749803134143 177.71565058757898 458.3260511379443
-24.475773945325667 170.14769646468983 463.7804503005688
-29.89090930540543 173.21031556687646 453.8199166131183
-38.198313215399054 163.33066661448868 446.8928597313957
-35.209365941191635 167.68705243139863 446.76668959287997
-43.8479306784173 170.19710386748292 440.9550599985555
-48.687633184053745 175.4474073721313 439.4876236148067
-51.37906070368527 167.37273182029793 438.57914487897654
-44.610437087311716 160.36739912938833 437.7406138705974
-53.77363201701114 164.67522559804834 440.5473746758356
-63.47138519094139 174.29100116017912 434.6129112029411
-66.57419777510745 180.98216936054285 436.7320726616008
-66.79335723614938 187.17593784996342 438.92961642053757
-63.83508404302329 187.4748344064307 431.0495801776588
-62.51098860138303 191.27618268082404 430.6124685699738
-53.02325884904745 194.06878151312435 436.46835982182165
-52.23457779518324 195.4673526253971 437.1586395564875
-60.24109485779156 193.64699175188298 434.31285735803283
-57.76030639879205 198.36380082027455 425.77749822226775
-57.8942001814091 206.95997634923108 426.5913398556523
-49.382717791660646 214.62574911883942 424.76082034615524
-56.14124522141348 221.57308123717266 419.37795851715936
-61.26378507126079 226.1712314078198 410.6855798876828
-67.13417742803858 233.44217566609979 416.10076501312415
-60.0164169745119 226.55672714643742 407.1181293416286
-69.16105140099262 218.6129122543963 402.0485435832139
-72.4385910994346 209.83426573333594 409.85439700664386
-65.55849267757864 217.70487843652953 417.4506070012826
-66.4733330897603 213.3592597866127 407.71878317107695
-61.06270642898203 222.31061986952068 412.4938739120495
-63.36945458739846 218.6530592008573 418.7297433873794
-69.65260220853962 212.1808219507414 418.97729316775116
-70.42875253317314 216.76000187098953 420.3742107463333
-78.9529376607859 213.36077544066796 413.4151363690803
-77.64521887847951 205.07303810632743 418.91356922413456
-81.21893483833554 199.19775210901267 420.71506712892244
-87.5656755342606 195.14232216842873 429.85326321342995
-97.2936343404758 195.27149222126212 427.33083556048945
-87.70815351538255 190.9916084682433 433.1977710470429
-79.0311151923481 186.7159504115829 433.60847173149375
-74.75847781273521 183.4900084424346 440.43558176976535
-83.88206037366726 192.49846494316225 449.8193542980224
-74.23068510953428 191.31268055684058 451.74826887599005
-69.02702742955604 184.2206509958033 442.059085212962
-69.34960546741259 184.25748917359394 435.0663959653308
-61.246676633345565 185.32577022997756 442.18757355574616
-61.05729660333206 195.27640639844893 439.0708535021262
-68.23273667702111 196.9750159489249 431.6339880143314
-68.46647367240284 194.43732611745205 436.3041739105413
-66.99354224749528 202.2854030092804 432.36645771579
-64.60638325889755 192.67835586476744 432.6087333832937
-71.44182499432463 189.96834901843897 429.51167008164686
-70.40534669467795 199.202592060832 419.69467091979686
-73.2928816789492 195.0052354030441 419.02690863133756
-67.45428252195725 195.91156897908897 411.6672204443566
-60.472453815421574 205.8838077568102 416.95244587227745
-59.509364549846936 215.66221803108186 413.9119615587577
-68.98505583576173 214.2925092019392 410.0967202359681
-64.70907557514043 222.23260385536528 414.65649626162804
-60.94480414490176 223.48038972010443 404.84020797561516
-65.90673437119152 220.6132798583539 411.3956389638599
-69.45161394195472 221.13735948536936 414.6755759929924
-70.35730120845074 213.23510165476313 418.9417644415849
-75.77810296181363 222.75232928327978 418.05547483932315
-85.74883525267268 213.65189721411792 416.7573008886664
-78.95836396977701 218.26061062835066 414.1502433513259
-72.82898279921848 226.9767316944591 418.5408951390326
-65.17138676160957 230.29708716085753 420.2131464522111
-59.05105418608832 223.23550129213987 423.8227645708852
-50.338373915415104 230.65442461082282 423.6166167481962
-50.11243725595598 235.81494362460373 432.78437863052557
-49.119751655235554 244.82400600102994 437.0469307382719
-43.653004068950366 235.84767793332514 444.78293051243645
-45.055305604733405 237.99572172581856 453.471740501876
-41.73355291346642 245.0993942340118 444.8458825697294
-34.02891597610918 238.77768205034073 435.7348870935501
-29.837090812574747 244.40287242625078 442.1264685243514
-32.509967278970144 237.92721411148878 447.09693369524376
-27.25652545683431 243.43857705351903 444.48622124093407
-18.903154380310895 252.8883788314602 435.9336252419538
-23.923352777881128 256.833758682768 427.35468929450013
-15.248682205847686 263.37890672821123 424.66320160975516
-21.750173065896593 267.0188071975987 421.529935006861
-22.88233249399532 276.27037371966594 428.9126037733863
-28.25292698009549 267.63931275763326 432.71529667852474
-35.04268792524345 277.42846245443513 427.60568633446434
-34.76009594751303 267.56941684437123 427.6528046009269
-30.216807479518568 264.04495410966325 421.20477312393825
-21.095630403029425 265.0262299409913 431.0314262564428
-17.254780997022905 255.89121394889364 427.01966737125963
-10.974973742519607 261.21332866708457 434.07212101604745
-14.787574524055655 259.8661872464672 441.9254314033899
-10.104396213765423 256.50334177861043 444.8923737726611
-4.701033426218714 262.5623554490025 436.3449315071624
-3.7610190054881283 253.05372330219973 431.91407981259016
3.324134620255939 247.0029543989731 439.38688792984254
6.569718049914481 247.8063285502722 442.74043153222703
15.618083456122196 247.6146172486008 447.33065771201933
17.899262990470984 255.6065986186359 438.4715278373749
11.528099299594377 252.56210865988857 434.2046013557084
10.467509461242692 245.67119542004477 432.5846114987551
13.514628734366946 241.90158091509653 436.91152821266576
19.236179338482078 244.39854755867148 433.1461934202888
27.925028813652517 234.39913604370594 439.83679117072785
23.325243768813152 239.10941828027904 446.9298834444867
23.312700837319245 234.87675064249493 443.6307929309113
26.627722400096147 236.90965297102724 447.731656486389
29.636490776462715 235.4372188947502 443.52981731557975
22.442459424069458 228.15865693828658 446.5220750920466
28.786490043494315 227.8699245266421 452.57716837936334
26.959991788259664 233.22933675137105 452.4184541736657
25.164051437309507 243.10853527690145 445.7866656403683
25.36471533050906 245.67516964062622 450.2388027936886
17.033243242278274 243.03139122603352 451.03328875414957
11.947882705849706 235.96059906966238 447.7442208870365
13.247718327962518 243.6586742745716 447.30127630062196
9.6280532728158 243.14282978217108 447.7728366102617
14.391761504021943 241.39058517649298 445.85704102989075
15.74009676798199 249.54196647013197 442.6847670880302
16.187033486715205 258.60287885911254 443.8012143240244
19.082671596928456 257.2241328664791 444.7179627923088
15.446771862169616 251.67558250130716 454.4850274167943
10.149633687452274 245.75920337423068 457.0341739220672
15.89063184771938 249.34757351261686 449.0116919442456
10.879025272116774 245.05869547782362 444.1554529409106
9.383017726131182 244.18235985963193 447.95807643956994
7.329180535763312 251.53777263786188 440.4229023989308
3.694285577889943 260.9298168710982 449.07837636689993
6.507132989372007 256.0852707238118 449.7622129016009
13.820644740473877 257.28376772430875 439.8029861525805
15.196976253283141 257.5416960315352 438.3587432299347
16.732898658014072 249.85408276166268 443.3821056179324
25.863782733191147 257.68329947028747 438.739650804835
21.073142689987876 256.42578003336115 439.89743735473724
23.60291055082245 257.26308066278085 431.93780601094926
18.16474215480786 260.80889912074724 431.77203079394417
26.191844757470875 252.2876690646699 425.09653370466816
28.680768254863022 245.0962522086518 429.6350295450242
32.08470128133092 254.71367215215318 430.086709479704
36.81874726938551 248.44381303901295 430.8708345830648
46.33248344438061 241.69376132243073 421.07553692645456
51.209631284191794 235.24540491581118 427.0312509642239
52.43830615274047 236.1945784119035 421.9220614816386
47.566261239275825 245.16827440232737 423.0558172191201
46.33476058823341 252.34917544103374 428.19748157653527
46.88088243479785 244.46174328940256 435.0350072872435
56.62769470617116 234.56305525032238 432.3154488170185
48.43818517362172 244.2371186764732 438.4549780502441
44.83713059754903 246.87246081845265 436.85985222516746
44.879156382089825 253.68910361738213 429.92070140340047
52.40619526166909 255.1228137248243 423.2901648567345
51.97734776697291 256.5424386026793 421.6124366439162
60.69273858805475 254.78976013468656 428.02266996811574
55.581805268025064 251.19180269312363 430.5563946727405
57.562821709237014 256.1453800252871 434.1764966214921
56.75583632557418 248.33203166736948 430.7885675579631
64.12158842219387 249.67227319068618 438.836845652673
68.47306882633531 246.91490520690488 443.49121109675116
63.18094007339255 238.20769164338657 443.68406030027126
58.88476487602959 244.80672378324047 438.24937773461915
56.26804517234649 248.99517257082948 434.1585486943217
48.761621308771936 252.81831674207615 424.39558249324006
40.866906888832844 256.9871156130929 431.1691014351721
44.20115317426903 250.9829915193443 439.52843620184984
41.783941117380266 256.9082609248742 443.3848739723056
51.36783931725296 257.0685468377323 442.2985082668378
54.597911115407435 252.41131161978797 436.2076423747071
50.031404930859196 250.65751635798085 440.844875343802
59.34746870009508 257.9071300835379 447.87717134020954
57.31312696859354 251.73150757048882 449.6412310620742
62.96022955403543 251.8566524452271 459.163578203436
72.01576170606583 245.61322069495617 466.372027997504
75.38914186501744 253.92734678642623 459.9074963958944
69.109216942933 255.00114025096397 451.816535649696
70.39697143159341 252.85473154741507 448.5978197521356
68.22417777396507 261.9567508590294 440.0877168495618
72.24037845597574 253.38466445431317 435.3975545885293
73.50771728079002 248.55840220818584 426.7089027061465
76.37885496565696 245.90445546879124 436.3989332312645
73.22964876433893 242.30610885389052 428.18325074357773
82.38949411411046 244.55472254115284 434.6259273411555
79.83841616970166 239.9116311515112 434.1289865687514
82.39552419515059 231.71967358917732 437.9256536716713
79.57575496920275 230.9133965039843 443.9248287985221
74.66762557846322 236.74999811612977 444.1761203391759
68.00692914291336 239.7592162091575 451.832949412216
69.54174878486778 248.1744410040077 454.5382867028724
76.62227475928283 248.4249625229198 452.2375239305693
82.59342730943 240.3106181649411 447.77681059032875
91.20433176494262 244.14513698095107 447.96011252595457
90.24456999611449 235.6845981377055 456.3460542039746
94.12651311890734 225.69927363293192 460.81142951803304
101.80241469029151 225.45001650395554 456.8187640106723
98.3090196525052 232.93492953884459 451.4248873715908
95.41339336966513 225.58320909759047 460.6202695702662
98.26890717690853 222.98685041290176 451.92450608761
97.5693150720569 231.88340133522408 447.16964413881124
100.16860155037648 228.5882469332592 456.9242746334347
96.17024666270545 229.18685416381118 459.5701929231139
104.11738106643888 222.16842079758865 460.75751458935525
107.76586567721063 225.87856497757056 458.08248279155026
104.40338756146905 223.70271515942696 467.72305159512104
98.98759340803196 215.67310527876586 472.7156850956101
89.20683912744313 222.8657898664622 466.87585673125716
95.06266443891658 219.9360826308471 475.7743865771523
99.22352986923977 224.24834818048743 469.44848544484313
108.59015972128813 233.77820812239847 461.77734702800325
117.5407406547057 236.76005597503712 466.6580617336158
121.95670492315276 243.62034665877854 471.1552438401068
113.02124798521689 236.33534698113775 464.3885998378583
105.28068645062847 238.30536465207993 463.67416216677134
102.64696718991176 230.82972406977888 472.973841219624
104.02921886810574 228.60408446061584 475.1221223865461
107.07814869076425 220.44628524479467 467.0940778155064
116.4787915847103 222.2219966052168 461.45276541418855
110.95947045748153 212.62545890721515 460.28620515914974
109.16521021752241 221.84670611629178 459.474769790559
114.53365165353568 222.82486289612766 455.89296926768577
105.01411237868034 225.1023793021178 461.6888699125786
102.13447413222248 228.38763273674957 468.39046214226283
103.50060615220163 229.4142758670332 478.01857044214637
101.3479346991562 230.36140525584676 469.71323620135695
110.7623091222481 239.6373954884757 476.31089422847106
105.75498176694921 246.94120678271653 478.4094868877716
109.31226630679085 245.81143546295124 483.44912929685177
118.64593840496526 241.5525226586427 485.42262687716266
123.50553729226742 242.27638426165905 481.89930867934106
126.72115313105044 241.8790460641771 486.25549062361074
122.13637238278085 248.872433289354 477.1872990602156
121.10958125502643 244.22938031799592 469.8795842881379
118.61317544709051 246.0290559095045 474.8256372136311
116.11095959991889 237.7590111652291 474.2014556561168
110.70140140561445 246.94248880410643 483.8501361157137
117.98309411236903 238.08773476330924 489.7797474321471
115.95206968176377 236.97614054729544 497.6475917220793
111.86607929401717 230.98093785018233 504.77283510021067
111.29177243888988 228.62303205308262 513.1549390173993
113.13483911350389 225.98659449454152 516.5570227175753
119.54718712683001 235.34759298563617 512.2501581575187
114.21577745791477 230.69141538994347 511.05475155075493
110.94315018355222 226.30501482039992 512.2687112795029
109.46827094481164 218.86736041491469 509.7058180157865
106.4558074650602 220.51188917438574 509.14607898425464
102.34336792099005 215.93406199085973 504.6155483126359
98.19455652057776 224.96746348564844 498.39019872375195
103.48701484538844 227.03267046019917 495.3237778571808
109.40581569908647 228.40769291793532 496.3527818428515
114.36960685536415 236.14970235049503 501.5321070081471
115.82464730321482 246.1027698920206 509.6929272079902
106.9995295625688 245.83884511833998 514.9762920012461
109.15239910662258 248.79034441674577 518.6900566263936
111.73015640582787 251.53334034377193 515.5034977728926
112.71389012994442 258.088403257279 514.9745838839544
109.83399893318898 259.52687944147016 522.5178507090175
114.48744902837393 253.21894076647402 513.5305952166763
114.56239978513179 250.1903729401794 516.908104958003
108.11952275052046 243.61671460464893 526.7416994641255
113.75062909534661 244.21106599676233 535.1512616404314
119.17279863495503 243.2040348457271 535.9114237488556
119.50922558534006 242.0700900225723 529.5539496353323
113.33543657732922 243.75626399087426 523.2339042651844
122.08345987897059 236.80203769989294 532.1740214356014
114.25974503405415 234.46439368865157 531.6511406108639
117.6552475598716 244.06968607395007 537.1287973977805
115.92553638303949 237.48590324902182 544.1855180988939
121.33821561821367 231.63255676351653 534.2964915952454
125.46982453696472 223.4742633283337 540.1922400153561
125.70107990662291 225.42162423077895 532.1802168981142
123.9157155435986 232.66216885228434 528.2829294373236
114.63055815362733 238.64263939469842 536.1356908440301
124.09075731902382 234.40362836086126 529.6815546708189
130.69498336492396 232.0731129959993 526.3417525894951
130.6611482255448 239.51626825413223 525.1435365228915
122.09930019721655 241.62341636580769 528.0638205362653
119.83086867197677 247.42333049668244 535.4630357457086
126.47091379423391 252.1974234992836 545.029035624543
123.1786473581715 256.4961921578251 548.6966510433689
119.73419227583632 265.0384400665557 558.6107164314928
109.86569243491137 263.5331675591916 559.1887781239867
109.38089875692175 266.2049995201226 553.0007129753224
110.72874409165085 275.13711297035167 558.2029446041859
118.14178312750724 271.27801345531225 564.3577858578656
125.58216170509245 275.7719468618744 559.1583606485455
134.98078619884797 271.4541207751367 564.3259991087475
136.39737599546442 267.2621039218007 560.1090032206777
129.7185234910959 273.30387911092873 564.7992656673438
133.13580251121567 272.62872333148687 561.607282730839
133.01075736280725 272.69801276618006 554.4427546068224
132.2753942170915 280.85089044852566 545.6861210488398
124.0903078073416 288.79186414846384 554.379170819297
132.45689795660795 290.770880294076 557.5555078515999
129.70320438916534 297.4752733411117 549.6450899443723
136.71289670352166 302.2110276920695 541.0072136950316
135.64183296575789 299.9746298719376 533.0186134344449
142.79287846097532 309.8920141469317 531.9062070308852
134.4511947798409 318.31349248777286 534.9566098395192
142.96079614173306 318.9053375713962 530.4587038010857
139.12142773220157 312.77103616079324 531.7539085141269
143.26866821505223 304.1065636998425 525.542589937428
149.8403270696814 295.61808192100835 516.2650321417844
153.28491342619813 303.46513179177435 507.7675869974027
157.43860837471587 307.5717813973683 515.0687464501782
155.98836521545724 304.80632370200175 510.82518647516457
149.79998262024552 304.8207995837778 514.290754988893
158.17002639269106 307.24972630886185 514.5784294932582
165.11139328154258 310.8884536750147 521.6651560612115
170.70418155595488 316.09289082089714 524.0722879650295
163.39377991415037 309.48176968953055 524.3881108547521
160.3199497466546 315.6704145619105 533.4977101382077
152.54758553940113 308.5531126859786 536.3125912375554
149.92049326465303 304.0972752109913 530.0283993771017
142.87284118716696 308.9768864798096 535.7725357522129
139.6904514213978 312.2011628693451 538.724493893813
140.29579946833204 317.79605265040186 540.008380424862
135.08527463811728 309.5205047775315 547.2602436866649
127.80971074974482 318.42411540781285 538.3600806927659
133.96821132457433 325.0282611435942 544.0685205865105
125.06254037160876 324.29666706882307 551.6543721107159
134.98333200562925 322.69576915356276 558.2823754634793
128.94465397205516 324.7778430398992 564.0746635799848
138.28858217247188 332.1601346317075 570.4394271780043
140.57478571722586 340.207802252687 568.3146427422512
137.71338712747306 346.19565926640706 568.1803380277871
144.85771239606 351.532942481481 576.010749614718
154.2692572310647 359.38874409333056 576.461975180402
154.4304114066397 360.14378355657675 575.5799969136366
150.53648220911725 364.41975934207477 577.2775017591749
153.62304833913825 359.1213122511359 571.7034806357233
151.4637272047193 353.76610465650157 565.5016322038304
141.93165848793876 344.3713503868247 555.72183221039
150.3671292344569 343.90490773619763 548.7840970177194
144.48699262711645 340.20707688715953 542.0339986042931
136.5446895421613 337.932027036366 542.8558311857007
127.53746592103943 331.33696507944 537.0549242688711
123.27385186271043 340.0982129513862 541.1216793482157
121.08930515528027 334.4239286576598 543.0350650032819
118.17264965382574 333.9148377946172 544.1454993145768
124.17037406581757 325.80590744358716 547.5339585879105
123.7215442586452 318.7764679120993 549.0005657279037
115.52236062971807 312.7100741621133 547.6060103243589
125.31905888905969 311.7764328420599 539.2474610212082
133.62594364331846 307.8092417639234 533.3935488852012
142.62577499467184 310.15017844522646 537.5739314663178
134.74096205470755 309.60590707930965 536.9637013703492
134.5473402128211 312.63290326925465 541.7609004721171
143.89703322239532 308.79622200828203 540.9268631544085
135.60198893908816 302.7884008827222 537.6242325857214
145.17561331622773 304.80670944258384 533.3794713650558
152.50501024446365 298.3025803437208 536.6358309165337
151.98128696186507 300.7981657701001 541.1676039456215
159.0027590257961 307.2007517520236 540.6441489491157
158.16857851384023 307.5527233092003 530.735052592461
161.81914965694992 308.53478309549837 523.136175880429
152.38757223506218 308.843829722085 523.514846472876
149.58154560371943 301.62036190256276 533.1538670540835
141.44779307121428 293.0695286675225 530.4580737269739
132.03650753526546 289.01328651251094 538.5410288392213
137.04956534355088 293.17804591800086 533.9568105770613
134.6424019077563 301.30766774860734 538.6495028632986
127.83229702019304 293.6425592210566 535.1202748772322
137.7478484553128 293.8337087607871 538.951855232681
141.153297278967 294.5519224008564 534.9442130257416
146.0129769434235 301.0820415255925 544.0573257046156
139.6843148264667 293.57040070250713 539.3661820017684
140.2532116468994 285.1663101627602 534.254922660901
130.5991057924076 293.33949635606757 529.2396410776416
136.93915300441424 301.39377662484463 529.7070988949971
131.52386537096268 296.18255376781434 535.3590828340874
134.13858605144938 301.7980291812994 531.1979965326624
126.31620961056161 309.36689007894944 540.602878835191
124.96356290927581 308.6963702876425 541.0454319676444
132.7092141530298 305.74937625597914 532.9010218662162
134.46319708822904 296.98968375457406 529.4894923368244
126.51485238271079 299.65729993943006 537.5187332410491
121.40087916431233 297.157016317376 540.7639046687432
129.2472565183725 291.51045372989114 534.3318615277694
122.33919348572746 284.61107515739906 532.8110955149242
128.79572856919725 289.75052100754687 533.1384494135282
131.38464060595143 289.4830468817629 536.8518632679828
141.21080095068336 288.2195199991776 527.0577660465789
132.56410303888677 281.785524064349 532.2425009564167
123.91196551054912 276.7036207749675 533.568415497304
115.36879773108951 277.97181032405047 541.1069148410445
123.33879672770553 286.7226257577518 533.7381995994089
129.06687054691383 281.85458066176864 531.8611352652683
138.80821770298067 288.2037849294562 522.8787540836674
145.7135443100296 281.728168155332 519.248044801225
150.69102488668128 274.60825873877695 526.4963171211969
148.17407077059633 277.09535274401145 526.1651385439411
152.45793911632455 268.1236455393282 518.714029469731
160.54103386300844 275.8060174470704 513.5785816193505
160.07764293685844 271.31481887014957 519.6500496382971
152.82233672275453 274.94462138447363 520.6246624499502
154.29210253834273 279.6484238885638 526.0941740842281
150.96282723353758 272.09852390747363 528.566555918726
147.759509547506 280.0099091335188 536.1127036077925
143.13252775083615 270.45483240843254 535.6391743310933
143.4825522241199 275.46757856325524 544.6601703559297
140.86647044719066 283.34990637589 539.1463731415683
146.99231564694804 286.763644504606 538.0908091595442
142.8321650578263 291.674444702796 545.9995725882412
139.0880576850287 285.9369572176273 549.6343786251784
142.86993319771787 284.15881019367794 545.3102856281398
146.6656966573523 285.6902037454467 549.2379915961641
141.11221648730228 295.6805071674796 548.680676817138
143.03847917429653 296.3124610940613 543.6942368341454
149.99603231220715 291.6269992609951 536.8637114020472
145.4329813244163 281.8718045902976 533.6405642478857
139.49505677029254 282.3460379186354 542.2511599219772
138.15000496259202 282.3800533713688 536.6619661041992
134.4492321604766 287.90444459295384 543.963023897075
140.99168604095357 287.8851863282667 539.361124125498
140.03816295304645 293.4682536203826 543.4552349606686
132.25655177832965 293.31616746455705 540.9658083774548
134.86094470333907 289.6642474131505 550.5504933778902
130.05787217158638 294.0011746662063 554.8314603060204
129.56603591982218 300.4072739151576 562.6065419474256
130.72061526777156 304.2087056944918 556.0845493179122
124.50217064525708 297.1184999647182 551.71876031423
123.05265668917028 294.0841178330826 553.6652893124951
132.8733973336883 289.92489076841343 559.869582458783
123.7961861658155 282.54922092970014 551.7391841984233
126.33465566659966 273.1923117634118 554.0101840316587
119.25587405048859 282.1701788166755 563.8293023764274
116.42507454915044 284.61997289528506 573.821055188434
118.2556274774449 282.56804964642737 579.3703572238138
108.50518229481477 289.48585231703515 587.7336777287912
111.55139418001097 292.50697757370074 582.12629947922
120.90878233240468 285.265874461003 589.6740453186833
126.05038674505249 284.42282460370234 580.576592590703
122.89200453203287 279.6267655387046 586.1879644890814
118.83885556433181 271.0339533660264 577.3725039127089
109.19719086101364 262.546532671218 575.3977991829222
99.64935399362062 253.1186987750098 576.2360259057474
106.67223500240381 262.45941592591174 581.99857783986
116.5524873156381 262.44834434872655 585.4018194828907
122.78667542022178 254.97060133814878 588.6959475110765
132.28400250506553 258.71525937079184 595.9949269375179
122.34904138577355 252.18393135514455 600.6802649859262
121.41603409891985 244.564192020684 606.7856342009893
116.21118473018608 240.37649484867296 606.5998848560743
122.35127541639493 240.16230034235184 604.911046276624
122.17468207759636 240.5153229246112 614.8177431729357
115.57157974716907 246.44827250758397 608.9004148018006
120.60008714966624 237.24131896184457 607.2472557787254
124.73135891144537 231.46425366829862 610.8551037509523
117.58262822008922 237.18277083713056 611.6194757706173
116.49518987250535 246.12715553612443 612.6883926160235
108.61875944943287 248.16217260299595 614.272236668068
101.69335395007394 254.73621472921178 607.838814362347
93.14094886904044 258.63343518353554 614.3568581157808
88.11487006814313 250.2832874882558 605.3149382387045
81.59949932372659 249.94140042382085 608.2477846856377
72.31103707597741 253.45995959906642 605.1069243472301
77.74097297716452 251.58031054015143 602.3517663481615
79.71371448666319 252.39008843640286 602.0325363208075
72.03612824384626 254.17973994317532 598.7939482094305
64.48901070542894 245.10796772546738 588.9318229831903
62.12067881173188 237.66155928043574 593.7371907990479
65.87943985083339 234.64976928238332 592.1243862226354
66.27791305033814 230.22915083262296 589.4549421112329
69.68198575493359 234.73774490028038 594.856041813602
73.5836793436415 225.67235481749134 594.8685709935671
65.19136190994044 234.39814291656472 598.2634208627811
68.14574816301267 230.4322042591497 607.758784874775
64.22337170603808 235.17251469450133 610.2319111541719
66.83179276337103 245.0500378814165 604.2468296509242
58.53787671968318 244.48711161605098 611.7218336410922
48.763180468178305 234.50561395456177 607.34153475468
57.29244521175191 243.53861829730707 614.843221895162
59.11428404958236 236.43261926926687 610.0317638761899
60.54972138028194 242.07102397097736 606.6000726204127
53.32609889504541 251.35254769845614 600.5616495398128
56.261884182412 248.88000916836637 609.1434802034939
52.43890627075 252.34943401921555 608.9230343475408
43.04812665842503 260.0497158946717 615.9404096095789
44.83829950579285 258.54004772608596 606.1998398634842
53.95060342572978 256.1204184861325 615.4937133455367
51.418298534887704 254.0247270565446 606.3337646381055
45.87963075021271 247.57459014621816 616.1052597965054
53.92316806625411 257.38335487961604 613.8568491443699
47.998976414975274 248.059595413928 618.9885280790668
56.64653977849338 248.5391766378363 612.035203556249
54.544496556708985 246.36529170794927 606.1243012806957
61.66065971707126 242.15082431179425 609.3281878122266
57.60854387267334 233.77825657298857 605.9227868704596
63.34955139665412 234.3551517837391 609.4631528803044
69.42044347422822 242.62326343545007 618.8835916833096
75.23043330935512 251.4426702079143 610.3745701701134
79.81292761735365 253.3557624124714 607.7876008518123
74.09625568318336 260.86650429910725 616.7974252055133
83.71096979801135 268.4084752807262 612.1029673845943
86.30778617283264 258.614390937039 610.6562102263975
93.17649843389417 263.3113873785579 605.6952054735965
91.00020835043813 263.4892946325757 614.4082206767055
88.4267859928974 269.8962851887728 604.7068153250246
79.27617072488553 269.710772952057 613.9636073335124
78.44700931951607 275.9519902503582 620.7246633642328
78.79906048101726 274.3235408916735 627.3690713264278
80.09987971967077 268.32405926895837 634.7429292687405
89.73005846577878 274.060033455436 626.6868181506276
89.01081079402252 266.33197709969926 619.2511357772529
90.43964584088138 270.78358532156585 620.2007348710484
96.06258365653403 280.0081186550761 618.8464864719449
89.49254184731458 284.2814902480971 617.9841753145868
91.41280269398821 278.76444048388487 613.9291174006762
95.81875051548039 287.9556313378846 608.963265052019
91.68559160635573 294.5257757500752 604.1707603193456
101.40035172191781 284.69030536546484 612.978437055313
95.62001713317105 289.86942838212053 606.255666219257
87.78481606499305 290.4936189383525 603.6304838096875
91.60541642494353 284.520021745541 605.2136008843597
89.87458579067734 293.695601309012 607.2233422209388
93.8305533845609 294.87188894766854 603.9986272697714
90.31403047842717 299.52966392092145 600.0963937846726
93.01642139470253 301.69128835826746 608.8746006279318
89.40020719969274 309.23011977127646 599.4233153433071
84.56878001983057 300.30386160356693 591.4142669064217
89.68881703261148 304.48513193018397 596.173357635566
80.84240545332727 309.12195986812856 589.6896538137478
83.06526228646416 307.11916799668364 586.6379753818424
91.3925342299431 307.594159355308 581.5003756931454
89.6432320325099 312.8558019018296 589.0328141844
95.40211947794626 304.9769069118057 586.7163036365816
100.64202406730405 312.47961815277534 587.8246475706142
109.79047916329569 311.9022143236574 584.9067006823218
116.7838708379364 311.28378045806625 578.2126306657254
109.68360313513375 308.96632676491583 573.9972090607483
110.91179805594025 303.0037012927705 581.4277683655796
120.0352505204002 307.1496080011155 574.9326412520481
121.99156669646759 306.12156714639576 584.3707957551447
126.48351464219103 314.8935140370315 586.3463635556361
126.37025046604116 314.9327647081651 587.080287333938
130.43050969661275 324.54489646754763 592.0095014529118
122.25438833796176 316.6377951956175 594.6372087297793
121.97284870387426 325.3428645467808 599.3415676057007
122.81305113995707 316.8032008759929 597.7163131014435
122.43966011977365 307.52236436588316 589.7766185829545
123.6731976355289 306.20482272618887 581.2905699028356
120.13941148104661 306.7901495884332 590.960787071203
127.93851119615724 297.0232976407488 586.2716619493212
133.49707362822184 292.78477810757545 579.2022001076647
136.55474340551157 284.07918025345697 569.7991253761876
142.11426655540185 291.76285810609863 571.8294823624365
134.45483245436134 287.48149599409703 565.463669097042
143.9506490486912 295.8426390499562 567.1835896729833
144.95788828917537 299.10088389401596 572.1347873663879
135.94250434591635 307.5841548378506 570.967812620171
136.497343359132 307.2047229583747 579.6277283934645
129.72194597876455 313.8600858826685 583.3320551482483
136.0298477114304 311.4480181123504 575.148933875078
126.98247117352774 308.64656825994075 575.3902476877374
119.59428590662439 305.3602839692306 576.9414442531887
124.10585563585927 312.693657892206 580.0813833354823
132.5472516409613 310.26936028619974 580.9147270009634
125.60689106320106 314.41039319814496 579.1217699930735
118.5179565694474 317.4788159246855 586.3431509353849
112.19435412380166 310.43328726273876 577.4754364194641
109.45607961343723 319.9742399217304 587.1123904033669
113.10823902945933 322.7066229928939 588.2468675067969
108.18616070154424 320.1099092807336 595.2047582797817
100.9547736266529 326.9183559840254 604.218948381686
101.9616541471395 326.5108639967464 602.8319828280829
105.658284705125 323.5319043578781 593.5989827706671
99.75289518185332 315.7350843178968 598.0856328283069
109.26919809612507 320.3783999200118 592.6324761101015
115.16890063538588 318.9105407965531 602.144806311031
115.91862939692486 317.402330530276 605.431391449674
123.91906633065437 318.14669680935305 604.5771907421887
117.06167856004821 320.66296663124126 607.6717784657292
110.45673007131188 329.84486508146665 608.1438996704699
111.64410733543465 328.70135732442026 614.7096427533796
116.13642964675016 331.23352021624055 605.3177268992679
120.02429836465687 331.1869500544795 599.9072496303714
121.59817304460547 334.93550243024674 606.7211431028286
129.52828495583168 332.4906977135241 614.31250190156
135.5062273767141 335.5719024223338 606.2343717011115
127.88965603345423 326.29270855250013 609.8105382739828
133.79846555995135 335.527613529977 613.3534026556911
131.43053464877195 332.0681143477705 610.4186954766614
133.8264517624704 337.2601706507143 617.9974029921592
134.76093756252533 332.324555144591 624.3459366088449
129.33844834064013 334.48457310510224 620.4797333835163
130.4599881007497 341.4087293187815 629.9337630589024
121.00820981321621 340.1594910687885 624.0461111593831
130.80301374471046 346.4600019842632 616.1573957207869
139.13176501413363 350.6891905231087 622.0762134985523
132.387622675447 350.64832349855686 623.8278248558979
123.55932876813822 360.3708549023646 626.800348808824
126.00861146454893 370.25668093885423 617.6603202464624
132.04282812491812 364.83393522046373 615.2395500652333
122.73411959574692 356.08763068891466 623.6387193428654
127.27000173951457 363.4131121967132 618.7526724157414
117.75910783591469 367.4405080392083 610.7446199171102
119.12142630183173 363.1069639190102 603.2460200646256
110.5352575106327 366.7638373584626 607.5535200127505
102.10742668304128 361.09578617149185 601.2106647438261
96.46958401916504 352.00559804736645 605.5889924456118
103.96497179060391 356.91925046145144 596.7049091987705
113.83942617154356 362.77965022316283 603.2125401325645
109.87741726042378 358.3746179824847 606.9240570565806
104.63341551810527 351.20359206598573 607.7054962497934
107.13416666646621 359.8059743103907 613.7224011055564
111.01280375086671 351.4971810398491 615.1971202020595
102.84304768006577 342.13538642522076 619.9000545198252
94.04697728044175 339.66276156450175 625.7207511075134
102.75640205522583 330.26238343669434 621.841754490467
104.04459763269968 334.4049955815659 625.6084402455251
106.18378472285508 327.31774959335957 631.7140808030864
109.4119442523052 323.0933571813281 631.5150744205163
104.12388521468584 321.69424886790887 623.3977136963719
112.90969325166976 319.7290286921615 616.8621659987136
116.19987346013525 321.84185284675743 608.7943342899459
106.85187041315027 319.03894675734676 601.1880669916367
111.2896551588846 323.42581451359547 609.1418326004886
103.04595387665414 315.5075598514758 610.8153290748884
99.34359084458798 324.80878565127375 606.2215315585742
106.85552731362844 332.19600214654116 605.1098344232937
111.45744242930789 339.8470331402621 606.1406053056015
103.9798506723327 333.33913313229283 603.890548659123
96.8414572598774 330.92006400650035 598.117771269613
96.05451586284748 339.0229839744888 595.5880899781914
93.6329972199905 337.449464939098 592.4046367318966
89.2786888143137 337.62932263303003 590.9058097096718
94.88198761833924 344.68202765355136 585.9698045227381
97.95883070635271 350.558249363504 578.6882450482303
101.7550525466822 359.6910793502488 572.1081249368199
99.05165781259643 353.81149056337773 566.4783557571159
104.55305395974733 349.6558516416034 565.2150855924577
104.45634078710441 348.5052889014216 574.9384486216193
103.90095012636408 339.09829210559184 578.6128127012548
99.29778206723213 333.89964374839286 587.9519663116499
100.378659417309 332.3042911209532 597.1023373348781
97.75991618817903 326.3670732438788 602.0396014144764
103.43240357727318 326.23409884497545 606.2837029715362
104.77183457292348 317.22589701179004 605.6672829681463
108.90357174722196 323.31739459324217 613.8045156118152
112.57686094777581 316.69304576572347 619.9414296893625
118.90461034140175 307.11493519902876 625.0633171276548
118.36334280250364 310.8433386894546 618.1516027921605
122.56737598793647 317.7115001733433 625.963231793772
122.65323139024443 311.54959269124174 629.5482223370442
130.63664416143348 318.18640290701444 635.4397954919815
140.20779431426052 327.55736721070076 629.139111051175
148.96215189731234 334.91045774734937 627.0549951479295
154.20991251147584 326.144172367331 634.3575054404503
150.3738097171857 322.52028701597055 626.499567235435
143.33144459621488 313.2904204547315 631.6685906116379
139.04407307950672 321.2281051683473 625.6239194632805
148.1957041234601 318.1727480242608 623.5891445769885
152.12519085414434 313.9786137089404 630.5752446229885
161.3684266347022 323.8616015206738 631.4763525016392
166.0078985182656 329.47425179817577 641.268666422799
170.04816603740687 319.4786023194047 640.7793395307889
175.13533572203775 319.58090498434854 634.1640876247526
180.23398299875677 310.5610944661181 642.9302854932185
189.25522733278575 301.0125732902237 633.6435047477776
188.33309048062202 304.4121518235798 640.2555945951226
198.30292072938778 303.53862708501913 637.3500399020279
207.38070931361395 306.4172621036523 641.8470434575559
209.54207955864575 301.4332985977876 646.2681008169361
203.4456162948988 301.86144794208866 652.6400235022253
201.53810885912242 308.37441602764557 649.7244744494304
207.25927891656576 316.5035577384244 640.7270914767934
211.7477355257233 323.64129996349 649.8426673376412
216.87268260731526 318.27160307215195 648.1871835316183
213.49227448957546 310.5499060184117 640.4725171756156
205.33903284783383 301.09703143883036 640.4168857597585
204.39150397613264 294.7618927857247 642.3516518550922
203.64745789019952 301.4238412493629 637.4903229287282
202.24446377682682 303.81344163942606 644.2841316308542
201.49381658120146 298.8073283659042 640.3972074507778
205.28932327047795 295.2836609613134 644.6802850120546
205.93178195300018 304.1478988526488 654.2141899178358
214.7638377760669 304.0892238279952 662.2413275769646
210.050000321532 295.6640222094236 664.5084682175486
205.55352343485083 286.1869318836464 661.8906103091533
214.78304810840243 292.1515026542126 660.0242893433134
223.57981860205226 283.1121711405566 669.8268335416745
218.9130080355192 287.5050464020494 661.6196640545099
216.0317375717078 289.37732349398334 669.4952972033252
208.27439889094506 294.69993763022717 662.7928085363792
201.7343118003673 292.68757840368323 660.2289565948245
199.5637466462638 299.90791559668526 668.2336370915075
190.53393439526266 303.5159758342693 675.9191324212496
189.81572500051251 308.0193879225692 674.913431626765
182.39165887007456 310.9609324768826 680.328158126076
190.01243134919457 306.2783271887726 684.4356204230727
182.6230492710879 300.4185212466553 679.1827117158862
190.35746567206425 300.47525588448974 675.0684289492513
192.57560668418893 302.6755643205913 670.3447822205046
186.94224867605593 292.81185353284627 669.3856489097102
196.5110481321342 292.6539312637347 678.2148519126571
190.36816164345083 289.04315348572896 668.7871324846859
195.55485212845147 281.8456711107629 674.1602454951606
193.90515744440677 272.5154468754014 668.930967516134
189.55325227881116 268.03024379475653 661.855973386865
196.9109136292357 267.696733448242 669.0275231783598
186.91883191794884 259.1803132085089 670.1496168192615
190.04306669452808 263.6227593725287 669.8629259428229
189.92047472868524 258.75298945792935 664.7060939388108
195.92730317611588 267.96466655815107 668.52461410498
199.57723761141548 273.30695494835516 673.6273657330224
201.90374084753878 269.1597073500946 679.9600629143898
199.76583721888562 263.1104756690179 683.6372746090663
196.47803990936805 272.84481379049123 691.9302038491147
194.17406630542428 269.9571796186391 691.8623458962793
190.29190255687547 267.58490593841 684.0794180123061
195.5948977621934 265.017979832251 678.137245277912
191.70742638162056 264.8853438290267 676.5522166925695
185.2712939009897 259.49902603247 672.090665801379
181.54892137412511 268.5795118070575 669.5458258549595
183.76699968232677 274.2617576433421 679.2573521583149
185.2381291978942 266.9850846139553 674.1158914531004
176.44357997491696 274.0043158442625 682.9870430373476
173.93881122395177 265.8942963520532 690.3313412063627
164.62070261781474 257.2848027330283 695.5866016207982
169.52874470882736 257.87218660333514 688.580760394118
164.41280671355273 256.8616138006194 696.7995111169491
161.43088488301007 260.23753837036026 693.4775012048625
155.48087432296003 268.83136622740045 688.7393565173873
164.43362226447442 265.5633669244818 681.2477099020286
163.9241016180486 270.8852937862203 672.9481744964535
159.9375248855841 272.6686827378969 664.356538147572
153.5292381042524 280.21038908850034 671.6574467901188
151.06402263785702 284.16392726749916 667.7368789298141
151.025768224581 288.67455441032195 671.167020298732
150.32547283096667 278.7540331284082 663.9398066387976
156.850374606151 281.7568506231056 663.6645850501062
40
102.10697583803751 239.2795355936359 511.0212824707105
119.67108085207416 231.42700630048517 510.7283226656359
118.97111869830034 230.5609582335847 525.7853033900659
113.99366484581078 228.753275903817 519.8119605009477
122.41803323537701 223.91185878594518 516.5237742677583
109.92147226459393 224.34252613679988 506.19742866821156
115.50373221045788 223.00579879215948 513.3362113441648
114.22115046530232 220.67824155408817 514.8179074048794
97.39031211514879 224.90855379546548 511.32818877244296
88.99340013166734 223.04287372206701 490.2080065564449
106.63747643996666 226.10427013467432 500.5584929722953
112.68317684140226 227.54243150834142 504.2464407591894
106.92891977256267 245.52781973271183 494.274651082138
119.75367652638475 248.9631860379153 516.4776877644813
111.39308442130606 236.47747017565794 522.9621858587318
117.96473652511594 255.36697391210694 521.2299990647492
108.96432577201831 253.32878702516732 506.7816338236474
119.66018509610258 252.82351309511037 520.0993969600955
119.45724224408809 266.09345578251174 513.1060779608058
120.42735430388845 248.2525135108603 504.65553815933464
107.44787968965903 256.49727462994554 509.947042770258
110.2527926258244 237.77906482682081 517.0605841873158
117.7920689048264 238.563960559608 541.7092307049564
121.64397295290142 247.5747623208068 541.2613152714878
127.61900838340061 238.63098850482433 524.0238026578844
113.76412967525533 238.1862906866555 515.3836467178413
121.98098516622633 242.52165988687034 534.8229213668175
117.54244335739412 225.16142882503402 540.5588946717296
122.49302223160835 253.28437759700566 530.6787314975346
125.59772713891812 237.04044985583516 548.5904611267721
118.02512806769393 233.67172160309002 540.5549708176065
118.14441869698827 229.98772897810258 545.9288330208311
116.75957440519018 235.10630263255348 524.836060159137
123.94532034217505 233.19473485016138 538.0068631213793
122.86877814782721 234.38646347455233 543.2803391510851
124.70492295549649 236.7419810184018 529.3847975827173
125.20397930903563 231.12363832934534 527.1193432686788
121.62094566240788 237.27704282028168 521.3720318686967
127.63616340144327 241.58959615001592 537.4645893584374
123.53019656715733 246.73977947428565 527.792607499474
