1000
467.8296141482211 115.0464900392635 450.27864412327557
463.1752862408441 117.49475361059277 457.84284116009917
470.52008395222805 117.73092114754552 449.47247133251653
465.22967178197814 119.20534917971274 459.1755865662784
460.5333343005859 111.032586705292 454.1256020314356
451.13285441378133 120.90112095565335 445.1303394325008
458.50963561491136 124.64122310504735 453.3154811635368
453.6882860789426 129.6628579788674 463.12238427458226
461.685297032533 127.87696374726684 462.9210104468605
470.68351027476564 119.91670225182787 461.7583959360869
474.3120330967743 125.69533557038301 468.63259907225614
480.02971636833155 132.74163588184902 468.7590795398838
481.6471743754858 130.42399075697756 470.7879246079687
484.75137716019344 139.84248497835685 476.7579750065419
474.96545711150947 144.49426258288096 481.84071761299026
468.34970191739626 146.5294031939074 472.0703478281181
477.94240984494104 140.38396384961138 466.6296463278587
483.4726732960921 144.76107509009316 474.4071440694913
473.49007581906125 138.01682268269664 484.3784939858062
475.7714231596035 130.93461510322817 476.40059682401323
468.4988770789203 123.63400141985994 481.8853826555539
467.51029577102906 128.6105754292711 477.01039555731774
462.23752887843364 132.47358478423382 482.06110452970967
464.0319083929761 136.41132713503276 491.80641754204277
459.65880645454376 128.0485781164552 487.09938876125506
468.28795439567773 123.29484963534169 479.85002181401296
469.3904878534702 127.43743055265546 476.5153016250238
462.3214973449176 122.62936670592794 469.1915485760623
463.5580440960082 128.02082650876574 473.5771477331026
471.0278921704337 129.96084577007642 479.1825858516093
473.8794972587494 132.2602804537682 478.72784321934324
475.49314250963215 142.1720897997041 485.2749823121407
476.3362909248882 140.24335516480593 489.6018953691614
476.03516914821864 150.00378939584576 485.65257105796087
470.13740909718217 144.37165602742274 483.1136822761931
473.2120739037339 144.31130664061234 487.77811018826975
464.5484871604462 138.3387758491 489.6241739925766
469.17250982958075 143.30310523434846 495.404658771669
460.16272245856175 144.101171985413 497.71447654541674
462.89124295772683 144.54154567800197 498.8386965829167
458.3169115995129 144.09171152565702 491.6293274918687
460.34018219750203 149.74784435965634 499.8432503481571
459.0657131417553 156.33438257680697 507.6712891124584
458.8606792317454 150.1366566489146 510.5915626033913
457.70717478002007 152.24730238289212 511.0882773760467
451.3132517648616 161.93965821534135 514.770253470362
452.45437294851183 157.64356607547467 515.9164304220363
450.43555633054933 166.11503052509593 508.95047402010414
442.3645526296602 157.2969073825771 517.1702178771158
451.5028950510715 154.3339537215663 526.7238239792578
443.96958469020694 157.9903323433979 519.9874028165916
439.3773654366367 164.68001900737437 517.2540481441719
436.4664799584357 162.42395732001188 522.6532559214924
441.4651337713539 158.07889605808538 522.3060523253464
445.54973501162755 156.65016936234147 516.7447017729553
455.429983193865 161.17960932634648 515.5008903004615
452.60957192456084 166.6537171998737 523.88130457416
448.192355416449 163.6178547629208 515.147635783435
451.93377074153375 168.95262762071158 517.7360366494223
444.09847716016657 165.49690607789734 526.1367708057263
437.19261316647095 163.81819130977843 533.4367595243823
437.4396700596163 158.1576612367131 540.5723030469524
437.49764130793864 166.3777696586757 547.5308301370263
443.2310776559349 173.69828131068874 548.4506501206489
440.8518153649447 172.77593718575125 549.6724283049483
442.7165354419505 182.3341762461874 553.7493183304243
436.3473885272708 190.24096498946935 556.5700687475577
434.72609647785265 183.2349835643284 557.5131013204417
428.60162466001304 189.30072717995083 551.7810017584162
430.90283630064283 181.9970981148979 548.6456930929933
429.17029131854224 185.59419249952632 553.3548883607813
431.95389469221396 182.89650986005697 552.743611050941
427.151906107107 179.7774111531136 557.9674934161518
425.05273657516625 181.24805781438994 557.5323527718405
423.2241905732161 174.8659303067743 564.776253123551
414.07917075776317 173.09036732861955 560.9699119033537
406.6368470432092 174.83456995719453 561.9172380769479
410.25097482066946 165.79626974299526 569.6049521030097
406.34418408123696 166.25844720188087 560.8543055575824
410.92911712614455 159.2065359148051 553.2394336268138
416.35920344517297 157.29411020063324 552.5815982582087
407.2036861100514 165.0204024244685 560.689665705601
411.4031615026405 159.18060471872502 564.5950242941868
419.7776916412942 158.3405246266071 572.1194422909465
420.7474296765979 167.86109851019134 580.9252238317558
410.914519887173 177.07785362540017 587.6980634190445
415.80067036840825 178.96154713690467 592.8737330494175
423.90231619933894 169.65553376350488 591.311584988226
417.2735760048067 168.60387538063893 597.2081507675064
423.9490025042502 171.40359336328098 587.7058503707066
425.36766957585746 164.3326698509829 581.5395853725794
429.2004855318048 164.45179017903175 588.0384637276571
421.0157201262607 163.79381793022563 579.6002634148757
415.9648426791502 173.26781860821208 584.0200282999626
423.11611554203535 179.1225761647559 591.3101301971728
429.98199573453326 188.03097818055687 595.3770334142093
424.3160083527114 178.1287024032108 587.9853584810115
433.4285574994053 168.72755621946777 593.530616435887
441.21174515743047 159.17140490915511 594.2758421727251
447.9572527570433 157.8418934577238 603.4924555541515
441.07178962855255 167.40834529578044 597.4778932197269
441.8308498130554 169.35049362715247 603.5244257390851
432.83346874499097 175.59152763438084 602.3604963045087
440.443594025273 185.26461342862356 604.1930842171311
444.5189776835052 180.36631833528483 609.1192245903252
453.90738565232925 181.56358964505776 618.8643062366351
453.8731097739356 189.1182770267643 624.131682945533
459.14728723264403 198.81692811124273 621.4723437381816
454.7323276559184 203.97524672749054 619.6484167020809
462.8487942196516 211.48962247689374 626.3065379204315
461.85770644633254 212.56388410255013 627.4098093189145
466.1412185916386 215.24667104344516 634.9162877976121
457.4583264403374 211.24139015973753 643.1285204601461
450.57795044143825 212.75496526777434 645.3214923954126
447.6176151499197 207.19628002962745 644.7009421506214
453.22399573336264 215.5500222369361 637.273854524732
458.42592907921806 224.9877693112732 636.72635766894
464.6261386527317 233.3840222810016 633.6221780765767
457.09830752239816 239.95305538415172 627.3586538900986
452.2949015290038 240.94940468861876 629.0997784617836
459.0640460924379 231.55979601086935 626.7942047482605
452.0720920761801 228.04245206137446 630.1244710741962
454.07697731843734 233.7065488961333 636.7772930007307
455.79029008086206 241.34432087649586 631.947506058031
460.71899236752915 243.8283038941243 628.3316658448196
465.1046309722279 249.54990119710985 624.3444767313259
470.5425293416359 257.97020430051685 616.8469316658421
472.08336801338015 262.34683920717976 626.4553412939634
476.4669162055152 261.66528485107744 631.644214921349
479.7451129318189 255.96598966783932 638.6835460068587
470.43047634336614 250.48975957247475 646.6418771825977
475.5251793601993 255.57078836034793 646.7561935931243
466.4609029126017 257.3880245818247 649.5825741631155
470.4740524458076 262.71462179671886 651.1578264210384
475.200546898954 257.8644275554061 641.3387639355467
480.63056548799545 267.1164644272352 639.9777254353442
472.1177077816475 272.0574694784242 645.6205465979365
465.7278247351436 281.4738450376978 652.6881778728172
472.0022946058694 286.9302833762266 650.7408909207908
466.0490595733055 278.62800684197583 649.9404400807182
461.24752429918 284.0347370663842 648.0528610950286
453.88899678034676 289.4934637214847 645.3648557590204
447.6219977600788 290.5589494272729 654.6921005038896
444.64192855095655 288.993026110359 660.2928811440953
450.35880722399986 290.60023939360536 670.0389976525938
451.40586067665686 286.1149636047327 667.130420536282
458.9262159504712 290.6368273318025 664.6337731161475
465.3685922926555 296.0306025259739 663.5139796827472
466.95514706536414 295.243434457802 669.2419941480307
465.79888781285496 303.61307276872714 670.0977255350465
464.7056719894817 294.558646612166 668.0747795917903
459.6607346174234 288.62665464868536 661.292447588108
451.98399903309655 291.51317381181906 657.0918907741176
453.81366694034006 299.76404925651036 666.1417131968483
457.1570438480511 300.33013933924866 669.7811619802408
465.8010619903862 298.60986799834944 666.6795412180073
464.44338551068626 296.68559266572703 668.2706255100716
459.51414132025155 299.5598683799059 675.0347079454195
461.990383605488 308.8489800677142 676.6371396030983
465.61249288596565 309.39596072868665 668.54933885683
456.8089005254441 310.80277080752063 666.3122166986143
455.1096103995194 316.6413754137684 674.9378971969952
446.23403088434213 310.6422812486314 676.0011359634213
446.48270713835484 319.60806972920204 671.662731996178
451.6582996316805 311.5481188165223 678.4154988583666
453.2778647114723 308.3875296174104 683.6503955581304
449.41525188704395 303.31829507140986 693.2829754547278
459.1793771746477 295.7997069539742 698.7691503158483
451.79612861280515 287.99099103948515 693.4340645765595
449.01645711342235 291.4320417043159 688.3768106585127
454.8063285912886 284.5926913545824 684.6729242000464
448.791116764629 294.52911308125726 692.5836053673722
451.3651428422921 299.0713154547555 686.809339656802
448.992772601482 305.36142061610803 686.8417842259718
448.48414543431323 304.4650214828303 686.0053888981628
454.8818825694782 294.58603211163745 678.1140228342346
447.3392084830724 290.8081469660918 676.9029966851136
448.71752587414466 283.325420569384 671.6893419053334
438.804397236835 274.2739390012076 674.337055543611
430.2089202675919 271.1934666858489 683.4607791529158
437.85074746039606 269.2524550309022 677.2853937063004
439.26980817482035 272.1346564831128 685.3420186573262
446.07783447002294 274.1182711249558 689.6455282497882
452.55511907731704 279.95428213682504 690.0694038268583
447.0148639554911 282.0331112149408 699.6464561653818
437.1022989852543 274.5636452052594 700.2737549323506
444.9526718582625 266.5086993666951 699.9297202045285
449.111916233509 272.16396600059966 699.34395368024
452.4262412753498 273.8579546491455 706.8101454013878
453.68991502124265 278.7318943658656 707.0858689101972
444.55431306725126 270.98659004075654 701.6275369324903
443.59086012844165 268.282650334508 693.9753652616865
446.99408769309866 268.1695707300781 686.6020215200482
441.81734346111426 270.7903760867114 684.0164854706148
443.72626386522734 262.09577992801854 676.1839482411755
449.6586002210546 261.97888078691176 674.3850489549932
449.17189492558146 261.16332016143326 667.0657728318035
448.66546347267945 266.3247696892149 672.9701973837646
439.2529259912913 256.81467950618713 682.1813843176013
432.3582641632425 254.0829500649331 674.7122352913472
431.3764975861101 261.2537904273041 666.526239340382
430.01150752092605 252.6510770796579 675.6302050111681
420.4255802079506 246.688192526351 674.619493315137
420.209253642778 237.0402911138126 682.4863966909787
414.661731789362 236.90156034120923 677.9081430016181
420.3805320607452 239.1151452488141 668.7469841249318
429.1573494589823 233.70686325755042 669.2629510508763
431.52511297023455 238.47796355100496 669.6326962454895
429.50630334730374 231.36425188660306 670.1759632214653
430.70743929906166 239.58861686763743 675.5998852031582
425.85487352088506 240.9908993425056 682.7039311536315
418.1465841544445 241.94298677812648 682.6240030573252
409.60502375169085 248.38401993355663 681.313894260317
419.0474927333278 248.0275877144979 680.9632082254691
415.53589863770975 242.24806541265275 682.5957691469883
411.880956871088 234.50728680520683 678.3590127667613
421.528461902304 242.85537015481688 677.0412795734774
423.15508312721823 233.40069748858787 669.4116359701558
418.8099996137083 232.82236611820184 672.0223029178745
424.1071302591363 228.78086560466681 663.4277861232025
421.52544217247913 228.04529901996446 670.5262764001739
411.57816531118436 219.39219238858814 664.1387545271485
408.57637685957513 212.64297423161153 669.1691073950418
416.2858789201184 213.09509723701112 663.4044009955734
421.13965122780087 217.88351831640577 671.0102940826561
421.1932287326212 223.96996031137616 662.3220182051073
423.170651587348 225.87250376926687 653.3129415124806
422.7690474197562 223.25721560694086 653.6812656676924
425.2180915883677 227.5374628035516 661.1561785952687
422.7354309978768 227.585078004212 664.3885590896239
416.94673559886337 231.8853075335893 655.2605976569465
424.61982770504227 238.124160161053 645.5551469145386
424.613844041862 246.77764548954158 635.6519285061531
415.820637125782 248.42073460201277 633.8045347765017
411.1092314834772 249.07449555011038 627.1151589369722
405.94833919496915 253.1230287934337 632.834982625942
403.93992062311423 259.64841191012806 638.2171024272051
412.96822079298386 259.5457194410854 648.1454609012299
405.83621089062524 260.35043137938493 652.3461904970951
411.7541798872509 262.65091697746766 657.3288970648688
409.6803923662936 271.23589076533 649.1593528519018
411.24059222274263 274.71124268443316 656.3914872086199
401.7352891484729 270.4847185360747 656.4259874276057
400.43630963318645 272.0688335019509 660.5552198733898
399.49361759635036 267.38284612642025 653.1662070168924
394.1091090576609 263.8340052708586 656.570027403129
395.88832776299387 256.86766578922874 653.404968911805
393.0275542162677 254.14183551827327 647.3196962646014
397.78183873039006 245.15615860077662 653.8849946224024
404.0948424666799 245.65286894832923 654.1556422796527
409.52503077074533 240.81703016735253 646.4355152320767
413.4307887377735 248.57802119653326 636.4602318078718
406.43569040558526 256.3980728107993 643.0474971294008
415.6357669629835 246.8225540243322 647.1448966139769
422.90452209256694 249.96508581876859 642.665372443127
414.5799210459156 254.09457163928715 646.7924366546938
408.9175398308037 256.54545023791377 654.3568428102673
409.95980842070674 251.69326664396573 646.4808902052856
404.9640229539339 256.84391550685655 649.0226359616161
408.21201102541517 261.3846013450476 648.8921983668095
410.0277100188887 268.83440264464616 655.1383198264596
419.57840702650196 271.0884565452101 651.988126152797
418.4688731010327 269.5067413434222 659.4390679451715
408.909874491711 265.19539922435877 653.5071748434011
406.9289195800809 272.821381998593 662.9554706426351
403.3698876971053 279.63820312820843 660.6791253834671
401.4574557383244 285.24534819372917 668.298628673252
402.3505770623872 280.3267237919604 667.6282032091559
394.9912508049495 273.3401462464684 662.7472760543803
402.9383983981895 271.34585510642904 668.3217014016939
394.1276330679581 274.09239179464925 675.5009954385574
396.6552367889822 283.35370406532496 675.515376964621
402.63587741014396 278.48618194634054 684.525991536871
405.4816596640319 286.21661665106996 685.6227873272209
397.0430682132357 288.5136586918624 679.4239998671085
392.35658025171176 290.942692697649 674.8341289011067
402.22000304876985 299.21296800997817 669.2713174736915
400.019750938333 291.1915698967598 666.1321659517821
390.1069372958278 289.9291699959829 664.8145574158345
381.3533585190703 292.0450709422071 659.8280860485688
380.4485781395425 290.6063463688472 653.8789023922305
371.4622958629084 299.0464410188549 653.6713257621695
367.2616065211991 303.52088436355524 645.0064368860327
377.07080457074915 306.38033299331033 646.0637277572044
379.0960194464303 300.7570945166252 650.911705349778
388.3716342028124 308.6260062815686 650.6176218577726
381.732623352373 309.7035537063702 656.6261328748844
377.25055925546735 309.37851192128704 657.4612868548568
378.76529257124247 314.7573844826829 649.9852845793253
376.3123522467308 323.5091759742939 648.1797316778922
375.4328028189099 315.7476916063343 655.648973655594
366.74325632556764 311.9448682030211 662.8246654837893
357.5972343477156 306.6702091990629 655.1227203563323
356.9979117654718 312.2795106715533 663.0459398203926
362.8163490926195 311.4901712486206 665.8681037940082
356.3337616313054 308.0548739997398 659.591857703495
362.77271244123256 300.76362393701066 661.4016748782756
363.41601872574046 308.3128353050171 655.9903146177212
356.2665929536349 314.50697674011303 650.9045849698773
356.15678875081744 321.6753653880996 659.5375593489928
351.86730863524275 315.82161933892047 658.6876892564669
353.88394178910374 310.76485320748105 664.6673065207882
356.00809599628496 316.7238649787768 666.2220904823795
351.0034320134142 309.55957542518996 659.0785727714502
359.6904426210601 315.34028682640167 654.2470309711232
364.6621579092688 321.39076343824445 653.2883616879991
364.8501190392264 316.72859713886623 651.5252612478483
360.2087929527437 314.4329989270416 654.7167127849448
368.32852482475073 310.68291359017354 656.6361958837049
367.31745433737603 317.18975704521546 653.4876089784434
377.0725106025018 320.080425362202 653.3457587083604
378.3117752665881 317.9464839678351 655.5648156099118
370.0114627561568 320.2241898199916 646.6406041218883
363.27584580907154 324.86730598837164 655.5800608582159
359.5279973976295 332.2087439498664 651.9269994382772
355.1324672891826 336.8103864980956 643.6845441826177
360.9359564027587 342.8762792608608 635.1150868814756
360.5087789733749 334.63803376423215 629.426457828014
365.10904121967343 330.3023928445262 629.5519595236219
372.1305924853952 335.10295875351426 634.3813453752259
377.7116031996492 328.2482029061498 641.1080040646881
371.2393111902859 324.49857799955174 642.662883748041
381.1903581657441 315.80207533463016 646.6424809079754
382.2888815056605 307.75084391567 649.5923844531035
372.70609439602924 304.89111458918427 655.293006763814
380.5577149326624 314.2227807902643 653.2640164769314
378.1322271799598 315.5837803235124 644.2632741625196
368.31469164650576 313.2065007449475 637.1244175231167
359.36368795899585 307.6876486212766 631.6503426156881
364.6085288539114 306.06587155501916 624.751788575916
374.1104749904057 312.25657803573614 633.4368154889854
380.07656137365774 315.8435292279763 631.5832134797341
375.8769147067947 318.85102831872484 630.110748993004
367.8750222938553 323.6826855289627 635.0291982916664
370.01715225765633 331.4523244684473 629.5176401335378
375.4629988518051 324.555498998485 620.1809636812266
379.56078620639323 330.1646739715351 611.1890028183566
385.37231399880585 337.9409593183641 611.5725398255513
389.3778025936505 340.63270091512544 619.1511224910805
395.27314386531395 334.9465708234082 615.5003894563665
400.73057208873723 342.6778004583783 610.953381414041
404.9222498298773 351.6886789530128 612.6197251101739
395.2471537746428 351.89824413238233 612.3380347309458
398.05859003883234 347.1614569061936 605.0951882923745
396.5350342905937 342.01303794609277 597.4189408431317
401.27945706220254 334.1638883925871 597.5859695610261
404.7744499320718 340.19547322453656 592.3474885165963
413.70500738601936 342.346705526601 599.7034039034983
415.26354969047696 347.76063305739063 607.0407229584852
407.43460927745156 339.62392674427184 604.020919064318
404.87847633864345 338.0327090896678 597.4443739366747
402.8950297693767 333.117733852141 595.4409857596999
400.83816055234473 326.06172598954277 596.9998753157815
402.0851673993993 333.3190615790427 592.8457647665848
392.56149809079693 335.2319501696347 591.1710447956068
391.6069396971014 342.0828547647522 587.0377647151217
395.2248886652705 333.1001143910209 589.8094917805531
402.6424757905089 334.7605380722215 588.1218048409196
392.6514608930907 343.8845639622768 591.5195245635402
395.1926901598951 352.67687573215625 586.6830759720399
396.74726389656166 346.79677569724754 592.495545526539
392.54619992112606 354.7813723795855 595.5078697771145
391.3511977532577 345.9587235011117 602.8261198211329
391.06209864706096 336.48062670583386 604.7415182099844
390.41061152428796 344.82586912179744 601.7356253158487
393.0152897929305 350.1940950787114 603.4539526942335
389.0198721225616 353.03749742070215 599.4235406614183
383.9603364934124 361.6885363679328 595.7707512942283
386.6592838430262 354.3175494857197 602.9703777431174
382.41842835163857 358.1418329916298 608.9646790441902
375.46529594072507 351.865536023183 613.4903890044707
381.0203503764613 347.75550592766405 615.1140711257915
374.3889583397896 339.6489968782883 619.5634683857215
367.3511234968332 333.75334440608344 625.6032288872807
370.0860278481581 329.3319682173712 629.1409346645239
370.80171687152216 327.741461183375 629.0673304956179
371.3544271094079 334.15904931854794 624.8850010563127
378.67421736483834 333.00013878609917 617.0806244379411
377.6339319746668 327.72421703375255 626.3966610613328
384.72433682900015 321.02048063973825 635.165871847212
394.5222605583429 319.5949866217424 643.7849756944175
404.12092516510387 327.1684759390937 639.1727094169333
402.8611322647813 334.34555515204227 631.9945244657745
401.01761224397086 336.09736972907626 631.2245018117718
405.94449293270196 336.3399613753843 636.42326310044
404.4745532216582 331.30998157300127 626.7296029376271
396.8650953612953 330.90539168105863 616.8488955782485
389.64162495249144 333.9470295556686 618.4098889047792
396.8648168982603 335.53136037964333 627.556354858307
404.9848754823597 329.8857133587696 628.2688802195128
405.8319777359411 329.63733693709463 627.2123813843302
411.28895024382723 330.4104252168449 630.2219990273464
408.8743123963029 329.62826762115003 624.1079655849176
402.46828801059763 334.9522280894084 618.6165780906418
405.01663632374806 337.9638030596168 614.2857567179689
399.38617529546485 341.40247730798194 609.0527434621292
397.7749869200003 347.08713407728544 612.0667371141263
396.2526306210056 343.93542308711636 613.4539479455211
388.4162620647082 333.9977539621371 612.0535431419634
397.095451692217 342.8690462764306 616.5040279611787
398.34171921687346 350.0186474198905 611.2990020127698
392.3168031522191 348.6681707044221 612.9851009775078
385.9099827331168 350.4608880243112 617.617544068776
378.01524405143897 347.42322713405713 614.2487346979302
371.8386243054749 338.46487205290003 620.4144688104948
380.07758501291426 345.972659056963 624.1948623463861
382.70833007966763 353.2539252785288 614.1998793430563
386.0881673369272 362.03639548267756 607.8561551083095
379.54713079348267 359.874789034584 617.7297505182986
388.98015910155993 361.10706413792656 627.2030826672084
384.12954985099583 355.07968065447386 621.4717543304455
375.0205907630676 362.6054667797811 621.8866654893312
379.79054571170263 358.89293949582594 612.7091210970975
372.89903957985075 361.3687202105326 611.8256118180093
375.9572177610632 353.55217292086144 615.9385889796929
379.8468178904163 362.39291053189964 621.9907704962218
378.19199009805 363.83163766839203 621.301156232076
370.8130757096739 368.4134160434892 613.4565929513335
364.11042104878817 369.1111078944707 618.8258763718156
367.3472350104613 370.4553665281712 612.4188905009914
362.89503803689644 379.7712497585836 615.5644239691343
366.5658765962581 389.74657901407454 615.9096241828623
368.5713153047677 386.4296683363049 624.3743265345366
360.25682123818854 395.54898579014656 614.6687053707647
355.7139874613543 386.38695564056104 617.7629873522584
355.50177399962087 391.6424151397667 617.2587658642402
358.73258954150907 387.01237974511423 617.4903090606193
359.2488277792994 388.25639872787644 617.477508219768
349.54889066716964 380.2804824303549 622.024798537862
346.2183576932989 389.9618578601538 622.5227740141673
340.0435890767667 383.8583604010398 622.6947931651888
335.88382083538954 380.9823336297727 632.5156460460303
340.69441964457707 382.9058872511481 642.1148164370954
334.20900153358497 386.75938195253497 645.5655534804529
325.1637408443963 379.27998652649455 649.0046621343675
330.21301400349614 371.9727911534078 657.497663080372
331.7801857440999 368.3092488301179 655.9093000746609
324.4634460788491 361.1198602810262 663.4974753411016
325.9047843833011 363.19047427707716 664.8460779932553
315.99731289029677 354.4977816052111 667.3849495186811
308.74022234449416 349.0897636838052 667.4498185052416
313.59858048269183 351.2925582759428 664.3197474604591
321.7623650482014 345.01050157149194 670.3962403201556
327.788202109571 349.05304981845967 670.4521693301609
326.7646607931872 342.93606342012487 671.227788517963
335.67487201144314 345.9012983922747 679.0314985293097
334.667914838797 348.65970463464384 681.6271250379417
331.8952578474909 349.58857717060346 690.2512463098215
337.61149455957275 350.8160936555839 681.2236858529487
337.5830157090292 346.3196007208943 672.6334047237685
343.47871069101024 340.4752222017388 667.9668088231339
348.11950382432724 343.57369167777193 671.8845512554989
351.45731947574745 337.6038848644944 668.1595813167171
349.7146587211082 344.1170242583074 667.8330190715781
358.93076345131635 349.74604570323993 658.7934297754906
364.13756842415165 358.6828898923165 659.1490154154964
362.61508304352606 361.05542683877184 658.9882937073611
360.9095321799189 366.9186472054471 652.8293275461102
362.5237469615693 371.33355181120885 661.9808691641025
365.62639461646387 362.1906842470071 666.6296004063116
366.96750362367465 356.8469465661122 672.8819259666109
369.6183542801643 358.65877485740083 668.3163810509567
379.2909207114277 357.404791815019 670.7434873752221
372.34754050353513 367.31657735760496 662.5179061406378
372.64220073214267 365.6528492037183 660.4411496985682
368.4475774609204 370.686954523744 663.0818782372444
367.2955032302046 374.70124099201803 655.4728112502053
363.07533336885905 378.78864399125547 660.9790657047212
370.9742984603972 371.1556742945213 653.519667676506
366.1518235000503 378.78610752310465 662.11867917637
356.6949381143676 383.76526105382993 671.7366540210048
362.59495508405774 375.55662496329234 668.6762005240901
361.6408851167836 369.21590938848175 671.8697917960704
370.54761650498773 377.1309917939601 678.6940405677014
376.4727037258858 371.7020968265229 676.380035115536
378.41340063170793 367.5920646728926 675.6468863367755
370.99425247114686 362.17510166980276 680.6306296455117
367.08925751148996 354.7510614520862 690.3062992682276
371.67737286267334 362.8429105636515 698.2750396736707
380.10968583970816 356.2799595744273 697.3556113153119
389.50258950391293 355.12059283510126 695.9429900645198
392.6185171981952 356.18218898156664 692.803125258248
400.56085649716636 346.8434624945513 702.2590331151821
401.1765117712466 352.8239148797367 705.8622397888064
411.00818898650004 342.86450418106784 708.3899873307018
415.94093696844664 336.3510548287338 700.7192996059688
417.1865207897483 330.3229193688202 692.5809765877995
411.55939928908805 330.6066667504645 695.8502929377761
409.58970409805437 321.9169262341346 685.8523101180906
412.7161554644013 317.2715580525403 691.2556224897376
415.01477898678854 312.7426674654484 683.1326560408035
407.16475657729916 312.4648062144066 683.210795280734
398.07705109798013 306.33914938790315 682.3178581524922
394.8548610683662 301.7266428141815 683.8020210820955
388.43194597408035 300.62931719414576 687.6777333017322
393.71900606322583 310.14976648966507 682.9048968109727
401.52968475620963 308.5727772666149 678.5323871138398
403.98926901554705 312.4968919249021 686.7346780783082
398.7042749534504 321.5809813114202 683.2459215551814
398.0580645109674 320.40378784239334 675.8200226428512
402.71675118265676 317.66314947266056 679.7079559730265
401.9853450330203 313.7532263103 670.0414260848011
397.85940098107534 321.3023629633304 677.7606931466516
406.9180607735248 328.18052094501945 687.5382297836989
410.1866953540968 337.254162127981 692.4734885332084
405.4735700676039 334.03598089834725 699.5911194969336
408.20980578570413 331.49220853015066 707.6504753865773
415.46069940123215 322.0585226979974 700.4576818743258
412.5435024722298 322.13431771316505 702.3584594540138
418.7249432080883 318.60848021959373 694.5541736658065
418.302048802156 324.1827210390559 702.0282529446816
420.0336913421672 319.86681938771056 698.5303608658254
414.832682321785 312.51272502102063 692.6265078101628
416.2543849586975 309.0840398486806 694.100069988634
408.7991850078694 300.93746438245586 695.9921117433734
403.0117204724732 303.2588400052602 705.7832076770957
402.6712901048771 294.6124757098302 709.3340633480809
400.11088839024086 297.5734965669991 714.1211602671978
401.1098274613611 302.4254798779093 705.838840039793
394.03091522607076 304.36342818080857 713.3166469527945
395.0500759983749 312.6470011049987 713.8009222547424
399.68471688896574 303.6084993582351 709.9371544206981
403.6932557006654 303.7149109751238 711.8083568097151
400.72135707829153 307.1837029138454 708.2790481682979
394.47215399411385 305.2228123428421 711.2292703025095
393.83427226241565 299.55514390771606 713.0713429545496
397.9316274084312 293.47405428425895 706.675194997083
395.04244336581843 288.1937279504676 702.4848573594858
398.8422049031149 297.33422650102455 702.9121663113069
392.6860157583134 288.85109491135154 708.0980929538077
388.9646561268156 289.49081433618466 704.1122419088794
386.21014982381877 284.36585804481604 695.475332252468
386.7986989867218 280.88043788870806 705.0250123639547
380.3124726796254 289.13315268861123 712.8243896607183
379.50042433349614 294.4499478135811 719.2166448975553
388.2554773304241 301.9489510721133 720.9869748886148
391.1727745884982 294.18764614910555 711.7678845900476
398.6023869008415 303.6913744875192 709.4460365658778
395.6699890523021 307.4070314134446 707.2252001450767
390.7360225718509 305.44756712699 715.0704776150229
392.35406824250754 315.37999942133 722.9587968659368
386.87936138084757 310.8834411822452 727.8861149540597
384.0310334187216 309.44148150037495 722.864273625831
381.82809643830944 319.02471550563837 724.3012449140656
381.3605839790676 311.22918494652936 731.2142589190604
374.880050626021 302.0068314390233 739.1165614106254
370.1512027473424 292.4257854669395 739.386113635906
368.94777633379215 284.01853431423774 745.2511255326343
366.3409138816191 289.0432638508092 742.824741933611
364.0193649867758 280.54657582686815 750.3273047665741
368.30289583191086 273.58209631108684 746.9649779490745
362.14970711230677 269.80932455773427 756.4477470933562
361.333778026867 274.1602118146803 747.9035062045886
367.51622674740236 270.48867213422085 740.4906905824589
375.49985590475484 264.8148976060636 739.2453718878199
367.1144012778528 262.28655204285326 740.0426390014908
359.5911063044268 266.52278271125505 732.3544643570824
367.058535077533 258.0582485037856 735.0252827704027
367.58514679130764 266.38632500302776 725.1773901561704
376.0910844495007 256.71823459055145 733.8622810176
378.5642370562515 251.48672014619848 742.5473292499207
377.94353977837073 247.6683211297096 743.888032354523
376.66876844716563 242.05828041973086 734.27196212427
373.488986548189 249.45061871948027 726.7650584165439
374.2014307754993 242.31119792534713 718.6708890087632
380.2716411610704 233.73501559950947 712.7508620111502
384.85506596448755 234.32544926766326 720.1699772663525
387.6363212355003 234.05052024602796 726.5929512792369
384.1312129847934 237.48304744258573 716.7207388885234
386.8856364730616 229.06526038864658 719.6444755728775
382.25219255599893 223.38831136431452 720.4853982593489
386.44327779906644 223.23125440265454 727.9364359044924
378.56398596741735 217.1355864464623 727.7523316839804
384.473228838337 214.02906021294424 717.9122644643641
378.5032277056972 207.5848184244265 709.5575647018014
373.1158611523616 202.0216884660848 703.2572880146015
377.2865977320394 206.4158654509897 696.9074603842244
374.1811932283095 214.81369922968656 692.8578250491128
379.0445133064576 218.3415432564087 683.1477407998395
387.06990663949045 225.85741376670418 688.3711102187768
381.1427210878244 217.32594230156172 697.7575223948011
388.7775647633057 210.63616121762314 705.8963988648104
382.68398289933987 213.37633284228806 702.068845993148
390.7120298895034 207.49675138067042 705.2932654708721
397.44950092237286 208.7700659831628 714.4436702685471
404.89980650543316 215.8002437050794 717.8350117927936
410.41100641979693 219.91331557746312 713.4658583337218
412.1299319984074 228.9282999542794 712.1346753615434
410.41803370511644 231.95540546654857 717.1448476308385
416.9438332430006 240.6190847745386 709.4839891508358
417.4785877883453 242.14892100414883 708.8570783069094
410.0478719678052 238.58008575585708 709.1741869728152
404.436719376214 230.18607653852783 699.3201593383953
404.4534540809543 228.19117049420652 708.9409207704578
396.4394106903313 219.681203483467 712.8554715068352
389.6598719583637 216.18007107218529 715.599119652535
383.6296312740008 209.95012641865938 723.447847320454
389.77084191850014 212.2391606189856 723.8304888521163
384.20177295895945 220.19006859422333 724.381574632924
386.9827082486839 223.18277425045494 721.1840825514979
389.74323199738166 227.79686938647706 713.2243836846108
399.73443049200137 222.68655539358184 711.679361574576
394.07806840613716 214.9157671166113 704.0711532535871
393.4699474972682 206.52352025439384 701.2007988985138
386.1627934069121 215.0375351937176 694.7424630409863
381.234580248367 215.22323529696658 689.7703752632814
381.52919130045353 210.415089244298 683.6734114825252
383.74252179125085 202.01788738131322 676.5642081952021
379.83452602480355 200.6128674825159 681.9145375049291
381.3391495073938 210.14670761285316 684.3241026158989
388.2717643745513 207.03075756061065 691.7960768630265
385.71280214869154 198.89893416607129 698.1573624359138
391.60304858714716 199.37209683241144 702.7615647647891
395.6020581750808 198.15753947297952 701.0452603038109
387.8136129049978 202.18654543113155 710.7476593771704
384.3917297332692 201.78100677729725 701.6829216106552
381.6337057273693 209.41020242946084 700.6189934023727
391.5200255847247 209.27422984959827 692.5855089680225
395.43811732579195 219.2093731227307 700.5093630497829
388.33070196482134 210.93839007400766 705.600580959083
389.7396499365578 215.60432097846342 709.5377371422951
395.07439352062033 212.83198604000916 703.7496502504257
393.21187090054275 210.18366216995003 704.9764211849134
401.79027836779846 201.83532099613348 709.0389597931394
393.7343021418057 204.13010158289669 707.5096510445672
402.92813737670815 208.55355962094458 709.608182915612
393.2167002756753 217.85591125901783 716.0647336066812
383.6609844264071 220.74754846882954 719.1224051263721
378.65742315836343 213.81330629011907 712.0659464005421
386.9392580225769 217.9128313679475 708.8713388687422
379.5873279126643 214.8696505728438 716.4222997438627
372.647261909228 217.54575690821173 724.9449561821239
372.3079840246766 224.80390601359287 734.1791104637866
366.1465309919401 219.59233151516008 731.7115552545165
366.9662917723297 218.38841544008358 738.2213757654629
358.5953238212157 217.5045616622445 735.7145618115426
365.0856849050758 211.92560681710833 737.6907387564453
358.77774895337757 217.8879285421123 733.1140607755219
368.59669189852525 210.2582791443588 725.1745952947143
367.5361686610205 207.87030960030523 715.9011975167788
374.0673767327074 214.76105948633193 717.6188583018256
380.8663656333695 223.63861304246845 717.771353622423
384.9163681847436 232.32259933207138 718.8078932500579
382.6302040804061 222.5586826226474 722.1647738347443
389.75282981862256 228.9038340092552 714.6903819804966
387.797403174114 223.82948386551965 710.40350531052
386.08228976618483 225.9891673093194 714.883819245819
379.25373715183764 228.07399163229366 719.3164116077035
370.6615871747161 229.05100714849982 710.8302217713845
372.2182041379329 229.74433025289275 712.1806045242001
375.8277668161417 226.17081743658827 702.4418784765096
379.49725503949094 219.5190725448754 696.4900396071482
383.6267285108064 212.757535884958 687.6790416490243
388.3558155660778 208.21816688940146 682.8849077499773
398.14004997669997 201.24585928668608 681.7982794227255
404.46451201911617 200.1917473573364 683.8747122530633
398.1132736549987 191.0641140638318 675.796334523954
400.0741762981612 192.94993239848904 681.8576319510281
390.4367606851072 190.91585982490346 682.6333535503788
397.35616375629445 199.60349283478376 681.4752053202441
403.03988652593813 195.13449142579455 671.7348162612058
400.88572829967467 196.00234825375748 669.0219537128795
392.6925534083803 190.57011839834365 661.2638826093707
401.5081250574781 188.68707261303774 663.1695676543719
400.4974040156055 179.20171583748595 673.0748654228828
403.5219446309913 181.41089829943257 670.4409427533272
396.5214299311559 175.68895180744857 670.6706825976858
388.91808750439736 173.48034683805264 671.5528521040188
380.7882790249809 179.56495562186421 681.0315592728957
384.20750634884894 173.77906229664876 673.9541573296401
382.3994098174517 170.18333652092596 679.5489723536823
374.946368640685 169.53537637954307 687.1431316514711
383.9477925813572 165.90520472719425 688.4821168120795
375.3813521674463 156.85450980119998 680.6725639133433
374.1043310915122 159.6021997410056 675.4790643807604
366.14845818819714 158.27524930568268 684.7612009075023
369.0084063242336 157.53853064253352 685.5159964859652
370.93587723505306 163.82299863527118 687.4322647059142
378.51566052679226 167.8947571880323 679.8521002130918
384.52480225900206 165.8124043948377 685.2449277200324
387.8071325487779 173.5549469983234 692.9762284359439
382.9507060949909 175.92269510786628 694.8223867850363
391.42299149208674 171.8110438157743 690.8045296312547
400.37308024616186 166.27832194040062 687.9641707506918
391.01338853965666 162.0269920718365 686.2543955572194
390.64815165972686 153.70236474400963 680.1892487479865
400.5238085113547 153.73389226479054 682.0652208024165
393.4979949157109 156.81911206991865 675.3712452668394
401.47363701157053 157.43528936909627 677.631425979435
397.26763099092403 162.53276821727925 676.424333707524
388.97423759662604 158.1454750697692 668.8185814899009
380.50296492893443 167.63787817863673 673.72318191555
389.9226024750045 157.68252572034834 679.9116462373978
391.7914742967691 165.88966923494672 683.4532683959183
395.5636492360588 170.49697489466664 679.7885557361316
404.60055958202247 167.1920556833156 674.5640548060619
397.85820604792616 175.31162537234917 677.8582010190712
405.724701603285 168.77603649616114 685.6500260301844
413.97213693913324 176.61914207737436 691.8043257036494
404.8326773300875 183.07800444251384 688.7324104421097
403.45982715767633 177.43363776086693 696.1534853564152
398.6596004980764 178.122466116413 698.7048250396912
391.66131553228126 179.10884880338935 691.8765571934105
383.5263992318239 183.29002842387143 690.4826707451265
391.28089450060315 175.98844066503523 685.7834751828815
398.7576184323951 171.9606522095938 687.256435698983
402.3018116979951 172.32647074944506 684.357953370694
407.2951637448699 168.6919120764797 674.4070627172877
409.7695426923766 175.83669575478805 682.2466479212846
410.26420922729227 183.83651032126446 677.7971886592187
408.69015048742676 182.0282889146193 679.2544600627076
407.7048253669086 173.4098009979334 674.5189715925006
398.3190939806019 182.1929832300674 684.4254595360551
407.45215499740533 179.6700095004376 682.8096520547936
397.78856631559825 183.59325678367745 675.6065915155184
394.73694086561505 174.9830320155438 683.9414097853071
401.5377410359364 170.07048159285705 693.5086373230545
398.2588976968105 166.89334871961307 696.9747704160321
398.00581857488805 161.2386570156671 693.5837229282602
404.86572885517546 161.56412943732636 683.7704223180918
403.506822272321 166.10439452050176 685.4877744900497
412.5094388229624 165.40039648151196 691.8194746244282
407.5004238596394 168.74938632498592 697.732395700025
407.4629134925387 159.6514155142703 689.136249311863
408.8575023968776 161.68663378424606 685.4256999948735
401.117708372572 166.22085063073845 689.665693747161
406.2410900766368 161.86680336809448 685.7901523556122
411.44760949129744 169.43126966473915 695.1023052816947
404.5310974517378 169.9293446050297 690.8009589789895
399.52080759623243 176.4933650680752 686.6036483083094
391.1722168544778 176.1633784472601 681.1650328894177
395.4171881418955 179.71678641468276 671.5823266865923
405.2703358141026 182.59732230221474 665.8283072804841
409.3164810415437 191.35942186861902 658.7088677485425
399.64244679082844 198.44452098779237 653.7320303054805
393.55643282601136 200.5800160463718 658.7647315748037
390.43451234774176 191.8473166776018 664.8603712271049
385.3363925686776 193.98861439749902 663.7894323630409
385.17928695256825 185.98852229286723 654.7395965105127
385.4691822940406 189.96050216144124 646.7136923296551
390.4237745254285 180.83677398166043 644.4408511642496
393.31679831814154 177.73789627312627 654.2487468510109
391.31914272936393 181.71823970815646 659.7861814171878
391.2608373399381 188.96505979039057 662.1384041756213
381.4640275110405 183.75937493521963 670.8143508940055
386.1479528302341 188.82492170580286 671.0398274478741
381.4847152156594 193.71480207006118 663.7696287644455
382.63337518949305 188.15638097838288 668.8178010145735
385.70921442810356 180.27948590368592 677.9324871338141
376.3210956017748 187.8486602447378 670.5163681658103
378.72469265064944 182.57390812573854 680.446346012785
384.19572929390927 173.95349424201717 688.6836918897562
374.64353388339066 174.046643151147 686.1942872867293
367.7547416851722 165.8354415786995 692.092221612052
372.6220600316105 174.72298148956918 692.5445367297425
381.73282604931785 170.93316941660035 689.1345862073878
375.9498901812126 168.93305785655235 693.3154110437014
378.87749465800005 160.44597939463745 683.9083746270687
368.93488997619147 154.1227665763158 689.8972169221117
364.42270223214297 152.19899023544892 680.2358005237029
368.7281125001445 159.08363990757255 680.4522448253471
372.52325552332286 167.82995186780167 678.7720246009629
363.6487942004814 171.03267750553212 683.645775198875
370.9671799782002 176.63913881841415 682.5673900678693
374.4266606572772 173.7523445934196 685.2416931138024
377.2181756087054 168.0169109694291 692.028013948654
380.53689283128216 158.79281744746316 701.7447068731307
372.8545475320979 167.78165155671155 698.892607705627
378.08287092327674 162.45417274363803 703.6604084843524
380.7852395781364 160.46589360327417 704.4057245080495
373.63667044471765 163.11233664272712 698.157024656029
378.2302884640382 167.14268194642838 693.2963649442906
371.06198328838667 171.20099878502933 685.2538136801546
378.65397429771224 180.50176698815633 689.7857726175081
371.1049231082016 188.48693173837813 696.3407287222523
366.50456975858435 180.47418302854194 689.5835161145468
357.3195957901835 185.45291184421717 685.0679453348099
359.78047718851735 187.57245655494103 684.4342575569708
362.420097294987 178.0045268890822 678.6268715826285
371.2169082394764 179.62283167642133 671.5198786885119
374.560310434825 188.62098594876667 670.3481160955687
379.92231887872254 187.23670192060735 669.123407435572
387.0630835388315 186.49981309359146 671.3982154037145
382.8418553701541 194.9106372541207 670.1510731798693
391.7443374479013 190.50744632366013 669.9975210842143
389.7769135121357 182.40765411662164 662.7308602615975
393.77035746312674 190.7180529838825 656.9643802910673
396.41219561698495 184.26196052595853 663.5565180073778
405.28952643411117 188.01327680753357 665.6511939210741
401.67573891680064 194.29203005196655 668.1789790006976
408.1724840164285 189.39241679115378 677.605707357954
404.6456845139946 185.07329683198756 675.7057263407463
408.47990793332576 181.32849996093447 680.1774049093103
410.20569946709463 171.84349021660708 678.2782837434163
414.5994350542814 162.27904043215534 672.0902497436576
417.776024697853 156.99621836218034 676.8200939728556
415.838592609899 156.08689054284747 676.9251288863336
415.7491585216255 154.32479931294742 670.2307631765724
423.0429591196544 163.22130283769093 663.7821940895658
419.52265380088966 165.66447108632406 656.3921088771065
427.63788756501606 157.2585823913845 657.75837079302
434.1954922012636 150.06038680886533 661.4351122790475
437.74437662626895 140.22051865537603 654.9841214840792
443.7807311771361 147.44251718149255 658.4787991909061
449.58439680815917 155.46675627610097 650.6266822079097
453.74556857037896 155.78566672903256 659.675203120809
447.8805493659805 159.75981380975324 656.444144805381
442.7945418080135 167.6010270604092 650.2297000638074
432.7957955365528 174.83834690097896 655.2783486701992
432.9969988481693 178.50866519357373 663.0967673555609
439.8238760761404 185.23186862604018 655.2830055621732
445.8846806426193 176.9516343467117 664.1805053497986
453.2843318915351 170.3102047764514 673.6235836883997
462.8077980771533 171.38353904016856 677.375514064183
464.57548558455187 171.3939401410433 674.0139902545365
459.7292382321863 175.60673190946864 671.5587017617648
450.6312884407242 183.0435706293644 678.5895276591689
458.75315606049026 174.1791407049978 671.0171896333601
459.682008687841 178.959730390211 669.3020577102593
460.3476815592837 172.01067004181348 674.5147503998156
468.3274706569706 164.2722420090443 668.2400343888729
471.39563701061223 172.23933501366034 662.956340340384
478.38872922621636 182.11767215916637 671.547719776401
469.751255188347 190.57489554751723 671.693987514009
472.0458920990695 193.31649284123085 675.5808256745656
472.7526503464127 202.85202488780746 679.6063833235715
470.36759003909447 202.61064783611883 675.2007224801281
479.225682910855 207.05210012213198 679.5036551160767
486.51790837519343 213.6394237382823 670.6180635086431
484.5176249480725 217.89257530187672 677.5878285597448
489.4261648388629 220.87438289699227 673.842166171712
498.9531343497175 216.52718435582565 676.7320294587114
496.4843163508164 225.41246666411345 679.6719209815091
489.50407480472654 226.0889352558909 681.3666439991999
482.605698919339 216.55423951287818 681.6966115368608
476.3927551329721 216.02359294169415 675.7018948177323
481.2482252420707 208.66804730183839 680.2785431445627
474.63966699703724 216.7375264562224 680.1690997049485
466.4880000255756 221.0586325662144 688.9084303814795
475.8956052244569 215.6268907346634 694.3108875496712
483.5989315512442 220.62938658518178 697.0270822551815
492.74105378173505 212.27401601701587 687.0607746289953
490.1430792407477 202.59996181013426 694.2616271865576
492.43300896016234 199.93266906477913 687.2333398502531
492.9519290835279 198.87741280643164 682.2663647842552
491.13247461473475 208.469246858285 686.0598050277896
484.91114498866466 215.66468662054467 688.9620760748835
489.4793145608926 220.28125678290496 687.324956216377
490.3607283511761 219.22480841222827 691.553501779938
483.60735049885506 213.4208408840935 691.4190001097143
482.6062278164847 211.51946224916892 699.3705088112729
476.3512456852805 211.70804876740027 705.7915137731072
470.06206332752816 217.3481493971217 706.6356619399928
462.57486244189676 211.9365061966349 698.0122685791139
470.7374059708938 207.6592603768018 707.6100886039593
472.0925792364077 211.75757046060417 717.1031892442497
471.2644982117798 212.9192742889824 726.364974369458
461.4070533251123 215.17584787103468 729.5181140126313
461.8853231041492 225.1618177578687 720.1316368821873
461.9560899785922 222.02645693447707 720.3207466832462
458.1599094848422 227.72985918895674 711.2154287796156
459.7751250650916 221.4545987773675 708.5377141459517
466.73238042299295 218.89284312233272 717.6059925674355
460.1454264963964 219.95295188310334 722.9937892026844
461.0332519434997 227.6836296167084 721.7357830957088
463.04677268444794 218.7598683729616 715.5577992574656
453.31595631790464 225.60446626070916 711.9427332836921
449.8853622330465 220.80826578907994 716.9370667841072
448.37302829619597 213.64070669574087 717.4983620474341
444.7578827078152 215.24907152621606 715.2625599236286
438.03533317596026 221.92956362130002 716.5246710564959
430.00745653207116 231.757650045559 710.774536586237
422.5917711874467 240.11407242960323 713.6645167902151
414.7168423960466 231.29012136931678 703.907824951876
406.2752815478025 230.32606189754785 696.64080429582
407.492977662679 233.3633881427972 694.0755158231212
411.04666464353613 229.10534054426768 687.369602523031
410.5095066683865 219.3422926651007 696.9459223963291
416.3249785754401 222.0849317112569 704.4043760549907
409.05869635161883 220.8432608873232 703.1663512609955
414.64118632626725 222.14572988982212 710.2254638201047
415.76657280019526 228.0388580383742 711.270958865532
424.2894074924288 226.00398066226782 717.8907141924171
432.35074872727097 217.89643695307055 709.1973577879695
424.5770490950939 208.92488901479143 708.6606322945845
419.81630146951335 215.46303803319233 703.7339995027064
422.44014099013094 217.12789127365127 702.7715066529845
425.19078626992473 212.75876259636215 704.2553795893449
434.97978112616335 216.71015366928785 701.0281740779237
437.14698416589783 208.87732373922645 700.785338698916
441.39776507624265 202.78102179959973 705.3155310102646
450.6899678198486 200.3851311856171 702.0990747245437
458.29182173234415 192.99862720269024 693.8116810426154
456.20972732651006 190.5860940829656 701.7229135409375
446.2524986514258 190.39562567240347 693.394774348117
445.148826629893 191.6488232219199 686.5417257620809
453.86925844600586 199.9520900520213 695.761365857713
459.0921404783163 194.75693742234296 697.7192644913135
466.1318542364634 191.12568509234416 689.7728449070356
473.68437066029827 185.67331916369352 680.3461620632223
478.8275371185404 193.7108854677275 681.381802606249
488.1271596817709 201.62719353716 672.8997685005264
488.20579885334314 205.22122016646455 676.9424134460314
485.1084817778356 195.33288031372933 685.1486813045681
485.1097058361014 193.58367027330448 690.0812940133126
491.02315997666483 201.8401547383365 690.8543969642271
488.85067495454484 210.49823705263302 698.2751362686936
491.48988843333956 215.8684013730796 689.7079846297524
495.7096952616461 208.94887089188927 689.6172906266797
498.08691766235364 208.96863853565037 683.2575029122418
492.65821473486653 206.36116635493647 680.8925575588121
485.6461962530517 197.72681757455842 671.9743015250388
494.8395846232685 190.7190745260869 681.1537719225943
502.2797500543302 181.63575250361853 686.5712640489479
508.41915738077654 182.0199753759575 678.4525182781974
514.2070355162211 172.31317573152893 674.8561415418707
518.5968834405681 165.3980918294576 678.3714120259566
521.1513089746641 160.62366123033775 684.2812410020487
529.6118857651735 161.22580578564987 678.0326446139874
522.7315922405586 165.98942135459407 676.274587356672
527.9406280102713 171.84281310072615 677.1775031818333
526.9822484335203 172.5398408725031 684.0422247971155
530.4108173680988 178.71461253699664 674.26707620305
540.377937560823 171.83299223578325 676.8905295395695
536.611873608817 166.98447143354974 686.2988990831093
540.7016732526696 161.10697898522557 677.0356443542994
545.954319340252 160.8232830134116 680.9765270422057
545.6891095911769 157.08056566553 677.7589197633991
550.380593896245 151.2261970952681 687.468216311459
540.6338767906477 153.7720733609057 685.0657838921861
543.004029282037 153.1386132693068 678.0878802196642
547.229643881761 148.0121545538927 672.5179428914953
554.0283448642434 147.14710151295793 676.2937785347556
544.3326237176271 153.90332170155588 678.4625568282974
550.987890397166 163.11121766176578 677.7430870273301
556.8647065403331 160.49586936353742 686.4933135417011
549.7063119924599 161.18658332748558 677.0577698518753
556.3158030072341 161.8064824246916 668.0842128980416
554.9328346002625 156.2691912121112 672.9734425873137
562.4414185578024 155.06713310948288 679.3565347751131
562.727550419533 157.310236869931 680.3885481520448
567.9642500607854 155.35403992275147 671.9995727095544
558.1961431401886 162.58502055277285 673.9425735443942
560.4456722475793 154.61950450327015 673.0396831429597
557.591437893663 161.92284438836725 680.4492170971711
549.1904928678154 154.2998063958657 685.6410791114549
556.289918492246 153.59037264531764 676.8705369480393
566.0340872630303 157.02533597163486 680.6243206775404
573.7715955393195 162.37763599562675 686.3569541026745
572.1538754367999 157.98728802546708 685.2246429033307
579.1078912755181 150.02217318173595 683.791227880573
580.5365647610238 147.99920855922872 681.0333240352669
589.5591642305161 148.90572269809462 682.7025459401523
595.8983462014913 150.5374280314055 675.1238692316258
597.1166143030235 144.25895016618315 670.6197535032524
594.65945194773 149.65315736711258 678.2709181472429
601.7759225616758 150.81933597211523 686.3840137207357
611.5963720876877 150.96719797246237 691.4540704610758
620.6827804598095 147.13426698922322 698.0186167003242
616.9190008058035 154.00148205583147 689.9581573130882
625.0216238557394 147.29057283181075 695.2280519353043
624.2177725380448 155.44632152752087 689.5749641391027
633.276319529823 154.3430590318855 684.3068411050002
624.3176016312846 149.89586352665424 684.467534240354
633.3744537668961 150.79964790103577 691.9202256667722
627.9237168199 147.1543244759966 682.5529676698852
636.3697056966321 139.62354055588392 673.4128031441833
634.4266216427193 149.59436943005016 673.0518784184787
640.0618222692427 158.65021884194098 673.6574773341621
640.7018757066327 161.79500950095922 675.4153877605357
636.8921005657814 170.61243326925396 670.0675935233818
640.022578175557 176.59618920469111 669.281751159953
646.3381391803034 170.50985524837145 677.6504529031776
650.816483599376 167.51465723535833 677.9909851528492
645.0773012032315 165.57398662412885 670.4028546768911
636.8431496670389 168.885534692218 677.3899227960117
631.4528003445439 161.55398953782972 686.5258366018323
635.3787697113855 171.51080249735375 696.1691883708338
640.5490126943565 175.78162395039038 703.0754300046865
637.2258313366191 173.1690416949374 712.3716928660558
627.5740045000484 172.1401417172329 711.0544887975191
630.0868844495909 164.09262052371426 703.0578879188084
632.4547843770921 169.6508705417758 699.6621156405723
623.7221427879181 161.12769515966423 702.9594053369135
619.2557574073064 163.08881897553434 704.48255804511
622.294186397598 155.3557736829566 706.3738638318418
624.5261957690499 159.4986681024777 714.9758407499683
623.9547613693359 164.51352988716766 723.6601833174834
618.9381627131232 161.03841262197062 721.427518327191
610.3320162587356 163.9905848803128 712.6987388017995
602.4250468206801 161.24526203001324 712.1206272117097
594.4387387598836 151.71780726820538 716.6915502824872
593.4324350945137 147.98483734318398 722.4823668540839
596.2297440999956 146.32095239142745 722.2374736690637
594.4704376220869 151.65243144321144 730.1350955015207
596.2170441940752 159.45816576103527 733.198275473353
591.7348045555901 160.65433680343762 740.2706883592617
585.468685522735 157.4158676691839 734.0128911335338
589.2108340831589 160.71855869905713 738.8031774171925
587.0758473783477 164.08551033075645 745.2890344133959
40
386.3734189103453 306.61763088445866 681.248324403716
384.589273769943 306.1963494862044 688.7524457651764
395.75942582155915 306.0258704294576 683.3844592478071
407.5176186941382 321.92221258722816 686.4266711106089
407.6527931900888 315.39574043292765 682.4640946831363
395.8276005798777 320.94231630959973 682.6230702179881
403.18398488563315 315.50491179919686 685.0533451973613
396.4438410311371 309.0152600028569 662.9982169214625
393.9549734994476 322.2575749661144 687.0025202240769
411.09754872666855 318.99627763128365 680.0862239224141
415.48857857993744 343.68284364633683 699.6614435048563
415.18356010673267 324.86315291238526 697.2317915324988
417.93574734443655 334.1389434704508 704.292693526498
407.15438660559965 325.0864348817024 695.1460553766309
406.24435046704474 325.9048317372983 697.577355381042
426.50954279818865 321.28662021276074 691.9035226763112
420.6765798543826 319.41408067836693 711.1030800817068
429.1580061941166 316.85497330842054 690.4152219908939
414.7634801955369 321.51019786352043 691.2178387722537
421.88475476542317 316.8168964441335 685.7317700585724
402.4780101705658 305.79363406082905 686.6480450105416
404.52737639999805 297.16457674684926 711.6438228865172
397.8064043069307 292.080661195871 704.4218873016428
393.64529131362445 296.04300174757407 709.0028131081569
393.90238254489196 310.32785540923464 700.3928291389001
390.01603531606287 300.4779069838654 720.5939113937567
392.22194242728904 306.1253370371454 713.7013777543033
409.39877880403054 313.3851147543211 716.2450572363355
404.73526199299533 293.78515884444704 705.9357316156887
393.82067035533674 312.581927477525 714.4049892389289
393.17585798493116 300.7733375535758 703.8707690114616
387.6097018233452 297.4644250429392 716.5863885990235
391.00656066724287 284.66179152570464 697.4058616899308
403.38576162492143 295.868553426416 699.4261925775664
395.50278525498595 288.6278718775277 710.1953042227564
402.6691180858108 297.0773639762559 700.0523467213042
386.21361401246065 287.4139729603814 696.8924477944902
377.24443415434536 285.5337665933209 692.681962221856
380.7720421140527 290.78456086986307 713.3039539283844
381.5358649451285 291.8843946804549 709.7678194003936
