1000
214.98239233236592 495.91109763442904 332.5250897466823
224.8559918347581 500.6170425724955 340.83561467668864
221.03443995516605 493.01687186214275 340.94522121665284
222.23941495250477 496.40743804720523 337.93763315307893
218.42719298361257 506.08184196221936 347.80577418393284
222.1088207337314 509.9061788871065 342.0528866828075
222.3603460691727 519.7778973851531 337.29670010848196
220.40096962221193 520.4062837222264 342.219171823801
216.87275348312414 524.0978452078638 342.62452570722877
219.19938059148703 517.0312255794317 332.6482093932574
219.6204883358351 511.30554234109934 337.03134309472154
228.91710633926073 514.3707449664263 329.73706207091874
228.80653443490564 508.6989021767334 324.8783080284112
224.19361387485787 499.86807940576415 318.95674788511496
227.20220302995122 508.6879214512196 322.6016076436959
218.59265817654125 499.4879258271026 319.982403174052
216.19935059219992 494.69013380856285 312.98518494873156
219.348429336441 496.96526156134667 303.5485228294771
221.68030559323887 495.95519974916346 298.8147953838226
221.78414459312572 501.6390714742117 293.287220129579
220.00580911125064 497.3701555018467 298.90869538203134
213.0817388362701 505.67002750841675 305.9008019005018
204.51792455573636 513.7760243230932 301.4250564153221
209.935538432607 517.9372788043844 299.2201421563693
213.53424530393212 515.670705649777 305.0229325743691
203.71320496661932 506.40155090104633 309.5367423350467
209.54883038933426 506.62921728382645 318.47267390334105
204.29701370266966 500.0649635053909 311.33760946843523
208.43188265796334 492.94346708078103 309.679098278398
215.5535048103614 500.4969902401 304.03171869923716
213.2746479049803 498.8198193253459 310.2774263933319
208.07481243861693 503.5621601421833 316.4413278956591
200.3093600128891 500.6917665525841 308.7043116443269
208.40581629592847 499.56380834277195 312.4688571244813
214.58406096297284 500.89187034196357 320.073701310893
208.87912009427006 509.51079384993966 316.4200763278861
205.43389853534427 513.2283662601224 310.38221994037985
204.12311363080343 521.575032489445 301.5851551666231
209.89969266845307 526.4400683371467 309.39581805375377
214.8205668676558 532.0247713379517 302.6484937641317
221.21036518782122 536.903446064227 309.3539152759419
224.8594632776991 533.3631036269244 306.7843235696985
215.1072103964083 542.1668421082263 307.33877181724534
217.6867831657007 534.1452990066047 307.1187924497432
217.6467957411197 529.6898618214512 312.0170572757587
225.70251449946835 531.5944551946756 302.52570274868447
219.83363233634603 523.6469214742297 294.0327297960995
214.2199764459134 533.6058039150168 286.3930685055951
206.40685743728113 538.5230638157143 289.1214533501593
207.7349417103855 528.6205040337603 290.88237259568746
208.76656350893103 532.7998470283342 295.1045100571173
212.41998165861713 528.6902295862772 294.95627315104997
209.2945702482935 519.016961492946 295.45095149803205
218.63552833703105 523.8233542427936 304.0956709955684
228.3051420042236 527.9079670050754 312.75517505325786
236.10911605780225 534.8270485953832 310.6288472301436
240.49226346138008 538.733307330248 313.05882548997903
240.6013177265505 541.1053091086686 322.956119415016
233.6808179717783 531.6421429835448 324.61715845193663
230.7895480445531 535.103596032763 329.25457116260674
231.21933851981618 538.2320854824288 335.9930845407622
223.08307695319948 528.6412590422802 328.66992424314896
230.8723956185881 535.7955117331331 338.4633003121167
236.35402138892047 536.4714752786876 332.3174511645022
230.64422528944314 545.8285423199807 328.956206065914
226.07475087663636 549.8937505467011 328.00851282866716
221.1054388285779 551.4311822750641 322.19961199459124
216.64106102961378 552.7439220532517 325.2494654063651
218.69707882918533 552.1756406959006 332.07693155781624
214.537440901907 551.3220482710707 324.434203290376
213.21914262283542 550.1249253855623 331.4474379603334
216.4978423041121 554.640942080561 335.6864799731272
212.3546622548459 549.7449521024837 339.28523556693597
210.75015450524867 557.9667701225965 343.4342800134073
201.88335533805832 563.3289888127099 352.77077414474473
199.26982769890265 555.0486304284022 345.20100198851975
206.48304375431013 561.8535477305918 351.506076097303
211.15274607147498 567.433545097316 347.10770056311486
220.25460945319972 563.9032570727168 344.0158281891099
226.32729800083382 561.8218462958595 339.0414538263134
233.82648621403672 563.1256200196378 342.3878228722723
228.14179410958772 567.4953030967092 338.79332577530073
230.2076756539476 559.5389277514167 334.64316596909515
237.3467845597482 568.2873989698355 328.53500641645365
235.21312149907408 563.6932111836469 323.5488068609982
235.82457494003117 562.8732236390837 321.7905977499813
229.68960730692183 561.5927339693284 329.79475410660797
222.34302900062673 563.1520329420058 337.1931851215841
225.85290954332373 558.4062276837103 337.1652422977162
216.195534299986 562.7477260084 336.1483290842567
223.58524539947783 566.45199785229 326.49352860523265
219.4088109276684 560.3564086923112 323.8608010696333
220.51606133294285 552.7441597692754 321.7394958233424
224.49311242827298 547.1427638073246 331.0601130281264
215.6742490442559 542.5286819751511 332.4144658610395
218.05785789860656 549.1524149076888 332.3917575269228
217.03179867816877 549.70366658119 339.3727686440351
218.86600282686987 546.1256754223314 342.7323296226021
210.45528837256262 540.7646087558646 345.7339773680626
201.1636914762155 543.0727523799768 335.96354033915236
210.95520769867426 551.7862583779538 332.0906691354753
218.5852238436465 558.2454774792964 333.46987304275586
227.86138022123205 554.1528527602991 328.278773774887
226.07006192675289 548.0370117093292 335.2380207527981
219.3387218814309 541.936592109751 329.5947766703683
213.71389185710683 534.5806897981007 321.1776654857946
216.23218720456245 542.3242270909128 313.4393996813326
215.91512797953524 551.8926563417684 321.4396372498369
217.5271799745196 555.0486383859172 312.9527111844318
226.4866329234691 551.3688134924325 314.19717533155176
225.60540796814774 558.2742289559676 317.61507062154107
233.26548306596968 553.3445200154804 321.879722967284
231.01766343423785 547.6218981595484 326.6138521602533
238.50392833656718 545.7996596907244 321.93448669099956
247.15866269578484 539.6582675731713 312.3954854282765
241.56117982402463 540.9318078240916 307.72437267828775
234.62079936998424 538.6275219495568 312.45144404940675
240.27394862225188 533.0440027064819 316.7888824278947
244.452190023932 523.1078444753884 307.3377360205638
253.94953009111435 529.3193324226266 314.0613476072957
252.34238268841102 524.4237198266005 322.9138851250347
244.55422520844215 528.4933665257106 321.95320835347474
240.49842745126165 523.6727761934338 316.2747821820779
243.0784922897324 518.3112571394836 314.9452963185668
252.16315939039873 524.0873458832997 306.88051790130294
245.7526704678976 531.7347957150841 301.89003365144083
239.83699229113714 533.6696899790796 311.1251629392544
248.220117687811 542.5510845927594 315.89777587311124
246.0574782513407 541.5628079947344 314.42450114540264
243.28029244904786 532.5135569542067 307.0994720059517
251.9550058792003 522.8357561689003 299.2756941644337
243.5752717812985 519.420546954732 299.5099126199708
251.74003008427505 511.8375651447033 294.3508562310873
241.78103156329624 510.8170538349476 294.13237331918754
247.03465624807419 520.3380369834756 296.8003919550466
238.22143656891382 514.4250391337745 289.0525732036775
234.02185115296058 505.92240411264027 279.5295497008657
234.35573442212112 507.69657120669535 278.75222595842126
242.82501978509052 506.3428503488873 275.15616840666803
242.8315023924461 498.74545404852165 276.8659423147409
252.5873737433712 505.2352506718977 271.5324244418896
251.42586533625445 507.5666865400886 278.37951030398676
250.87583811273333 507.119705273127 281.97818741550594
253.34617154597763 502.3058165126022 287.41156553138313
253.95583729648627 506.9554019602926 280.59002833798394
245.54248134451362 502.93173437673795 285.5467566980683
254.86903029493698 496.06764794058034 291.8204746343427
247.54723290938858 493.81741219997 292.8458319578978
238.70526375489294 492.225587079553 285.11127779514413
246.81687538055613 483.36969084097984 288.1449833741593
253.13471467407697 491.2430274113164 282.7318189228695
246.6246209181032 487.83037004782597 277.84923763610226
248.6662580645204 481.12031384538494 285.0517527121451
251.17635179970054 480.27783303558783 288.51287291527746
259.8286271496377 472.34940942635944 281.53461116272985
254.9369402681558 478.5822135358269 291.2081135519043
261.07363027704673 486.29917790626615 294.25491674232217
263.3875774687465 491.21332077808535 289.7692333467796
259.64038666695683 498.4529202502877 284.8761205067901
256.5969427679077 494.2785755700205 279.05601620860926
259.9080964427493 485.5919187632778 287.88889023669753
266.92975127852054 487.18797957437187 284.5529649428944
257.51378929710836 483.183521299599 293.88223480489995
256.59476506515284 486.8588880932679 301.9395888694758
251.91812879184704 480.8467015276226 298.00635937534196
246.32081183174017 477.62519230360056 297.4610857686005
236.48031113683587 468.57216063699184 307.1738014487527
233.60063751393076 458.71180227935224 305.9324156402037
232.90045332803894 461.78220447091996 301.3193016715737
228.2336190347899 468.24737583854056 305.1041379088702
231.1921398788632 461.5837636674665 309.4148444989681
229.77071946987857 455.01202695714005 317.89082337583767
223.6339719528329 450.66784577263303 320.8025400020483
219.85644364503773 452.0383430677884 313.00114879856926
222.66764328302358 448.50033851085965 309.7328058698948
227.0798346726544 451.2190744223554 310.5196349139198
233.24389994018028 443.35085167673384 319.65908983676354
233.2484780810964 453.0506895071163 326.2266086456167
235.01708697364103 462.6818656865661 321.4450272528048
237.25254695828315 467.97715787284176 319.9125427705522
244.95847809991238 470.0158324315527 314.62024054362575
242.78180831644232 478.3787078089788 309.8350632502328
249.36294768552725 469.03006882079546 307.7207425200288
245.06567576297118 459.91558763114847 309.17975586125345
243.63764141104835 452.9717683456113 308.51384435974245
247.30366172264607 448.16241851968726 312.6115118385638
256.69231783883896 453.4122277922639 306.94009658231727
256.7138461725589 449.7253956071201 298.3460792803585
266.49456988665145 457.09704654518345 298.2977379745824
270.4797096270008 449.04357644829236 292.1196880840876
262.17930216354966 440.2002339870397 290.34200835619936
260.8049886478316 442.9237958912047 291.0870615853074
268.9152521342197 444.94908013661586 284.43148334989405
278.61718823733077 448.65833757126904 285.7129731523878
278.865948160927 441.1596953373516 289.50584952958036
277.05329733866245 434.0945458208049 295.0761484076007
268.21616869050456 443.93432210854746 289.1456798520569
273.4685697036884 448.2662812312868 280.6063595614782
277.48331009898175 457.5048159878038 286.21256080263953
276.75507991370796 448.8300006855353 292.41714134653137
273.5029361611191 448.88199660701457 292.16953410855575
277.27059095172814 452.3235998444069 299.8967006739413
279.5347053280168 446.70173869452935 295.2745050239247
281.227085344261 437.60293971256544 286.9638173354894
291.0747616112373 429.79615473865056 279.6928072390183
290.05577792833753 429.38454068643307 285.89699446795106
296.7790762083155 435.3602051202349 285.63379926571605
293.665301227913 425.69328922059356 289.21827075422993
301.24385337177176 422.78594667757534 283.9278650180818
303.47454424921426 423.87164169634985 291.73957181649837
306.9193380205265 429.1091547392752 289.46886013058605
315.5520667075425 438.32079531772354 286.44986830080796
322.9644570309929 434.1377097733193 287.72793717820645
327.1584728006519 436.4662796208943 294.30927311243136
326.24518522446 443.65407776542435 300.65984503941536
329.6677964924041 435.7343113661733 304.0998554492592
339.09116038988543 428.06437875557583 310.22004971124807
340.9067939589832 420.9478461179401 315.4266961493262
347.0367657223962 416.21693259164346 320.30151768079975
353.43879763808405 417.7081958973743 318.2475633462494
350.35135875271385 424.1301496708457 311.4112730004765
357.78791611133886 428.25860898897497 304.3368964012814
359.8640593332235 419.16872392216453 296.37484882936354
368.76820384516844 417.4284901705092 297.8838410438008
360.0423309996281 416.6554892032013 305.62893495730646
364.1111720182723 417.3331954594108 305.2504049124981
366.593640178485 422.15602032445577 312.1363260284473
359.2460786672468 413.42372482716087 308.9527601821917
364.6980291804131 408.8460236480622 307.1762206836755
355.5929177168986 411.2884309821226 312.88762098579275
350.9755366993823 401.3001992699225 307.1893721744521
345.5240939241133 395.92283742862867 309.6098440115487
349.63519400886213 399.7799324033673 309.43106554963657
348.6679934759896 399.3280330195414 305.0631471375282
349.658515196123 408.10856935672683 308.1825570839369
341.7020573049845 409.94984655051366 316.11365826992096
347.52616396027736 404.4061556741138 316.0485738807486
343.0046311841686 400.32877288277064 316.6490122430914
335.5291776514283 399.7676305717741 312.1900890085984
344.7197921092184 396.46764326801343 304.8120304718486
353.60665682409103 388.8532031775442 303.9221157119219
349.5277469402992 393.32111944409127 297.67174879800586
340.17935661124204 383.5040563465805 292.1022075605991
333.2826192409958 374.027291064663 293.31808108270155
337.4686957028009 383.9863519384228 302.3008243635233
343.26423812179684 378.7353098086445 299.8872414407415
346.3286299711158 384.0541857166037 304.0901542332051
354.30690269672186 390.5366773046176 302.31513285717983
364.061470215505 381.72455242562023 304.9523512401205
371.5760463750733 387.0915773828821 296.19697658126256
379.7479183764169 380.8302063686912 290.81743027506025
378.00909863913995 378.57166097326404 295.1865077621632
386.49689924338145 378.5387488518857 300.1580492736746
392.6143188376724 385.6900990546596 301.4246851403296
398.80863441378887 385.6086833712055 298.18001445242425
408.02608833706097 387.48334880593296 299.8924303873824
401.41798765523595 384.1145718835448 290.61320739036745
410.9729283134876 385.0245678318734 281.46308501205635
411.42959958421255 386.5472308084088 280.8508296705738
416.2701419035989 395.76201137516983 281.35988565821447
420.3592680888479 392.3536708925203 286.3103174267578
425.05437247588543 382.61196369856253 289.62624848007044
418.4216498254836 384.9389381230887 282.93159952172283
412.48824820071286 379.21834338467187 288.96936324891146
420.8204372765291 375.43927153546946 282.7723705198397
429.8586388657294 370.09994092214004 278.25989034674467
434.5099054903492 373.32767580830347 278.94575305633396
434.9496887892398 365.13712695086696 271.9934969573354
437.7562144447095 363.72377349519627 278.3956531571002
439.1166149671289 358.6796908614984 280.84003034819955
445.98423189327605 359.47354281541084 282.5944572739432
439.13289287162905 356.92948559685186 290.16670962988803
437.71932360983163 363.62856613209186 284.4336090020856
430.78602310472905 368.35240133853233 280.40866273619173
422.07825110729306 375.25165266257534 283.01886511167453
424.6426778520985 366.1771691115332 275.6132897443415
430.6493321702637 366.2004730419992 277.1819556868573
431.1094118189688 362.4005915944732 286.29071180558975
423.3805543441957 365.4947592500594 283.51830105690505
419.7868065683855 369.49115406501284 286.6120649763482
428.4245568184539 366.52716044413665 294.5348908840641
437.07781926540554 358.0540195241985 289.07502264181255
442.3620802458908 351.4791463853905 282.223512891553
446.11563569766236 349.45466936277205 286.16218087856925
444.48507620439784 354.27105869951976 288.01017173247305
452.71237455756625 353.6261570496519 278.01688470465115
451.51236044288686 356.68533185365294 277.0923481579292
448.5158868137635 358.4473561876219 267.55821820499864
457.3440754194071 352.5099646207267 261.76701040274736
457.1361906471804 349.6878990487098 259.11659489883164
455.93178565664067 354.6084688324907 257.9532827417048
455.05577751432213 363.2267110879116 267.5573601211494
449.3648870340682 366.74023896793767 260.5025924429713
448.2598808280962 368.28973039778646 258.5645569761637
456.04485630920624 363.41164047464076 268.09553904351674
463.3794338262513 368.758383281291 274.6642876741712
471.88951561185394 370.9772109078668 265.6983883629196
479.07515225034444 372.3747546185556 268.15807773659355
487.4401505376088 376.81643610376034 258.4174912725528
487.11963277934916 385.89546746340255 263.23788519792987
482.81552600789763 390.97326134288176 258.8691936686786
483.2881313862382 397.9924506181122 264.9573761446845
484.67639901517293 390.6442244436783 259.8534382429013
487.4962335706132 393.10641708299414 255.94947502619422
478.14606716446343 387.813593178761 250.8689407294126
472.76896481291595 390.2491976049305 243.3582249768043
474.40533896110367 393.41728546089456 235.34712549273652
473.3654332426572 400.6711235635634 231.2058266574632
480.05868099845407 405.24075045999325 232.5636551686291
482.40774059860837 405.470122631639 239.90547464225497
477.74464194179023 408.17216321896706 238.0694962160067
483.98383812399845 415.54435175103106 241.09068993011445
479.18164555585054 412.24422988867855 242.24190094881496
481.58919761554205 419.7218408721953 243.8182786821305
475.04902367752084 415.5294335682562 242.0438883266549
482.7537248494418 416.3636045305481 236.99470969600225
479.1022912798686 424.587214245315 241.32516235591817
485.32132411328 426.50856180929304 241.42910476146886
486.3608071047089 432.101500791452 245.16638702991628
487.97867892177175 433.7713854422096 249.96808092539408
497.9121871580364 430.8306246228635 256.0853257080727
495.3337923639235 439.47579360649826 246.2522207703813
497.3518652889788 440.8670686325601 247.01293098277884
493.8021245817172 447.40546047659456 255.91778532295191
484.02662829033505 438.0318775257855 251.91888902076198
486.2823467104032 441.74026037426955 248.76341323658588
495.45467139095393 442.208602860409 239.69408309355217
498.7663480515404 435.8951323810381 235.46163669310005
502.2189720311537 444.43518818743155 238.45729442006066
500.82832761222494 450.2816791478479 248.4284256886031
491.03541491904656 454.11243256265305 245.17094567323284
488.02327848780055 451.8736451963764 241.31183257174538
478.3774751317748 448.2552830682615 251.1925828424444
477.3366707481565 451.33124816064316 250.06371662829025
484.40863587913157 442.42338592742084 247.00171712499554
480.58606159121103 449.24809484731935 241.9329842712926
485.8643190341933 455.7483660914075 236.75350555901608
476.9872357133989 457.59373738966474 227.00524247172282
469.8746826958813 451.37141321979107 235.89626574019533
463.31915332299735 442.05637487062126 243.16887474114242
456.8003577491586 444.05174211223033 249.03958100060575
461.0531588264024 451.65341121209383 251.25649204727694
459.90601645220755 453.9861834870585 244.33323501773626
469.4215569079183 454.9420263693293 252.69835118518972
479.2486378690566 455.8925564218387 256.10527484001517
470.0322929692444 452.7580648108917 250.95016840110313
460.91803876877583 458.00105848977745 244.55591375205626
462.4472482093464 452.8132273492149 236.62411582879864
472.24382907795194 454.00970870510844 227.8483378167948
477.2733412363296 458.83899950116677 222.35249661266624
470.5790835728474 453.7753500861722 225.32030115592124
473.0203251017372 457.69633658792185 227.01850445790527
464.14485580675523 451.60664599603706 225.52365160916312
460.2472358758984 442.1368879689497 228.9436611795325
453.6712072522025 436.2558887457959 228.8275263412475
462.3825224434115 428.5032581056481 227.74544277682685
458.2865092699446 427.6651314021985 237.68496623433117
459.598365779674 429.21667467124377 231.41224007358576
463.76694819317055 420.3644196935762 240.40572607564846
467.1676970033139 424.95336384373354 246.2755783179093
458.08535750382384 416.11298455717593 252.40800777858203
458.4317283526907 410.4038264064678 262.1875361388335
463.1283842325683 404.91633909224015 262.8441120286558
455.61590898080885 403.72556264781707 263.7964980763569
463.5708590856175 397.1781493898853 264.2174661034497
467.97141591745026 404.27291488896725 258.15070975897066
467.686973744473 406.32564863766777 258.73162467868866
463.9760451154152 397.26137554771924 266.7778902682236
466.61531662372414 388.0592953219177 274.901924718852
470.6460435842648 384.7448580842079 265.58369329964904
465.9100962703107 394.182067029552 267.29635148847876
461.1672098739218 397.59680515861527 264.1302555942538
469.1367209617734 391.8453542176686 267.50407848606454
477.9975935403606 393.2379426647032 258.3718133045365
483.3316431474417 383.9070053574116 268.1973763213289
485.868955226484 384.2087196781196 267.2896873745771
477.8765744781266 394.1088401916921 274.5724129931797
474.149867365891 401.429038424987 274.86233175882427
472.3491633794668 394.16827209921945 273.3439221557212
463.8545552671906 402.91548309030964 278.20092617264066
461.7728773999548 395.1655639432105 277.2330279040221
464.3594255849299 392.6981847746254 278.41228878885295
466.8770607690109 402.62596542487256 285.34243613094986
458.8816557358321 407.14543076838845 283.7289116799956
463.6830629292689 414.12069709397326 291.3019690773622
470.0012703716262 408.6998651677978 299.2351156593058
474.3850525409054 412.38717368135696 299.9149010536154
469.3951119421765 411.7516934532345 296.56308341294374
479.11862755267043 419.9649191490692 304.3061746545597
473.42492052644207 410.84020396029894 300.28623636091953
479.0957411125534 411.3685293606494 292.00372027047206
475.74170124764197 406.140558778744 286.634094030362
475.4288635089097 411.56555681916177 289.39744807052944
483.61227327207206 406.5550877639456 294.0425290599321
481.3814823719611 398.86177934727783 284.6630094813826
476.17142668907394 403.4798418465217 288.83676776376115
469.8516607277713 407.5568680687847 295.60414301241093
474.10738388637037 398.0733904285321 297.3432014112793
464.12197458710534 395.1349069240496 301.26225516498135
465.86374643725213 392.62683780673285 297.8391072772262
460.0407457959603 400.7536942595385 296.4726660570894
467.4569581080865 408.0107893322171 287.63072187175976
477.4061161131113 407.46330417552275 295.8406993964107
479.87899260355357 408.21436265482924 303.70517018842656
477.5148036117826 400.9797973479454 313.6072406670053
485.7878795421934 404.456788206567 313.4716298072654
490.94213725030323 399.21019987840043 311.53681239279024
482.375678273017 408.6336513818625 319.5770100001081
473.30137483713474 410.5814432117434 313.1819766803994
477.68240588605045 412.433952251176 308.31467331940695
469.4082936991773 417.2405169425565 309.9270394187828
468.3902475724758 426.4112170049894 300.57531053375305
466.5679996678937 433.24242649182696 303.57314392009357
468.85207653229855 440.8257907707326 294.51375692282375
459.7626413359083 435.34811853211016 293.4015829847422
462.24633303149136 429.7233410274436 289.2108226089007
452.7029744433276 435.2904128002766 295.3490288928782
445.8334577081637 445.21185029241354 299.7300680741543
436.2447574461513 437.5364685764642 309.51496498847627
432.3330240850549 433.5109681704027 311.47114323975455
438.931934759863 430.04853253018786 306.7359648618895
434.04191619917015 437.98521502573914 313.7088803871381
435.2046460919072 437.91714939824107 304.43848951216364
434.13108894967445 442.36431704689323 311.46529459185746
436.93821288386835 448.70109515174096 303.6884543742101
428.61724138814697 444.38770461051024 305.03690522948506
423.909015833643 443.9144454920995 301.892847530436
417.05540918771175 443.96564378152095 306.90898616897124
425.0468915278779 453.46224855070557 304.687191087097
421.8421351289118 458.02212654525823 297.6984341208036
416.1247196200128 462.7426379659595 296.3277401103632
414.0882191271728 459.8667426042753 292.39180234496894
409.9780860148893 454.15322844762744 293.9621961334179
402.07083970520375 445.79229638343475 285.4045692068146
398.45287155028126 455.44361669284916 282.44309983342475
408.41329816433364 462.9991716557077 275.3384755990144
404.7155398974505 455.86627317254545 271.793565738017
404.1366830673975 447.07116172463213 263.4750929460638
397.85096079794704 455.60420351879327 259.763751663324
396.1738019122746 451.006956511144 269.22224238016884
393.05249092997855 441.1502402965225 261.38185919708854
383.4036158035348 443.47647973575926 268.1225814413247
384.9491613149438 447.7892213866539 259.0359761164882
388.55934676793987 443.78058960551147 268.8287056171182
395.2374080635266 444.11452597436084 271.5021258307552
402.5439698955838 450.7653779791289 265.17870456311715
394.66033383738454 445.6377228450391 266.4956980349387
391.64996766878033 446.2071100801836 264.293955447175
387.896676870845 449.5422985817535 264.9268301100366
385.8485008173322 453.8863904462526 264.0419408324884
378.82799573393595 449.68546683224895 267.12266365679136
375.2906786795332 450.5107724438368 270.67071618148714
372.8357664990585 451.2868901163235 271.9405028031317
366.4147564473212 448.9371762420598 267.0643674093752
372.8152476096171 438.97515826918277 268.64560270472396
363.4017416416282 434.56144723604575 263.99036135333023
356.47526419201216 427.6284771568414 271.25122124304403
363.11760872164604 427.89665015014504 262.3253871930542
362.05936153181165 427.1013909057002 264.03615904943626
367.68343459355947 430.73749804288764 259.24882516241973
363.26256706496565 430.13422348429526 255.20624638212706
354.8750031400758 434.9775135173594 254.73607082863535
361.46299814084324 429.2773653246886 248.43954492652762
364.816186417053 437.9213917936774 239.52507629331927
359.94195791475494 431.25370423623417 238.7964362848111
355.45048603160313 423.64880482756496 228.88747485621772
360.5237130924377 427.21899580843797 233.43340370314408
353.39466187261104 424.9514133126827 230.07279143799187
362.7007150372376 422.4193680731643 231.77989010382595
359.91505305111934 426.31309290979493 228.88851516046708
351.14639872278997 435.27168006108735 236.60742631412364
360.14697370488483 439.9283254306449 227.88474559247118
351.9478952811725 449.63440939706624 235.36185264725734
359.17445105296946 441.5252968692948 237.59174110840715
367.9762369064467 447.0854339156926 247.4535410757693
360.48509718487105 445.16799949804897 245.99723178873094
355.5269365082805 446.7198033683704 244.38926041431137
348.420574532766 440.7076239167459 247.86341240819772
347.9287233628628 449.150866157054 239.67480379651477
355.47059434153846 455.199978719391 236.10213654666322
362.605528871119 458.0189595473806 244.11346731054377
360.26568476149214 453.6878248414516 249.15953675643235
366.01725855411973 463.09006313735205 257.87537823759067
367.0516291183194 453.39132887496055 256.9204648486016
372.3248669555886 448.22969216833457 258.36910916746154
382.05605172901664 457.31340407335176 263.8761031938968
376.2965957275006 452.96565737024895 267.3136696290019
368.564018988067 459.2856518766888 270.0683787644964
370.92745016497304 450.6931376958627 278.50038396917785
376.5193319874727 453.5653825079215 279.27194556680206
372.48310846783295 452.55929950868943 275.9843010542823
374.7668406035257 445.32134482634456 268.02110975964683
378.73126765471636 436.0789523822617 262.8792616609664
380.58260120906846 438.71777502077424 271.34726331191763
374.6657343733485 431.4975821745459 264.60038105798486
374.206145215575 434.55350837317474 264.03008259453145
371.1920236884125 435.5893906143378 255.0403739969061
379.5520138191191 441.8565585524969 253.05069493500847
388.8786277044209 439.1168603349423 246.63518622030455
379.8930440143366 447.11285224108434 244.71680322595353
372.65096893372845 442.02601351653533 235.97820145956297
367.08538231014535 448.7832269276606 238.57696220633562
369.95764712580905 455.6923135561713 238.530775458276
366.86705323679513 451.02252144157774 228.91933780846267
367.7682466343198 444.3197719939174 235.08616399982154
361.1643648955775 435.63189988120644 244.36490165589478
358.4379175661967 432.3237437171449 249.69551737326907
349.98043439990244 431.79781153273933 254.07360099723996
345.92895632502166 423.5555565327081 253.06664784036982
337.26652821947386 428.64010874823333 252.84577002419914
344.99509189631004 427.00078428363827 248.79392992734785
335.5799588594038 428.66420339237516 243.6855720381239
341.3793836320644 431.88041978014024 251.01147428010017
335.1197003231969 425.8276046967248 245.97490833249665
342.97754754517143 416.68140129336774 254.71182868652465
352.3585068362722 424.14070570646925 255.01211486474716
355.71491250054714 418.62469211072 250.5196310906127
347.2650133061059 415.16215936467876 242.59603185951283
344.983080265798 410.81812119409796 239.72129987518227
344.1167829965854 401.20655616979303 240.9655776350852
335.95603127723575 399.7451448554957 239.4812118801925
329.69575948921624 393.41122094943483 232.95896007518763
337.89835285629835 401.4808187227472 233.90889268978532
331.4890473873545 404.94525814337237 231.85278477637178
328.8473312572652 414.3603131155636 241.84174828310594
335.7650776413667 414.4013236224464 249.66638429399316
329.4646733492842 412.8525682916906 257.31257708026783
328.4416817466674 404.44831632484755 256.03975203660866
333.7207182933651 410.3246121465143 261.45840658569483
338.09999854943794 417.3790364815553 259.5780613473946
334.100237287968 420.9651737174025 258.4103911453067
336.74673425717754 417.79966161166317 265.1176554581941
329.4353095223966 417.0300858365636 268.9506095783303
334.09367555046526 424.794671243968 276.445916217339
325.69262265614753 425.7469487944668 286.39688252906393
317.03231863792496 433.01645422662614 276.90341066962833
326.8529105405739 431.67522236672386 276.3410274869877
318.3668104412634 439.2397393649349 279.8988286918546
325.30284746004736 433.6945861431112 273.76201420984927
319.0102402770971 431.32719679239256 274.7324668147556
314.94905369179287 433.4962427068838 275.2390314326104
306.3762292246993 436.17929415104334 271.449212588475
302.78356022229525 426.71774286612356 269.9467174000078
295.909128795626 426.190345272405 275.3167328108887
286.5596514404873 421.8249666375874 284.4781078277865
280.5727862225085 424.3667253291646 278.9765300724499
280.55584451586594 422.7399801358442 287.60740408802326
276.6842426247326 428.7879622291785 285.04318441077754
283.8216606992287 427.65585011828296 280.82527245686305
282.3703381169236 437.5702427928522 276.4535796318148
277.0157547805048 432.2614705104654 285.5489989901901
273.99944088285946 435.49858958324484 285.5041387374271
282.66288084327635 432.40090825856197 293.6000876793569
281.82514647120587 436.9715096321534 292.8415758729267
283.2119456763881 432.0690405841487 293.5329704006288
274.94355478980975 427.9347727429885 291.4802728375123
275.72610283255557 432.98610551263914 294.28400851156596
274.4552993699381 428.3418803692678 298.72067979642947
269.51225437817203 427.55944693667846 304.4698616242094
271.5404703327504 424.99760032179375 296.29200548574323
263.05531392599227 424.9132186340024 296.67162208517703
257.63317440038475 433.7730804374477 287.7984995955852
262.81582042832315 429.9011804035249 279.72780245055253
262.8976183849664 435.24248914106994 284.56223246199045
262.31516907737597 426.2243743752832 289.900377625163
267.65074708244885 431.09692952859757 288.2045131176692
271.27434774059293 440.99416443468147 286.781720171507
263.2555885862052 442.0775486167401 295.42652455919233
260.16674738007026 432.66939419401484 296.37609571864243
267.08330843226884 427.28394162555855 304.2817934802149
272.1948547962153 424.93615255776604 310.0685148543877
262.36354187694366 426.72422777128287 317.33981820468756
255.92419339040018 425.2710074749306 313.29467477799307
253.65746811430924 424.4593090096101 309.58905454033356
261.3515314310926 424.8081745348894 310.17930684934447
259.3078168152809 423.9598984901056 300.66740322399437
266.6945728172032 421.81800428098217 301.44430313993774
257.3527421324866 424.0512933804109 303.6078049570147
260.38147728605685 430.4445928038216 302.8211573969416
263.8738198855349 423.52068417872187 296.94483237981984
272.13649305200653 424.6695743557512 293.493873646148
278.879497508087 428.19985782531757 286.8104494236236
281.0269268911955 431.5393342761708 287.55084438939065
273.9246013568798 433.84188472586425 280.29993165538485
274.2184096093786 436.5144716082041 278.4214766416828
265.3843529789232 432.25136894552054 273.70257823104913
261.0018485074802 432.9796040731868 282.19162413246926
266.22570604524753 441.17458684768684 287.7964720035229
274.88177003906736 441.07225969383774 288.4764829318462
268.94114933676246 443.4791847259488 286.85526691180075
263.14491043597934 434.48289376988384 293.95418580204
256.97024315570195 437.6259981017444 298.86769937762574
254.2852626443977 441.4747632537037 291.3390860306811
253.10140699854296 438.9455814557936 300.1156715166742
257.71992218514424 445.51870720736605 306.25498289762595
255.75104741744067 440.42445986723135 299.7843580545328
257.77012848370236 436.4843921574257 309.12841577722673
250.80492671159965 435.5536761828738 301.1285001175987
245.03637491479884 439.3794579632066 303.2650475711625
244.93879555975045 431.0970388783899 299.46275539869555
247.60257019727055 439.95117161008716 306.28932903065424
247.9324169329511 438.5296431567669 296.9100153891898
238.7654504389555 439.65440303352574 289.1408360129646
235.27481475453888 441.3400270340796 288.4981896697564
231.77815227810353 446.15526373893573 282.7189200979074
229.31626902180963 438.5165731886142 287.56657898182414
225.24628707729192 444.17555773070626 283.7168453850754
230.37054075349414 436.7999923101291 291.24158601593564
238.4522452814298 432.2972623459363 292.9016095246019
244.63234585619813 440.4590212966457 301.50071007885197
253.1105713128433 438.1512780567267 295.280075340755
251.74791568150664 448.1502584561164 289.9100345231665
253.7904614580327 452.7283071605116 287.05012214555984
258.7106481383354 462.11178121408386 279.4473491536898
265.8586946310554 467.1164195261988 288.9783100011989
273.15158693924127 475.10665498247 280.55655421641586
272.32695085248383 483.70797609000317 280.6722177932832
262.8343709972306 486.0002295891118 289.55069170252705
272.38921526727864 480.61191967889096 295.59254471609836
272.84652425645237 476.04704494617266 296.51408299661796
263.1312925754175 478.2931878548445 287.6876340180596
261.4657888688827 483.22025169888605 282.65950882913097
252.02548979842422 479.95689848956306 289.8344440131473
257.1061760557676 478.2808533040484 286.8359625533028
265.74574900460215 469.5044669681335 278.5784022297739
261.15711153371916 470.35950602386424 283.73809526494017
266.6621778512137 470.95102351533467 293.23074639623695
266.099846944648 474.15635653078783 289.89980671324037
267.0133734366992 469.35260517179626 280.45903818872637
273.47143965294873 473.66947656597193 275.37065581620385
279.9764271844559 472.27186880267215 285.0877596285996
284.1049652873867 464.5225240701368 284.40575848115435
291.67475863561714 463.56774316651547 293.5897242741818
282.22307762850676 471.71500100406183 289.95490336891214
276.87725797134686 473.61734429271456 282.48325855633647
274.3632088183377 469.4210158382324 276.208628619002
264.5129590505691 461.8970562293456 266.9562366244514
257.3928093982768 466.15554306134953 273.72385960033387
265.03837441604014 460.4507631516801 278.5324097906894
260.5823111022934 457.7293248705151 278.0766497134294
261.0299948504955 447.8330206942024 279.8561124777613
266.6187662561513 456.0013695078291 287.15575922424694
273.52253044146704 449.77012473760715 289.6707281754431
277.7081015701623 444.11636459336694 282.2924738123374
268.709688005012 451.69396900548486 286.6021377719372
259.57871675665734 448.05629949140274 277.9767628183945
263.4979082577973 457.25615584348407 286.84377375189024
273.4259182284888 457.2835130840162 282.90525937813675
271.69877017629733 462.7453231428928 287.98016351257036
268.858993192684 465.0426643757258 286.4100687105144
271.315815090594 461.59999340588763 279.74605661780384
265.23454653397374 452.0594586223613 289.14142857739273
274.9226709802174 452.067069220265 286.26228636979204
280.2189173195409 453.2236333272061 280.5984722874824
275.90876929737954 460.85487056474466 287.9124285444567
274.5821178443857 458.44089853263614 289.41480000705485
267.5688637788368 453.40367313967846 281.3709391317613
265.0536172562283 446.13637882757894 276.80844268487647
256.19344532396303 445.5705708088146 268.0322608594147
246.84607169754952 447.2341607129261 275.8302340054922
248.50295271971268 449.8377442926841 276.4013863124151
246.26744453796283 445.2961863644105 276.76716203453134
241.265144077199 442.3779716823533 279.95103414003233
234.3495967660363 435.5361415289027 270.67067576516285
224.99478049199158 442.544889257209 268.37352038618815
221.41906439632209 440.2990872139564 264.4094056513674
211.83887471683343 436.3011897113557 268.6633413856552
211.5471377194003 445.4611867368295 264.5432016506795
212.95222998097358 440.3078996012858 272.8953262966447
218.26789442966063 431.5592623012994 281.91105935697004
210.90187387285098 422.91241852692826 282.67627906752654
220.01492173199296 418.0661587250674 283.74615228062646
227.55318011964022 427.4669679919969 281.2742198936078
234.5073876827003 426.0858937815503 278.6916484568178
229.7434440373741 433.0525251778868 286.2407137380139
221.60930819021092 442.5919375036135 292.15592204680803
218.24006716386222 434.34336181636496 298.57115209117154
220.29829571199357 441.4567286121372 303.21057955124866
211.73649853722864 450.0263201952236 307.6634111094242
211.84578713585162 457.04426501177795 312.4697092287114
221.02568226190363 454.1712021658769 317.15735371181245
212.224810699695 455.1695668105339 316.91889055360696
216.3456108104866 452.2796888249571 309.6067601983158
220.05646924719056 442.3603451539864 315.5673769975436
220.8969695628025 439.69038095174534 308.1040530534545
229.8304397002249 431.6260894944551 302.3039041920173
224.13777980570237 425.64351893276665 292.6379349405146
217.8467908961812 425.6059466765799 285.86319199587297
219.33780818976234 426.41607468764494 287.9737305641108
216.3680780324044 433.0169424759804 291.1949419172741
221.83429904680418 434.60770541336547 291.17447218932665
220.50190725502026 441.6639928467678 294.9509950992089
227.74070191629673 436.24783252252246 286.45626593608495
223.63114436357182 435.7781086105089 281.9752904557724
216.51865164458104 426.6712398952013 287.1476998658883
223.20618739099416 428.2675401917799 296.17350843830303
220.53440244982244 426.06318368234895 297.5101285040893
222.29180512249184 425.3185770607666 288.3264355613053
216.9563861262858 417.9489315603347 297.9247413204353
210.51909954066494 412.3606633612478 304.74977506743716
207.6512544061246 403.6968647039842 314.28974330828373
200.73598083011967 413.48467893421724 311.5212792414435
207.13687155565864 415.9430835089336 316.6497302624797
211.6579149224938 409.32929322170384 312.3385261941874
218.5052693883866 416.41514000115853 314.8103751709993
221.24447464728496 423.1338488522188 313.85958447882786
215.59190996262492 426.07663385778324 314.40551246041775
209.0372579426255 429.8325625888921 309.9206861684716
199.20885345658587 435.5797432564059 307.62305233804784
189.2560177950977 441.60364795544587 300.92694504296963
195.18373206964645 431.800732771708 299.2133971494615
199.21451255335995 436.21677161953767 306.99892076118385
209.09763820847152 440.1651036759847 310.2578393446279
213.1321514797204 431.3586377465911 306.554736174917
215.34125217779862 425.68368730234886 309.49114346612987
220.80144881828875 430.8515815371117 302.3223435728335
224.7910269381886 425.9091850478975 310.09827025580705
234.61672326162184 432.466778051301 306.7965100468385
231.27961296423814 440.72359178164743 299.2207313222008
237.11498437537642 433.38503367278486 297.05415892100586
232.6464684701168 427.8541763387983 305.4164416741967
233.39381554842075 418.62246357901336 310.6205505305324
229.1313049508199 415.3240081612243 305.8926181574068
235.72862191811788 406.9289862770084 313.8162830137346
237.98907802850533 405.94208056556965 303.8838853964247
229.12292567366953 411.89095574019206 299.3314311096069
238.994117388681 405.92472240807695 297.5447695572903
244.72481560631152 400.66478001511234 288.81018683638536
251.4473699257022 394.91417199162026 295.92344279629066
245.67674513414897 400.28460627150554 304.3951129307062
243.7331436514547 401.4533408096463 295.9223414196355
244.6108517571347 401.935290264359 293.1039010535356
249.77775826002195 407.90940108549336 293.327208127543
255.81550320173676 410.6769888016123 297.8723393525281
255.0082826406292 407.89025473086497 306.76685311730404
249.48058209963696 399.96576536478176 310.99348698729216
243.94754870490763 399.0290423878176 313.8840632305385
240.9616363928756 404.19493133560644 308.4638686820745
243.03109864867744 405.3362919419432 303.11731888595364
246.2865130645718 400.94552487360505 294.353533568124
246.96064859079297 394.90488239184464 289.1855051919107
246.17895659281854 397.78565077271594 284.0608977771487
241.6779839788532 392.31422871529423 277.984529919872
242.64861519035566 389.4922219678432 276.8729346228229
236.96011275175766 387.39278562602345 281.9641654960319
229.3371190474589 385.31068652452825 283.7609310064665
225.19221550121452 384.2763690046608 291.37625461261086
215.74906868692386 383.1079335509779 288.809083839593
208.54206508802451 389.16404703815857 282.8981448388813
200.50552638691204 388.10168641810935 290.9171900025096
202.6266593919233 398.0074280278939 285.9843883235624
197.23046139414848 399.808086339386 295.1010414972418
189.61218662722166 394.55003250055603 302.74559758815167
195.79266245438333 391.87145337287 295.9516946012493
189.55904544795808 401.58160955959465 290.69407417225074
187.35286229573938 405.73091620031204 294.11138522162526
183.14612821934847 415.53607780553983 288.1614028620967
188.75203814381044 418.392084559552 282.79976232915305
182.53224998113552 425.5442630976589 288.2906814702032
187.82275027810692 428.51747818078945 289.0802967141733
180.59907866652557 436.1100639862023 298.06720444313726
172.97940274148493 427.8359675124352 300.9529091441136
175.27244826612906 426.54298851441973 298.1982985605939
177.6269368016389 433.87563572179215 291.80646173289847
178.01960790483034 434.3347252450221 295.1206078344263
169.54096103783365 441.3584272289811 290.71307267330485
163.82270885741676 433.79899894098173 290.60329856951995
156.11279527987426 435.9908563722377 293.0559949193992
156.69093217192855 443.77840001081853 288.82730432444845
152.50300227196567 452.63649320910685 288.83455169452395
160.96196839700508 451.85461890425404 290.9169859050992
167.38829302825664 455.0778184636559 299.17790934458117
170.8815274807524 451.0839761997437 304.3111504682017
175.2487285386724 445.57865383612443 307.3252038141234
184.3077433670988 449.2239944417903 305.75281593604467
174.77796921922078 443.6926739993177 308.53273910026803
174.93042823187858 434.3028922528826 313.3474709872115
175.31588328353402 432.6734327874594 323.200635878988
166.4508881633106 441.8376463914148 329.9505644576288
163.10239170675166 448.36553074973915 331.8557268783665
165.05962421704018 457.70060416535574 328.73528722183875
168.1941208461868 453.59192543885104 333.24715337396617
168.41205596667805 454.2407111970543 331.0285757786132
162.79270702590196 455.55508520160004 334.2166128490281
162.83744526458585 445.73025007884195 324.6638266896035
160.7030748612451 448.31778929489116 326.9412074553311
153.43138694464886 446.1945435968585 319.5613261154034
151.58132418861126 454.4501702021233 313.17314894821266
143.92221411853606 463.9618030933135 304.1969290177355
148.20109159388707 461.21738968311075 310.7066029175786
139.59085155534075 470.1522581800414 302.70985836386666
149.1772963848064 472.62193772034925 311.97377225142134
155.21032323347796 463.5118032960153 308.2074787603135
147.1322972364092 457.2999875335211 304.6656838157237
146.97048849045592 454.1178749635976 301.21914152375825
142.54760284377554 464.08720982330004 299.984788366989
150.375505479802 465.92017201600623 300.6078070069479
147.83606314269267 467.7112486428975 303.5912993201269
151.08347669614218 477.6165928184052 305.2641655645932
146.85515635428175 474.61955549314905 313.98746253805376
154.90600356213943 464.6274971441424 316.85039211914636
150.36123529222812 460.7288251252356 319.1943014313955
142.9406328916583 453.9454476925733 327.52682121119557
151.63954994576702 458.0613485065446 330.68963808950855
156.78003333984995 448.14227999881666 327.4240649104705
147.02469637172857 457.15580670284317 327.2160130243872
146.83185011084208 455.9861956547485 330.19170923920984
154.10353789399397 461.91579383560725 333.58458483669324
152.3110227858711 471.2697354659448 336.0284521628753
161.73568780388516 463.5487544662275 329.6706022692994
163.22302291775088 466.1820166728339 323.6775347056695
155.64362429417125 461.331077150933 320.38308590416295
153.2018247970087 453.45836300162665 311.0841216805942
157.45518367510522 451.937125848747 309.0454051780214
163.60283224523135 450.06964648120635 300.0349239736426
160.48100494145297 447.43303904761933 306.8919291678921
156.85804087057622 443.48745047544566 307.56632399645594
155.31120363003606 437.67799779037375 316.2219026038218
150.71833315879465 437.91262792808396 323.07163004379265
147.77556776321467 434.550772029808 328.0411275328902
146.29227990224337 427.39391437283274 326.8737180840908
144.1274457869001 420.3204069358584 320.82936396718236
134.92399294227062 413.99909034742114 320.5153143998626
141.37653242506602 420.49062365100934 323.453279081243
150.40402527840027 428.3021124393409 319.90496414632867
144.33020815702275 423.52483318677326 317.51276107904897
146.14105486394297 413.922261533886 309.236413307157
142.97796851825728 407.85635722502667 318.42641395474527
135.97019673722943 408.35232738942267 309.4463479765265
143.59666691406207 411.8269056377262 308.9019573772633
139.78964338019432 417.7611341806009 301.5510541113205
133.70053411084493 408.8932068789622 305.701649567669
139.07878533158052 405.3451297848212 301.1931948624283
145.58753826231793 408.46456143004025 305.1395093527042
153.26129257822723 410.1724366431198 295.86141677053735
147.2651500000915 409.2936092762323 297.8825385473484
155.00157423140257 418.9110936541231 296.9572181319247
162.52162143217575 411.210226264486 297.9812936338269
153.29546116061903 417.81920230338056 289.6557176963667
153.0089368977008 413.2215460988191 289.37622760706734
154.71572524282516 408.5774383083753 285.15810188151613
158.7979819079592 412.85052818086973 285.4117591462977
165.6188989503155 406.12498374942834 281.7543225083261
168.37229146297616 404.9927330225994 275.99349428271057
160.448861523155 405.5034842667698 275.9053099592122
153.6843659794315 402.9081975344685 267.6447373385316
163.02310766405208 395.3670531078689 276.0795080362685
161.6284290184909 388.08173320782925 278.49146514413434
169.78361927113693 383.7776358434198 285.6362295489902
173.08943990581773 384.88587845259406 278.1542204688618
172.22080195049858 380.9623862089372 274.25271141324544
173.75277365824198 386.9579233175583 284.1879808149968
164.96450578575624 391.76963265009425 279.4523695687716
161.82647425344726 392.3013302408191 283.0710178976111
168.55151591847402 382.53154717474257 276.755706533064
166.00073851695709 372.88292650468264 283.0660275452651
169.6766234196854 379.6306709520258 274.51493910207455
162.6827696118704 381.92360790911385 277.06736974821433
155.90919910062362 373.9546912865947 271.3623193877723
163.67943714588722 376.52469909217047 272.36474718870124
172.46825455559252 367.4272579117865 279.41530068048775
173.117251449422 373.95372588791156 289.17115637876555
179.44871229309172 366.0094692708934 281.6448647401763
173.71075304541236 356.2282148215758 281.9649735558806
179.54209151333677 365.91197385014027 277.2815927215712
188.15539690877918 363.98445462239 269.16187983172756
197.67616133489656 368.4801404927366 268.332270551036
202.98040366796434 365.86121585106474 260.09067886358486
207.21922063819716 365.97369566131476 254.12963842589036
199.5676589422362 365.15631042283366 252.85797749092822
207.80971113481056 359.40122190789947 245.5389581852438
217.46158185955738 362.2489484533765 247.59185578615475
213.84676700499583 370.5368756960278 240.3788865799818
219.54036266756103 369.67662943882226 245.97549482215885
211.90513033259882 378.23496498676826 250.58482529504684
217.53912333899507 382.9826281607782 247.26808477657383
214.38520638066495 387.0307486615197 248.76156358713598
214.3246365169619 396.7636242740889 258.7539429686682
206.73954704845997 397.34913562066765 260.3525895958044
214.53610220634238 391.1215556475925 268.0945258580606
224.51067062188645 398.01276426643 268.01374185733994
233.88074538956616 406.59472776833724 267.220411855376
224.2154137460883 414.86281735978105 259.9260750242483
231.8348578305017 413.3787702854997 262.8351945006354
235.28284900423935 404.59290087399813 256.4110442609484
233.71079239873634 396.83327320855227 246.45360383150572
241.8616914863765 406.4438793017968 245.60461512851657
232.27450482181416 400.28270158255384 241.3614804011286
238.34870239179122 393.0234480624272 231.76111047668329
244.74091893862828 394.8485088317985 226.25572085548112
234.82146730882113 386.5379776729497 222.97578437826039
235.6540579919421 390.35944845742205 229.24002712667777
229.65927838406753 381.97119801154696 220.09048553054672
226.82531784411407 380.26060724298736 222.43069888795603
222.7447972232202 383.5971936080496 228.1168024098788
218.76817834823925 374.72041728372506 219.73573111309122
210.6507693863027 383.43757516523846 224.4125724782188
209.27433120425485 376.2262719215365 230.830181076521
202.83610853260896 366.95251850031485 235.35837921826254
207.0221930842855 361.45104377843506 226.96402516066826
216.67793854521562 358.91541324179707 219.3741417368676
219.33777793359184 356.9136472479205 220.03092548531473
213.86952427359088 365.45147929035545 229.00971971996836
204.13023479771368 356.42936024325223 231.71635627849255
196.8951139605117 358.47236665303586 224.76078191117466
205.18726434532684 351.81618738363454 215.62514322442536
205.4765794755675 354.10465372248996 206.30964864599247
197.74267719977894 361.1228233111282 212.36825120933764
190.7372119420016 369.69902160341957 213.01444156557577
183.98271135319447 362.706902629537 209.68343009108858
174.1152705040355 363.52510117923435 206.54001347292782
176.54861786957898 366.766226220359 210.32403157704667
175.84664314386498 376.7564347772265 204.24629153896316
178.61919815390897 375.6605487565251 207.7095591689143
175.735073059736 380.68010087562726 208.1369000257012
165.8911541214807 371.3371378485552 202.50852366719573
169.14304424688547 371.6045289237833 194.03514289185745
160.86085768268802 362.6296459235788 192.22684381281817
170.18556794275344 365.6465301293345 191.59664711824726
166.94972385022226 374.71830742785176 193.7488653618342
168.18174030867718 371.93516616846756 202.1943518954026
172.0049895183673 367.48530907397577 204.31334481450085
173.75129745847158 376.46521014934115 200.47051849271622
176.75752152410823 373.3194348036003 202.6639469243905
185.5358307619937 378.7365719818816 212.14772005419857
177.77258295502614 384.627912752345 202.4901597014252
182.5636965329201 382.50661385415856 192.5935730005095
185.07276756360125 379.8988750844483 188.06008030565548
184.5555603442972 376.2540586567493 179.05873904818313
175.74524743958258 384.36149598206066 182.61547506004516
170.84045366986194 392.25835324011604 189.57689510558455
166.69454489265988 401.32076170689027 181.6276941953681
157.29478936338865 407.6040286687262 177.3723327118104
154.84707010030888 413.90701606996436 171.6129449172815
151.0116252280059 405.2454805929993 173.77595594513025
160.38889943249703 399.2922791134018 175.2992974684048
159.32575073207929 402.56930385816366 170.85919305683177
159.93382956515092 393.58881875845844 170.39137638456748
168.93064721844286 385.58553395058965 161.8289141036597
175.40823146409465 380.59345506989405 155.84073078911018
181.14707975049626 388.5239798179156 163.53216518461267
175.45572840493278 380.61469955895024 164.85604805453542
179.1594872609396 377.1860915384758 173.12036241663003
174.96761269014084 369.2474306551588 179.05985886419455
179.83828153626905 367.62553847248546 182.96466079589584
174.65257439201332 361.7846588972966 182.98719016075393
173.56413108538166 356.70579747767965 173.58595910289827
172.88827947593188 365.095497220926 176.13974942936227
168.48262154600775 369.68951732402115 166.48303361612938
158.55511140965314 366.05407400437025 168.33489352546155
167.64863050305306 374.0872620200226 170.2549089828159
165.58616473066016 381.5511418683393 161.2428452401304
170.72525987418175 390.58136646376715 162.699476544513
164.72622247637935 383.71873927022637 167.4380672802556
164.4688386154654 386.92011582281395 166.32502285288007
169.2079453476946 387.5848570743623 170.5853973621411
176.31380198739217 397.2658685658088 176.67738914387306
169.6086209887613 400.0134966067038 175.04608808083933
163.16654259111073 390.95638586964697 167.99520701996818
166.706333826606 396.6579448348686 167.86062524581052
157.93259270339323 404.1581281011352 158.78025719857587
151.57651857418287 395.4011094073843 165.7145138582943
153.3584473658859 389.45093595855684 157.5260506809789
146.46951991694766 387.5862909947285 156.25189036366723
143.06575180191268 389.19179757270547 158.3167355235883
147.2488468650187 392.2788491209653 150.11265516855462
141.91453094583224 398.4270116739443 145.54185386290496
138.41553397742052 406.5706158047232 139.5640171785919
138.80533280703494 400.55514527874834 131.09007082039994
141.81719398653408 395.96407078515256 139.21361734056876
133.12407849738477 403.9395491636871 148.57267570286345
135.31441671211712 410.2913532739699 140.77588462098055
143.40088385659197 406.4770686714196 137.13861962520903
142.3237276541429 410.1270255446 127.20512143550557
140.89796564915522 415.53267045310184 121.38161045626268
146.25119663041943 415.56674088292846 130.5364879294369
147.53133612475884 422.58375464493287 128.3120698555191
142.73598396209783 418.1181683495922 131.80526937941266
151.0540065357187 423.2847290885651 124.41136914601512
148.8395493128518 417.76928400285004 133.15305301236253
144.6734002481893 410.105412806251 135.62352434577394
144.37748110999638 417.3351562195121 128.6734706429856
140.54896996892236 426.93321615454596 124.93192356292697
140.65602222951236 431.25162599032706 118.72931682195701
148.6435576758829 429.91274024308 120.04538737359528
155.7751955074961 437.95028110476966 127.08036937349156
162.51050587825938 433.98534221435716 132.73745574107681
156.71011803020903 425.5500939183618 125.9466933508185
161.7545890287624 433.4491018832378 127.65677392579796
153.61606407196098 430.71550891790673 122.51770849867404
155.11080060142072 436.0110935161653 124.43754723140444
149.2093269980228 443.62985760037526 124.34914465548385
158.02160154154342 444.88376619264216 120.42076229353141
165.802903606052 452.8352920209977 121.6213926477473
175.71252959481697 459.67876116156316 114.52374016186113
165.91777932011811 467.378098234462 122.03288234382632
166.50736004822855 470.212357198961 115.80368799592719
172.30594398446158 468.22065793139257 121.5856239122958
165.63366984348426 458.704442932594 122.0389407132211
168.12448143463567 464.03368549213496 122.75635217011082
40
328.774187158529 375.2804692780436 307.7584439430773
336.72214103231124 376.73169768615566 296.01031128048385
338.9596327026806 388.33658734161554 297.4412576755057
348.21524494872403 394.4528903670073 302.78186421750974
360.0675176443599 372.0316825061786 308.41624386678114
363.76202749390256 384.26567153764717 287.02783148745556
388.9467169270936 380.6426014121476 296.2032461315306
373.9666793577904 387.97048302932757 299.8127805792268
380.7457902607255 379.6907600912606 295.4616291776599
387.03752738786466 376.8336966458261 293.18213349890425
392.56791165682785 390.3968214238711 293.0365974184401
413.7698436765066 394.21308012112974 290.2955496865514
395.2417258677133 374.7702373183532 286.38962810605716
406.2901936024814 377.53744824737964 274.3238093672167
411.8962080057779 385.78065589997215 289.9641541671814
407.7870013739021 405.55114286172096 289.2004526536016
424.32583644755925 396.21219389604414 285.8228710858518
422.5798602893838 373.3176548318739 285.1667806363284
421.72019750779424 386.36350455942807 277.2507041140539
417.6164494829276 384.6341759153195 282.5435891320374
421.77097702356997 375.74788034315014 285.7115104467035
428.34182708742827 361.21111852860497 279.145545685826
440.71984390988405 369.4834695396235 287.9498783182249
437.6160485787131 368.71816675540373 281.4386035070733
440.5087925300011 367.22023891415625 282.2289263343436
440.4865152795513 354.6651558759631 283.206534995634
452.9832847910178 365.4814442833466 281.40307358267563
432.2285613506184 359.66260841336435 298.8844019132053
443.4635110916542 360.74084683076114 280.6730236341998
429.36900863457015 360.0463520347003 289.3755988251515
432.03354556683615 383.6029366341143 285.8465380893823
431.80035212160374 357.4070923505943 276.44702272848383
433.25672397050266 365.8243174666783 273.72082588295655
426.3893209040269 364.0548804757889 279.93147574530826
420.07499075234625 357.47673053033475 290.2873537947722
429.1398898088436 372.45129373886675 291.62821277696827
423.47095727320334 362.99951500151707 293.55535762338593
446.18171781673453 366.4918189419721 297.88568518430407
448.72357136604586 358.5373511203913 290.06684009284436
438.1097211211717 354.54795738385377 282.07504462083
