1000
316.1755567888184 186.20375786124532 53.78614019101328
322.5884781975984 187.09799064880443 50.905022506142174
323.95743835478436 181.48638261275784 59.966836642599574
326.62586254185237 180.16920020153177 52.445368330855764
332.85475158972804 185.62580334902057 45.79572334836632
326.7382218886886 182.0771985654129 38.45490694919947
326.7403780473089 184.21764904423077 29.3618701536451
330.7929301918843 181.84396124317186 37.97007810693823
327.5960640492432 188.45021486735706 34.746915693503816
332.3018730154605 188.81609480148947 30.400397835213965
334.1122021877933 192.5868642563431 31.485449310641144
334.52220869754706 189.73482184288403 38.75347646671453
328.9623733681953 187.9504067785625 38.160830676895905
319.84665433510077 188.94877147801998 34.41039053730725
324.8715834286088 192.30013817959468 34.856123848821355
316.6931325418189 192.31897358492816 40.716693877605465
317.04704025525575 202.1111438416619 32.72328901356053
320.06542602941164 193.59465267861736 36.355513083001085
315.5747928448196 188.6157795130162 29.261267836113824
308.21191511612665 196.52820614500894 29.404246018515572
302.02048790325017 196.51710709215772 28.861571589676192
303.89637838381793 195.73624237632103 29.38577483398703
294.0651814480774 195.63179594369413 38.524924284115286
285.88081667893226 193.59642857699453 30.504206105342448
294.09282391976643 189.04043564673327 33.283235776738884
295.5686064977133 186.9923272868087 33.667159342859605
301.10863913918496 184.66711813971085 31.214442597888535
299.9508505417048 179.30184400402624 40.84229291533139
309.8046757226971 173.18046730473142 37.14014060134019
302.73689866729046 171.0405145041314 35.49339172832288
300.48668033996955 162.99965662217014 38.06389918168464
293.48091481415645 153.9921201239702 33.35169390153153
303.38402991866553 149.29323289730766 42.72795422847562
295.7665645549697 148.14551546997484 41.75720893893668
288.28831695117515 140.2784370270621 45.004208444541575
294.02899706653085 144.90963901158298 47.90586807906522
289.6271443811219 141.55427632704834 39.322400374529295
292.82925918175516 139.78104128869737 37.08671187283496
283.3449298527784 131.62314758970305 31.64202281982962
286.01370986483846 137.63054831963026 30.00627449766039
279.8381170625917 144.00651989553188 23.909235600716602
281.4673360910916 134.48257152482046 16.18606888919072
283.1447935669056 144.155829469831 20.103045505599688
281.43906843773163 144.31784941578275 16.593211469453603
288.4270316797667 144.01224212481057 11.86001239609872
291.07234518436667 145.70384422417553 4.947353463693832
288.5928441717641 147.180749764194 3.746883823357129
295.09924715735025 138.22739149666214 10.133720531132008
286.0889722640601 132.92402516018637 12.92244896820019
278.4585389810556 123.19852266115518 14.679343872727426
285.64660124998306 131.12212345608802 10.4626719991535
278.9064537184619 136.06371028661005 4.891182670875283
287.22761788328694 143.21951345766396 5.921211305628143
283.01669119082817 151.91136263655355 5.928787017592539
292.15737803604736 151.08745358291105 14.056543816521712
299.5513057305823 158.68710307146978 19.13612814155948
296.7045915400903 162.3139205977429 24.56192066723146
293.63160646579576 165.87758495442247 33.49993562831867
300.9079002936589 157.74944942142113 34.03547941161481
305.19289528964924 153.3638467942595 26.08321025824033
306.7525766496513 161.57212249953514 24.613701999548073
297.52247137322473 163.95283431302406 27.40559049713563
290.72743261835257 170.89245382495662 28.8858598633104
290.22722589757535 165.17984279131423 29.665587455913982
298.02201968996906 160.92712069108057 31.15351864797563
291.91614895230384 168.27952454138793 21.745489357869847
283.9720491064832 162.50627515788 31.672656541051076
293.384671366353 172.0669271525355 26.96006089901511
293.0727559159908 166.45170173897742 22.236256612309973
289.074209511245 174.96680032329172 15.323130815431334
288.41368570628873 170.45908664919781 10.444303375858183
286.57695243423694 170.5256585220145 2.956842491314344
294.63359340035026 162.87073025420557 0.8978383454506829
290.2009042227125 155.72875489584897 -7.803069752911501
290.5749955276656 151.98278675502337 -7.074985983553516
283.07989652432275 146.90803579772012 -10.31157723067529
289.6924240891506 139.3311243828514 -5.835720815271541
279.92822499337996 132.82432714114637 -5.2888951151705355
272.0215196107934 127.38537407394105 -0.33492549896692925
271.0114741416654 132.36483775969958 -5.562185513056773
277.0245793157665 124.04424211726331 -4.705778121102962
281.58044230465936 120.02733956805037 -6.364500427656148
286.4566618111882 114.69506246174649 -6.814516595590705
295.1168326020722 109.58697916156815 -14.735229587442408
302.2849833687053 117.0129634343464 -7.232866281040204
303.22931601140573 111.96464324961583 -4.914036997125088
300.87496413201086 105.80058364665435 -2.9765913431206505
308.8606441826338 109.2190774888692 -3.7395394855574406
316.7843755566513 108.16318430919932 -11.201423971816483
325.939954883052 109.64473298944492 -19.085292532381878
322.1874532389036 117.3345921431646 -25.650966992903065
316.2362944580143 123.52478422232383 -34.5616718741801
318.9745585070978 129.04435362337614 -35.39944298443456
314.22924901682546 131.95263621785296 -35.35488203779806
313.62639982215427 141.15804040186293 -36.55082104369734
323.1602540215923 138.94059022580396 -28.27566931525703
319.17805395186014 146.28578431412768 -37.95116838439315
309.5649619910894 139.14417289833187 -41.28983995559383
318.726178783309 130.26643428369627 -32.704706193898076
316.1471697820405 127.39934808696114 -27.428345227613196
311.86063720713054 123.21766120300394 -31.526858838145085
318.3798571913768 118.47529960395387 -23.913584117556297
314.9668792177095 125.25071070799291 -32.57683221855693
310.34389222764725 131.64283588273224 -33.41118203171694
302.32015028756877 138.86430210959242 -23.687512456692406
295.4776171855955 142.8522483711017 -32.8679543673055
289.93803071341193 138.08493551745323 -34.3329613353372
296.06752630614284 130.61524924933053 -34.89637221481053
294.8003281939596 133.80120608544112 -42.46917489752606
300.8139628384145 134.59765098346892 -48.75370033340573
307.9017514615618 132.595339619566 -54.70375688703701
310.0245558066741 141.8100136323675 -45.51422577482417
303.629988638242 135.30596929836452 -51.80447107742072
296.9963237437394 129.70641301688076 -50.049037909951764
291.0583386286314 123.9168921594764 -55.511435568222545
294.24909629840613 117.55869460820915 -62.34391388700992
294.51313046885366 108.87938332835641 -62.87170600300389
298.6826769880095 112.4975837025744 -64.30432953334358
293.71501233555966 106.93524667536704 -69.75590379171769
296.02377805940495 111.014771369916 -62.1444648320819
302.81690786343836 103.58995350983372 -67.76044765721353
305.5727980051516 108.25616575897989 -64.68086374441638
305.3037633771082 109.46060350070515 -66.99941057149357
296.9380515765226 114.3321608815982 -59.550045449488785
294.8782608201877 122.58484592253475 -68.22485770891913
288.1914145295857 115.94351072578014 -68.78788039816288
281.18787063696357 109.24277911041499 -75.45448739747933
287.17804346624615 99.89410707494295 -84.40402904939685
281.3204573581074 90.06303362116367 -91.22934442838417
289.12598505654705 89.65333185704806 -82.69853491175367
283.20686278303793 97.37984815295108 -75.90397319365081
284.2968495751484 96.95291810238075 -73.27627735050687
285.1415961960624 87.27951892351383 -69.4020206600513
292.4971999664284 91.63957106245198 -63.15101970792211
291.54487042525056 92.71655867778189 -65.45186333263575
292.34970994535433 85.53489760062111 -55.86416438278201
298.4633006409966 78.20784572179159 -50.568505515774234
298.3221585312557 85.31294571153738 -55.17896044043081
291.44367109563836 82.61317472576644 -55.274515378358
298.60774302626834 74.5196962265594 -52.70142193958907
294.6066823186649 67.33598206667259 -44.54578309226448
292.1644866136119 73.81143095736202 -45.60639773854952
301.3568097742471 71.47253535165093 -46.141044618097325
292.86919444059185 72.09807162159966 -52.18591091739682
291.7022991720287 82.08896656774147 -58.58328668389404
300.42939495844433 76.25057578218284 -64.69065214085208
293.8980215612817 72.27447013280434 -62.537108629385024
302.7780692930693 77.79764397613656 -71.7087318285831
295.4781968455311 81.81787387801928 -76.22111439971367
292.30169790469404 83.00921462834398 -68.88395663429866
291.90862204601024 82.18232190754051 -59.13193445348468
282.2517414964143 83.87148198998248 -62.34625764858475
280.74363424947285 86.62232677692023 -61.01222293591079
287.4451678663142 89.74325803547588 -61.11542947426719
284.02952543541176 82.74262250081303 -67.11449391558867
277.26249608437547 77.47956997026088 -67.97084460589133
281.4871490408513 77.68300777473942 -66.27309895329657
289.21749741749676 80.95710653677878 -57.511021715806706
292.58363475938967 72.13761212676738 -50.0877043086026
299.16240163059126 79.46686045176611 -57.124783376227185
296.0182037923049 86.18492277455401 -47.24893209561846
286.7270515614561 80.20569913322949 -38.20883256878603
276.99870549619527 87.6567035927564 -45.51732205166514
269.1367851902226 81.07357885522696 -41.065902123705534
270.12028501004573 85.59328132785402 -43.49275264828807
279.9250356283344 91.516757930851 -52.90821275097203
277.75510802844383 85.93022519056606 -60.990961658407485
287.07883383538467 83.01658759912638 -63.07412327734649
283.6282240525715 83.04821615526556 -61.56131468751721
285.49295229575256 92.547522062487 -54.67932948270874
291.3572601450771 86.5194848026531 -56.82595710023303
300.9480083461258 91.89013420179637 -60.53268118371631
301.6191726827563 101.01924371558027 -60.47593370733794
292.4399026850384 98.64196203004792 -51.66144546976546
285.8959893243074 100.92958133939925 -49.57523958646847
280.35680032311683 109.20948967892643 -56.40002302010197
280.6088774361758 107.94896362662244 -52.25808394857096
288.01356406303415 108.38679135977645 -52.160840020147404
281.3011725766875 115.55541750453075 -42.195515417502314
283.93965506524796 113.07639204963148 -46.492233035422146
289.8127901044067 109.45780097151761 -53.87461657217218
299.1311341599111 108.08690209414766 -63.43000228933297
291.4267501269848 106.3120953765309 -72.02778084167923
299.67971188068327 96.78654523851736 -71.32489511505926
296.67003330081326 91.05706752381451 -69.95002812023871
290.98805802083 88.0144859308265 -67.74329531881284
284.44022456408106 78.87964070929301 -61.37890927590532
286.0586275102485 79.85274214394268 -69.99688565829985
288.9052507113566 80.64550538075078 -72.9650446767497
287.1883689560768 70.94403013343941 -66.51802676037939
287.79255053539924 74.05918439408092 -63.82609138415802
285.60866719102876 76.30836168141086 -65.5382836474758
278.0427283552706 67.31487903251373 -58.06409359544826
277.09277253622395 73.80146046654487 -58.020801813571126
283.2231810466017 77.4135788023187 -54.2750374278116
274.77094235831385 85.50709421900042 -51.78860788995126
280.5526772949552 89.55320083902939 -51.01965958495107
290.41728142724025 86.64485987027273 -42.98607398894028
293.60742608604664 81.04478872789205 -33.159645354860984
292.27391193747826 75.54707968188931 -31.669732195141474
288.6629831824286 76.15318396000245 -33.894848091492534
283.44922244278683 83.0584694250378 -38.40001046730758
273.6381619981934 82.96036900163615 -40.959367934792276
282.2949280249617 87.6580819230892 -32.94396375187664
275.4919860739646 94.38035074960953 -33.948845061508464
276.15095001002953 95.5893267721111 -25.66944398899809
278.93412947916056 86.30531033796747 -29.705308132816576
288.8838542415906 79.01937054291 -34.54679980898392
291.11744004234157 79.68121649496057 -38.65636561343441
290.9877238682381 81.6397138414092 -35.68571139508133
281.78845077329294 83.31772449461018 -35.255047536868894
286.22056087622525 76.4503299883043 -39.42161100411175
278.9038095192864 74.6580764909843 -40.22512379092039
282.90178312261446 71.98995129744328 -48.948187094188114
281.2466822031064 68.61672878645739 -50.07229933964743
286.45550139526 61.30836902516463 -49.33985368682126
291.30498978190815 61.14414366259026 -47.215613040614
288.2066532045277 51.712263041199236 -38.26010801658694
296.6184709142461 57.01993153900651 -46.895290708059306
295.6085479936475 50.37705244200301 -45.64650685390788
304.0439985663326 53.67195688137477 -44.98572082590794
313.2361706001326 54.24728737938052 -42.20297765097137
305.50199064131345 55.22226122438495 -45.70825611422062
302.1988623329222 57.32695808732365 -53.748265601079574
294.37529564369515 48.89627027267131 -48.65749681468661
302.9644717524447 41.406206341625115 -46.28487496649906
303.71566751657525 40.55290314339068 -45.10935843050576
296.7841761169359 47.22026534631048 -40.6522750560865
292.2334501551351 52.767750236004 -49.03118012720957
283.2648971731229 50.4583759540795 -48.74745684898959
276.385297344269 58.38094872790706 -56.86144703147084
286.28575732318893 52.09792294551323 -49.851230915350854
295.8073797982646 51.38656943414914 -59.687255178790956
302.52932067026745 51.1991562770755 -58.00733651532149
302.799487021042 50.85565046494936 -65.48646485430979
303.8584968142487 45.95325192456956 -66.11588058996354
300.87754149936035 39.75045467806263 -59.58338234677674
294.45075664161794 47.576577740983055 -63.75730581566772
302.93235981146904 44.26719638840959 -64.38295391602145
297.7332305067842 43.19543064963957 -73.44072991477809
299.249216888322 51.85260747875951 -78.0154610239215
290.72067556073245 47.07826796998253 -86.75329918351947
295.3494258498938 51.988585570263325 -95.1910058114013
298.35299215272823 43.107572625724984 -101.51872627807263
300.65720458771347 33.14569679121452 -94.04286855664004
305.05252581216905 34.94142443970917 -88.31204195285852
306.42557694973607 40.11406076749678 -84.01136236384413
299.6118145030793 37.95233712562623 -76.38474305994852
295.42284484624787 47.33701358432304 -67.04185983824584
290.8314702671461 53.79000853090971 -62.810246860253365
295.645008465358 46.14693607225731 -70.33799635804752
299.6810335606022 53.55196355461373 -72.87502517080257
307.8274877281867 46.69394837273853 -77.02889145584201
303.55306049118605 52.02615410826628 -82.20983865909471
310.7350947633144 42.28121707508932 -73.08833558589382
301.27596365027307 48.327036204277725 -69.6787387270018
296.7026740694098 55.37813989254394 -67.05715905900745
288.97349097840817 60.610443865652485 -75.23396427276724
288.2745117993676 69.81556554521035 -80.11661466300103
290.9820000698768 65.83519266971878 -71.45148127207318
296.94797005514505 67.41276511869421 -70.74840395199881
306.1409313998911 60.0717801352192 -66.00820912317846
316.0860094843392 53.16854193699293 -59.6541002525651
307.1737035373727 61.986520797232444 -66.33704145930095
310.1061233909824 71.80200109665405 -58.30201041338728
301.4866506863524 65.43660902829605 -54.82135229435343
305.82991309859085 57.77120285019812 -51.45163367966498
301.46893704806934 62.013092627206134 -43.84857863940731
302.20889671247136 57.675846948421366 -51.994859517219325
307.2979790183274 65.96787318854877 -54.17368159351037
307.3470509367605 69.66468739601477 -55.34806681698128
303.82626733397785 63.332661857786015 -53.311491174368555
305.8068977407273 57.92827993952392 -62.651480542950395
296.3921191613174 64.6649669848161 -67.12957220031053
293.7983477570712 68.9838848093121 -76.91135749890266
288.21936745981674 60.12827025875263 -68.12277569010689
284.80642617104263 54.498062046549904 -63.94627749024661
290.84989674405875 44.83298543635753 -62.039438320295766
295.601997626368 45.564111409788424 -61.66622128266992
296.9561139459583 47.82971404623076 -69.94265386302558
294.0720464111766 51.930835405445755 -78.7312498421115
290.9074907286055 49.5888151467822 -82.76231860679272
292.7852519959399 51.79349231926198 -75.16717497620938
298.72046551319545 49.77534720585233 -77.40247335760054
303.2277161319453 50.409418950224186 -87.17652896057457
293.857557885268 57.65104477222589 -86.06654245881586
296.30405712524146 56.57555560626057 -81.96936557662711
295.1995061345545 50.83758581460264 -86.10973211413823
295.92233333321076 52.69301837019386 -80.89864205552884
299.2589640873431 57.522361675776665 -90.46152428104882
291.9280622210542 51.71595961707383 -86.51690364550923
298.8378999660915 57.501279508948656 -86.95998586536231
291.86517199424424 56.84543480139282 -92.83550802424303
286.09931982692024 58.778688588247014 -96.06305701599841
281.5710370973962 52.967932349154914 -86.78210392099312
272.03656530174203 51.744898304572175 -91.06619064501284
278.9204133447117 42.359017789957385 -82.03504995730748
270.1433192189261 51.603242635785165 -85.29996077101586
273.019456934613 60.32408555322796 -86.1765719008784
275.74411780615065 63.0725351263789 -91.96826484353389
276.0235230616795 67.85124370441183 -95.68596389758375
269.43208893761323 73.49517411449713 -100.82763160000542
265.3495789115966 68.19932297630666 -99.07129156049618
257.7974014260039 58.535044750503374 -103.5311356205265
259.23554871820045 67.18356983981164 -102.2193283015547
258.2035146133331 71.01318145614994 -104.81737105885576
260.575798165223 68.36601031532476 -98.51546550119377
253.12747183225818 78.02245674292632 -98.9914683910185
246.54448310870154 73.08719493616698 -99.01432826196707
246.67572677812794 70.61441130949754 -96.86557928912214
247.2836942784671 79.35114159654647 -94.87311560489958
253.4484117110144 87.38906310263593 -90.54425333113728
245.28355217785708 83.36164562162944 -85.92493963007111
249.24466444059118 79.650805390311 -92.21133182330101
244.91524491727083 78.82277446249644 -94.86042088762198
242.23041750081356 84.4741484094484 -104.17399814746402
236.56721745885184 75.60043681185957 -95.29008063429909
233.64296180655282 72.67204528049095 -102.03819352488318
227.30742792290647 68.57952868621304 -101.737517965403
231.84950052666704 61.31537794666856 -105.93358312593497
224.08469520127196 68.43547931570485 -101.39372811298124
230.32077682230138 63.88787989105032 -101.43704661555829
221.94565811252588 72.49362310402019 -99.3400739324734
227.80466752598642 67.01260358924031 -96.07747636342457
226.02388340400148 59.22728383988386 -102.13991240652354
222.6655926721616 58.915381437966225 -104.34419261504165
226.87535057719086 68.84431653566706 -101.81180052995691
224.3797079389832 75.70461028403297 -97.61527356070762
218.59712666789864 81.71513450824233 -91.43727556440479
218.01443244467066 74.33623009371867 -99.76601503779578
220.79856278189035 71.54587880218462 -98.88866765651956
220.63890207552663 68.13353967781819 -89.13721323435337
219.55514431602165 60.51477102700809 -90.37777252086917
210.41304592463894 59.2653520455288 -90.28484324188706
205.1581180133017 55.051155027616005 -86.88678536493491
201.34001624836333 56.48372340768398 -91.21811167479473
210.0433342787722 50.960750158874156 -92.97237754665728
202.25235019421226 58.95881276145548 -100.33126230877639
203.20160583976266 58.32221749860111 -100.2635901773039
197.68173043188568 61.07533109120203 -90.5606254412355
197.999437011951 51.63556702506011 -92.06727325751935
199.70301650004598 56.6798705158983 -82.12721377192477
192.5505946840385 64.15988178740048 -73.27136703205396
195.82689365811166 73.59073513473658 -72.52096662429669
199.6517127059251 79.37642096968723 -70.06869671858206
194.87161946937567 84.75362905603959 -73.98987464417273
194.40822105375685 81.592055683871 -82.28787444286154
191.8203073687254 82.40500313064695 -78.24201530939953
182.2485299313345 74.3487898121204 -76.85411435569411
176.67298468383814 83.33941710247257 -76.85434574067979
169.82940624442745 80.97501398501511 -78.53405752925701
172.74761741742574 80.02189633453841 -78.17195303392481
177.10850889634608 89.5788051968814 -83.02671103772828
176.42361973268294 84.38202420542842 -86.2720430766716
179.01481454236568 74.88121477921945 -83.4453590727683
171.24644398138457 84.57646400826617 -74.7396438996149
167.0631409998956 76.63060128829751 -81.5749053241601
157.4650160361227 78.39566939333133 -83.68022514842335
147.67695483363138 70.55024945009804 -78.92832766305996
155.04519825977425 66.7204650368196 -76.2335186600155
147.31165772839805 62.569805053902925 -70.65915622868447
138.41869521082816 71.04853881527575 -72.43681345108254
143.55029391312567 64.63179227371873 -75.17463136688154
151.15504193587628 72.1113769438514 -67.05519079782471
158.5031642284514 69.98997952789038 -60.75086563102171
152.64250396627722 72.23311517134155 -54.87840619413085
149.03948413595108 66.43110582249989 -54.390006137776055
141.2682570660499 69.71367960122214 -58.006706430972606
135.26172231144375 67.84236611785435 -64.171855167445
131.95050520803366 74.55859507792599 -58.94441616629227
128.74602235118206 80.013580047555 -50.340435098076746
120.53596569478147 82.06163974355 -53.039875629226174
127.85923339906425 89.00234302750945 -60.75542197193524
123.56719238454967 88.43863738130065 -51.48374898907312
124.03661623911754 90.0449847765932 -50.927223157303956
116.76423522177028 85.74435677477922 -55.15302573117798
111.27962359799389 79.40503839939711 -47.9041660966375
117.93688076149695 76.30161063585058 -39.01719524091555
118.3930826670227 69.12645363020607 -44.7446097504076
119.81894871409423 75.12132174539943 -38.96571916894996
116.79453258304491 67.03332918039922 -45.71537549529387
126.21343485564137 58.40720284804301 -49.597990395431374
118.35124642166377 52.41582947183847 -55.073112014981874
110.63072289955656 57.48845594700452 -57.34757724915221
102.47688918345256 50.511146364291925 -65.8718849753194
95.0516804913926 44.0388468255817 -62.53949926121184
102.75037484557001 34.86803516439828 -71.51552996358602
98.56242360294475 31.206704065130456 -66.41180959595688
94.01318553708415 26.236987468927495 -56.62176747705469
86.90976111244214 34.41235574903263 -62.65530417796606
84.5945376295955 31.655327067378863 -60.83670809468579
83.9109938748708 26.78733475668961 -52.38225182111208
85.87101905328797 29.89006176053899 -47.73911099903495
81.77173246497092 32.47844972024463 -45.84686494779741
75.30438644579367 34.185800671719726 -49.177611204431294
74.8318880250431 29.012057776150325 -52.55827378590427
65.16092331316024 32.474744955196655 -51.82304263045947
65.15785206566555 30.814553103418774 -57.661333397555005
62.16861466800292 32.21026246306089 -49.026625060435826
52.482830053325046 38.764344959060125 -56.03596507010276
61.65510671382484 44.25284692944446 -52.1345452931415
59.849595942356636 42.13612252055941 -42.47068782441042
66.50631094361192 34.275808413873555 -47.39951153538668
76.34194123271138 34.61281110442685 -54.25403253693392
67.46230458601259 40.911712643107045 -45.963364319024635
59.84058161957779 34.7469213154135 -38.68772855237471
66.47434151534046 31.81090730050795 -37.923134851491525
61.6030935279632 30.511296840180517 -33.3853564334327
52.932832658327655 24.578095795857706 -41.823048475058464
52.577070011247926 20.036697849591498 -33.9014983622353
52.58879490664073 13.616004794198645 -32.111429865260135
54.509250851237134 7.475402839593221 -40.536522113110024
52.18052742706987 2.6942345492880673 -40.304009203432415
58.77643772492404 10.51533840904585 -41.69551794286063
66.89842490781328 14.592911753493304 -50.90361553525603
72.50638530057577 14.181951289751376 -46.16688390031102
68.22428237665656 10.446051012348555 -47.14562230704105
76.3151086524033 12.557734545625738 -39.86706408667838
83.40098045794258 9.678772081840044 -47.45610129887258
87.81845408893938 18.614453971042813 -52.39673686206921
85.55729644876165 27.136339667650844 -45.46679067415027
87.83554583453501 26.57111441222406 -39.675232973478
85.00103483033625 20.700520834088056 -47.81550047001256
94.60809488110925 28.190490969253656 -52.59589796211874
87.5808164896687 19.25337724322813 -55.72324886702336
95.26248104585744 21.746990321317025 -58.218651749100985
103.82880627194848 31.551098972187678 -48.97677733656005
100.1167057821734 26.292376250181093 -58.011238204907684
101.1236205053185 34.368330313090404 -64.86671694300348
109.44923049099907 29.7711547977707 -69.78659249196023
117.07859862159388 32.51691689808129 -75.21665371917221
107.4739473713202 29.95306904522686 -72.12669977884741
100.93395009825183 34.400401150563496 -74.2014263916697
97.93384619577014 32.70856411982473 -65.89814617565305
91.78830992579256 33.15220052881841 -70.10498505042138
84.12173246755592 36.80118050330606 -62.146364371357976
90.79535227004236 39.91306798420552 -68.74321929018575
95.50014687845983 39.51087423652725 -77.86150750373147
105.03143483876633 43.93214632983437 -80.14523017063989
109.08154727989458 53.23958541096063 -75.00781993985667
100.16515570460577 51.48533766062719 -68.33180388262211
91.55051483823999 50.88977791806056 -61.940838161165566
82.88060293258131 58.88732967409117 -67.43853987116618
81.05773953439528 56.148753126660594 -68.29073218197448
74.8291494060951 48.477764184848226 -59.24437143387097
66.10933781774848 49.32445914948459 -49.67534265151096
66.30023649592977 54.74885762770168 -52.01113558896953
71.64022536639762 52.436360215532616 -60.78160201217633
63.192381159589154 50.62670547669558 -53.068651099413934
63.0588062518068 45.87219443165424 -56.5651096056891
71.84731202489392 53.09189772609835 -59.28778617669845
73.65689692616549 56.91049458650383 -55.10284995724409
66.66577649731347 65.82517640162014 -54.23382342392576
74.71222678826098 65.68757332361253 -56.7985838119938
81.2500620319546 55.71099194002885 -50.78205043399163
90.67606757274223 49.83104885284243 -55.55136245512743
95.54164109232299 48.243844366374866 -51.19942796206466
96.97483721866904 48.36410042852333 -56.24583526765111
93.4330150325306 52.34721696026023 -56.825749308881996
86.68189197994901 46.462942283785914 -48.22126863363853
86.93023066931053 56.17516160869958 -40.16606982344052
82.85154639896166 53.7059470684939 -34.23970683199702
78.26566450163762 53.02731956087951 -25.218546843229273
88.00184244532545 59.08914935256842 -22.411541495895428
82.2823621687105 51.170370800635745 -32.2588909328176
77.86399342419139 49.703495420484266 -26.40258222114739
76.00044264300601 46.743128736109036 -18.031004340304555
75.34564525127814 40.88001850740971 -19.359830935287725
78.9210335528691 39.15248955634887 -19.337062553540598
82.24536764901669 48.725464825624734 -24.54784083502514
75.62374042516072 45.93578440559497 -33.33713955625478
83.30310719661185 41.753087561270206 -31.08543191134068
92.04680366896957 44.646586114819335 -38.45504444931142
86.87477581842698 44.16924713215014 -36.701536113360014
91.78040027346722 47.48887363218152 -43.92445046058623
87.66028086732548 46.40989621128119 -46.72848724427005
87.14832176212961 46.02973892200319 -45.63093788287905
88.02205725690764 54.30400344194882 -46.17303321408154
90.85472411190777 55.36271625752541 -39.987273608550794
95.03549064473056 51.28175424700875 -31.706601008072955
97.41887043749574 59.2897690924493 -27.338795156791107
102.1290740570597 64.62732622856561 -21.917811969353068
103.49928437656558 57.48609009591676 -15.190775564213764
104.78955142751572 67.06973138565414 -8.8296361384968
106.66718271825835 72.61891099449197 -6.349770791048327
96.83838262600274 75.63919100203059 -8.501659722827007
88.76918653237408 80.18671854585781 -0.7331946398983522
86.4875628379531 89.48831286480869 -9.233368875706937
79.60979445835923 93.41146028282263 -15.313991327924763
70.89358362624198 94.98382575050152 -5.692903183227559
64.78748161839957 94.83331873058025 -7.365439891450861
59.85260714760693 92.07849045252932 1.604824694460917
56.73502495473152 99.13109555635474 7.25293465569414
53.0606105436624 103.70200006500923 2.628121058900482
48.540590483741475 95.21531285365319 12.222957361425149
51.51592160862085 104.6465680688032 16.44352283337765
49.942913880079914 108.94541371902474 13.490541887325554
52.76961662984412 116.04777408068915 23.328491801783294
52.36892955317142 124.66111898331405 32.71950456383928
59.42610713450942 127.39112561825702 41.26468751497658
53.42586973793161 129.43061451187896 41.42316881473266
52.3872848486394 120.52974805297183 41.860277463277264
58.38675954589792 128.5664706009856 45.51347140363023
50.31515915861104 136.84738960768922 47.364467349619304
47.16757216632672 132.79675605996462 55.35290564063688
45.63579760867561 132.8389639153877 64.7577468887734
37.77680014655035 128.72854675126734 70.47378669813907
39.568169409612075 129.416127401947 65.95949937650708
45.04985622210817 125.77169562548087 69.30283720172636
40.296959357548374 128.6643272976445 61.543467310819985
44.32773855241587 127.47980767062593 58.04963996393709
52.657803830413165 127.21866646236298 52.11452078474865
57.233235389269616 132.65801731454619 49.1491554166834
48.78472301362524 132.76329147868756 40.93165990580492
48.95537001745121 137.86125939865707 38.805428890007356
48.01318405319999 137.8136448376866 33.367705035147964
43.57834140012504 143.31616874676556 41.74850275213737
40.8322666860849 150.47398090151617 45.52935669775038
43.07793887820686 145.30174411244803 42.34139451563402
40.15291664509681 149.41620791353074 36.29079498776868
46.869802764421536 155.6088922587165 35.04655141123409
52.59784473269307 154.55972234273236 37.69059990159924
42.98456009799176 154.88038318598248 41.287708207557124
47.90438617300881 157.06684243221625 42.83268903509344
50.44478122135651 159.36021391568238 48.63784706949627
60.28748074734618 162.49126003539226 38.94337239476376
70.27250441750911 158.04716057978175 38.72175960660329
76.04617905801058 153.80118472517603 47.29347285397312
69.64260840662445 152.63855634517216 53.24083705074271
76.40093126847847 154.300071164758 59.50143573292882
85.18521073520199 152.27777742588412 56.731789734065195
79.15173123829936 160.64554145114997 47.45140453720257
70.22636927063778 164.02293173399394 55.290521756924576
74.31586456809936 168.0986355325789 63.710386903406274
73.34130435428247 167.93396132575003 66.29538625524633
74.06059576383261 159.86689604092956 74.21314362650389
77.27085365392703 158.18085235165486 68.63616949541421
71.54515524117784 153.08102791773555 77.21473800114447
62.7859861602285 149.46660709332593 68.07673789307006
65.56285544236324 153.11111114814858 68.82972335988936
65.28011646584542 162.65721516650953 60.622552715264675
69.0115263704073 166.03561179587066 67.50544195618302
76.10912783541067 162.36831153457953 60.769720803997245
69.21218724559331 160.88269710956496 58.827258499421006
77.53206020719904 157.05543381311665 60.601194317186774
81.96234775606825 163.08577215333554 58.25804300788264
88.04569384383421 171.85565119826975 54.37286139624144
92.45420351996466 177.9311050505444 47.260502071622795
86.19373959657672 171.01224578982283 38.663938261018345
76.29127098208345 180.77383194896262 38.57218568704156
76.56615687409646 172.54105458774217 35.96197012235035
73.16173365340835 165.80997354226383 31.458562878019944
72.79230802429939 168.9330692332414 27.889865136427673
79.720813774766 169.05750672352175 31.781532903291605
70.54388633165652 175.49256697449394 33.69414167026749
73.1585135265532 170.2526138906016 42.78314331505169
65.89688409473685 178.32230904922255 35.18421580464646
58.74902728940654 175.7059149489569 34.90556810211833
48.94475237236811 170.86254560899445 35.796575117977724
53.08716412777615 164.29598783551754 37.4404554892341
53.546076102562 171.51841220268219 37.48170360580922
49.19125631438146 177.27453107031218 31.974252447118637
43.293063138270824 170.19937165550112 30.147051693029223
47.56770860098478 172.99370018010285 22.832564787878034
50.86228415049373 180.65817417164266 14.960357330706781
42.42748816760974 187.33791091644997 7.876400095469366
44.004245305804204 192.9231786315362 3.5311475853427794
48.8753698708134 202.47290290592133 0.8912673179357573
41.28070321565385 196.6109667467479 3.2948019065052576
40.364958489662385 203.90037318343417 1.6700545702613163
42.028119630608685 199.7478509774343 4.158239685266671
32.36385127143885 192.57797165581346 4.776370824508473
25.420157710774525 201.94644603394224 3.0870065876651926
19.715011852886864 203.77874130082552 -4.493869090064734
25.364659443738404 207.88408051767024 -4.789259803685701
30.2762289652875 203.5064189937041 4.023442391278639
20.615083074584614 204.21398686468854 13.318565797788924
21.469625028469977 203.7274364402212 22.834466055105565
21.712958922489474 205.75714544230547 18.909338429743492
30.75850864723291 202.40484947010788 12.162741300078114
28.449771640881107 206.15887059688131 14.70794627968554
25.774026669280136 203.9448007374172 20.347222313937436
33.11264221992108 198.9199580858315 13.933793329460823
24.977743487028537 196.0203247665459 20.337975184770116
31.969275782913126 189.80766984069112 14.540177499607061
22.856518931744866 196.70770734702782 10.735492803691907
31.80538043285963 192.5886415193816 15.332700174536605
37.163977502023535 198.45469319336013 16.043580582811614
41.187017385817256 196.75293549010576 14.913307464107453
45.35589513861396 196.2458616216805 12.902922768111296
46.49962700431535 188.51249837839543 14.470540164046618
54.00816392238963 181.78067093816074 20.980147020806815
47.07295480101917 183.10864553674637 26.074941650025778
51.105713494085606 191.7054162926005 19.702773053475973
53.897359347760464 199.67358489405495 17.13735209719198
54.164992456860816 198.3525639767371 14.191439158548768
55.28053477551057 203.94054587584736 17.986121970522156
55.24691415940536 202.29951116620836 15.198936689481792
54.25935729643363 203.82182927382223 13.826773624057134
57.8041197509517 209.88742090103761 22.960760661654362
49.88442900162018 201.77984614668497 32.468314843282315
41.93592246142893 206.5122712692548 34.59565565174604
46.96324882877138 214.45921978570635 29.191657214935113
50.04323610389588 216.31904397037803 38.00738568518581
49.779335294088256 214.98516763725337 40.24601715683307
54.797572001489016 223.20246695250847 49.94637547983989
61.9765143898387 231.8835008128102 59.82741474186905
57.137220668598694 238.28725933747768 60.879315210743904
52.94701747659201 229.72578833973523 66.00942164482869
47.69733833885838 233.54414877198528 56.94638403929702
46.991133527886596 238.2251711014786 65.22136986778456
47.502198614235255 242.57556669405204 58.60734013139333
56.74545882479515 248.95771501644538 55.40231241522042
50.361022835199535 244.55870056286824 64.37386975175457
43.762835337133595 241.3537582810922 72.053629188013
51.384319315654196 243.15540242828772 77.21824904733242
43.60565164617431 242.50939273247675 72.30001975377623
42.798102410749095 237.10913204914098 70.09514005600076
47.47862190036543 240.22312116307236 66.16382928308856
56.663356099499026 233.25352929476878 56.861154406240516
64.31523503914907 242.2162961564455 57.34177005741436
66.059843147846 240.10689920230837 55.161995980672515
72.65742778732245 248.58582830779923 50.9360639430597
80.42285828895433 244.43162115615812 43.96804601188822
72.12775140381493 250.9659004347584 44.57618002006238
73.38000327800174 260.28550501402316 51.73156328443707
76.15862679837076 250.36487637985988 59.25623883059946
75.72230900036496 254.9257743398042 65.44351298661029
83.00689944387014 248.12890967935235 73.75558841398941
80.46367771473936 248.83509735946316 74.90861996328361
87.64687319008166 250.9212181727453 76.32853989837709
83.62515554702541 257.8491636620716 74.96177169789688
80.18805621511225 256.5861305589253 81.31875956011655
82.42908528020257 256.13527561283325 86.59867305983082
80.41454034655726 257.6802350899767 87.53289781062635
79.98773108561733 256.463941147124 80.16715661236131
84.80278675874081 249.10736935717614 78.87737728759208
89.88956811449778 255.15670240898353 70.2123437528294
92.44151779926693 251.4741819467713 74.10699017189482
96.50771734385836 247.42914219042441 71.60414763548415
88.41762068308942 252.67087684763536 65.37749394847815
92.65161598608003 244.7106046782097 60.39260748986272
90.75327013291262 241.39951387071883 67.80361491275505
92.14972885662112 237.57225654831893 58.8229132016274
94.63850430449087 229.53049934241704 54.15128169297273
84.76006939924112 231.77322204200215 51.68919370801725
81.82463427580926 228.15506362039474 42.69795049557346
82.83781480052303 219.48526786137091 51.13665314840301
84.2702802401459 210.6093715905355 53.54888250829826
89.22834639028034 204.48031579627425 56.413141567072124
94.90583442888953 202.43893133345483 55.191974603837444
93.75328024659287 210.34466655084952 58.233866975033905
98.02579471443921 208.7391254279821 61.91088231232829
100.72961167539135 204.06542795994977 61.82612210046979
107.38359517207809 212.98619623728658 60.04443174692079
117.34301681930046 211.42740899738772 65.55964702882802
113.10887586978349 207.1884905684857 75.0811178060625
117.22380195499954 204.52552912006897 77.3336096483138
117.29040903599005 197.02054121101463 82.55466876119446
118.61929449889534 190.92771516903792 78.56346870698123
113.04227329005977 191.69647394706143 83.79376196928845
118.57559934910579 201.34776612120012 86.80345634665156
113.66062530188515 205.58974616130936 86.56829186832665
115.00424786528718 198.91005473377928 92.69967770499872
114.35757391902162 189.5121251174242 100.92486652584007
111.23066647978764 194.50391942702385 101.48908093765768
101.98778263256791 194.12008674007282 105.09825038141166
95.9201814632024 184.75279783885196 113.10575758101137
87.10056976529012 190.94927028746292 120.33694845597412
94.11117338179773 189.00310732288045 111.67322137079884
90.16561553372826 188.6273692208599 102.4773498612331
91.74097229863067 198.24248052337856 107.99728372749244
101.44726019658901 203.807887067132 106.35245344696261
98.5684414827669 195.20668232400854 116.17430268579949
102.7662243188509 198.16579370274806 111.15562586453095
104.20521386593852 191.71327590672578 108.83146297483289
107.2473279737873 182.20471966301494 99.63983092224676
97.9534082904199 177.89072352346747 92.28852078805494
102.83711391848543 174.7098402375182 90.48615841066433
99.91311079006033 166.21947545431945 83.23691862711692
102.42740084590376 156.97828699488997 84.88748554879609
101.25627148267198 165.7760554393293 74.89792886999196
96.26530858481938 155.85147715974082 67.45859499541021
86.79285251037885 159.11087705480148 74.42618454851512
87.4508765518399 165.34709701117941 80.37565637780901
93.48705404194493 156.25759437077775 89.71529281329511
92.17189098549663 149.78346743396008 85.92941945037965
85.39146126804637 144.08779393850222 89.75552979004178
78.66798911503071 145.73062130837607 87.9348165456278
80.94748068071857 140.33328819230516 84.36745859155099
73.30601675491191 138.08123477301626 91.4356751764594
66.51973167960975 128.736014046363 84.35168098311811
76.40465625476253 119.65245493401498 91.27345921660182
84.4264756550373 111.85367888693607 98.20941861961633
85.21601068890403 120.88829522541519 98.37699838331253
94.36601129472469 125.30584668080442 108.14751226876008
84.88537848125011 115.81071634129349 106.86246611133593
83.84706059696889 124.24437180627716 112.62396261418914
81.30329115946283 119.61857911301978 119.62502107277989
89.360836219686 125.60855828498738 113.88880440836355
98.29811316194859 119.12347881326225 114.97218645971381
106.32393906533429 122.70703321095222 117.37677934533994
108.4802426633585 121.9748235345951 110.80228396795778
109.42694251865332 117.14675194412014 119.67459828497319
102.64891728477002 119.43668384287785 129.01682899126885
109.49280156494025 112.01796843856242 134.51179327547973
112.33402032205696 115.62379873250217 125.31518576503429
113.474853882082 118.87501554888276 126.74591720221436
113.6823033712705 108.90187017327753 132.44784159179238
122.72594101418476 109.82097605804356 127.70127109631797
120.61491796803173 109.45158739556231 126.43398521786945
123.56243113000008 111.01248937462933 119.05993144038142
130.03304106138955 102.35701874110013 112.6045535919313
128.37366834614875 102.39729758423414 102.85888043768354
134.32476393622886 105.33657246349124 104.15991353119865
133.3529116235534 108.98433659773056 100.32104260624152
137.8090089912744 113.94563436268159 106.14413400995073
128.3445700252563 109.78550880104076 110.83750442747912
132.52696740811527 104.40046123668904 109.6309097622503
139.81704948749774 100.25624781795327 116.68299836268484
135.22727663821072 106.38238062271505 122.17343523960552
127.45245261450856 98.6805285224907 122.42394241146744
117.96761269838461 97.62019675354554 117.11340996336023
119.18841734953247 100.20290440769523 113.98555556076816
124.67444919135086 94.24808983792427 110.66914944708532
130.62134331257727 84.40255357130624 101.18342339234194
128.4078896194292 89.0038854639593 93.97313763240778
131.54953467078593 84.22507851549737 98.66295650365147
140.90669138231289 80.99909501386726 89.35734214910701
136.12035286475705 90.90982959020623 81.42380607636201
137.10353460089576 92.61778652321998 89.4576520898579
134.54753973570385 90.12612270108784 93.71688308585001
127.8577982003531 91.9267165421065 98.51360408643853
124.79883282967903 96.67866434494837 89.02517937983191
133.93919707991137 106.31555833423047 90.34473685620813
137.72315826563764 108.78275008813628 90.12397116119487
132.8084965554434 102.79502793966635 86.40153953390497
132.3415566379947 106.66461229007548 80.21031185829688
137.66284066944954 112.19478130907284 83.05580271327696
141.3542743073811 102.81081783770965 87.68900067389706
138.36166182352417 96.974537689352 86.37970185134967
128.97031960685348 94.04337624788096 80.92310813106229
134.20161000829566 84.59598366948897 76.65791580003105
139.6942576684342 90.74567530965703 84.14985345790126
130.5646000987074 94.17843229959655 84.60708350342746
133.2223032876864 103.0383285203576 79.72849905273506
138.04605164249273 112.0201801723317 88.74154604773418
132.69728973714717 116.0776378432909 96.6678732219131
124.9785528793341 117.96170011528189 101.75038042681796
126.20123963402682 115.78705902189647 95.71147085759914
135.62385388715774 124.8632142710227 98.70654303608057
143.7543188274636 127.4998376741207 99.14975051724898
142.8405210698849 127.64869051002862 106.93336392867445
139.71551090416827 122.2205481289285 99.48735404873915
134.69689201989434 115.147981029266 105.31901658325249
126.42307960658863 116.21107751209537 104.80260506848738
128.26498428908562 126.00514655759294 113.04166362106412
124.6840611285834 133.22431369708636 110.517224240865
124.50309614544614 134.7482853544284 105.02768593441712
126.18844669111546 131.84989514389605 109.41846639046744
121.43963480666932 140.735310584781 115.13573045578705
118.0074470046705 133.7323596960558 115.47531835230349
125.73881843073754 132.5298788927235 120.12472355436081
124.24064498053272 136.75980331931746 123.52596146792379
129.21259304094193 138.29559579109613 129.88722991751735
125.94765544282131 132.46644259020718 124.33653091099352
122.63944830771426 132.57616868078924 120.0940792225167
130.00993443606737 134.44665175155689 126.4178594868716
138.8395927863706 134.99622023406494 134.45862766525275
142.53219398929568 130.7460799665536 126.89375060165627
142.46857584934463 137.61825828776972 121.9460127472228
143.2106010041958 145.21467990416414 120.27866016590364
137.11873022779713 152.83172583591346 129.62091689088518
135.7583335237489 150.59371461218953 129.81870016301238
130.09703879923924 142.808437885437 132.2930133870093
124.56755625427058 144.66263465370014 134.27470363824747
119.00370369820713 145.3528600267372 136.66363814099608
118.48363931783922 142.85710851328867 136.8107909995414
119.85116166749724 142.56213214394896 138.1902373760515
127.8320180920173 149.0337734864965 131.68738386586278
119.26969246919415 156.89932301519704 138.0004890316062
122.0834833306514 158.99154835988114 133.83088374572674
129.8863186195362 162.09785411130798 132.3882342916412
138.50839515224436 166.3367874910739 141.64826078305742
133.4030368572314 174.28175406812912 138.75641895423558
143.29203667726003 168.28897324074399 141.36952512174494
146.0324641633704 172.00225694517502 136.18116209694045
139.80157975311616 181.21189060936044 140.1882275401497
133.76696567216797 179.14778667159334 139.3357451854874
129.5018005908835 179.7162350990664 139.35301458351702
123.4689085850681 188.13587728705184 131.91314177375838
118.71649221495787 191.82252205403023 138.2483689384185
117.9378435211196 190.08365585449215 136.75665044454388
120.05911088548737 199.64240254099857 130.92397801311296
113.28014445555344 201.89292468855066 138.737147063175
121.69459863528907 204.0827511513918 133.62983226600653
115.44378095334397 205.29705899832345 138.97807974261443
116.59426564849198 199.92188353446673 141.94670880615752
125.12757564184517 204.22431105874946 145.5489698119305
126.88106371289904 200.94191977461844 144.565216179771
134.43252019118802 208.99225119595113 149.69032483203372
138.62577091628802 210.12458874641914 152.09362837073132
139.40217657931902 214.0186393635885 143.27453840650332
131.25148138463481 220.37514101316623 133.93850915162096
135.3034071552425 215.81919290726466 142.30336856277074
134.81817440471684 205.96957900728654 138.24504276420626
137.43230835936478 206.55061682104264 144.9248513550697
143.49892298784357 209.03176120452034 145.41572849845235
138.01020217273611 211.75108313569197 146.7279220217969
129.82265836830206 205.740308945363 155.63016245648518
120.56824977918129 201.90463940872425 159.40782134862317
124.96010590003758 205.9806277692294 159.7229484000918
132.16302025740123 199.0551127941695 156.99216030848925
126.01631963258727 189.39334419061322 156.7977174687118
127.74211973761327 197.01656857854235 147.07996625807482
135.16151676091954 192.987722550379 145.73740520820857
140.7002834491621 198.0107032085815 136.79255766535465
133.44106327394402 193.36944756617163 137.88381150049082
130.23882783716772 195.50612291994338 137.43050316678278
138.8428961993514 194.16713749495548 128.52255686997432
131.98722978307592 189.0239371172868 122.19753299568099
141.56344454012068 194.5493836892939 119.25871652324389
139.2665575580086 196.94086360365995 125.21278753424765
138.21406822214635 188.63817768404488 133.067062962615
138.91061874846616 180.7474826475961 141.90559868704236
129.6959045463019 186.38975929223753 144.1075403780683
132.09095119907093 187.72625982920937 145.9335636585481
129.1471535421952 183.0193858209181 154.20657350723405
124.05367133554125 184.77824463054444 149.2739576517547
126.91875850791115 192.01122627568864 145.5080977077061
136.83631091802687 191.18064910380843 139.35994924689396
145.27886130072022 193.37498227806876 147.89936759248764
154.51190254183547 196.31704996373645 153.15378069559193
147.31758354924395 197.97382180560297 148.56444762771537
146.02729494596423 199.15879563349955 149.77272434510593
140.5066161138947 192.690366433932 151.54022494560348
146.15739735083807 201.6203718638682 161.23926843467956
147.45523903170513 209.99236526428717 171.01666766581377
156.11784945401595 219.05441136100043 174.12634971404816
157.52541837592509 224.41703544141964 181.25640861161546
167.4678651498538 221.71180951653105 173.91136059532025
159.58195877979915 230.23460733852068 165.463876743587
159.74291372637384 226.57418848721935 170.75304881444936
160.6184430776321 228.98491411551743 172.81464565795645
153.15746303306338 232.96509820256898 168.76490076942014
148.7085096929953 238.90550218298756 169.55582459863686
143.7340367388969 236.69412200265725 176.9715912298061
150.2137253019969 227.32157732530453 175.85242760544128
140.711000324453 231.77433484735383 183.7686349560726
145.12016576846662 234.39348481836035 182.40493480023184
138.6137888977597 230.83770517273132 183.15625726048822
132.38066423492904 231.1745570975929 175.38718066366243
133.0828877285498 239.18600040979294 184.63758530424406
132.18615860320654 241.77152208622616 190.86446995527876
141.495802108245 242.83464654365147 192.57554007473058
150.97034486370447 247.75178978112348 200.9994521831217
141.04203028828044 255.15950278464962 201.2427635004801
149.17231954459268 252.52109930839595 197.4724225826856
148.21076828841225 256.879418168978 199.60485482588913
138.74678933972834 253.0949604296187 203.6882523871752
134.48691831059222 257.66565984102004 208.9811378116665
132.7249202798351 248.28387642802798 217.59614004584006
132.14642243422867 250.076276431337 223.17323483101788
137.25291747273235 253.36639173351224 226.17306304552372
129.29559054810468 247.32504624209224 220.00585858624612
131.59613092585323 255.4511843753265 223.4782504044656
121.7511455253325 247.9625720687652 223.01585432343572
124.1668899285282 241.96314438630645 216.93884288646393
117.3963466136961 239.15324513775832 209.62154044820036
118.1981312333963 234.36830681735563 209.0114367172911
119.17401663647006 228.6610127283814 203.72409436688775
123.53212623243267 224.5044041409175 206.62183703671352
116.11987871928795 218.50887377647692 202.46884945770122
119.18468923469622 221.145116640666 200.225320299003
121.28016748027969 213.4030193217029 208.23578060148054
128.2042764128996 204.77748978927195 203.39473391107555
132.28935036183807 205.19456554042162 198.9849471742946
124.5977465937582 200.08102691562829 204.03537078255349
118.20945849174544 192.15787770652312 209.98826298664358
113.84422152734614 197.4937634416776 218.65929493448226
104.94521071948513 190.20425895566476 219.87357801115604
97.47890381701924 188.93065688052246 210.25828442376772
103.8122873696382 193.34940599677165 209.3770519085087
102.58573610188421 199.0549064029105 206.1835744458055
102.50480712099039 201.6964166665335 209.85728832163772
93.78481215465692 206.24546883085776 214.01009953694992
96.81913061930636 206.23442450512775 206.97264450038574
96.88955242781685 211.330234851766 198.07016711054862
102.15895449166577 215.96135689577136 203.32875553857613
98.80392584557306 211.2400735268355 195.64392484639464
103.78686309028224 216.54559235023333 187.0602838391974
113.52872391035156 221.4852773662005 179.45844235182574
118.9240685147166 216.25162600020204 186.63803480618398
123.43975588618223 207.14050426169135 181.63083349578378
117.90451758434205 203.76244768183693 178.83650695438595
116.68899050377817 203.55941518431746 178.871920313198
122.07906999366067 213.00221714045892 179.64046524675092
116.26362823560308 207.79014739152066 180.7476268157879
115.98280440343477 217.70967844753767 175.48839669070313
111.18786380038627 212.24500966227464 179.43578398157229
112.14308563107977 211.37979933877315 177.67556111449534
108.7356594731933 206.66883397110493 178.8603506440625
100.39595712339101 213.81111230687185 184.5860965580199
101.23655416455873 214.95902684447884 181.23635067434876
100.0760029142089 210.1468173001716 187.94455977081097
109.56875017155899 209.44173506578957 191.22182858799192
100.87720744681424 204.06709401798645 199.8849793691149
110.12847507979686 209.75567172385374 208.2058060397163
110.02238517318236 207.73497039274255 206.29965722849158
103.80258738540283 208.5845321444386 212.572509810176
110.04872236852607 215.6475198045688 209.4524107283902
104.04622352554641 215.24566580817125 213.13726391288478
111.76469647051017 218.64287181347103 214.06761777989303
117.0705669333345 225.34193485852938 205.03435097543655
125.98799568043388 228.63080526776258 209.26473017658998
119.52717731564256 222.44885121907774 209.00545373444479
110.1673229513248 227.35425399305214 218.45629288299023
103.35590538652382 233.10045584295918 222.87168874087135
108.81339424216678 230.45121268024798 228.74292843168902
109.58443045728144 230.03829466621164 221.07796306895625
101.02800948358627 238.7886723178682 217.02944594620385
95.05918558637958 244.01571464827512 221.70930430083146
98.5634770853861 237.93794749428645 218.6036343856017
95.47500303456368 233.6504604803969 222.8460021823519
92.51629584133278 236.13423980787226 212.8649034726813
82.55866269350372 244.71612269453146 205.4401443033663
72.57238633470877 250.99395366459254 202.63003080458515
75.58252195570876 246.2824504858511 201.3279079433969
84.17480046826311 240.61213306729485 193.49384027193125
80.87263135771299 243.64372368278165 193.43104907618746
87.05652159935069 238.13613002122435 201.16075814515173
86.32296438566331 234.43838460295885 195.27448038360063
81.96115637874463 243.03629914472748 195.44222081301078
83.89223657923883 252.9872156919883 194.87551799349401
84.74458002379916 258.91358043885816 196.67510195375218
87.4583714560227 252.65509314602835 196.89637437984965
78.43812002677127 261.412335938397 194.97563577547646
70.24142742200223 252.35184706374136 204.59200178681766
76.7137210647029 245.47216983009795 195.67620437423616
71.54891670296044 244.5591121952453 204.19778740468172
80.08036437982419 237.67998488948953 212.39943741897088
87.93341835731904 229.71799067572368 202.9765141796815
92.10034046418076 229.96391951731272 193.72442844779442
92.4903509529366 238.97129300165213 185.74237067465026
100.03330412046994 248.36965790448127 177.58868959704841
93.0193092569552 245.5089296789577 180.82826729203575
100.01497379829068 250.84684378683295 171.16674197655803
103.48528223062587 249.91193557110543 179.15396037762008
108.31151988914804 259.1402918727358 187.6149949804235
102.27469948224136 259.2179431127286 193.33629288814828
97.19711871647814 261.19998491972297 192.4535786134584
92.73140855168327 267.75547000851384 196.58552586305922
97.06769336669137 268.84561975334236 196.31792411197333
92.76760068446282 265.7554668951847 190.6325978492279
89.36881866419198 260.3660569330974 199.01532723679503
84.5822425021642 258.64209536796005 208.58222571517348
88.18813232797913 256.483054078648 212.61552157164056
94.90681415623123 252.95609986549402 207.61775742615106
99.20726164363926 252.711710787979 204.55491829150182
89.81299280431897 259.9004036061552 199.32504263994775
82.25421904077919 251.08934730065823 194.05044991656732
86.22703254501373 243.9796634532 200.84119897777236
89.59740383130492 244.4432427825402 209.4801411629064
88.88000391810336 241.94383161855237 211.5446362445284
92.15638337117065 233.41592528655593 219.87245565316695
86.85470717254141 225.4966122412015 210.0801889305603
85.55338537135906 218.54915760188777 219.57825949373702
77.01292549410859 219.00731058412413 220.0475877692954
75.41927156587776 216.5823503545818 227.17156833537413
76.28373800259497 218.5295053009875 218.17666313081693
82.03746928664117 209.24265296643873 215.57458705574462
90.0012551986384 216.5252378029052 217.8782001470501
87.36446932785014 208.38437637965458 225.66563133292593
78.16297615409404 216.33633652150647 229.02844616936312
77.00570152688869 214.23400378374257 222.6632739684521
85.61241217216727 206.11740083994349 223.99837251775313
91.61374246029371 200.3240676013122 216.8782878846702
89.57075546750825 200.29949307588163 226.22922867561613
90.26476495234166 205.70921194869587 226.3228973120824
87.91740974995821 212.71098188941698 222.14773428635388
93.77167431488574 205.2715590154665 229.19707322412162
98.08172091831567 202.30238780176327 228.49474787275918
107.22381534804215 208.40638376283184 222.53698551937723
97.33316206190715 199.86794480802263 231.0030728806533
107.18387449516453 195.84584492577952 229.62966295880918
107.56174293578296 201.18099810940467 223.90784527551074
104.16592627298513 204.2398470876248 231.7650609723081
112.17717596343874 213.69245236874164 239.23342669494536
106.5093473832978 219.66335603702922 237.79093676804214
97.75344644401035 217.51876631815605 246.29776930063193
103.83012583924322 212.97570759958256 254.6330918483707
100.77859010524641 221.03312386725037 248.42171889971823
94.40667150722958 217.1137329167107 242.82665625734788
86.51511320198296 213.45170992159177 248.39394785533665
90.00340299161326 212.25227382660276 241.3820134740311
82.80185962636892 205.93328216724007 232.34603559773635
79.08925688670999 212.1220410909905 235.13506251601447
69.82983558645013 204.96197473120546 243.07209050793935
66.98773727757761 201.46145627904662 243.50256415594242
72.3476777433159 201.76700845269878 247.20928156663453
40
125.94578652864014 142.1799101422302 128.95703701109457
110.54590259152322 138.98339235553513 127.53557042519411
126.60597264492156 145.99000550670615 141.27229854566474
127.20398171285113 151.6888202932414 131.96410089293315
115.57747375266848 153.49916116892143 138.82754261685702
131.85406912964032 149.882040341035 125.4805786588343
128.7746985297126 170.82296759792425 140.50985323291818
140.08565697501922 173.22471868590446 133.95270714737595
143.00395749577262 175.5881568185997 129.35669937573266
148.17697836075777 162.42861400525402 138.67104488116485
141.01260352972616 170.58609946704885 138.23017606871784
133.49365703128123 183.12753545511748 140.44513559573463
129.352559377765 183.0635015040439 146.10586333753173
139.12269564956293 174.4692578446633 131.7304719632647
116.53344486677408 184.7021543408063 141.7729657093913
109.11715283900273 200.67930421611192 136.06999127641072
116.68652402475676 181.49754052140977 132.10826608630313
117.93350116769663 199.69785092235122 127.16858940181321
123.01349402334351 208.3386354344146 138.2000877710712
113.10067097590068 202.548467230488 135.77349928017415
115.12270505081526 203.21826378739812 138.2483164522349
118.25192533889987 209.31141019381045 147.3532981462712
134.44342494138434 211.92180265315983 149.01348454234562
119.62337083061915 195.46927799359952 138.56692970030213
139.33893890896428 208.60886668125733 159.65652919721143
140.36028469895243 201.79288121204735 143.56782152962663
134.03207156145518 209.5475713461583 148.50176674612814
135.8595169303201 214.78586798244868 133.54403570143566
127.91258574956979 210.53827590152522 148.29193648242799
130.2558035749087 209.00328944340646 144.30457780102856
137.87375047086343 213.6565964976476 138.23371266355724
149.86124202809845 207.62854726377446 143.8666793024544
145.35092110903713 213.0568082172842 136.95994658707656
122.17325290284674 203.82910594767677 161.6890825735502
128.19565177413423 198.34104289851365 156.92724342307852
125.9657767680359 206.0000481240515 153.9495246381498
127.7024217668142 204.75589600813885 162.51893812980083
127.74281352260519 198.6080745309596 149.32608552254172
132.16365628113525 205.17994309587968 145.40840868912755
136.1917199035166 192.46922630700286 150.07718546027235
